message,label
I’m interested in this item.,0
Can you share your phone number so I can send you details?,1
f r a n k 8 7 @ m a i l . c o m,1
What are the dimensions?,0
Can you show more photos?,0
My Snapchat is heidi269,1
Does it come in other colors?,0
This looks good.,0
Does it come in other colors?,0
What are the dimensions?,0
Do you have it in stock?,0
Does it come in other colors?,0
Do you have it in stock?,0
Do you have it in stock?,0
I’m interested in this item.,0
Reach out on WhatsApp at +1-156-369-4236,1
Do you have it in stock?,0
What’s the price?,0
Nice product!,0
Do you have it in stock?,0
Snapchat me @ fashionista431,1
Where do you ship from?,0
What are the dimensions?,0
Nice product!,0
Reach me at +1 631 916 6799,1
Mail me: grace58@test.org,1
This looks good.,0
Can you show more photos?,0
Here is my email: user1824@example.com,1
Where do you ship from?,0
I’m interested in this item.,0
How soon can I get it?,0
Can you show more photos?,0
Hit me up on WhatsApp at 555-690-3188,1
Please email me at user7509@example.com,1
What’s the price?,0
Reach out on WhatsApp at +1-985-614-7755,1
Can you share your phone number so I can send you details?,1
Can you show more photos?,0
This looks good.,0
Do you have it in stock?,0
telegram: t dot me slash fashionista422,1
I’m interested in this item.,0
This looks good.,0
How soon can I get it?,0
Contact via email: ivan48@example.com,1
WhatsApp me at +1-555-617-7365,1
Do you have it in stock?,0
Send me a DM on Facebook: facebook.com/shopper99,1
Do you have it in stock?,0
Nice product!,0
Follow me on Instagram @shopper99 and DM.,1
Do you have it in stock?,0
Can I have your email address?,1
Does it come in other colors?,0
Can you show more photos?,0
Where do you ship from?,0
What’s the price?,0
Does it come in other colors?,0
This looks good.,0
Skype me at 4820881979,1
This looks good.,0
Reach out on WhatsApp at +1-447-824-8417,1
This looks good.,0
Nice product!,0
Does it come in other colors?,0
Does it come in other colors?,0
Do you have it in stock?,0
How soon can I get it?,0
Can you show more photos?,0
Can you show more photos?,0
What’s the price?,0
g r a c e 3 1 @ e m a i l . n e t,1
What’s the price?,0
Does it come in other colors?,0
Contact me on Skype: eve910,1
My Snapchat is charlie442,1
find me at user5872@example.com 😉,1
What’s the price?,0
"My contact is 555-237-9455, call me.",1
📱 +1-551-854-7145,1
Does it come in other colors?,0
I’m interested in this item.,0
fb.com/coolcat712,1
Where do you ship from?,0
I’m interested in this item.,0
How soon can I get it?,0
How soon can I get it?,0
Where do you ship from?,0
Can you show more photos?,0
Do you have it in stock?,0
Hit me up on WhatsApp at 555-131-3026,1
Where do you ship from?,0
Text me at +1-919-553-2158,1
What’s the price?,0
Nice product!,0
Do you have it in stock?,0
Does it come in other colors?,0
Nice product!,0
Nice product!,0
How soon can I get it?,0
Nice product!,0
Nice product!,0
Message via email: judy44@mail.com,1
How soon can I get it?,0
This looks good.,0
Contact via email: grace4@email.net,1
This looks good.,0
"Email is user5309@example.com, reach out anytime.",1
📧 user5917@example.com,1
Do you have it in stock?,0
C a l l   m e :   3 7 4 7 3 6 2 3 3 5,1
What’s the price?,0
Where do you ship from?,0
Can you show more photos?,0
Do you have it in stock?,0
Do you have it in stock?,0
find me at user3173@example.com 😉,1
Where do you ship from?,0
Do you have it in stock?,0
You can reach me at +1-857-533-1741,1
How soon can I get it?,0
How soon can I get it?,0
c o n t a c t : +1-189-252-2447,1
Can you show more photos?,0
This looks good.,0
I’m interested in this item.,0
I’m interested in this item.,0
I’m interested in this item.,0
Text me at +1-531-850-5315,1
Can you show more photos?,0
Do you have it in stock?,0
How soon can I get it?,0
Does it come in other colors?,0
Can you show more photos?,0
What are the dimensions?,0
Does it come in other colors?,0
Do you have it in stock?,0
What are the dimensions?,0
What are the dimensions?,0
Nice product!,0
How soon can I get it?,0
Where do you ship from?,0
This looks good.,0
e m a i l m e @ user1420@example.com,1
📱 +1-200-881-5748,1
Do you have it in stock?,0
What are the dimensions?,0
How soon can I get it?,0
Find me on Facebook: https://facebook.com/david668,1
This looks good.,0
Do you have it in stock?,0
DM me on Instagram: @charlie787,1
Nice product!,0
I’m interested in this item.,0
Can you show more photos?,0
I’m interested in this item.,0
What are the dimensions?,0
Nice product!,0
Do you have it in stock?,0
Where do you ship from?,0
What are the dimensions?,0
Connect on LinkedIn (linkedin.com/in/fashionguru),1
Follow me on Instagram @fashionguru and DM.,1
How soon can I get it?,0
You can reach me at 555-843-9155,1
Do you have it in stock?,0
I’m interested in this item.,0
I’m interested in this item.,0
You can reach me at +1-753-837-9391,1
you can DM me at fashionista777 on Insta,1
You can reach me at 555-371-5684,1
Nice product!,0
Message me at user5927@example.com,1
Where do you ship from?,0
This looks good.,0
Nice product!,0
How soon can I get it?,0
This looks good.,0
DM me on Instagram: @eve346,1
How soon can I get it?,0
How soon can I get it?,0
Nice product!,0
What are the dimensions?,0
Message me on Signal: (308) 563-2232,1
I’m interested in this item.,0
Do you have it in stock?,0
Can you show more photos?,0
Does it come in other colors?,0
How soon can I get it?,0
What’s the price?,0
This looks good.,0
How soon can I get it?,0
Do you have it in stock?,0
How soon can I get it?,0
Does it come in other colors?,0
Nice product!,0
I’m interested in this item.,0
c   o   n   t   a   c   t   m   e   6 4 6 6 2 7 4 4 2 6,1
I’m interested in this item.,0
How soon can I get it?,0
c   o   n   t   a   c   t   m   e   + 1   8 9 2   8 2 8   6 6 1 8,1
What’s the price?,0
This looks good.,0
Does it come in other colors?,0
Can you share your phone number so I can send you details?,1
Contact me on Skype: eve267,1
How soon can I get it?,0
Does it come in other colors?,0
You can reach me at 555-536-1238,1
Do you have it in stock?,0
Can you show more photos?,0
What’s the price?,0
How soon can I get it?,0
What’s the price?,0
What are the dimensions?,0
Message me on Signal: 494-950-4856,1
Does it come in other colors?,0
a l i c e 7 8 @ e x a m p l e . c o m,1
Can you show more photos?,0
Does it come in other colors?,0
Let's connect on LinkedIn: https://linkedin.com/in/ivan803,1
What’s the price?,0
This looks good.,0
How soon can I get it?,0
Nice product!,0
Nice product!,0
Mail me: frank22@example.com,1
Hit me up on WhatsApp at +1-879-898-9079,1
What are the dimensions?,0
Let's connect on LinkedIn: https://linkedin.com/in/eve950,1
Does it come in other colors?,0
Does it come in other colors?,0
I’m interested in this item.,0
Can you show more photos?,0
I’m interested in this item.,0
Where do you ship from?,0
Do you have it in stock?,0
What are the dimensions?,0
Nice product!,0
This looks good.,0
What’s the price?,0
This looks good.,0
Add me on WhatsApp: 555-803-1085,1
This looks good.,0
Nice product!,0
Does it come in other colors?,0
Where do you ship from?,0
Can you show more photos?,0
Can you show more photos?,0
Does it come in other colors?,0
This looks good.,0
What are the dimensions?,0
find me at user4696@example.com 😉,1
Follow me on Instagram @fashionguru and DM.,1
Do you have it in stock?,0
What’s the price?,0
What’s the price?,0
Nice product!,0
I’m interested in this item.,0
I’m interested in this item.,0
Send me a DM on Facebook: facebook.com/best_pizza,1
Message me on Signal: 518-578-5515,1
Nice product!,0
This looks good.,0
What are the dimensions?,0
This looks good.,0
How soon can I get it?,0
Nice product!,0
Does it come in other colors?,0
Where do you ship from?,0
I’m interested in this item.,0
I’m interested in this item.,0
Does it come in other colors?,0
Where do you ship from?,0
Does it come in other colors?,0
Do you have it in stock?,0
Contact via email: alice87@email.net,1
Message me on Signal: 4108672686,1
Does it come in other colors?,0
Do you have it in stock?,0
What’s the price?,0
Where do you ship from?,0
I’m interested in this item.,0
Can you show more photos?,0
What are the dimensions?,0
How soon can I get it?,0
I’m interested in this item.,0
What are the dimensions?,0
How soon can I get it?,0
c o n t a c t : +1-398-940-2396,1
Nice product!,0
What are the dimensions?,0
What are the dimensions?,0
WhatsApp me at (384) 711-3371,1
Contact: +1-217-718-6164,1
What are the dimensions?,0
Where do you ship from?,0
my digits: +1-374-762-2933,1
What’s the price?,0
What’s the price?,0
What’s the price?,0
What’s the price?,0
Can I have your email address?,1
How soon can I get it?,0
Can you show more photos?,0
Do you have it in stock?,0
Nice product!,0
e m a i l m e @ user8033@example.com,1
Nice product!,0
Nice product!,0
What are the dimensions?,0
Let's connect on LinkedIn: https://linkedin.com/in/eve727,1
I’m interested in this item.,0
Does it come in other colors?,0
Nice product!,0
Find me on Facebook: https://facebook.com/bob744,1
How soon can I get it?,0
Can you show more photos?,0
Do you have it in stock?,0
This looks good.,0
What are the dimensions?,0
Do you have it in stock?,0
How soon can I get it?,0
Message me at user7606@example.com,1
Connect on LinkedIn (linkedin.com/in/fashioneer),1
This looks good.,0
I’m interested in this item.,0
Can you show more photos?,0
Text me at 555-557-1631 for more info.,1
DM me on Instagram: @david796,1
Nice product!,0
I’m interested in this item.,0
What’s the price?,0
Text me at 3214567352,1
Where do you ship from?,0
Nice product!,0
This looks good.,0
What are the dimensions?,0
This looks good.,0
I’m interested in this item.,0
Reach me at +1 344 464 1542,1
What are the dimensions?,0
This looks good.,0
I’m interested in this item.,0
How soon can I get it?,0
Nice product!,0
my email id is user7299@example.com,1
How soon can I get it?,0
Can you show more photos?,0
I’m interested in this item.,0
What are the dimensions?,0
Can you show more photos?,0
I’m interested in this item.,0
I’m interested in this item.,0
Nice product!,0
How soon can I get it?,0
Nice product!,0
Nice product!,0
Send me a DM on Facebook: facebook.com/john_doe,1
How soon can I get it?,0
What are the dimensions?,0
I’m interested in this item.,0
Do you have it in stock?,0
Does it come in other colors?,0
Does it come in other colors?,0
Hit me up on WhatsApp at +1-367-840-6435,1
Does it come in other colors?,0
find me at user4154@example.com 😉,1
This looks good.,0
What’s the price?,0
I’m interested in this item.,0
Can you show more photos?,0
Where do you ship from?,0
Do you have it in stock?,0
Does it come in other colors?,0
Does it come in other colors?,0
Where do you ship from?,0
Does it come in other colors?,0
my digits: +1-113-997-3020,1
Message me at user2604@example.com,1
I’m interested in this item.,0
Do you have it in stock?,0
Connect on LinkedIn (linkedin.com/in/shop_owner),1
This looks good.,0
How soon can I get it?,0
This looks good.,0
I’m interested in this item.,0
Does it come in other colors?,0
How soon can I get it?,0
You can reach me at 555-885-9358,1
Hit me up on WhatsApp at +1-300-994-6485,1
This looks good.,0
my email id is user9225@example.com,1
Nice product!,0
You can reach me at +1-340-438-1795,1
Where do you ship from?,0
What are the dimensions?,0
Follow me on Instagram @shopper99 and DM.,1
I’m interested in this item.,0
I’m interested in this item.,0
telegram: t dot me slash fashionista6,1
I’m interested in this item.,0
Do you have it in stock?,0
How soon can I get it?,0
Where do you ship from?,0
I’m interested in this item.,0
What are the dimensions?,0
Does it come in other colors?,0
Do you have it in stock?,0
Can you show more photos?,0
Does it come in other colors?,0
This looks good.,0
"Email is user6542@example.com, reach out anytime.",1
How soon can I get it?,0
Do you have it in stock?,0
I’m interested in this item.,0
Connect on LinkedIn (linkedin.com/in/shopper99),1
What’s the price?,0
Do you have it in stock?,0
Email me at ivan93@test.org,1
What are the dimensions?,0
Where do you ship from?,0
Call me at 3027159694,1
Send me a DM on Facebook: facebook.com/shop_owner,1
Can you show more photos?,0
My TikTok: @judy502,1
DM me on Instagram @best_pizza,1
This looks good.,0
How soon can I get it?,0
How soon can I get it?,0
I’m interested in this item.,0
Does it come in other colors?,0
This looks good.,0
What’s the price?,0
Can you show more photos?,0
Does it come in other colors?,0
What are the dimensions?,0
Where do you ship from?,0
Text me at 555-289-1223 for more info.,1
Email me at user8020@example.com,1
This looks good.,0
Can you share your phone number so I can send you details?,1
Can you show more photos?,0
This looks good.,0
What’s the price?,0
Do you have it in stock?,0
Nice product!,0
"Email is user2466@example.com, reach out anytime.",1
I’m interested in this item.,0
This looks good.,0
Nice product!,0
Email me at heidi1@test.org,1
What’s the price?,0
What are the dimensions?,0
How soon can I get it?,0
WhatsApp me at +1-555-264-7084,1
wanna chat? +1-450-324-6477,1
How soon can I get it?,0
I’m interested in this item.,0
This looks good.,0
Where do you ship from?,0
Can you show more photos?,0
Do you have it in stock?,0
Can you show more photos?,0
Text me at 4706243032,1
My WeChat ID is fashioneer,1
Mail me: ivan34@email.net,1
Nice product!,0
Where do you ship from?,0
Where do you ship from?,0
Can you show more photos?,0
I’m interested in this item.,0
Do you have it in stock?,0
How soon can I get it?,0
Text me at +1-866-248-4286,1
Can you show more photos?,0
Nice product!,0
Find me on Facebook: https://facebook.com/alice677,1
Do you have it in stock?,0
Nice product!,0
You can reach me at +1-599-814-9835,1
This looks good.,0
Do you have it in stock?,0
How soon can I get it?,0
Can you show more photos?,0
This looks good.,0
How soon can I get it?,0
What are the dimensions?,0
This looks good.,0
Connect on LinkedIn (linkedin.com/in/devguy451),1
What’s the price?,0
What’s the price?,0
This looks good.,0
reach at t w o o o @example.com,1
Does it come in other colors?,0
Can you show more photos?,0
What’s the price?,0
Nice product!,0
Let's connect on LinkedIn: linkedin.com/in/shopper99,1
Where do you ship from?,0
Here's my email: user5022@example.com,1
Do you have it in stock?,0
My TikTok: @judy845,1
Nice product!,0
Does it come in other colors?,0
Message me on Snapchat: john_doe,1
This looks good.,0
Does it come in other colors?,0
I’m interested in this item.,0
Reach out on WhatsApp at +1-175-231-1383,1
Can you show more photos?,0
Where do you ship from?,0
This looks good.,0
Do you have it in stock?,0
What’s the price?,0
I’m interested in this item.,0
I’m interested in this item.,0
What are the dimensions?,0
You can reach me at +1-831-610-4237,1
Do you have it in stock?,0
Follow me on Twitter: @charlie161,1
Mail me: eve69@example.com,1
Message me on Signal: (765) 620-1648,1
This looks good.,0
Does it come in other colors?,0
What are the dimensions?,0
This looks good.,0
Can you show more photos?,0
e m a i l m e @ user1367@example.com,1
I’m interested in this item.,0
WhatsApp me at +1-555-767-1162,1
Do you have it in stock?,0
Where do you ship from?,0
Can you show more photos?,0
Does it come in other colors?,0
Nice product!,0
Does it come in other colors?,0
What are the dimensions?,0
Nice product!,0
Add me on Facebook (facebook.com/designer123),1
What are the dimensions?,0
Do you have it in stock?,0
DM me on Instagram @best_pizza,1
Send me a DM on Facebook: facebook.com/fashionguru,1
Reach out on WhatsApp at +1-180-848-9080,1
reach at t w o o o @example.com,1
Please email me at user4563@example.com,1
Does it come in other colors?,0
I’m interested in this item.,0
What are the dimensions?,0
Does it come in other colors?,0
What’s the price?,0
What’s the price?,0
Do you have it in stock?,0
What’s the price?,0
Where do you ship from?,0
Does it come in other colors?,0
Nice product!,0
How soon can I get it?,0
Send me a DM on Facebook: facebook.com/tech_lead,1
Can you show more photos?,0
Contact me via Telegram: @shopper99,1
WhatsApp me at +1-555-295-5612,1
Where do you ship from?,0
Do you have it in stock?,0
Nice product!,0
What are the dimensions?,0
I’m interested in this item.,0
Does it come in other colors?,0
Hit me up on WhatsApp at +1-729-642-5229,1
hmu @ shopper744,1
Can you show more photos?,0
I’m interested in this item.,0
How soon can I get it?,0
Does it come in other colors?,0
Can you show more photos?,0
What are the dimensions?,0
Nice product!,0
Do you have it in stock?,0
Do you have it in stock?,0
How soon can I get it?,0
Let's connect on LinkedIn: linkedin.com/in/fashioneer,1
Please email me at user8682@example.com,1
What’s the price?,0
Do you have it in stock?,0
Nice product!,0
This looks good.,0
Where do you ship from?,0
get in touch @ user1092@example.com,1
Do you have it in stock?,0
Nice product!,0
Does it come in other colors?,0
What’s the price?,0
Does it come in other colors?,0
What’s the price?,0
I’m interested in this item.,0
Where do you ship from?,0
Nice product!,0
What are the dimensions?,0
I’m interested in this item.,0
Does it come in other colors?,0
This looks good.,0
I’m interested in this item.,0
This looks good.,0
How soon can I get it?,0
Do you have it in stock?,0
What are the dimensions?,0
How soon can I get it?,0
I’m interested in this item.,0
Where do you ship from?,0
What are the dimensions?,0
What’s the price?,0
What are the dimensions?,0
Do you have it in stock?,0
I’m interested in this item.,0
I’m interested in this item.,0
Can you show more photos?,0
Where do you ship from?,0
What’s the price?,0
This looks good.,0
Reach out on WhatsApp at +1-910-511-6452,1
Nice product!,0
Can you show more photos?,0
Does it come in other colors?,0
What are the dimensions?,0
How soon can I get it?,0
Nice product!,0
Do you have it in stock?,0
I’m interested in this item.,0
What are the dimensions?,0
Nice product!,0
How soon can I get it?,0
Where do you ship from?,0
How soon can I get it?,0
Does it come in other colors?,0
Does it come in other colors?,0
Ping me on Telegram: @charlie801,1
I’m interested in this item.,0
This looks good.,0
Can you show more photos?,0
I’m interested in this item.,0
📧 user7985@example.com,1
This looks good.,0
Hit me up on WhatsApp at 555-433-8723,1
find me at user7692@example.com 😉,1
What’s the price?,0
c o n t a c t : +1-661-966-2699,1
Ping me on Telegram: @ivan284,1
Where do you ship from?,0
Do you have it in stock?,0
Nice product!,0
Does it come in other colors?,0
hmu @ shopper635,1
What’s the price?,0
What’s the price?,0
Where do you ship from?,0
Where do you ship from?,0
Does it come in other colors?,0
My number is (153) 775-6305,1
How soon can I get it?,0
Nice product!,0
Nice product!,0
I’m interested in this item.,0
Does it come in other colors?,0
Does it come in other colors?,0
Do you have it in stock?,0
Can you show more photos?,0
What’s the price?,0
Does it come in other colors?,0
This looks good.,0
What are the dimensions?,0
Where do you ship from?,0
How soon can I get it?,0
Can you show more photos?,0
Does it come in other colors?,0
Where do you ship from?,0
How soon can I get it?,0
I’m interested in this item.,0
How soon can I get it?,0
This looks good.,0
Nice product!,0
This looks good.,0
I’m interested in this item.,0
How soon can I get it?,0
Do you have it in stock?,0
Can you show more photos?,0
Contact: +1-484-332-8867,1
How soon can I get it?,0
Can you show more photos?,0
I’m interested in this item.,0
"Email is user7092@example.com, reach out anytime.",1
My WeChat ID is john_doe,1
Do you have it in stock?,0
How soon can I get it?,0
C a l l   m e :   + 1   4 3 6   1 3 8   5 7 6 2,1
Does it come in other colors?,0
Does it come in other colors?,0
How soon can I get it?,0
Does it come in other colors?,0
Where do you ship from?,0
Can I have your email address?,1
Do you have it in stock?,0
Can you show more photos?,0
Message me on Snapchat: john_doe,1
Email me at heidi26@test.org,1
b o b 4 3 @ m a i l . c o m,1
What are the dimensions?,0
Where do you ship from?,0
How soon can I get it?,0
Snapchat me @ devguy364,1
What’s the price?,0
What are the dimensions?,0
Can you show more photos?,0
DM me on Facebook: facebook.com/devguy618,1
I’m interested in this item.,0
I’m interested in this item.,0
I’m interested in this item.,0
Text me at 976-384-2255,1
This looks good.,0
Where do you ship from?,0
This looks good.,0
How soon can I get it?,0
Can you show more photos?,0
Let's connect on LinkedIn: linkedin.com/in/shop_owner,1
Nice product!,0
Text me at (273) 398-3004,1
I’m interested in this item.,0
I’m interested in this item.,0
Nice product!,0
What’s the price?,0
Nice product!,0
Nice product!,0
I’m interested in this item.,0
What’s the price?,0
Does it come in other colors?,0
What are the dimensions?,0
Does it come in other colors?,0
How soon can I get it?,0
Can you show more photos?,0
Where do you ship from?,0
What are the dimensions?,0
Message via email: frank60@email.net,1
How soon can I get it?,0
Can you show more photos?,0
What’s the price?,0
How soon can I get it?,0
I’m interested in this item.,0
How soon can I get it?,0
Can you show more photos?,0
Can you show more photos?,0
What’s the price?,0
How soon can I get it?,0
Do you have it in stock?,0
I’m interested in this item.,0
How soon can I get it?,0
Contact via email: frank4@email.net,1
This looks good.,0
How soon can I get it?,0
Nice product!,0
Nice product!,0
Where do you ship from?,0
I’m interested in this item.,0
Can you share your phone number so I can send you details?,1
Do you have it in stock?,0
Where do you ship from?,0
Nice product!,0
I’m interested in this item.,0
Text me at 555-361-5057 for more info.,1
Follow me on Twitter: @grace847,1
How soon can I get it?,0
Can you show more photos?,0
Connect on LinkedIn (linkedin.com/in/shop_owner),1
Can you show more photos?,0
Do you have it in stock?,0
What’s the price?,0
Does it come in other colors?,0
my digits: +1-403-513-4095,1
This looks good.,0
What’s the price?,0
How soon can I get it?,0
I’m interested in this item.,0
This looks good.,0
Message via email: ivan43@example.com,1
Can you show more photos?,0
Can you show more photos?,0
How soon can I get it?,0
Contact: +1-578-775-4535,1
How soon can I get it?,0
Do you have it in stock?,0
This looks good.,0
What are the dimensions?,0
Do you have it in stock?,0
What’s the price?,0
This looks good.,0
Nice product!,0
Nice product!,0
Do you have it in stock?,0
📱 +1-791-860-1385,1
Does it come in other colors?,0
What’s the price?,0
Add me on WhatsApp: 555-638-3988,1
Where do you ship from?,0
hmu @ shopper982,1
Can you show more photos?,0
c o n t a c t : +1-133-706-4767,1
Where do you ship from?,0
I’m interested in this item.,0
I’m interested in this item.,0
Does it come in other colors?,0
Do you have it in stock?,0
Does it come in other colors?,0
How soon can I get it?,0
Do you have it in stock?,0
📧 user4435@example.com,1
Can I have your email address?,1
Can you share your phone number so I can send you details?,1
What’s the price?,0
"My contact is 555-675-8704, call me.",1
Where do you ship from?,0
How soon can I get it?,0
What are the dimensions?,0
I’m interested in this item.,0
Can you show more photos?,0
Do you have it in stock?,0
This looks good.,0
Where do you ship from?,0
You can reach me at 555-817-2913,1
find me at user685@example.com 😉,1
Mail me: judy23@mail.com,1
What’s the price?,0
How soon can I get it?,0
What’s the price?,0
This looks good.,0
How soon can I get it?,0
Do you have it in stock?,0
What’s the price?,0
Do you have it in stock?,0
How soon can I get it?,0
This looks good.,0
Where do you ship from?,0
Can you show more photos?,0
Let's connect on LinkedIn: linkedin.com/in/tech_lead,1
snap me at s-n-a-p fashionista10,1
t e l : +1-500-969-9997,1
Can you show more photos?,0
Where do you ship from?,0
Do you have it in stock?,0
Nice product!,0
What’s the price?,0
How soon can I get it?,0
What’s the price?,0
What are the dimensions?,0
Nice product!,0
This looks good.,0
"My contact is 555-835-9092, call me.",1
Does it come in other colors?,0
Where do you ship from?,0
This looks good.,0
Do you have it in stock?,0
Does it come in other colors?,0
Can you show more photos?,0
What are the dimensions?,0
Message me on Signal: (003) 956-8432,1
I’m interested in this item.,0
Does it come in other colors?,0
Nice product!,0
Nice product!,0
telegram: t dot me slash shopper993,1
What are the dimensions?,0
What’s the price?,0
find me at user3028@example.com 😉,1
How soon can I get it?,0
Does it come in other colors?,0
I’m interested in this item.,0
Contact me via Telegram: @coolguy42,1
"My contact is 555-249-7657, call me.",1
My Snapchat is ivan349,1
fb.com/shopper401,1
Nice product!,0
I’m interested in this item.,0
Do you have it in stock?,0
Can you show more photos?,0
Where do you ship from?,0
Where do you ship from?,0
snap me at s-n-a-p fashionista716,1
I’m interested in this item.,0
Does it come in other colors?,0
This looks good.,0
Can you show more photos?,0
Nice product!,0
Nice product!,0
Can you show more photos?,0
What are the dimensions?,0
Can you show more photos?,0
Connect on LinkedIn (linkedin.com/in/devguy302),1
My WeChat ID is jane.smith,1
This looks good.,0
How soon can I get it?,0
Does it come in other colors?,0
Where do you ship from?,0
What are the dimensions?,0
What’s the price?,0
Can you show more photos?,0
What are the dimensions?,0
Do you have it in stock?,0
📧 user65@example.com,1
Can you show more photos?,0
Do you have it in stock?,0
How soon can I get it?,0
This looks good.,0
What’s the price?,0
Can you show more photos?,0
Where do you ship from?,0
How soon can I get it?,0
Let's connect on LinkedIn: https://linkedin.com/in/eve135,1
How soon can I get it?,0
Nice product!,0
This looks good.,0
How soon can I get it?,0
C o n t a c t :   2 7 9 - 4 0 8 - 9 9 6 7,1
How soon can I get it?,0
Do you have it in stock?,0
Find me on Facebook: https://facebook.com/bob578,1
What are the dimensions?,0
Reach me at 4505361832,1
Do you have it in stock?,0
Contact me on Skype: frank426,1
Does it come in other colors?,0
Do you have it in stock?,0
Does it come in other colors?,0
Text me at +1-300-723-5923,1
Follow me on Instagram @tech_lead and DM.,1
Nice product!,0
Add me on Facebook (facebook.com/shopper99),1
Can you show more photos?,0
Where do you ship from?,0
This looks good.,0
Text me at 024-129-7278,1
What are the dimensions?,0
What are the dimensions?,0
I’m interested in this item.,0
fb.com/fashionista122,1
Where do you ship from?,0
What are the dimensions?,0
Let's connect on LinkedIn: https://linkedin.com/in/charlie821,1
hmu @ fashionista270,1
What’s the price?,0
Nice product!,0
get in touch @ user2752@example.com,1
Nice product!,0
i v a n 7 3 @ e m a i l . n e t,1
Do you have it in stock?,0
What are the dimensions?,0
What’s the price?,0
I’m interested in this item.,0
Nice product!,0
What are the dimensions?,0
Does it come in other colors?,0
Does it come in other colors?,0
Does it come in other colors?,0
message me via g m a i l at user2349@example.com,1
This looks good.,0
This looks good.,0
Does it come in other colors?,0
Does it come in other colors?,0
My Snapchat is charlie350,1
What are the dimensions?,0
Add me on Facebook (facebook.com/shop_owner),1
Email me at heidi6@test.org,1
reach at t w o o o @example.com,1
fb.com/fashionista465,1
I’m interested in this item.,0
Nice product!,0
Where do you ship from?,0
Add me on WhatsApp: 555-660-7770,1
How soon can I get it?,0
Can you show more photos?,0
Text me at 586-397-2921,1
I’m interested in this item.,0
How soon can I get it?,0
Where do you ship from?,0
Can you show more photos?,0
How soon can I get it?,0
What are the dimensions?,0
I’m interested in this item.,0
Message me on Signal: +1 121 622 4874,1
Can you show more photos?,0
What’s the price?,0
Follow me on Twitter: @alice924,1
I’m interested in this item.,0
Email me at alice87@example.com,1
This looks good.,0
Do you have it in stock?,0
WhatsApp me at +1-555-966-2023,1
Where do you ship from?,0
This looks good.,0
Can you show more photos?,0
Please email me at user2780@example.com,1
Where do you ship from?,0
This looks good.,0
Text me at +1-652-756-7425,1
Does it come in other colors?,0
This looks good.,0
What are the dimensions?,0
This looks good.,0
I’m interested in this item.,0
What are the dimensions?,0
What’s the price?,0
Text me at 555-328-5957 for more info.,1
What’s the price?,0
How soon can I get it?,0
What’s the price?,0
Where do you ship from?,0
Snapchat me @ fashionista927,1
What are the dimensions?,0
What are the dimensions?,0
Follow me on Instagram @john_doe and DM.,1
Does it come in other colors?,0
Can you show more photos?,0
Where do you ship from?,0
wanna chat? +1-599-602-4162,1
Can I have your email address?,1
Do you have it in stock?,0
Do you have it in stock?,0
This looks good.,0
What’s the price?,0
Do you have it in stock?,0
Does it come in other colors?,0
Hit me up on WhatsApp at 555-827-1961,1
This looks good.,0
Twitter me at 113-972-2479,1
fb.com/shopper192,1
Nice product!,0
Text me at 555-263-4823 for more info.,1
reach at t w o o o @example.com,1
I’m interested in this item.,0
Do you have it in stock?,0
What are the dimensions?,0
Reach me at 9414533679,1
Do you have it in stock?,0
Telegram me at (674) 619-4071,1
Where do you ship from?,0
C a l l   m e :   + 1   5 9 0   4 4 8   6 2 1 0,1
I’m interested in this item.,0
Does it come in other colors?,0
How soon can I get it?,0
Nice product!,0
Can you show more photos?,0
What are the dimensions?,0
Where do you ship from?,0
get in touch @ user6562@example.com,1
Mail me: david19@email.net,1
Nice product!,0
What’s the price?,0
What are the dimensions?,0
Nice product!,0
This looks good.,0
I’m interested in this item.,0
This looks good.,0
I’m interested in this item.,0
What’s the price?,0
What’s the price?,0
This looks good.,0
Can you show more photos?,0
Text me at 555-447-1181 for more info.,1
Do you have it in stock?,0
This looks good.,0
Text me at +1 852 220 7274,1
How soon can I get it?,0
c o n t a c t : +1-590-285-2602,1
Does it come in other colors?,0
Nice product!,0
Does it come in other colors?,0
Nice product!,0
Can you show more photos?,0
What are the dimensions?,0
Do you have it in stock?,0
Nice product!,0
Does it come in other colors?,0
How soon can I get it?,0
Connect on LinkedIn (linkedin.com/in/fashionguru),1
Ping me on Telegram: @frank892,1
How soon can I get it?,0
What’s the price?,0
Nice product!,0
What are the dimensions?,0
Let's connect on LinkedIn: linkedin.com/in/best_pizza,1
Nice product!,0
Nice product!,0
Do you have it in stock?,0
Where do you ship from?,0
This looks good.,0
Where do you ship from?,0
How soon can I get it?,0
Do you have it in stock?,0
What are the dimensions?,0
What are the dimensions?,0
My TikTok: @judy831,1
DM me on Instagram: @eve854,1
This looks good.,0
What are the dimensions?,0
Does it come in other colors?,0
Does it come in other colors?,0
What are the dimensions?,0
Message me on Snapchat: jane.smith,1
What’s the price?,0
Nice product!,0
Where do you ship from?,0
Nice product!,0
Do you have it in stock?,0
What are the dimensions?,0
What’s the price?,0
What’s the price?,0
Does it come in other colors?,0
Ping me on Telegram: @alice942,1
What are the dimensions?,0
Add me on WhatsApp: 555-432-9721,1
DM me on Instagram @tech_lead,1
What are the dimensions?,0
Does it come in other colors?,0
Here is my email: user1923@example.com,1
Do you have it in stock?,0
Does it come in other colors?,0
"Email is user6561@example.com, reach out anytime.",1
Nice product!,0
How soon can I get it?,0
What’s the price?,0
What’s the price?,0
Email me at heidi35@test.org,1
I’m interested in this item.,0
How soon can I get it?,0
What are the dimensions?,0
Nice product!,0
c   o   n   t   a   c   t   m   e   + 1   7 9 5   8 7 2   4 4 5 9,1
📧 user5636@example.com,1
Do you have it in stock?,0
I’m interested in this item.,0
C a l l   m e :   0 1 8 3 5 0 8 1 7 8,1
Where do you ship from?,0
This looks good.,0
Message via email: frank32@mail.com,1
This looks good.,0
Let's connect on LinkedIn: https://linkedin.com/in/alice626,1
What’s the price?,0
Does it come in other colors?,0
Does it come in other colors?,0
What are the dimensions?,0
Do you have it in stock?,0
Where do you ship from?,0
Does it come in other colors?,0
What’s the price?,0
find me at user1897@example.com 😉,1
What are the dimensions?,0
Where do you ship from?,0
I’m interested in this item.,0
Where do you ship from?,0
Text me at +1-960-797-7984,1
I’m interested in this item.,0
I’m interested in this item.,0
What are the dimensions?,0
I’m interested in this item.,0
"My contact is 555-866-7920, call me.",1
Mail me: frank2@mail.com,1
What’s the price?,0
Where do you ship from?,0
Do you have it in stock?,0
This looks good.,0
Please email me at user8622@example.com,1
This looks good.,0
Do you have it in stock?,0
What are the dimensions?,0
I’m interested in this item.,0
What are the dimensions?,0
How soon can I get it?,0
Can you show more photos?,0
Do you have it in stock?,0
Can you show more photos?,0
What’s the price?,0
This looks good.,0
Where do you ship from?,0
Can you show more photos?,0
Nice product!,0
Does it come in other colors?,0
Do you have it in stock?,0
Contact me via Telegram: @tech_lead,1
What are the dimensions?,0
I’m interested in this item.,0
Where do you ship from?,0
Do you have it in stock?,0
Do you have it in stock?,0
Can you show more photos?,0
What are the dimensions?,0
What’s the price?,0
Do you have it in stock?,0
Can you show more photos?,0
Nice product!,0
Can you share your phone number so I can send you details?,1
I’m interested in this item.,0
Where do you ship from?,0
Do you have it in stock?,0
This looks good.,0
What are the dimensions?,0
Do you have it in stock?,0
Contact me on Skype: ivan568,1
You can reach me at +1-260-579-7802,1
What are the dimensions?,0
What are the dimensions?,0
Do you have it in stock?,0
This looks good.,0
What are the dimensions?,0
Here is my email: user1523@example.com,1
What’s the price?,0
reach at t w o o o @example.com,1
C a l l   m e :   9 7 3 9 1 6 2 6 7 4,1
What are the dimensions?,0
What’s the price?,0
This looks good.,0
Can you show more photos?,0
Here is my email: user3462@example.com,1
You can reach me at +1-397-388-7245,1
Message me at user3432@example.com,1
C o n t a c t :   1 4 9 4 7 1 9 8 0 8,1
Where do you ship from?,0
This looks good.,0
I’m interested in this item.,0
Does it come in other colors?,0
I’m interested in this item.,0
Text me at 555-404-5032 for more info.,1
What are the dimensions?,0
What are the dimensions?,0
Can you show more photos?,0
Where do you ship from?,0
e m a i l m e @ user4377@example.com,1
This looks good.,0
I’m interested in this item.,0
My TikTok: @eve690,1
What’s the price?,0
How soon can I get it?,0
I’m interested in this item.,0
Can you show more photos?,0
telegram: t dot me slash devguy1,1
I’m interested in this item.,0
Do you have it in stock?,0
What’s the price?,0
I’m interested in this item.,0
Do you have it in stock?,0
e m a i l m e @ user9502@example.com,1
Does it come in other colors?,0
This looks good.,0
Reach me at (672) 945-7056,1
Does it come in other colors?,0
What’s the price?,0
I’m interested in this item.,0
Do you have it in stock?,0
Message me on Snapchat: best_pizza,1
Can you show more photos?,0
Nice product!,0
Can you show more photos?,0
Do you have it in stock?,0
I’m interested in this item.,0
Where do you ship from?,0
How soon can I get it?,0
Does it come in other colors?,0
Do you have it in stock?,0
Please email me at user8081@example.com,1
What’s the price?,0
Does it come in other colors?,0
What are the dimensions?,0
I’m interested in this item.,0
Does it come in other colors?,0
How soon can I get it?,0
Nice product!,0
Text me at (795) 809-3553,1
What’s the price?,0
This looks good.,0
Where do you ship from?,0
Let's connect on LinkedIn: https://linkedin.com/in/bob834,1
I’m interested in this item.,0
Nice product!,0
Do you have it in stock?,0
I’m interested in this item.,0
This looks good.,0
What are the dimensions?,0
You can reach me at +1-865-399-6557,1
What’s the price?,0
I’m interested in this item.,0
How soon can I get it?,0
Text me at +1-551-646-6292,1
This looks good.,0
Can you show more photos?,0
Do you have it in stock?,0
How soon can I get it?,0
I’m interested in this item.,0
hmu @ devguy707,1
Where do you ship from?,0
What’s the price?,0
This looks good.,0
Where do you ship from?,0
Nice product!,0
📱 +1-816-467-6614,1
This looks good.,0
How soon can I get it?,0
c o n t a c t : +1-603-552-9256,1
Do you have it in stock?,0
What’s the price?,0
What’s the price?,0
Nice product!,0
Follow me on Instagram @shop_owner and DM.,1
This looks good.,0
My WeChat ID is fashioneer,1
What are the dimensions?,0
Can you share your phone number so I can send you details?,1
Can you show more photos?,0
Can you show more photos?,0
What are the dimensions?,0
Can you show more photos?,0
I’m interested in this item.,0
Add me on WhatsApp: 555-598-9389,1
Send me a DM on Facebook: facebook.com/best_pizza,1
Where do you ship from?,0
I’m interested in this item.,0
Please email me at user8682@example.com,1
You can reach me at 555-923-5154,1
How soon can I get it?,0
What are the dimensions?,0
What are the dimensions?,0
Can you show more photos?,0
This looks good.,0
Send me a DM on Facebook: facebook.com/fashionguru,1
Does it come in other colors?,0
How soon can I get it?,0
Can you show more photos?,0
Nice product!,0
How soon can I get it?,0
What are the dimensions?,0
You can reach me at 555-271-2514,1
I’m interested in this item.,0
Does it come in other colors?,0
"My contact is 555-627-7091, call me.",1
How soon can I get it?,0
Nice product!,0
What are the dimensions?,0
Where do you ship from?,0
my digits: +1-279-684-9966,1
C a l l   m e :   0 9 7 - 7 6 0 - 2 8 3 0,1
What are the dimensions?,0
Does it come in other colors?,0
What’s the price?,0
What are the dimensions?,0
I’m interested in this item.,0
Nice product!,0
What’s the price?,0
Nice product!,0
"My contact is 555-748-3191, call me.",1
What’s the price?,0
Where do you ship from?,0
Where do you ship from?,0
Do you have it in stock?,0
Where do you ship from?,0
Follow me on Instagram @shop_owner and DM.,1
You can reach me at +1-769-263-1693,1
Do you have it in stock?,0
What are the dimensions?,0
What’s the price?,0
My WeChat ID is shopper99,1
What are the dimensions?,0
This looks good.,0
Where do you ship from?,0
This looks good.,0
What are the dimensions?,0
Nice product!,0
Do you have it in stock?,0
Do you have it in stock?,0
fb.com/coolcat985,1
Where do you ship from?,0
Nice product!,0
What’s the price?,0
I’m interested in this item.,0
Does it come in other colors?,0
Can you show more photos?,0
How soon can I get it?,0
What are the dimensions?,0
My TikTok: @judy806,1
Does it come in other colors?,0
How soon can I get it?,0
Do you have it in stock?,0
What are the dimensions?,0
This looks good.,0
This looks good.,0
What are the dimensions?,0
How soon can I get it?,0
Reach out on WhatsApp at +1-580-952-8539,1
Can you show more photos?,0
Where do you ship from?,0
Does it come in other colors?,0
What are the dimensions?,0
Can you show more photos?,0
Add me on Facebook (facebook.com/shopper99),1
This looks good.,0
Do you have it in stock?,0
How soon can I get it?,0
Do you have it in stock?,0
What are the dimensions?,0
Do you have it in stock?,0
This looks good.,0
Does it come in other colors?,0
Connect on LinkedIn (linkedin.com/in/fashioneer),1
Do you have it in stock?,0
Contact via email: eve21@mail.com,1
What are the dimensions?,0
Snapchat me @ devguy809,1
You can reach me at 555-580-2035,1
Does it come in other colors?,0
I’m interested in this item.,0
I’m interested in this item.,0
Contact: +1-362-331-6404,1
Can you show more photos?,0
I’m interested in this item.,0
Do you have it in stock?,0
Do you have it in stock?,0
fb.com/devguy880,1
Follow me on Instagram @designer123 and DM.,1
Text me at +1-421-621-2227,1
How soon can I get it?,0
How soon can I get it?,0
Please email me at user3378@example.com,1
Add me on WhatsApp: +1 043 147 4038,1
Where do you ship from?,0
snap me at s-n-a-p shopper899,1
Contact me via Telegram: @best_pizza,1
Does it come in other colors?,0
Connect on LinkedIn (linkedin.com/in/fashionista358),1
I’m interested in this item.,0
Does it come in other colors?,0
I’m interested in this item.,0
This looks good.,0
Here's my email: user6279@example.com,1
What are the dimensions?,0
Where do you ship from?,0
This looks good.,0
What are the dimensions?,0
Nice product!,0
Nice product!,0
Do you have it in stock?,0
Does it come in other colors?,0
Can you show more photos?,0
How soon can I get it?,0
Where do you ship from?,0
Where do you ship from?,0
C o n t a c t :   ( 2 3 8 )   2 6 7 - 1 8 9 4,1
Does it come in other colors?,0
Can you show more photos?,0
Can you show more photos?,0
Do you have it in stock?,0
I’m interested in this item.,0
Does it come in other colors?,0
How soon can I get it?,0
I’m interested in this item.,0
Where do you ship from?,0
Send me a DM on Facebook: facebook.com/designer123,1
Do you have it in stock?,0
This looks good.,0
"My contact is 555-872-2950, call me.",1
Can you show more photos?,0
This looks good.,0
I’m interested in this item.,0
How soon can I get it?,0
Email me at user1768@example.com,1
This looks good.,0
Nice product!,0
you can DM me at shopper724 on Insta,1
Contact me via Telegram: @designer123,1
This looks good.,0
This looks good.,0
Where do you ship from?,0
Nice product!,0
I’m interested in this item.,0
Nice product!,0
I’m interested in this item.,0
How soon can I get it?,0
Does it come in other colors?,0
Nice product!,0
Do you have it in stock?,0
Nice product!,0
I’m interested in this item.,0
Where do you ship from?,0
Where do you ship from?,0
What are the dimensions?,0
c   o   n   t   a   c   t   m   e   ( 4 5 7 )   7 7 8 - 0 8 9 9,1
Does it come in other colors?,0
Nice product!,0
What are the dimensions?,0
What’s the price?,0
What are the dimensions?,0
I’m interested in this item.,0
Add me on WhatsApp: 151-099-0474,1
What are the dimensions?,0
Do you have it in stock?,0
Do you have it in stock?,0
you can DM me at fashionista582 on Insta,1
DM me on Instagram: @frank370,1
Can you show more photos?,0
Nice product!,0
Do you have it in stock?,0
Do you have it in stock?,0
How soon can I get it?,0
What are the dimensions?,0
This looks good.,0
Contact me via Telegram: @john_doe,1
DM me on Facebook: facebook.com/fashionista285,1
I’m interested in this item.,0
Do you have it in stock?,0
snap me at s-n-a-p devguy343,1
What’s the price?,0
This looks good.,0
Where do you ship from?,0
Can you show more photos?,0
Ping me on Telegram: @grace880,1
Where do you ship from?,0
How soon can I get it?,0
Let's connect on LinkedIn: https://linkedin.com/in/heidi189,1
e m a i l m e @ user6472@example.com,1
I’m interested in this item.,0
This looks good.,0
This looks good.,0
Does it come in other colors?,0
Do you have it in stock?,0
This looks good.,0
Can you show more photos?,0
How soon can I get it?,0
I’m interested in this item.,0
Does it come in other colors?,0
Can you show more photos?,0
Do you have it in stock?,0
Can you show more photos?,0
Do you have it in stock?,0
I’m interested in this item.,0
Does it come in other colors?,0
What’s the price?,0
get in touch @ user4727@example.com,1
Does it come in other colors?,0
What’s the price?,0
Contact: +1-460-710-3119,1
Hit me up on WhatsApp at +1-396-149-5366,1
Hit me up on WhatsApp at 555-663-5430,1
e m a i l m e @ user3027@example.com,1
Does it come in other colors?,0
Email me at david9@example.com,1
This looks good.,0
Hit me up on WhatsApp at 555-346-7489,1
Does it come in other colors?,0
My Snapchat is bob791,1
What are the dimensions?,0
What’s the price?,0
This looks good.,0
This looks good.,0
This looks good.,0
Where do you ship from?,0
Nice product!,0
How soon can I get it?,0
What are the dimensions?,0
Where do you ship from?,0
How soon can I get it?,0
telegram: t dot me slash devguy653,1
What’s the price?,0
How soon can I get it?,0
I’m interested in this item.,0
Does it come in other colors?,0
What are the dimensions?,0
Snapchat me @ coolcat472,1
I’m interested in this item.,0
What’s the price?,0
my digits: +1-514-601-8043,1
Do you have it in stock?,0
This looks good.,0
d a v i d 6 @ e x a m p l e . c o m,1
C a l l   m e :   ( 2 6 1 )   2 1 4 - 6 0 3 5,1
Do you have it in stock?,0
Where do you ship from?,0
Can you show more photos?,0
What are the dimensions?,0
What are the dimensions?,0
What’s the price?,0
Do you have it in stock?,0
Nice product!,0
Nice product!,0
How soon can I get it?,0
Do you have it in stock?,0
Does it come in other colors?,0
Does it come in other colors?,0
Do you have it in stock?,0
I’m interested in this item.,0
Text me at +1-587-396-3854,1
Contact me on Skype: eve714,1
📧 user9033@example.com,1
I’m interested in this item.,0
Does it come in other colors?,0
telegram: t dot me slash coolcat181,1
Can you share your phone number so I can send you details?,1
How soon can I get it?,0
Do you have it in stock?,0
I’m interested in this item.,0
Nice product!,0
Nice product!,0
How soon can I get it?,0
Where do you ship from?,0
This looks good.,0
Let's connect on LinkedIn: https://linkedin.com/in/eve613,1
How soon can I get it?,0
How soon can I get it?,0
Can you show more photos?,0
Follow me on Twitter: @heidi179,1
Where do you ship from?,0
I’m interested in this item.,0
Nice product!,0
Do you have it in stock?,0
Find me on Facebook: https://facebook.com/charlie73,1
Find me on Facebook: https://facebook.com/eve125,1
This looks good.,0
What’s the price?,0
Reach out on WhatsApp at +1-287-735-5029,1
This looks good.,0
Where do you ship from?,0
Do you have it in stock?,0
What are the dimensions?,0
My TikTok: @frank168,1
Where do you ship from?,0
How soon can I get it?,0
Do you have it in stock?,0
Do you have it in stock?,0
Can you show more photos?,0
Where do you ship from?,0
Contact me on Skype: eve442,1
Where do you ship from?,0
Message me on Signal: 6612008543,1
Connect on LinkedIn (linkedin.com/in/shop_owner),1
I’m interested in this item.,0
What’s the price?,0
Here's my email: user8330@example.com,1
How soon can I get it?,0
What are the dimensions?,0
Do you have it in stock?,0
Where do you ship from?,0
You can reach me at 555-181-4342,1
Do you have it in stock?,0
How soon can I get it?,0
Nice product!,0
What’s the price?,0
What’s the price?,0
How soon can I get it?,0
Where do you ship from?,0
How soon can I get it?,0
I’m interested in this item.,0
I’m interested in this item.,0
Email me at user943@example.com,1
Can you share your phone number so I can send you details?,1
Do you have it in stock?,0
What are the dimensions?,0
Nice product!,0
What are the dimensions?,0
Where do you ship from?,0
c   o   n   t   a   c   t   m   e   ( 3 1 3 )   0 5 4 - 2 7 0 7,1
Do you have it in stock?,0
What’s the price?,0
hmu @ coolcat761,1
What’s the price?,0
Do you have it in stock?,0
This looks good.,0
What are the dimensions?,0
Hit me up on WhatsApp at 555-324-8492,1
Does it come in other colors?,0
Does it come in other colors?,0
Nice product!,0
Where do you ship from?,0
Do you have it in stock?,0
Does it come in other colors?,0
What are the dimensions?,0
What’s the price?,0
Does it come in other colors?,0
I’m interested in this item.,0
Do you have it in stock?,0
Where do you ship from?,0
Nice product!,0
I’m interested in this item.,0
Does it come in other colors?,0
How soon can I get it?,0
I’m interested in this item.,0
How soon can I get it?,0
Where do you ship from?,0
Do you have it in stock?,0
Do you have it in stock?,0
What’s the price?,0
Message via email: grace42@test.org,1
Nice product!,0
Nice product!,0
How soon can I get it?,0
Where do you ship from?,0
What are the dimensions?,0
What’s the price?,0
Text me at 555-151-5889 for more info.,1
What are the dimensions?,0
Where do you ship from?,0
Do you have it in stock?,0
Does it come in other colors?,0
Does it come in other colors?,0
you can DM me at fashionista560 on Insta,1
What’s the price?,0
Do you have it in stock?,0
Can you show more photos?,0
Where do you ship from?,0
Snapchat me @ coolcat912,1
How soon can I get it?,0
Find me on Facebook: https://facebook.com/frank797,1
Do you have it in stock?,0
How soon can I get it?,0
What’s the price?,0
Where do you ship from?,0
WhatsApp me at +1-555-179-2109,1
What’s the price?,0
Message via email: charlie26@email.net,1
I’m interested in this item.,0
Nice product!,0
What’s the price?,0
Mail me: ivan83@test.org,1
Where do you ship from?,0
What are the dimensions?,0
Where do you ship from?,0
What are the dimensions?,0
This looks good.,0
Contact via email: judy36@mail.com,1
Where do you ship from?,0
You can reach me at +1-976-241-3234,1
How soon can I get it?,0
Email me at user9114@example.com,1
message me via g m a i l at user9965@example.com,1
Can you show more photos?,0
fb.com/shopper450,1
Can you share your phone number so I can send you details?,1
I’m interested in this item.,0
Does it come in other colors?,0
This looks good.,0
What’s the price?,0
Where do you ship from?,0
Nice product!,0
telegram: t dot me slash fashionista797,1
Does it come in other colors?,0
Do you have it in stock?,0
Ping me on Telegram: @heidi813,1
What are the dimensions?,0
my email id is user5994@example.com,1
g r a c e 4 5 @ e x a m p l e . c o m,1
What are the dimensions?,0
Contact me on Skype: david954,1
Nice product!,0
How soon can I get it?,0
I’m interested in this item.,0
Does it come in other colors?,0
I’m interested in this item.,0
You can reach me at 555-628-7368,1
Can you show more photos?,0
How soon can I get it?,0
Do you have it in stock?,0
What’s the price?,0
Do you have it in stock?,0
Snapchat me @ shopper710,1
This looks good.,0
Can you show more photos?,0
What are the dimensions?,0
You can reach me at 555-407-3511,1
Contact me via Telegram: @fashionguru,1
Do you have it in stock?,0
Reach out on WhatsApp at +1-739-948-5934,1
Where do you ship from?,0
What are the dimensions?,0
What’s the price?,0
What’s the price?,0
Please email me at user4397@example.com,1
i v a n 3 9 @ e x a m p l e . c o m,1
Call me at +1 671 489 5025,1
Follow me on Instagram @best_pizza and DM.,1
This looks good.,0
Do you have it in stock?,0
Nice product!,0
DM me on Instagram @designer123,1
Follow me on Instagram @john_doe and DM.,1
Email me at grace14@email.net,1
This looks good.,0
Can you show more photos?,0
Connect on LinkedIn (linkedin.com/in/fashionista96),1
What’s the price?,0
What’s the price?,0
c o n t a c t : +1-563-127-4669,1
Can you show more photos?,0
Can you show more photos?,0
This looks good.,0
Nice product!,0
I’m interested in this item.,0
Do you have it in stock?,0
What are the dimensions?,0
Does it come in other colors?,0
Where do you ship from?,0
My number is (364) 377-0029,1
Here's my email: user3767@example.com,1
telegram: t dot me slash shopper852,1
Can you show more photos?,0
c   o   n   t   a   c   t   m   e   + 1   8 1 3   7 0 1   2 2 2 1,1
What’s the price?,0
Where do you ship from?,0
Do you have it in stock?,0
What are the dimensions?,0
This looks good.,0
How soon can I get it?,0
How soon can I get it?,0
I’m interested in this item.,0
Can you show more photos?,0
Nice product!,0
What are the dimensions?,0
What’s the price?,0
This looks good.,0
Where do you ship from?,0
Let's connect on LinkedIn: linkedin.com/in/coolguy42,1
Do you have it in stock?,0
Text me at +1-141-946-6752,1
Contact me via Telegram: @designer123,1
Follow me on Twitter: @ivan374,1
Does it come in other colors?,0
Does it come in other colors?,0
Where do you ship from?,0
How soon can I get it?,0
Message me on Snapchat: john_doe,1
Where do you ship from?,0
I’m interested in this item.,0
This looks good.,0
I’m interested in this item.,0
Where do you ship from?,0
I’m interested in this item.,0
Hit me up on WhatsApp at 555-245-9125,1
I’m interested in this item.,0
How soon can I get it?,0
How soon can I get it?,0
Nice product!,0
Do you have it in stock?,0
How soon can I get it?,0
I’m interested in this item.,0
get in touch @ user7723@example.com,1
What are the dimensions?,0
What are the dimensions?,0
What are the dimensions?,0
Does it come in other colors?,0
c   o   n   t   a   c   t   m   e   3 6 4 - 8 8 7 - 5 0 9 9,1
How soon can I get it?,0
What’s the price?,0
Can I have your email address?,1
Where do you ship from?,0
Nice product!,0
Contact: +1-339-464-5614,1
Does it come in other colors?,0
Add me on Facebook (facebook.com/john_doe),1
Can you show more photos?,0
Can you show more photos?,0
DM me on Instagram: @bob305,1
Where do you ship from?,0
What are the dimensions?,0
What are the dimensions?,0
Where do you ship from?,0
Hit me up on WhatsApp at 555-833-3610,1
How soon can I get it?,0
Does it come in other colors?,0
Mail me: eve90@mail.com,1
Can you show more photos?,0
Call me at 4319906857,1
What are the dimensions?,0
This looks good.,0
What’s the price?,0
I’m interested in this item.,0
Where do you ship from?,0
This looks good.,0
Does it come in other colors?,0
What’s the price?,0
Can you show more photos?,0
How soon can I get it?,0
Can you show more photos?,0
Do you have it in stock?,0
Can you show more photos?,0
Where do you ship from?,0
Add me on Facebook (facebook.com/fashioneer),1
This looks good.,0
Can you show more photos?,0
fb.com/coolcat261,1
I’m interested in this item.,0
Where do you ship from?,0
How soon can I get it?,0
What are the dimensions?,0
How soon can I get it?,0
Nice product!,0
Can you show more photos?,0
Add me on Facebook (facebook.com/coolguy42),1
This looks good.,0
Add me on WhatsApp: (744) 228-3173,1
Does it come in other colors?,0
Do you have it in stock?,0
Does it come in other colors?,0
Contact: +1-783-275-3192,1
My WeChat ID is fashionguru,1
Do you have it in stock?,0
What are the dimensions?,0
Where do you ship from?,0
This looks good.,0
I’m interested in this item.,0
How soon can I get it?,0
What’s the price?,0
Where do you ship from?,0
fb.com/fashionista190,1
Nice product!,0
What’s the price?,0
Where do you ship from?,0
How soon can I get it?,0
This looks good.,0
Nice product!,0
Where do you ship from?,0
Where do you ship from?,0
Nice product!,0
I’m interested in this item.,0
I’m interested in this item.,0
What’s the price?,0
Does it come in other colors?,0
What’s the price?,0
You can reach me at 555-219-8415,1
What’s the price?,0
What are the dimensions?,0
This looks good.,0
Where do you ship from?,0
What are the dimensions?,0
Nice product!,0
What’s the price?,0
What are the dimensions?,0
Can you show more photos?,0
I’m interested in this item.,0
What’s the price?,0
wanna chat? +1-726-363-1676,1
Does it come in other colors?,0
This looks good.,0
I’m interested in this item.,0
This looks good.,0
Does it come in other colors?,0
Where do you ship from?,0
Does it come in other colors?,0
What are the dimensions?,0
Do you have it in stock?,0
Let's connect on LinkedIn: linkedin.com/in/fashionguru,1
Email me at user2383@example.com,1
How soon can I get it?,0
What’s the price?,0
What’s the price?,0
Message me at user4879@example.com,1
Where do you ship from?,0
How soon can I get it?,0
Follow me on Instagram @shopper99 and DM.,1
"My contact is 555-206-4953, call me.",1
c o n t a c t : +1-961-446-4721,1
What are the dimensions?,0
Does it come in other colors?,0
Can you show more photos?,0
Do you have it in stock?,0
What’s the price?,0
What are the dimensions?,0
What’s the price?,0
This looks good.,0
What are the dimensions?,0
Do you have it in stock?,0
Does it come in other colors?,0
What are the dimensions?,0
Here is my email: user8566@example.com,1
Call me at 8320307846,1
Where do you ship from?,0
How soon can I get it?,0
Can you show more photos?,0
Can you show more photos?,0
Follow me on Instagram @john_doe and DM.,1
How soon can I get it?,0
Please email me at user4437@example.com,1
Do you have it in stock?,0
Email me at david10@email.net,1
How soon can I get it?,0
What’s the price?,0
How soon can I get it?,0
Do you have it in stock?,0
Can you show more photos?,0
Do you have it in stock?,0
Reach me at 870-713-4501,1
What’s the price?,0
I’m interested in this item.,0
I’m interested in this item.,0
Do you have it in stock?,0
Nice product!,0
What are the dimensions?,0
Follow me on Instagram @best_pizza and DM.,1
Reach out on WhatsApp at +1-343-185-6730,1
What are the dimensions?,0
This looks good.,0
WhatsApp me at +1-555-925-1077,1
Nice product!,0
Does it come in other colors?,0
Reach me at 415-955-7382,1
Where do you ship from?,0
Nice product!,0
Does it come in other colors?,0
How soon can I get it?,0
Do you have it in stock?,0
I’m interested in this item.,0
DM me on Instagram @coolguy42,1
Nice product!,0
How soon can I get it?,0
my digits: +1-950-392-5986,1
Does it come in other colors?,0
This looks good.,0
I’m interested in this item.,0
Do you have it in stock?,0
I’m interested in this item.,0
Do you have it in stock?,0
What are the dimensions?,0
What’s the price?,0
What’s the price?,0
How soon can I get it?,0
Do you have it in stock?,0
My WeChat ID is tech_lead,1
snap me at s-n-a-p coolcat140,1
Can you show more photos?,0
Find me on Facebook: https://facebook.com/heidi243,1
Send me a DM on Facebook: facebook.com/john_doe,1
Ping me on Telegram: @eve745,1
What are the dimensions?,0
Do you have it in stock?,0
Does it come in other colors?,0
Do you have it in stock?,0
📧 user8784@example.com,1
Does it come in other colors?,0
What’s the price?,0
e m a i l m e @ user4250@example.com,1
This looks good.,0
What are the dimensions?,0
Does it come in other colors?,0
Can you show more photos?,0
Where do you ship from?,0
C o n t a c t :   3 3 9 - 2 2 9 - 6 4 6 6,1
How soon can I get it?,0
C a l l   m e :   + 1   6 7 3   4 7 1   6 0 5 0,1
Does it come in other colors?,0
e v e 6 0 @ e x a m p l e . c o m,1
WhatsApp me at +1-555-972-4724,1
How soon can I get it?,0
Does it come in other colors?,0
Do you have it in stock?,0
Follow me on Twitter: @frank36,1
Please email me at user9687@example.com,1
Does it come in other colors?,0
This looks good.,0
Where do you ship from?,0
t e l : +1-234-753-7894,1
Where do you ship from?,0
What’s the price?,0
Do you have it in stock?,0
Nice product!,0
What’s the price?,0
This looks good.,0
Nice product!,0
message me via g m a i l at user5374@example.com,1
This looks good.,0
Where do you ship from?,0
What are the dimensions?,0
Can you show more photos?,0
How soon can I get it?,0
What are the dimensions?,0
Does it come in other colors?,0
Mail me: bob90@email.net,1
What’s the price?,0
Can you show more photos?,0
How soon can I get it?,0
Nice product!,0
How soon can I get it?,0
Call me at 6423016968,1
c   o   n   t   a   c   t   m   e   ( 2 9 0 )   8 7 2 - 5 5 8 1,1
This looks good.,0
How soon can I get it?,0
Nice product!,0
Do you have it in stock?,0
How soon can I get it?,0
Where do you ship from?,0
Do you have it in stock?,0
Do you have it in stock?,0
Let's connect on LinkedIn: linkedin.com/in/coolguy42,1
What’s the price?,0
What’s the price?,0
Can you show more photos?,0
Where do you ship from?,0
Message via email: charlie27@email.net,1
Do you have it in stock?,0
Can you show more photos?,0
Can you show more photos?,0
How soon can I get it?,0
I’m interested in this item.,0
Nice product!,0
Does it come in other colors?,0
How soon can I get it?,0
DM me on Instagram: @charlie351,1
Nice product!,0
Does it come in other colors?,0
Message me on Snapchat: fashioneer,1
Can you show more photos?,0
Can I have your email address?,1
DM me on Instagram @jane.smith,1
Nice product!,0
Follow me on Instagram @tech_lead and DM.,1
This looks good.,0
Do you have it in stock?,0
I’m interested in this item.,0
Does it come in other colors?,0
Can you show more photos?,0
Find me on Facebook: https://facebook.com/ivan512,1
Do you have it in stock?,0
What are the dimensions?,0
This looks good.,0
Add me on WhatsApp: 7259711333,1
Does it come in other colors?,0
How soon can I get it?,0
"Email is user1684@example.com, reach out anytime.",1
What’s the price?,0
Ping me on Telegram: @david346,1
I’m interested in this item.,0
Do you have it in stock?,0
Message me at user9566@example.com,1
Can you show more photos?,0
Let's connect on LinkedIn: linkedin.com/in/coolguy42,1
Does it come in other colors?,0
How soon can I get it?,0
This looks good.,0
Where do you ship from?,0
What’s the price?,0
Send me a DM on Facebook: facebook.com/coolguy42,1
Do you have it in stock?,0
telegram: t dot me slash fashionista610,1
Can you show more photos?,0
Message me on Snapchat: fashioneer,1
How soon can I get it?,0
Let's connect on LinkedIn: linkedin.com/in/fashionguru,1
Can you show more photos?,0
What are the dimensions?,0
Connect on LinkedIn (linkedin.com/in/jane.smith),1
This looks good.,0
What are the dimensions?,0
Nice product!,0
Nice product!,0
I’m interested in this item.,0
t e l : +1-981-788-5746,1
You can reach me at 555-291-1590,1
Do you have it in stock?,0
Can you show more photos?,0
Does it come in other colors?,0
Does it come in other colors?,0
Let's connect on LinkedIn: https://linkedin.com/in/alice529,1
Find me on Facebook: https://facebook.com/charlie297,1
C o n t a c t :   3 3 2 3 9 0 3 5 4 0,1
How soon can I get it?,0
Nice product!,0
Nice product!,0
This looks good.,0
What are the dimensions?,0
fb.com/devguy73,1
Does it come in other colors?,0
Nice product!,0
hmu @ devguy261,1
What’s the price?,0
What’s the price?,0
Add me on WhatsApp: 555-579-6542,1
What’s the price?,0
Where do you ship from?,0
This looks good.,0
Where do you ship from?,0
Does it come in other colors?,0
h e i d i 9 8 @ m a i l . c o m,1
Nice product!,0
What are the dimensions?,0
I’m interested in this item.,0
Nice product!,0
Does it come in other colors?,0
Can you show more photos?,0
What’s the price?,0
DM me on Instagram: @bob491,1
Do you have it in stock?,0
How soon can I get it?,0
How soon can I get it?,0
Text me at +1-326-395-9610,1
Does it come in other colors?,0
Add me on Facebook (facebook.com/fashioneer),1
c   o   n   t   a   c   t   m   e   + 1   4 3 3   9 0 5   5 2 7 6,1
📧 user8118@example.com,1
Do you have it in stock?,0
Do you have it in stock?,0
Does it come in other colors?,0
Does it come in other colors?,0
Where do you ship from?,0
How soon can I get it?,0
Do you have it in stock?,0
This looks good.,0
What’s the price?,0
WhatsApp me at +1-555-652-5134,1
What’s the price?,0
Message me on Signal: 485-335-4687,1
My Snapchat is charlie789,1
Can I have your email address?,1
Nice product!,0
Does it come in other colors?,0
I’m interested in this item.,0
Can you show more photos?,0
Reach me at 661-589-8334,1
What are the dimensions?,0
Nice product!,0
This looks good.,0
What’s the price?,0
Contact me on Skype: grace85,1
Do you have it in stock?,0
Nice product!,0
I’m interested in this item.,0
Nice product!,0
📧 user3128@example.com,1
What’s the price?,0
What are the dimensions?,0
Do you have it in stock?,0
What’s the price?,0
This looks good.,0
Nice product!,0
Text me at 555-338-5194 for more info.,1
DM me on Instagram @shopper99,1
📱 +1-431-733-6418,1
My TikTok: @charlie709,1
Message me on Signal: 408-357-6230,1
C o n t a c t :   + 1   2 7 4   5 9 1   0 4 6 6,1
Nice product!,0
Message via email: david49@example.com,1
c o n t a c t : +1-852-789-2734,1
t e l : +1-796-118-3430,1
I’m interested in this item.,0
This looks good.,0
How soon can I get it?,0
Where do you ship from?,0
Do you have it in stock?,0
"My contact is 555-254-5614, call me.",1
Nice product!,0
Nice product!,0
Nice product!,0
This looks good.,0
What’s the price?,0
This looks good.,0
I’m interested in this item.,0
Can you show more photos?,0
This looks good.,0
What are the dimensions?,0
Find me on Facebook: https://facebook.com/heidi301,1
This looks good.,0
This looks good.,0
Does it come in other colors?,0
This looks good.,0
I’m interested in this item.,0
How soon can I get it?,0
Where do you ship from?,0
How soon can I get it?,0
Please email me at user5005@example.com,1
Find me on Facebook: https://facebook.com/ivan900,1
Can you show more photos?,0
Ping me on Telegram: @david667,1
What are the dimensions?,0
What are the dimensions?,0
What’s the price?,0
What are the dimensions?,0
Where do you ship from?,0
Where do you ship from?,0
Nice product!,0
you can DM me at coolcat631 on Insta,1
What are the dimensions?,0
Contact via email: grace73@example.com,1
Hit me up on WhatsApp at 555-170-4403,1
Nice product!,0
C a l l   m e :   6 3 3 - 7 5 4 - 0 9 3 6,1
Contact: +1-136-588-4173,1
I’m interested in this item.,0
What’s the price?,0
What’s the price?,0
Text me at (520) 204-0144,1
Nice product!,0
Contact me on Skype: judy928,1
Does it come in other colors?,0
This looks good.,0
c o n t a c t : +1-871-287-5993,1
Where do you ship from?,0
Can you show more photos?,0
you can DM me at shopper986 on Insta,1
Where do you ship from?,0
Message me at user8310@example.com,1
What are the dimensions?,0
This looks good.,0
Do you have it in stock?,0
Snapchat me @ devguy321,1
You can reach me at +1-524-620-9083,1
Can you show more photos?,0
How soon can I get it?,0
What’s the price?,0
Hit me up on WhatsApp at 555-995-5361,1
How soon can I get it?,0
I’m interested in this item.,0
I’m interested in this item.,0
This looks good.,0
Message me on Snapchat: john_doe,1
Can you show more photos?,0
What are the dimensions?,0
What are the dimensions?,0
Find me on Facebook: https://facebook.com/frank84,1
Does it come in other colors?,0
Does it come in other colors?,0
What’s the price?,0
Text me at +1-906-203-8881,1
How soon can I get it?,0
Does it come in other colors?,0
Can I have your email address?,1
I’m interested in this item.,0
What’s the price?,0
Do you have it in stock?,0
I’m interested in this item.,0
wanna chat? +1-564-373-6062,1
Can you show more photos?,0
Where do you ship from?,0
Nice product!,0
Where do you ship from?,0
Do you have it in stock?,0
How soon can I get it?,0
Can you share your phone number so I can send you details?,1
Can you show more photos?,0
Where do you ship from?,0
Where do you ship from?,0
Does it come in other colors?,0
How soon can I get it?,0
Email me at user9076@example.com,1
Connect on LinkedIn (linkedin.com/in/coolguy42),1
Where do you ship from?,0
Where do you ship from?,0
Do you have it in stock?,0
Can you share your phone number so I can send you details?,1
What’s the price?,0
Do you have it in stock?,0
Does it come in other colors?,0
How soon can I get it?,0
What are the dimensions?,0
Can you show more photos?,0
Where do you ship from?,0
Can you show more photos?,0
What are the dimensions?,0
This looks good.,0
This looks good.,0
This looks good.,0
Nice product!,0
Email me at user4616@example.com,1
Nice product!,0
Where do you ship from?,0
How soon can I get it?,0
Add me on WhatsApp: 555-407-3096,1
I’m interested in this item.,0
Do you have it in stock?,0
Do you have it in stock?,0
This looks good.,0
I’m interested in this item.,0
Where do you ship from?,0
I’m interested in this item.,0
Add me on WhatsApp: 3957660696,1
Nice product!,0
Contact me on Skype: frank79,1
Message me on Snapchat: fashioneer,1
What’s the price?,0
What are the dimensions?,0
Do you have it in stock?,0
This looks good.,0
Does it come in other colors?,0
How soon can I get it?,0
Let's connect on LinkedIn: https://linkedin.com/in/grace966,1
This looks good.,0
What’s the price?,0
Where do you ship from?,0
This looks good.,0
What are the dimensions?,0
Connect on LinkedIn (linkedin.com/in/jane.smith),1
What’s the price?,0
Do you have it in stock?,0
This looks good.,0
Nice product!,0
Nice product!,0
I’m interested in this item.,0
Can you show more photos?,0
Can you show more photos?,0
Find me on Facebook: https://facebook.com/alice710,1
What are the dimensions?,0
My WeChat ID is fashioneer,1
How soon can I get it?,0
my digits: +1-969-718-4166,1
What are the dimensions?,0
Does it come in other colors?,0
Do you have it in stock?,0
Does it come in other colors?,0
My TikTok: @david342,1
Does it come in other colors?,0
Do you have it in stock?,0
This looks good.,0
📧 user7156@example.com,1
Nice product!,0
This looks good.,0
I’m interested in this item.,0
Does it come in other colors?,0
Can you show more photos?,0
Add me on Facebook (facebook.com/tech_lead),1
Can you show more photos?,0
Can you show more photos?,0
Does it come in other colors?,0
Where do you ship from?,0
This looks good.,0
This looks good.,0
This looks good.,0
This looks good.,0
How soon can I get it?,0
my digits: +1-815-187-2130,1
my digits: +1-633-406-8129,1
Where do you ship from?,0
Nice product!,0
find me at user8500@example.com 😉,1
This looks good.,0
d a v i d 9 7 @ t e s t . o r g,1
"Email is user9610@example.com, reach out anytime.",1
Do you have it in stock?,0
Do you have it in stock?,0
What are the dimensions?,0
My WeChat ID is fashioneer,1
This looks good.,0
Does it come in other colors?,0
How soon can I get it?,0
What are the dimensions?,0
This looks good.,0
I’m interested in this item.,0
Message via email: eve7@test.org,1
This looks good.,0
C a l l   m e :   ( 3 0 4 )   2 6 0 - 0 5 4 0,1
Nice product!,0
Does it come in other colors?,0
This looks good.,0
Can you show more photos?,0
Where do you ship from?,0
How soon can I get it?,0
Where do you ship from?,0
Can you show more photos?,0
Can you show more photos?,0
Do you have it in stock?,0
Where do you ship from?,0
Does it come in other colors?,0
Can you show more photos?,0
What’s the price?,0
Can you show more photos?,0
Do you have it in stock?,0
Nice product!,0
Let's connect on LinkedIn: linkedin.com/in/fashioneer,1
How soon can I get it?,0
Can you show more photos?,0
Can you show more photos?,0
What are the dimensions?,0
Do you have it in stock?,0
Does it come in other colors?,0
Hit me up on WhatsApp at 555-488-4507,1
Does it come in other colors?,0
Can you show more photos?,0
Contact via email: heidi12@mail.com,1
"Email is user1163@example.com, reach out anytime.",1
What are the dimensions?,0
How soon can I get it?,0
This looks good.,0
What’s the price?,0
Mail me: heidi30@mail.com,1
I’m interested in this item.,0
What’s the price?,0
This looks good.,0
Nice product!,0
You can reach me at +1-529-154-5035,1
What are the dimensions?,0
Does it come in other colors?,0
Let's connect on LinkedIn: https://linkedin.com/in/frank27,1
Hit me up on WhatsApp at +1-974-900-6170,1
Where do you ship from?,0
Nice product!,0
This looks good.,0
I’m interested in this item.,0
Nice product!,0
I’m interested in this item.,0
What’s the price?,0
I’m interested in this item.,0
Does it come in other colors?,0
What’s the price?,0
This looks good.,0
I’m interested in this item.,0
Here's my email: user2088@example.com,1
I’m interested in this item.,0
I’m interested in this item.,0
Message via email: charlie49@example.com,1
What are the dimensions?,0
Does it come in other colors?,0
fb.com/fashionista391,1
How soon can I get it?,0
This looks good.,0
What are the dimensions?,0
This looks good.,0
What are the dimensions?,0
How soon can I get it?,0
Where do you ship from?,0
What are the dimensions?,0
Does it come in other colors?,0
Where do you ship from?,0
get in touch @ user9274@example.com,1
Do you have it in stock?,0
This looks good.,0
Nice product!,0
How soon can I get it?,0
Where do you ship from?,0
Can you show more photos?,0
I’m interested in this item.,0
How soon can I get it?,0
Nice product!,0
Do you have it in stock?,0
Hit me up on WhatsApp at 555-497-8213,1
What are the dimensions?,0
I’m interested in this item.,0
c   o   n   t   a   c   t   m   e   8 8 9 1 4 4 9 9 1 0,1
Do you have it in stock?,0
Nice product!,0
f r a n k 3 2 @ m a i l . c o m,1
Call me at 1131941342,1
What are the dimensions?,0
What’s the price?,0
Email me at eve6@mail.com,1
Connect on LinkedIn (linkedin.com/in/devguy649),1
Where do you ship from?,0
"My contact is 555-420-3964, call me.",1
Nice product!,0
Nice product!,0
Where do you ship from?,0
You can reach me at 555-118-4382,1
Can you show more photos?,0
Do you have it in stock?,0
Here is my email: user5615@example.com,1
How soon can I get it?,0
How soon can I get it?,0
What are the dimensions?,0
How soon can I get it?,0
Nice product!,0
How soon can I get it?,0
How soon can I get it?,0
Ping me on Telegram: @alice742,1
This looks good.,0
Do you have it in stock?,0
Send me a DM on Facebook: facebook.com/shopper99,1
Do you have it in stock?,0
I’m interested in this item.,0
message me via g m a i l at user7673@example.com,1
What are the dimensions?,0
My TikTok: @frank109,1
Do you have it in stock?,0
What’s the price?,0
How soon can I get it?,0
I’m interested in this item.,0
This looks good.,0
Where do you ship from?,0
Does it come in other colors?,0
What’s the price?,0
What’s the price?,0
Here's my email: user7659@example.com,1
What are the dimensions?,0
How soon can I get it?,0
Does it come in other colors?,0
Do you have it in stock?,0
fb.com/coolcat593,1
This looks good.,0
This looks good.,0
Do you have it in stock?,0
Where do you ship from?,0
What’s the price?,0
Message me on Signal: (773) 750-1902,1
Where do you ship from?,0
Does it come in other colors?,0
I’m interested in this item.,0
How soon can I get it?,0
Do you have it in stock?,0
Message me on Snapchat: fashionguru,1
Where do you ship from?,0
Does it come in other colors?,0
What are the dimensions?,0
Do you have it in stock?,0
📧 user5579@example.com,1
This looks good.,0
Can you show more photos?,0
What are the dimensions?,0
What’s the price?,0
Where do you ship from?,0
What are the dimensions?,0
This looks good.,0
Send me a DM on Facebook: facebook.com/shopper99,1
What are the dimensions?,0
What’s the price?,0
What are the dimensions?,0
Mail me: david95@email.net,1
Contact me on Skype: charlie56,1
Does it come in other colors?,0
Where do you ship from?,0
Where do you ship from?,0
Do you have it in stock?,0
Reach out on WhatsApp at +1-568-520-3264,1
This looks good.,0
Connect on LinkedIn (linkedin.com/in/shopper99),1
My TikTok: @judy528,1
Where do you ship from?,0
Email me at user1285@example.com,1
Does it come in other colors?,0
Nice product!,0
This looks good.,0
📱 +1-245-924-3258,1
This looks good.,0
Does it come in other colors?,0
Does it come in other colors?,0
Does it come in other colors?,0
C a l l   m e :   + 1   4 6 3   8 8 2   4 8 5 9,1
What are the dimensions?,0
This looks good.,0
Does it come in other colors?,0
What’s the price?,0
I’m interested in this item.,0
Nice product!,0
Where do you ship from?,0
What are the dimensions?,0
Nice product!,0
Where do you ship from?,0
What are the dimensions?,0
Nice product!,0
How soon can I get it?,0
Does it come in other colors?,0
Nice product!,0
Contact: +1-494-481-6052,1
Follow me on Instagram @best_pizza and DM.,1
What are the dimensions?,0
Let's connect on LinkedIn: linkedin.com/in/coolguy42,1
What are the dimensions?,0
How soon can I get it?,0
Nice product!,0
Where do you ship from?,0
Do you have it in stock?,0
Can you share your phone number so I can send you details?,1
Can you show more photos?,0
Does it come in other colors?,0
Does it come in other colors?,0
How soon can I get it?,0
Where do you ship from?,0
Nice product!,0
I’m interested in this item.,0
Does it come in other colors?,0
Email me at ivan15@example.com,1
Do you have it in stock?,0
Where do you ship from?,0
Can you show more photos?,0
How soon can I get it?,0
Nice product!,0
This looks good.,0
Nice product!,0
Does it come in other colors?,0
Can you show more photos?,0
Contact me via Telegram: @shop_owner,1
Do you have it in stock?,0
Does it come in other colors?,0
Here is my email: user4743@example.com,1
Where do you ship from?,0
Nice product!,0
How soon can I get it?,0
Contact me via Telegram: @coolguy42,1
Add me on Facebook (facebook.com/fashioneer),1
What’s the price?,0
Where do you ship from?,0
Where do you ship from?,0
Nice product!,0
Does it come in other colors?,0
How soon can I get it?,0
I’m interested in this item.,0
Does it come in other colors?,0
Nice product!,0
Does it come in other colors?,0
Does it come in other colors?,0
What’s the price?,0
Please email me at user2730@example.com,1
I’m interested in this item.,0
Can you show more photos?,0
I’m interested in this item.,0
What are the dimensions?,0
Where do you ship from?,0
This looks good.,0
Does it come in other colors?,0
I’m interested in this item.,0
I’m interested in this item.,0
Does it come in other colors?,0
"My contact is 555-979-8709, call me.",1
Nice product!,0
Can you show more photos?,0
Where do you ship from?,0
What’s the price?,0
h e i d i 2 5 @ e m a i l . n e t,1
Can you show more photos?,0
Do you have it in stock?,0
Can you show more photos?,0
Add me on WhatsApp: 622-809-1596,1
What’s the price?,0
Where do you ship from?,0
My TikTok: @david569,1
Text me at 555-662-3761 for more info.,1
Reach out on WhatsApp at +1-280-882-7650,1
Nice product!,0
This looks good.,0
How soon can I get it?,0
My Snapchat is judy357,1
What are the dimensions?,0
Do you have it in stock?,0
What are the dimensions?,0
How soon can I get it?,0
Where do you ship from?,0
Nice product!,0
What’s the price?,0
This looks good.,0
Where do you ship from?,0
wanna chat? +1-520-478-1382,1
I’m interested in this item.,0
What are the dimensions?,0
find me at user7335@example.com 😉,1
My WeChat ID is best_pizza,1
Do you have it in stock?,0
This looks good.,0
How soon can I get it?,0
Do you have it in stock?,0
I’m interested in this item.,0
I’m interested in this item.,0
C o n t a c t :   ( 6 7 7 )   4 3 6 - 8 6 5 7,1
What are the dimensions?,0
Let's connect on LinkedIn: linkedin.com/in/best_pizza,1
What are the dimensions?,0
What’s the price?,0
Can you show more photos?,0
Nice product!,0
Reach me at 868-557-1752,1
What’s the price?,0
My Snapchat is bob195,1
What’s the price?,0
Message me on Signal: 3531239330,1
Do you have it in stock?,0
DM me on Instagram @coolguy42,1
telegram: t dot me slash coolcat675,1
This looks good.,0
Do you have it in stock?,0
Text me at 851-280-7941,1
How soon can I get it?,0
How soon can I get it?,0
Does it come in other colors?,0
I’m interested in this item.,0
Telegram me at (580) 638-7621,1
This looks good.,0
Where do you ship from?,0
Contact via email: eve27@mail.com,1
Can you show more photos?,0
How soon can I get it?,0
Do you have it in stock?,0
Can you show more photos?,0
Please email me at user1980@example.com,1
How soon can I get it?,0
Can you show more photos?,0
How soon can I get it?,0
What’s the price?,0
Does it come in other colors?,0
Can you show more photos?,0
This looks good.,0
This looks good.,0
Can you show more photos?,0
Here is my email: user7749@example.com,1
i v a n 7 1 @ t e s t . o r g,1
What are the dimensions?,0
C a l l   m e :   + 1   8 4 6   8 2 0   7 4 0 3,1
📧 user3455@example.com,1
Does it come in other colors?,0
What’s the price?,0
How soon can I get it?,0
What are the dimensions?,0
Do you have it in stock?,0
snap me at s-n-a-p shopper146,1
I’m interested in this item.,0
This looks good.,0
Reach me at 9711185637,1
WhatsApp me at +1-555-887-9501,1
My number is 4131297132,1
What’s the price?,0
Message me on Signal: 585-682-6084,1
What’s the price?,0
Send me a DM on Facebook: facebook.com/jane.smith,1
Contact via email: eve60@test.org,1
I’m interested in this item.,0
Hit me up on WhatsApp at 555-828-7754,1
Can you show more photos?,0
I’m interested in this item.,0
Do you have it in stock?,0
Find me on Facebook: https://facebook.com/alice384,1
Text me at +1-710-331-6378,1
Nice product!,0
What’s the price?,0
Nice product!,0
How soon can I get it?,0
Do you have it in stock?,0
Does it come in other colors?,0
DM me on Facebook: facebook.com/fashionista164,1
Follow me on Instagram @tech_lead and DM.,1
Do you have it in stock?,0
What’s the price?,0
My Snapchat is alice774,1
Can you show more photos?,0
Does it come in other colors?,0
What’s the price?,0
Nice product!,0
"Email is user1964@example.com, reach out anytime.",1
Where do you ship from?,0
Email me at frank88@mail.com,1
I’m interested in this item.,0
Nice product!,0
Can you show more photos?,0
Does it come in other colors?,0
How soon can I get it?,0
What’s the price?,0
I’m interested in this item.,0
Email me at eve86@example.com,1
Email me at bob49@email.net,1
You can reach me at 555-181-4342,1
Text me at 555-284-2205 for more info.,1
Hit me up on WhatsApp at +1-463-149-7111,1
How soon can I get it?,0
e m a i l m e @ user4140@example.com,1
How soon can I get it?,0
Do you have it in stock?,0
Please email me at user4019@example.com,1
How soon can I get it?,0
What are the dimensions?,0
I’m interested in this item.,0
Where do you ship from?,0
What are the dimensions?,0
📱 +1-199-958-4106,1
Message via email: bob13@test.org,1
What are the dimensions?,0
This looks good.,0
Nice product!,0
Nice product!,0
Where do you ship from?,0
Snapchat me @ shopper170,1
Here's my email: user1357@example.com,1
Does it come in other colors?,0
Contact me on Skype: bob622,1
I’m interested in this item.,0
What are the dimensions?,0
Can you show more photos?,0
Message me on Signal: +1 288 286 8349,1
Add me on WhatsApp: +1 312 204 9259,1
Nice product!,0
Where do you ship from?,0
Where do you ship from?,0
What’s the price?,0
my email id is user3135@example.com,1
How soon can I get it?,0
This looks good.,0
What are the dimensions?,0
Where do you ship from?,0
Please email me at user4382@example.com,1
Do you have it in stock?,0
fb.com/shopper164,1
This looks good.,0
I’m interested in this item.,0
Do you have it in stock?,0
Where do you ship from?,0
What are the dimensions?,0
fb.com/devguy160,1
DM me on Facebook: facebook.com/fashionista864,1
Where do you ship from?,0
Reach out on WhatsApp at +1-651-790-1277,1
I’m interested in this item.,0
What’s the price?,0
How soon can I get it?,0
How soon can I get it?,0
This looks good.,0
Does it come in other colors?,0
Send me a DM on Facebook: facebook.com/tech_lead,1
Do you have it in stock?,0
How soon can I get it?,0
I’m interested in this item.,0
Can I have your email address?,1
What are the dimensions?,0
Nice product!,0
Does it come in other colors?,0
What’s the price?,0
Message me at user6846@example.com,1
What’s the price?,0
Does it come in other colors?,0
Can you show more photos?,0
My Snapchat is ivan96,1
Send me a DM on Facebook: facebook.com/jane.smith,1
"Email is user7558@example.com, reach out anytime.",1
Snapchat me @ fashionista324,1
What are the dimensions?,0
I’m interested in this item.,0
Can you show more photos?,0
What are the dimensions?,0
Contact: +1-422-928-2295,1
What’s the price?,0
How soon can I get it?,0
This looks good.,0
Nice product!,0
How soon can I get it?,0
Nice product!,0
Where do you ship from?,0
How soon can I get it?,0
Nice product!,0
This looks good.,0
Do you have it in stock?,0
Text me at 555-212-7638 for more info.,1
Where do you ship from?,0
Send me a DM on Facebook: facebook.com/tech_lead,1
This looks good.,0
This looks good.,0
get in touch @ user5107@example.com,1
Let's connect on LinkedIn: linkedin.com/in/designer123,1
How soon can I get it?,0
Nice product!,0
How soon can I get it?,0
my digits: +1-188-591-7355,1
Can you show more photos?,0
Does it come in other colors?,0
Hit me up on WhatsApp at 555-682-7275,1
Let's connect on LinkedIn: linkedin.com/in/john_doe,1
How soon can I get it?,0
Does it come in other colors?,0
My Snapchat is eve565,1
What are the dimensions?,0
What’s the price?,0
Does it come in other colors?,0
What are the dimensions?,0
get in touch @ user9514@example.com,1
Where do you ship from?,0
I’m interested in this item.,0
Let's connect on LinkedIn: https://linkedin.com/in/grace510,1
Can you show more photos?,0
Does it come in other colors?,0
This looks good.,0
Nice product!,0
I’m interested in this item.,0
WhatsApp me at +1-555-932-5477,1
Reach me at +1 742 428 5919,1
Does it come in other colors?,0
Follow me on Twitter: @bob198,1
Can you show more photos?,0
Where do you ship from?,0
What’s the price?,0
Nice product!,0
This looks good.,0
How soon can I get it?,0
This looks good.,0
How soon can I get it?,0
c   o   n   t   a   c   t   m   e   9 5 8 8 9 0 4 6 7 2,1
Where do you ship from?,0
Nice product!,0
find me at user7799@example.com 😉,1
Do you have it in stock?,0
WhatsApp me at +1-555-320-9513,1
fb.com/coolcat255,1
Nice product!,0
Can you share your phone number so I can send you details?,1
Do you have it in stock?,0
What are the dimensions?,0
Reach me at 392-443-5379,1
Nice product!,0
Does it come in other colors?,0
My WeChat ID is fashioneer,1
Follow me on Instagram @fashioneer and DM.,1
Do you have it in stock?,0
you can DM me at shopper282 on Insta,1
I’m interested in this item.,0
What are the dimensions?,0
What’s the price?,0
Do you have it in stock?,0
I’m interested in this item.,0
Where do you ship from?,0
Add me on Facebook (facebook.com/tech_lead),1
This looks good.,0
What are the dimensions?,0
my email id is user9689@example.com,1
What’s the price?,0
hmu @ shopper207,1
Does it come in other colors?,0
WhatsApp me at 7244073831,1
Do you have it in stock?,0
Does it come in other colors?,0
What are the dimensions?,0
This looks good.,0
What are the dimensions?,0
Where do you ship from?,0
get in touch @ user1919@example.com,1
What are the dimensions?,0
Where do you ship from?,0
Follow me on Twitter: @heidi8,1
This looks good.,0
Does it come in other colors?,0
Can you show more photos?,0
I’m interested in this item.,0
Nice product!,0
fb.com/devguy120,1
Nice product!,0
What are the dimensions?,0
Do you have it in stock?,0
Can you show more photos?,0
How soon can I get it?,0
Do you have it in stock?,0
I’m interested in this item.,0
Do you have it in stock?,0
What are the dimensions?,0
Do you have it in stock?,0
Can you show more photos?,0
Can you show more photos?,0
Nice product!,0
This looks good.,0
I’m interested in this item.,0
Where do you ship from?,0
Do you have it in stock?,0
Contact: +1-666-991-3672,1
Where do you ship from?,0
What are the dimensions?,0
📧 user8587@example.com,1
Nice product!,0
Where do you ship from?,0
"Email is user9449@example.com, reach out anytime.",1
Nice product!,0
What’s the price?,0
This looks good.,0
Do you have it in stock?,0
Do you have it in stock?,0
Do you have it in stock?,0
I’m interested in this item.,0
Can you show more photos?,0
My number is +1 514 179 7131,1
What are the dimensions?,0
get in touch @ user8136@example.com,1
my digits: +1-606-568-3368,1
What are the dimensions?,0
I’m interested in this item.,0
my email id is user1536@example.com,1
How soon can I get it?,0
Mail me: heidi39@email.net,1
Do you have it in stock?,0
Nice product!,0
📱 +1-329-183-9251,1
Where do you ship from?,0
This looks good.,0
my email id is user9915@example.com,1
What are the dimensions?,0
telegram: t dot me slash shopper305,1
Nice product!,0
Nice product!,0
Does it come in other colors?,0
Does it come in other colors?,0
What are the dimensions?,0
What’s the price?,0
Can you show more photos?,0
What’s the price?,0
I’m interested in this item.,0
Add me on WhatsApp: 555-745-2844,1
What are the dimensions?,0
Can you show more photos?,0
Where do you ship from?,0
Where do you ship from?,0
What’s the price?,0
How soon can I get it?,0
hmu @ coolcat361,1
Where do you ship from?,0
What’s the price?,0
You can reach me at 555-922-9559,1
This looks good.,0
How soon can I get it?,0
Nice product!,0
What are the dimensions?,0
Can you show more photos?,0
Do you have it in stock?,0
Do you have it in stock?,0
My WeChat ID is shopper99,1
Add me on WhatsApp: 555-365-6845,1
Can you show more photos?,0
Do you have it in stock?,0
Connect on LinkedIn (linkedin.com/in/fashionguru),1
Can you show more photos?,0
Follow me on Twitter: @ivan11,1
What’s the price?,0
my email id is user4650@example.com,1
What are the dimensions?,0
Where do you ship from?,0
This looks good.,0
Does it come in other colors?,0
What are the dimensions?,0
Where do you ship from?,0
Can you show more photos?,0
What’s the price?,0
This looks good.,0
Let's connect on LinkedIn: linkedin.com/in/coolguy42,1
DM me on Instagram: @david799,1
Connect on LinkedIn (linkedin.com/in/shop_owner),1
Where do you ship from?,0
C a l l   m e :   6 4 1 4 0 5 5 2 9 8,1
hmu @ coolcat37,1
Do you have it in stock?,0
How soon can I get it?,0
What are the dimensions?,0
📱 +1-411-392-9163,1
Does it come in other colors?,0
My Snapchat is eve550,1
Do you have it in stock?,0
my email id is user2937@example.com,1
How soon can I get it?,0
Can you show more photos?,0
Do you have it in stock?,0
Message me at user9760@example.com,1
Do you have it in stock?,0
snap me at s-n-a-p shopper587,1
I’m interested in this item.,0
I’m interested in this item.,0
Does it come in other colors?,0
What’s the price?,0
Nice product!,0
Do you have it in stock?,0
Where do you ship from?,0
Nice product!,0
I’m interested in this item.,0
Can you show more photos?,0
Do you have it in stock?,0
What’s the price?,0
Does it come in other colors?,0
Do you have it in stock?,0
What’s the price?,0
Snapchat me @ coolcat12,1
What are the dimensions?,0
Connect on LinkedIn (linkedin.com/in/devguy776),1
How soon can I get it?,0
DM me on Facebook: facebook.com/coolcat825,1
Do you have it in stock?,0
This looks good.,0
I’m interested in this item.,0
Does it come in other colors?,0
Send me a DM on Facebook: facebook.com/shopper99,1
Connect on LinkedIn (linkedin.com/in/devguy17),1
Does it come in other colors?,0
This looks good.,0
Nice product!,0
This looks good.,0
Do you have it in stock?,0
How soon can I get it?,0
Do you have it in stock?,0
This looks good.,0
This looks good.,0
My Snapchat is heidi690,1
Where do you ship from?,0
This looks good.,0
Add me on WhatsApp: 555-598-3850,1
I’m interested in this item.,0
My number is 2239623951,1
Can you show more photos?,0
What’s the price?,0
How soon can I get it?,0
Can you show more photos?,0
This looks good.,0
Can you show more photos?,0
This looks good.,0
Where do you ship from?,0
Can you show more photos?,0
Can you show more photos?,0
Do you have it in stock?,0
Where do you ship from?,0
I’m interested in this item.,0
This looks good.,0
Nice product!,0
What’s the price?,0
Does it come in other colors?,0
Message me at user47@example.com,1
How soon can I get it?,0
Email me at user7643@example.com,1
Does it come in other colors?,0
Please email me at user4403@example.com,1
My WeChat ID is jane.smith,1
Does it come in other colors?,0
What are the dimensions?,0
Where do you ship from?,0
Nice product!,0
Nice product!,0
How soon can I get it?,0
What’s the price?,0
Where do you ship from?,0
What are the dimensions?,0
What are the dimensions?,0
How soon can I get it?,0
Where do you ship from?,0
What are the dimensions?,0
Nice product!,0
Nice product!,0
DM me on Instagram: @charlie107,1
Where do you ship from?,0
What are the dimensions?,0
LinkedIn me at +1 561 545 5033,1
I’m interested in this item.,0
Does it come in other colors?,0
Nice product!,0
Ping me on Telegram: @charlie506,1
This looks good.,0
Where do you ship from?,0
What are the dimensions?,0
Where do you ship from?,0
What’s the price?,0
What’s the price?,0
DM me on Instagram: @eve415,1
"My contact is 555-979-8709, call me.",1
How soon can I get it?,0
I’m interested in this item.,0
What are the dimensions?,0
I’m interested in this item.,0
Follow me on Instagram @john_doe and DM.,1
Hit me up on WhatsApp at +1-984-862-6395,1
Ping me on Telegram: @david851,1
Where do you ship from?,0
Does it come in other colors?,0
I’m interested in this item.,0
Where do you ship from?,0
Add me on WhatsApp: 555-461-3364,1
Can you show more photos?,0
Do you have it in stock?,0
My TikTok: @heidi427,1
I’m interested in this item.,0
Where do you ship from?,0
Reach out on WhatsApp at +1-607-155-7886,1
I’m interested in this item.,0
Where do you ship from?,0
"My contact is 555-866-7920, call me.",1
This looks good.,0
How soon can I get it?,0
What’s the price?,0
C a l l   m e :   7 8 5 0 3 2 2 4 7 4,1
Can you show more photos?,0
What are the dimensions?,0
How soon can I get it?,0
This looks good.,0
Does it come in other colors?,0
What’s the price?,0
reach at t w o o o @example.com,1
Do you have it in stock?,0
Does it come in other colors?,0
"My contact is 555-356-9412, call me.",1
How soon can I get it?,0
Can you show more photos?,0
What’s the price?,0
Where do you ship from?,0
Can you show more photos?,0
What are the dimensions?,0
This looks good.,0
I’m interested in this item.,0
What are the dimensions?,0
DM me on Instagram: @ivan908,1
Does it come in other colors?,0
What’s the price?,0
What’s the price?,0
Where do you ship from?,0
How soon can I get it?,0
I’m interested in this item.,0
Do you have it in stock?,0
This looks good.,0
c o n t a c t : +1-291-256-9374,1
Can you show more photos?,0
Do you have it in stock?,0
Do you have it in stock?,0
What’s the price?,0
I’m interested in this item.,0
Instagram me at +1 590 118 2861,1
Can you show more photos?,0
my email id is user9063@example.com,1
What’s the price?,0
I’m interested in this item.,0
Can you show more photos?,0
What are the dimensions?,0
Nice product!,0
Nice product!,0
What are the dimensions?,0
Does it come in other colors?,0
Nice product!,0
This looks good.,0
This looks good.,0
Let's connect on LinkedIn: https://linkedin.com/in/david159,1
I’m interested in this item.,0
Message via email: frank6@example.com,1
Where do you ship from?,0
Can you show more photos?,0
I’m interested in this item.,0
Can you show more photos?,0
Where do you ship from?,0
Nice product!,0
This looks good.,0
My WeChat ID is fashionguru,1
Add me on WhatsApp: 555-277-1616,1
I’m interested in this item.,0
What are the dimensions?,0
Follow me on Instagram @best_pizza and DM.,1
What’s the price?,0
Can I have your email address?,1
Add me on Facebook (facebook.com/john_doe),1
Message via email: frank11@example.com,1
How soon can I get it?,0
Can you show more photos?,0
Nice product!,0
How soon can I get it?,0
What’s the price?,0
I’m interested in this item.,0
My number is 382-908-8204,1
telegram: t dot me slash shopper19,1
Does it come in other colors?,0
fb.com/shopper810,1
How soon can I get it?,0
Do you have it in stock?,0
Where do you ship from?,0
Does it come in other colors?,0
Nice product!,0
I’m interested in this item.,0
Nice product!,0
What are the dimensions?,0
What are the dimensions?,0
I’m interested in this item.,0
This looks good.,0
This looks good.,0
Where do you ship from?,0
How soon can I get it?,0
c o n t a c t : +1-414-708-8956,1
Connect on LinkedIn (linkedin.com/in/coolguy42),1
Where do you ship from?,0
I’m interested in this item.,0
Do you have it in stock?,0
C a l l   m e :   1 0 1 8 1 9 6 9 5 8,1
Contact me on Skype: ivan454,1
Does it come in other colors?,0
How soon can I get it?,0
Contact me via Telegram: @coolguy42,1
Let's connect on LinkedIn: linkedin.com/in/shopper99,1
Contact me via Telegram: @shop_owner,1
Send me a DM on Facebook: facebook.com/coolguy42,1
I’m interested in this item.,0
Does it come in other colors?,0
Do you have it in stock?,0
Do you have it in stock?,0
Do you have it in stock?,0
Contact me via Telegram: @designer123,1
Nice product!,0
What are the dimensions?,0
Does it come in other colors?,0
Message me on Signal: (648) 373-6227,1
Here is my email: user7520@example.com,1
Can you show more photos?,0
Do you have it in stock?,0
Where do you ship from?,0
Nice product!,0
Where do you ship from?,0
Where do you ship from?,0
I’m interested in this item.,0
Nice product!,0
This looks good.,0
You can reach me at +1-979-380-3294,1
What’s the price?,0
What are the dimensions?,0
This looks good.,0
My TikTok: @eve693,1
Do you have it in stock?,0
Nice product!,0
What’s the price?,0
This looks good.,0
I’m interested in this item.,0
Does it come in other colors?,0
Where do you ship from?,0
Can I have your email address?,1
Can you show more photos?,0
Can you show more photos?,0
What are the dimensions?,0
What’s the price?,0
Add me on Facebook (facebook.com/coolguy42),1
I’m interested in this item.,0
How soon can I get it?,0
Follow me on Instagram @best_pizza and DM.,1
Nice product!,0
Nice product!,0
Where do you ship from?,0
Nice product!,0
reach at t w o o o @example.com,1
Do you have it in stock?,0
Where do you ship from?,0
Nice product!,0
What’s the price?,0
This looks good.,0
This looks good.,0
Does it come in other colors?,0
What are the dimensions?,0
Does it come in other colors?,0
This looks good.,0
Does it come in other colors?,0
What’s the price?,0
I’m interested in this item.,0
Add me on WhatsApp: 774-901-6076,1
hmu @ devguy708,1
How soon can I get it?,0
How soon can I get it?,0
Does it come in other colors?,0
How soon can I get it?,0
message me via g m a i l at user601@example.com,1
Follow me on Instagram @best_pizza and DM.,1
Does it come in other colors?,0
Nice product!,0
Add me on WhatsApp: +1 637 621 8915,1
I’m interested in this item.,0
Do you have it in stock?,0
What are the dimensions?,0
What are the dimensions?,0
I’m interested in this item.,0
This looks good.,0
Does it come in other colors?,0
Add me on Facebook (facebook.com/best_pizza),1
Does it come in other colors?,0
I’m interested in this item.,0
Do you have it in stock?,0
Does it come in other colors?,0
How soon can I get it?,0
Can you show more photos?,0
How soon can I get it?,0
My WeChat ID is shop_owner,1
What are the dimensions?,0
I’m interested in this item.,0
This looks good.,0
Can you show more photos?,0
This looks good.,0
t e l : +1-715-652-3620,1
Contact me on Skype: eve245,1
This looks good.,0
Do you have it in stock?,0
This looks good.,0
Do you have it in stock?,0
Do you have it in stock?,0
What’s the price?,0
Do you have it in stock?,0
What are the dimensions?,0
I’m interested in this item.,0
I’m interested in this item.,0
I’m interested in this item.,0
This looks good.,0
Text me at +1 542 096 2246,1
Nice product!,0
Does it come in other colors?,0
c h a r l i e 3 2 @ e x a m p l e . c o m,1
I’m interested in this item.,0
Add me on Facebook (facebook.com/john_doe),1
This looks good.,0
Does it come in other colors?,0
What are the dimensions?,0
Nice product!,0
Can you show more photos?,0
I’m interested in this item.,0
Does it come in other colors?,0
You can reach me at +1-250-476-6341,1
Do you have it in stock?,0
WhatsApp me at +1-555-636-5027,1
Does it come in other colors?,0
Nice product!,0
Do you have it in stock?,0
What’s the price?,0
What’s the price?,0
Nice product!,0
What’s the price?,0
Mail me: grace48@test.org,1
hmu @ shopper873,1
Does it come in other colors?,0
Text me at 555-182-5782 for more info.,1
Do you have it in stock?,0
What’s the price?,0
Add me on WhatsApp: 555-474-4388,1
Can you show more photos?,0
How soon can I get it?,0
Can you show more photos?,0
Message via email: charlie5@email.net,1
LinkedIn me at 197-086-7227,1
What are the dimensions?,0
Nice product!,0
Do you have it in stock?,0
Do you have it in stock?,0
How soon can I get it?,0
I’m interested in this item.,0
Nice product!,0
My number is +1 596 205 4307,1
Does it come in other colors?,0
c o n t a c t : +1-281-652-8606,1
Can you show more photos?,0
Can you show more photos?,0
Does it come in other colors?,0
I’m interested in this item.,0
My TikTok: @judy339,1
Does it come in other colors?,0
How soon can I get it?,0
Add me on WhatsApp: 555-744-8838,1
This looks good.,0
How soon can I get it?,0
Does it come in other colors?,0
Please email me at user8988@example.com,1
Do you have it in stock?,0
Where do you ship from?,0
Nice product!,0
What are the dimensions?,0
Can you show more photos?,0
Add me on Facebook (facebook.com/tech_lead),1
Message via email: charlie77@email.net,1
Does it come in other colors?,0
What are the dimensions?,0
I’m interested in this item.,0
How soon can I get it?,0
Where do you ship from?,0
This looks good.,0
Add me on Facebook (facebook.com/designer123),1
I’m interested in this item.,0
📧 user6134@example.com,1
What are the dimensions?,0
Where do you ship from?,0
This looks good.,0
Here is my email: user6239@example.com,1
Does it come in other colors?,0
Do you have it in stock?,0
Does it come in other colors?,0
What’s the price?,0
Nice product!,0
Where do you ship from?,0
How soon can I get it?,0
This looks good.,0
C a l l   m e :   8 9 5 8 2 9 2 0 0 7,1
What’s the price?,0
Please email me at user1492@example.com,1
Contact me on Skype: grace373,1
Does it come in other colors?,0
This looks good.,0
What are the dimensions?,0
hmu @ shopper353,1
Do you have it in stock?,0
Can you show more photos?,0
Ping me on Telegram: @alice550,1
How soon can I get it?,0
"My contact is 555-744-6836, call me.",1
How soon can I get it?,0
Do you have it in stock?,0
What’s the price?,0
What’s the price?,0
Do you have it in stock?,0
Do you have it in stock?,0
Can I have your email address?,1
What’s the price?,0
Nice product!,0
This looks good.,0
How soon can I get it?,0
Can you share your phone number so I can send you details?,1
Where do you ship from?,0
Text me at +1-203-221-1318,1
Reach out on WhatsApp at +1-496-488-9561,1
Do you have it in stock?,0
Do you have it in stock?,0
Do you have it in stock?,0
How soon can I get it?,0
Nice product!,0
Can you show more photos?,0
Does it come in other colors?,0
Does it come in other colors?,0
How soon can I get it?,0
What are the dimensions?,0
How soon can I get it?,0
My WeChat ID is tech_lead,1
Does it come in other colors?,0
What’s the price?,0
How soon can I get it?,0
Do you have it in stock?,0
What are the dimensions?,0
How soon can I get it?,0
Call me at (434) 336-0133,1
What are the dimensions?,0
b o b 2 3 @ t e s t . o r g,1
I’m interested in this item.,0
My WeChat ID is fashionguru,1
Do you have it in stock?,0
How soon can I get it?,0
Here is my email: user3540@example.com,1
Do you have it in stock?,0
I’m interested in this item.,0
Hit me up on WhatsApp at 555-182-4215,1
Nice product!,0
What’s the price?,0
Let's connect on LinkedIn: https://linkedin.com/in/charlie46,1
You can reach me at 555-762-6192,1
I’m interested in this item.,0
C a l l   m e :   9 8 7 - 2 5 5 - 5 3 0 5,1
Does it come in other colors?,0
Do you have it in stock?,0
Nice product!,0
wanna chat? +1-845-671-9102,1
My WeChat ID is fashioneer,1
How soon can I get it?,0
Does it come in other colors?,0
This looks good.,0
My Snapchat is grace472,1
What are the dimensions?,0
Does it come in other colors?,0
Nice product!,0
Mail me: judy95@test.org,1
Can you show more photos?,0
Where do you ship from?,0
DM me on Instagram @jane.smith,1
Where do you ship from?,0
This looks good.,0
Do you have it in stock?,0
I’m interested in this item.,0
What’s the price?,0
Where do you ship from?,0
What’s the price?,0
Nice product!,0
What’s the price?,0
Do you have it in stock?,0
I’m interested in this item.,0
Does it come in other colors?,0
Contact: +1-580-533-2737,1
This looks good.,0
get in touch @ user8598@example.com,1
What’s the price?,0
What’s the price?,0
This looks good.,0
I’m interested in this item.,0
Nice product!,0
Connect on LinkedIn (linkedin.com/in/devguy819),1
This looks good.,0
I’m interested in this item.,0
I’m interested in this item.,0
Ping me on Telegram: @frank869,1
Call me at (441) 440-9756,1
What’s the price?,0
What’s the price?,0
Please email me at user9226@example.com,1
Add me on WhatsApp: +1 012 840 6321,1
hmu @ coolcat159,1
This looks good.,0
I’m interested in this item.,0
Add me on WhatsApp: 555-129-2868,1
Can you show more photos?,0
Does it come in other colors?,0
c   o   n   t   a   c   t   m   e   + 1   4 8 0   4 9 2   5 5 4 5,1
Can you show more photos?,0
Does it come in other colors?,0
my digits: +1-745-648-3141,1
My WeChat ID is fashioneer,1
What’s the price?,0
Nice product!,0
Let's connect on LinkedIn: https://linkedin.com/in/judy627,1
Message me on Snapchat: fashioneer,1
Nice product!,0
Does it come in other colors?,0
How soon can I get it?,0
Text me at +1-612-929-3707,1
telegram: t dot me slash fashionista785,1
Nice product!,0
Can you show more photos?,0
Can you show more photos?,0
Nice product!,0
What are the dimensions?,0
I’m interested in this item.,0
I’m interested in this item.,0
Do you have it in stock?,0
Does it come in other colors?,0
What are the dimensions?,0
DM me on Instagram @fashioneer,1
How soon can I get it?,0
What are the dimensions?,0
How soon can I get it?,0
I’m interested in this item.,0
This looks good.,0
What are the dimensions?,0
You can reach me at 555-513-9466,1
Contact me on Skype: ivan458,1
Nice product!,0
I’m interested in this item.,0
Where do you ship from?,0
Reach out on WhatsApp at +1-133-147-1648,1
Please email me at user9043@example.com,1
This looks good.,0
Can you show more photos?,0
What’s the price?,0
Do you have it in stock?,0
Email me at grace23@example.com,1
This looks good.,0
How soon can I get it?,0
What’s the price?,0
Can you show more photos?,0
Where do you ship from?,0
Nice product!,0
This looks good.,0
Nice product!,0
How soon can I get it?,0
How soon can I get it?,0
Let's connect on LinkedIn: linkedin.com/in/coolguy42,1
Can you show more photos?,0
Does it come in other colors?,0
Contact: +1-684-248-2388,1
Nice product!,0
Hit me up on WhatsApp at +1-907-683-2803,1
Does it come in other colors?,0
I’m interested in this item.,0
What are the dimensions?,0
Where do you ship from?,0
What’s the price?,0
Add me on Facebook (facebook.com/tech_lead),1
What are the dimensions?,0
Do you have it in stock?,0
Can you show more photos?,0
t e l : +1-483-977-1487,1
I’m interested in this item.,0
I’m interested in this item.,0
I’m interested in this item.,0
"My contact is 555-689-9184, call me.",1
Does it come in other colors?,0
Can you share your phone number so I can send you details?,1
I’m interested in this item.,0
Do you have it in stock?,0
Does it come in other colors?,0
Can you show more photos?,0
Can you show more photos?,0
hmu @ coolcat215,1
How soon can I get it?,0
Do you have it in stock?,0
What are the dimensions?,0
📱 +1-554-414-5677,1
Can you show more photos?,0
Do you have it in stock?,0
I’m interested in this item.,0
Where do you ship from?,0
How soon can I get it?,0
Follow me on Twitter: @ivan249,1
This looks good.,0
What’s the price?,0
Does it come in other colors?,0
Add me on WhatsApp: 555-139-2697,1
I’m interested in this item.,0
Add me on Facebook (facebook.com/coolguy42),1
How soon can I get it?,0
Can you show more photos?,0
This looks good.,0
What are the dimensions?,0
This looks good.,0
This looks good.,0
I’m interested in this item.,0
Do you have it in stock?,0
Text me at 555-175-8088 for more info.,1
Do you have it in stock?,0
Hit me up on WhatsApp at 555-666-8843,1
What are the dimensions?,0
DM me on Facebook: facebook.com/fashionista364,1
What’s the price?,0
Can you show more photos?,0
How soon can I get it?,0
Nice product!,0
Can you show more photos?,0
Does it come in other colors?,0
What are the dimensions?,0
Where do you ship from?,0
My TikTok: @frank88,1
What are the dimensions?,0
Let's connect on LinkedIn: https://linkedin.com/in/bob538,1
find me at user7379@example.com 😉,1
Can you show more photos?,0
What’s the price?,0
Do you have it in stock?,0
How soon can I get it?,0
Add me on WhatsApp: 555-387-9800,1
Nice product!,0
c o n t a c t : +1-871-859-6694,1
Where do you ship from?,0
This looks good.,0
Where do you ship from?,0
Here is my email: user8272@example.com,1
Can you show more photos?,0
Send me a DM on Facebook: facebook.com/designer123,1
Does it come in other colors?,0
Where do you ship from?,0
Can you show more photos?,0
Nice product!,0
Where do you ship from?,0
Here is my email: user7708@example.com,1
Contact me on Skype: charlie710,1
Nice product!,0
This looks good.,0
Does it come in other colors?,0
Where do you ship from?,0
Does it come in other colors?,0
Nice product!,0
Nice product!,0
I’m interested in this item.,0
"My contact is 555-833-9040, call me.",1
Contact via email: alice39@email.net,1
Ping me on Telegram: @ivan427,1
How soon can I get it?,0
This looks good.,0
What’s the price?,0
Ping me on Telegram: @eve45,1
I’m interested in this item.,0
What are the dimensions?,0
What are the dimensions?,0
DM me on Facebook: facebook.com/fashionista350,1
Where do you ship from?,0
Where do you ship from?,0
Snapchat me @ shopper771,1
What’s the price?,0
I’m interested in this item.,0
Can I have your email address?,1
Where do you ship from?,0
Contact me on Skype: ivan769,1
Do you have it in stock?,0
Do you have it in stock?,0
Add me on WhatsApp: 555-605-3116,1
What are the dimensions?,0
Message me on Snapchat: best_pizza,1
This looks good.,0
How soon can I get it?,0
Message me at user7963@example.com,1
I’m interested in this item.,0
I’m interested in this item.,0
This looks good.,0
My Snapchat is eve638,1
I’m interested in this item.,0
What’s the price?,0
How soon can I get it?,0
Does it come in other colors?,0
Nice product!,0
Can you show more photos?,0
Can you show more photos?,0
Text me at 555-193-9327 for more info.,1
Email me at charlie78@test.org,1
message me via g m a i l at user1614@example.com,1
snap me at s-n-a-p devguy645,1
Where do you ship from?,0
Does it come in other colors?,0
What’s the price?,0
Connect on LinkedIn (linkedin.com/in/devguy983),1
What are the dimensions?,0
How soon can I get it?,0
What’s the price?,0
Add me on WhatsApp: 555-958-1586,1
you can DM me at shopper25 on Insta,1
Can you show more photos?,0
This looks good.,0
Follow me on Instagram @best_pizza and DM.,1
You can reach me at 555-562-5372,1
How soon can I get it?,0
Where do you ship from?,0
📧 user4347@example.com,1
How soon can I get it?,0
Nice product!,0
Let's connect on LinkedIn: linkedin.com/in/best_pizza,1
Text me at (016) 156-4853,1
You can reach me at 555-562-5372,1
What are the dimensions?,0
Can you show more photos?,0
How soon can I get it?,0
Hit me up on WhatsApp at +1-309-938-8456,1
Do you have it in stock?,0
Do you have it in stock?,0
I’m interested in this item.,0
What are the dimensions?,0
Text me at 555-159-3434 for more info.,1
Text me at 555-797-9085 for more info.,1
I’m interested in this item.,0
Where do you ship from?,0
Where do you ship from?,0
Where do you ship from?,0
This looks good.,0
Can you show more photos?,0
How soon can I get it?,0
This looks good.,0
What are the dimensions?,0
Can you show more photos?,0
"My contact is 555-546-5073, call me.",1
Nice product!,0
What are the dimensions?,0
Where do you ship from?,0
How soon can I get it?,0
What’s the price?,0
📱 +1-880-574-9980,1
What are the dimensions?,0
Do you have it in stock?,0
Does it come in other colors?,0
reach at t w o o o @example.com,1
What’s the price?,0
Can you show more photos?,0
Where do you ship from?,0
"My contact is 555-927-6037, call me.",1
Does it come in other colors?,0
How soon can I get it?,0
Text me at +1 726 457 2252,1
What’s the price?,0
How soon can I get it?,0
What are the dimensions?,0
Can you show more photos?,0
This looks good.,0
I’m interested in this item.,0
"Email is user7179@example.com, reach out anytime.",1
Text me at 555-756-1852 for more info.,1
This looks good.,0
get in touch @ user4968@example.com,1
Add me on Facebook (facebook.com/shopper99),1
Where do you ship from?,0
Can you show more photos?,0
Hit me up on WhatsApp at 555-241-9645,1
Do you have it in stock?,0
WhatsApp me at +1-555-498-4873,1
Nice product!,0
How soon can I get it?,0
Can you show more photos?,0
This looks good.,0
j u d y 3 7 @ e m a i l . n e t,1
Does it come in other colors?,0
Nice product!,0
Do you have it in stock?,0
Do you have it in stock?,0
Email me at david32@mail.com,1
This looks good.,0
Does it come in other colors?,0
Contact via email: ivan16@test.org,1
wanna chat? +1-481-621-6095,1
Follow me on Instagram @john_doe and DM.,1
Do you have it in stock?,0
What’s the price?,0
Nice product!,0
I’m interested in this item.,0
Contact via email: bob30@email.net,1
Snapchat me @ coolcat379,1
you can DM me at shopper939 on Insta,1
WhatsApp me at 8339025514,1
This looks good.,0
Where do you ship from?,0
Do you have it in stock?,0
Where do you ship from?,0
Nice product!,0
Nice product!,0
How soon can I get it?,0
How soon can I get it?,0
Nice product!,0
Do you have it in stock?,0
Do you have it in stock?,0
Nice product!,0
Does it come in other colors?,0
This looks good.,0
Can you share your phone number so I can send you details?,1
What’s the price?,0
Does it come in other colors?,0
This looks good.,0
Nice product!,0
I’m interested in this item.,0
Can I have your email address?,1
This looks good.,0
What’s the price?,0
Please email me at user3591@example.com,1
Let's connect on LinkedIn: linkedin.com/in/best_pizza,1
Where do you ship from?,0
Follow me on Instagram @designer123 and DM.,1
Nice product!,0
How soon can I get it?,0
This looks good.,0
"Email is user2335@example.com, reach out anytime.",1
This looks good.,0
Nice product!,0
How soon can I get it?,0
Text me at 8224799554,1
Where do you ship from?,0
Snapchat me @ devguy890,1
I’m interested in this item.,0
Does it come in other colors?,0
What’s the price?,0
I’m interested in this item.,0
What are the dimensions?,0
I’m interested in this item.,0
Nice product!,0
Can you show more photos?,0
What’s the price?,0
Where do you ship from?,0
Can you show more photos?,0
Do you have it in stock?,0
Can you show more photos?,0
This looks good.,0
What’s the price?,0
What are the dimensions?,0
Does it come in other colors?,0
Can you show more photos?,0
Where do you ship from?,0
Can you show more photos?,0
Do you have it in stock?,0
Does it come in other colors?,0
How soon can I get it?,0
Do you have it in stock?,0
What’s the price?,0
Does it come in other colors?,0
I’m interested in this item.,0
Nice product!,0
Hit me up on WhatsApp at 555-608-3996,1
Hit me up on WhatsApp at +1-518-130-8879,1
Can you show more photos?,0
Where do you ship from?,0
I’m interested in this item.,0
How soon can I get it?,0
Text me at +1 930 973 1327,1
Can you show more photos?,0
This looks good.,0
This looks good.,0
How soon can I get it?,0
Where do you ship from?,0
DM me on Facebook: facebook.com/fashionista635,1
Can you show more photos?,0
Where do you ship from?,0
Hit me up on WhatsApp at +1-432-673-5079,1
Where do you ship from?,0
What’s the price?,0
What are the dimensions?,0
What are the dimensions?,0
How soon can I get it?,0
What’s the price?,0
What’s the price?,0
Do you have it in stock?,0
Nice product!,0
Send me a DM on Facebook: facebook.com/john_doe,1
Does it come in other colors?,0
Where do you ship from?,0
Contact via email: charlie74@test.org,1
Does it come in other colors?,0
This looks good.,0
Where do you ship from?,0
What’s the price?,0
Where do you ship from?,0
Ping me on Telegram: @david211,1
What’s the price?,0
Nice product!,0
t e l : +1-780-787-5148,1
What’s the price?,0
What’s the price?,0
Where do you ship from?,0
How soon can I get it?,0
I’m interested in this item.,0
Can you show more photos?,0
How soon can I get it?,0
What are the dimensions?,0
Does it come in other colors?,0
What are the dimensions?,0
Does it come in other colors?,0
Do you have it in stock?,0
Does it come in other colors?,0
I’m interested in this item.,0
Can you show more photos?,0
Send me a DM on Facebook: facebook.com/tech_lead,1
Add me on Facebook (facebook.com/jane.smith),1
Do you have it in stock?,0
Connect on LinkedIn (linkedin.com/in/tech_lead),1
Nice product!,0
I’m interested in this item.,0
Where do you ship from?,0
Add me on WhatsApp: 555-787-9744,1
Does it come in other colors?,0
Where do you ship from?,0
What are the dimensions?,0
How soon can I get it?,0
Nice product!,0
Connect on LinkedIn (linkedin.com/in/fashionista876),1
How soon can I get it?,0
What are the dimensions?,0
DM me on Instagram: @heidi900,1
Can you show more photos?,0
Where do you ship from?,0
Can you show more photos?,0
This looks good.,0
Do you have it in stock?,0
Can you show more photos?,0
Does it come in other colors?,0
📧 user6393@example.com,1
What’s the price?,0
Where do you ship from?,0
What’s the price?,0
Do you have it in stock?,0
Nice product!,0
Do you have it in stock?,0
I’m interested in this item.,0
I’m interested in this item.,0
Hit me up on WhatsApp at 555-435-3516,1
What are the dimensions?,0
Where do you ship from?,0
I’m interested in this item.,0
Where do you ship from?,0
What’s the price?,0
I’m interested in this item.,0
Can you show more photos?,0
What’s the price?,0
How soon can I get it?,0
Nice product!,0
Does it come in other colors?,0
Text me at 555-181-2007 for more info.,1
Does it come in other colors?,0
What’s the price?,0
What are the dimensions?,0
What are the dimensions?,0
Can you show more photos?,0
What’s the price?,0
Nice product!,0
Do you have it in stock?,0
Can you show more photos?,0
Do you have it in stock?,0
Nice product!,0
This looks good.,0
Where do you ship from?,0
This looks good.,0
This looks good.,0
What’s the price?,0
Nice product!,0
Do you have it in stock?,0
Send me a DM on Facebook: facebook.com/shopper99,1
I’m interested in this item.,0
Does it come in other colors?,0
I’m interested in this item.,0
Nice product!,0
Text me at 6758670941,1
Where do you ship from?,0
Nice product!,0
Do you have it in stock?,0
Nice product!,0
How soon can I get it?,0
get in touch @ user6687@example.com,1
Email me at ivan80@email.net,1
What are the dimensions?,0
Call me at 499-150-6942,1
Can you show more photos?,0
Message me on Snapchat: shopper99,1
Can you show more photos?,0
How soon can I get it?,0
Message me on Signal: +1 183 644 7536,1
Does it come in other colors?,0
What are the dimensions?,0
Do you have it in stock?,0
My number is 558-451-0349,1
"My contact is 555-197-1455, call me.",1
Do you have it in stock?,0
How soon can I get it?,0
Can you show more photos?,0
Do you have it in stock?,0
Do you have it in stock?,0
Here's my email: user4993@example.com,1
Can you show more photos?,0
Can you show more photos?,0
"My contact is 555-916-9270, call me.",1
This looks good.,0
What’s the price?,0
wanna chat? +1-650-686-5636,1
How soon can I get it?,0
Nice product!,0
Nice product!,0
Nice product!,0
This looks good.,0
What’s the price?,0
Do you have it in stock?,0
This looks good.,0
Nice product!,0
You can reach me at 555-188-2423,1
How soon can I get it?,0
What’s the price?,0
I’m interested in this item.,0
WhatsApp me at +1-555-465-9470,1
Does it come in other colors?,0
What are the dimensions?,0
Email me at judy67@mail.com,1
Do you have it in stock?,0
This looks good.,0
My WeChat ID is fashionguru,1
Ping me on Telegram: @ivan513,1
Where do you ship from?,0
Call me at (845) 702-3384,1
Can I have your email address?,1
What are the dimensions?,0
This looks good.,0
How soon can I get it?,0
This looks good.,0
How soon can I get it?,0
Does it come in other colors?,0
What are the dimensions?,0
Do you have it in stock?,0
What’s the price?,0
I’m interested in this item.,0
Here is my email: user6924@example.com,1
This looks good.,0
What’s the price?,0
This looks good.,0
Please email me at user7991@example.com,1
C o n t a c t :   ( 6 9 7 )   4 5 9 - 9 9 6 7,1
How soon can I get it?,0
Email me at ivan2@test.org,1
Does it come in other colors?,0
Find me on Facebook: https://facebook.com/bob496,1
Can you show more photos?,0
Do you have it in stock?,0
My WeChat ID is fashioneer,1
What’s the price?,0
This looks good.,0
Nice product!,0
wanna chat? +1-205-547-8964,1
my email id is user2047@example.com,1
reach at t w o o o @example.com,1
Where do you ship from?,0
Do you have it in stock?,0
Can you show more photos?,0
Can you show more photos?,0
Nice product!,0
What’s the price?,0
What are the dimensions?,0
Nice product!,0
you can DM me at fashionista815 on Insta,1
Where do you ship from?,0
Do you have it in stock?,0
What’s the price?,0
What’s the price?,0
Ping me on Telegram: @charlie946,1
Where do you ship from?,0
you can DM me at fashionista807 on Insta,1
What’s the price?,0
Mail me: heidi83@mail.com,1
Where do you ship from?,0
What are the dimensions?,0
Text me at (120) 041-9372,1
Please email me at user5809@example.com,1
Nice product!,0
t e l : +1-905-342-9911,1
Do you have it in stock?,0
Does it come in other colors?,0
get in touch @ user7917@example.com,1
How soon can I get it?,0
I’m interested in this item.,0
Follow me on Instagram @tech_lead and DM.,1
I’m interested in this item.,0
This looks good.,0
I’m interested in this item.,0
C a l l   m e :   ( 9 3 9 )   6 8 4 - 2 8 6 4,1
This looks good.,0
This looks good.,0
Can you show more photos?,0
Can you show more photos?,0
This looks good.,0
📧 user776@example.com,1
This looks good.,0
Add me on Facebook (facebook.com/coolguy42),1
This looks good.,0
I’m interested in this item.,0
How soon can I get it?,0
Can you show more photos?,0
Does it come in other colors?,0
Does it come in other colors?,0
My number is +1 147 451 1920,1
Text me at 555-177-9966 for more info.,1
How soon can I get it?,0
I’m interested in this item.,0
Where do you ship from?,0
Does it come in other colors?,0
Where do you ship from?,0
Where do you ship from?,0
📱 +1-540-323-2249,1
I’m interested in this item.,0
How soon can I get it?,0
What’s the price?,0
How soon can I get it?,0
Mail me: judy7@mail.com,1
How soon can I get it?,0
Do you have it in stock?,0
Nice product!,0
I’m interested in this item.,0
What’s the price?,0
What’s the price?,0
Nice product!,0
This looks good.,0
I’m interested in this item.,0
Nice product!,0
find me at user2078@example.com 😉,1
Nice product!,0
What are the dimensions?,0
What’s the price?,0
Text me at +1-871-279-5988,1
How soon can I get it?,0
Do you have it in stock?,0
Can you show more photos?,0
C o n t a c t :   7 0 1 - 2 9 2 - 1 3 6 6,1
Where do you ship from?,0
How soon can I get it?,0
Do you have it in stock?,0
What are the dimensions?,0
What are the dimensions?,0
I’m interested in this item.,0
Does it come in other colors?,0
c o n t a c t : +1-543-927-3069,1
How soon can I get it?,0
What are the dimensions?,0
How soon can I get it?,0
Where do you ship from?,0
I’m interested in this item.,0
Does it come in other colors?,0
Please email me at user4561@example.com,1
Does it come in other colors?,0
Add me on WhatsApp: 555-232-4870,1
Let's connect on LinkedIn: linkedin.com/in/shop_owner,1
my email id is user7964@example.com,1
Does it come in other colors?,0
Do you have it in stock?,0
Nice product!,0
This looks good.,0
Do you have it in stock?,0
Let's connect on LinkedIn: https://linkedin.com/in/bob311,1
I’m interested in this item.,0
What’s the price?,0
I’m interested in this item.,0
How soon can I get it?,0
Email me at user9619@example.com,1
Message me on Snapchat: shop_owner,1
This looks good.,0
Add me on WhatsApp: 555-926-3212,1
Do you have it in stock?,0
my email id is user9405@example.com,1
Does it come in other colors?,0
What’s the price?,0
I’m interested in this item.,0
What’s the price?,0
What are the dimensions?,0
message me via g m a i l at user1871@example.com,1
How soon can I get it?,0
Can you show more photos?,0
This looks good.,0
You can reach me at 555-124-7903,1
📧 user689@example.com,1
Do you have it in stock?,0
Nice product!,0
What are the dimensions?,0
snap me at s-n-a-p devguy553,1
snap me at s-n-a-p coolcat846,1
This looks good.,0
Does it come in other colors?,0
Where do you ship from?,0
Can you show more photos?,0
I’m interested in this item.,0
Where do you ship from?,0
What’s the price?,0
I’m interested in this item.,0
Text me at 555-275-7472 for more info.,1
"My contact is 555-974-9200, call me.",1
This looks good.,0
I’m interested in this item.,0
Does it come in other colors?,0
What’s the price?,0
find me at user4363@example.com 😉,1
Where do you ship from?,0
Does it come in other colors?,0
my email id is user9682@example.com,1
What are the dimensions?,0
Contact me via Telegram: @jane.smith,1
I’m interested in this item.,0
Can you show more photos?,0
Where do you ship from?,0
What’s the price?,0
Where do you ship from?,0
Does it come in other colors?,0
Nice product!,0
This looks good.,0
What are the dimensions?,0
Please email me at user2015@example.com,1
Where do you ship from?,0
Does it come in other colors?,0
Does it come in other colors?,0
Nice product!,0
Does it come in other colors?,0
Do you have it in stock?,0
Nice product!,0
Contact me on Skype: judy922,1
Nice product!,0
I’m interested in this item.,0
What are the dimensions?,0
DM me on Instagram: @david703,1
What are the dimensions?,0
This looks good.,0
Does it come in other colors?,0
Can you show more photos?,0
Nice product!,0
Where do you ship from?,0
You can reach me at +1-665-834-4133,1
t e l : +1-540-883-7530,1
What’s the price?,0
Nice product!,0
Where do you ship from?,0
Where do you ship from?,0
Can you show more photos?,0
Do you have it in stock?,0
Contact me on Skype: alice835,1
I’m interested in this item.,0
How soon can I get it?,0
I’m interested in this item.,0
Nice product!,0
Where do you ship from?,0
Nice product!,0
What’s the price?,0
What’s the price?,0
What are the dimensions?,0
I’m interested in this item.,0
What are the dimensions?,0
Does it come in other colors?,0
Can I have your email address?,1
Can you show more photos?,0
Where do you ship from?,0
Does it come in other colors?,0
Nice product!,0
Does it come in other colors?,0
What are the dimensions?,0
Hit me up on WhatsApp at +1-830-605-5818,1
Where do you ship from?,0
Reach me at (753) 229-2562,1
Nice product!,0
I’m interested in this item.,0
Nice product!,0
C o n t a c t :   ( 4 5 8 )   9 6 2 - 4 0 8 1,1
What are the dimensions?,0
What are the dimensions?,0
reach at t w o o o @example.com,1
snap me at s-n-a-p shopper985,1
Message me on Signal: +1 085 730 0427,1
Does it come in other colors?,0
I’m interested in this item.,0
This looks good.,0
Do you have it in stock?,0
t e l : +1-904-151-5981,1
DM me on Instagram: @frank239,1
Nice product!,0
Reach out on WhatsApp at +1-869-166-8672,1
Can you show more photos?,0
What’s the price?,0
What are the dimensions?,0
Where do you ship from?,0
What’s the price?,0
I’m interested in this item.,0
What’s the price?,0
Where do you ship from?,0
Do you have it in stock?,0
What are the dimensions?,0
Let's connect on LinkedIn: https://linkedin.com/in/alice345,1
I’m interested in this item.,0
Do you have it in stock?,0
How soon can I get it?,0
Does it come in other colors?,0
Do you have it in stock?,0
Where do you ship from?,0
Can you show more photos?,0
What’s the price?,0
What are the dimensions?,0
How soon can I get it?,0
How soon can I get it?,0
My Snapchat is charlie704,1
I’m interested in this item.,0
Can you show more photos?,0
How soon can I get it?,0
What’s the price?,0
I’m interested in this item.,0
Does it come in other colors?,0
What’s the price?,0
Do you have it in stock?,0
Reach out on WhatsApp at +1-511-187-5559,1
Can you show more photos?,0
This looks good.,0
Can you show more photos?,0
This looks good.,0
Does it come in other colors?,0
Message me on Signal: 4007023765,1
You can reach me at 555-345-7064,1
Does it come in other colors?,0
What are the dimensions?,0
What’s the price?,0
What’s the price?,0
Do you have it in stock?,0
Where do you ship from?,0
Let's connect on LinkedIn: https://linkedin.com/in/eve519,1
I’m interested in this item.,0
How soon can I get it?,0
Find me on Facebook: https://facebook.com/alice113,1
Where do you ship from?,0
What’s the price?,0
message me via g m a i l at user9980@example.com,1
Nice product!,0
Do you have it in stock?,0
Nice product!,0
Nice product!,0
What are the dimensions?,0
Connect on LinkedIn (linkedin.com/in/jane.smith),1
Do you have it in stock?,0
What are the dimensions?,0
Text me at 555-709-6370 for more info.,1
Do you have it in stock?,0
📱 +1-675-366-8993,1
Where do you ship from?,0
Where do you ship from?,0
Can you show more photos?,0
Nice product!,0
hmu @ fashionista521,1
Do you have it in stock?,0
How soon can I get it?,0
Do you have it in stock?,0
Where do you ship from?,0
Contact via email: judy58@test.org,1
What are the dimensions?,0
What’s the price?,0
Nice product!,0
How soon can I get it?,0
Do you have it in stock?,0
my email id is user4533@example.com,1
Contact me on Skype: judy912,1
This looks good.,0
Where do you ship from?,0
Can you show more photos?,0
Nice product!,0
Does it come in other colors?,0
I’m interested in this item.,0
Nice product!,0
📧 user5778@example.com,1
Does it come in other colors?,0
Follow me on Twitter: @judy348,1
WhatsApp me at +1-555-890-1105,1
This looks good.,0
Does it come in other colors?,0
What are the dimensions?,0
Message me at user1747@example.com,1
Where do you ship from?,0
LinkedIn me at 127-521-2088,1
This looks good.,0
This looks good.,0
How soon can I get it?,0
Nice product!,0
DM me on Instagram @shop_owner,1
Do you have it in stock?,0
I’m interested in this item.,0
Do you have it in stock?,0
Does it come in other colors?,0
Where do you ship from?,0
What are the dimensions?,0
Contact via email: eve24@email.net,1
This looks good.,0
I’m interested in this item.,0
Can you share your phone number so I can send you details?,1
I’m interested in this item.,0
How soon can I get it?,0
How soon can I get it?,0
Can you show more photos?,0
What are the dimensions?,0
Follow me on Twitter: @ivan847,1
What are the dimensions?,0
Follow me on Twitter: @frank789,1
What are the dimensions?,0
Do you have it in stock?,0
Can you show more photos?,0
What’s the price?,0
Send me a DM on Facebook: facebook.com/shopper99,1
Do you have it in stock?,0
I’m interested in this item.,0
t e l : +1-364-967-9168,1
Nice product!,0
Text me at +1-865-752-9302,1
What are the dimensions?,0
How soon can I get it?,0
This looks good.,0
What’s the price?,0
Can you show more photos?,0
Ping me on Telegram: @grace107,1
Where do you ship from?,0
What’s the price?,0
Please email me at user1951@example.com,1
Ping me on Telegram: @eve367,1
Where do you ship from?,0
This looks good.,0
Can you show more photos?,0
This looks good.,0
Where do you ship from?,0
What are the dimensions?,0
What’s the price?,0
What’s the price?,0
How soon can I get it?,0
Can you show more photos?,0
Reach out on WhatsApp at +1-889-988-6427,1
Where do you ship from?,0
This looks good.,0
This looks good.,0
How soon can I get it?,0
This looks good.,0
Do you have it in stock?,0
"My contact is 555-959-8671, call me.",1
Does it come in other colors?,0
I’m interested in this item.,0
What are the dimensions?,0
How soon can I get it?,0
Nice product!,0
How soon can I get it?,0
Here's my email: user4762@example.com,1
Nice product!,0
Where do you ship from?,0
This looks good.,0
Nice product!,0
Nice product!,0
Does it come in other colors?,0
Do you have it in stock?,0
What’s the price?,0
This looks good.,0
Do you have it in stock?,0
Connect on LinkedIn (linkedin.com/in/coolcat382),1
Nice product!,0
Can I have your email address?,1
DM me on Instagram @fashionguru,1
Nice product!,0
I’m interested in this item.,0
Nice product!,0
What are the dimensions?,0
Ping me on Telegram: @alice190,1
This looks good.,0
Add me on WhatsApp: 555-277-1616,1
Where do you ship from?,0
Text me at +1 798 428 2521,1
Does it come in other colors?,0
Where do you ship from?,0
My WeChat ID is fashionguru,1
What’s the price?,0
Where do you ship from?,0
Nice product!,0
I’m interested in this item.,0
What’s the price?,0
my email id is user3869@example.com,1
How soon can I get it?,0
How soon can I get it?,0
I’m interested in this item.,0
How soon can I get it?,0
How soon can I get it?,0
What’s the price?,0
Connect on LinkedIn (linkedin.com/in/shopper477),1
c   o   n   t   a   c   t   m   e   6 0 1 - 7 3 4 - 3 0 1 5,1
C o n t a c t :   1 8 7 - 3 7 6 - 7 6 9 1,1
Nice product!,0
Nice product!,0
Can you show more photos?,0
What’s the price?,0
Does it come in other colors?,0
What’s the price?,0
Does it come in other colors?,0
You can reach me at 555-216-4687,1
t e l : +1-479-404-2285,1
Do you have it in stock?,0
Do you have it in stock?,0
Does it come in other colors?,0
What are the dimensions?,0
I’m interested in this item.,0
How soon can I get it?,0
Nice product!,0
I’m interested in this item.,0
What are the dimensions?,0
How soon can I get it?,0
How soon can I get it?,0
How soon can I get it?,0
This looks good.,0
Do you have it in stock?,0
Can you show more photos?,0
Where do you ship from?,0
What are the dimensions?,0
What are the dimensions?,0
How soon can I get it?,0
Do you have it in stock?,0
You can reach me at +1-985-975-9570,1
What are the dimensions?,0
How soon can I get it?,0
Nice product!,0
Does it come in other colors?,0
What’s the price?,0
What are the dimensions?,0
Can you show more photos?,0
How soon can I get it?,0
Can you show more photos?,0
Add me on WhatsApp: +1 059 601 3759,1
telegram: t dot me slash fashionista831,1
I’m interested in this item.,0
Does it come in other colors?,0
Does it come in other colors?,0
Snapchat me @ coolcat6,1
This looks good.,0
Where do you ship from?,0
What’s the price?,0
What are the dimensions?,0
What are the dimensions?,0
Can you show more photos?,0
What’s the price?,0
Where do you ship from?,0
This looks good.,0
What’s the price?,0
You can reach me at +1-503-546-6990,1
Please email me at user8347@example.com,1
Nice product!,0
Can you show more photos?,0
Do you have it in stock?,0
telegram: t dot me slash shopper179,1
What are the dimensions?,0
What’s the price?,0
How soon can I get it?,0
What are the dimensions?,0
Do you have it in stock?,0
Where do you ship from?,0
What are the dimensions?,0
How soon can I get it?,0
How soon can I get it?,0
I’m interested in this item.,0
I’m interested in this item.,0
Does it come in other colors?,0
What’s the price?,0
What’s the price?,0
What are the dimensions?,0
Can you show more photos?,0
Do you have it in stock?,0
Where do you ship from?,0
I’m interested in this item.,0
I’m interested in this item.,0
Nice product!,0
Find me on Facebook: https://facebook.com/frank858,1
Does it come in other colors?,0
How soon can I get it?,0
I’m interested in this item.,0
How soon can I get it?,0
What are the dimensions?,0
Contact via email: ivan57@email.net,1
How soon can I get it?,0
Can you show more photos?,0
What’s the price?,0
WhatsApp me at +1-555-104-1995,1
You can reach me at +1-919-763-6288,1
Do you have it in stock?,0
Does it come in other colors?,0
This looks good.,0
Can you show more photos?,0
I’m interested in this item.,0
I’m interested in this item.,0
Nice product!,0
Where do you ship from?,0
I’m interested in this item.,0
How soon can I get it?,0
What are the dimensions?,0
I’m interested in this item.,0
📱 +1-438-511-1534,1
Can you show more photos?,0
Where do you ship from?,0
Snapchat me at (049) 013-0689,1
📧 user6355@example.com,1
Where do you ship from?,0
Where do you ship from?,0
Where do you ship from?,0
What are the dimensions?,0
Can you show more photos?,0
What are the dimensions?,0
i v a n 2 1 @ e m a i l . n e t,1
Do you have it in stock?,0
What’s the price?,0
What are the dimensions?,0
How soon can I get it?,0
e v e 2 4 @ m a i l . c o m,1
What’s the price?,0
How soon can I get it?,0
What’s the price?,0
Mail me: alice59@mail.com,1
you can DM me at coolcat861 on Insta,1
Follow me on Instagram @shop_owner and DM.,1
How soon can I get it?,0
Nice product!,0
How soon can I get it?,0
What are the dimensions?,0
Nice product!,0
I’m interested in this item.,0
Can you share your phone number so I can send you details?,1
hmu @ fashionista136,1
Can I have your email address?,1
This looks good.,0
I’m interested in this item.,0
Does it come in other colors?,0
Do you have it in stock?,0
Follow me on Instagram @shop_owner and DM.,1
What are the dimensions?,0
I’m interested in this item.,0
I’m interested in this item.,0
Does it come in other colors?,0
Can you show more photos?,0
Contact me via Telegram: @john_doe,1
What’s the price?,0
Follow me on Instagram @tech_lead and DM.,1
I’m interested in this item.,0
What are the dimensions?,0
How soon can I get it?,0
Do you have it in stock?,0
Do you have it in stock?,0
DM me on Facebook: facebook.com/coolcat317,1
Reach out on WhatsApp at +1-577-713-3413,1
What’s the price?,0
This looks good.,0
This looks good.,0
What are the dimensions?,0
Contact me via Telegram: @coolguy42,1
Mail me: david5@example.com,1
How soon can I get it?,0
Nice product!,0
Do you have it in stock?,0
This looks good.,0
Here's my email: user8861@example.com,1
Do you have it in stock?,0
What’s the price?,0
This looks good.,0
Can you show more photos?,0
t e l : +1-553-778-3680,1
Where do you ship from?,0
You can reach me at +1-359-290-9171,1
Do you have it in stock?,0
Does it come in other colors?,0
How soon can I get it?,0
Send me a DM on Facebook: facebook.com/fashionguru,1
Reach me at +1 977 866 3002,1
What are the dimensions?,0
Follow me on Instagram @john_doe and DM.,1
C a l l   m e :   3 6 7 8 2 2 4 7 2 0,1
What’s the price?,0
How soon can I get it?,0
Contact: +1-350-232-6488,1
I’m interested in this item.,0
What are the dimensions?,0
What’s the price?,0
Can you show more photos?,0
hmu @ shopper789,1
Do you have it in stock?,0
This looks good.,0
Contact me on Skype: heidi547,1
My WeChat ID is fashionguru,1
Message me on Signal: 8469592951,1
Do you have it in stock?,0
Nice product!,0
Email me at user7895@example.com,1
my digits: +1-431-427-8543,1
Nice product!,0
Can I have your email address?,1
Here is my email: user7518@example.com,1
Please email me at user1844@example.com,1
Add me on Facebook (facebook.com/coolguy42),1
Does it come in other colors?,0
This looks good.,0
Do you have it in stock?,0
This looks good.,0
How soon can I get it?,0
Reach me at (212) 233-5707,1
I’m interested in this item.,0
Does it come in other colors?,0
Text me at 555-857-9106 for more info.,1
What’s the price?,0
Where do you ship from?,0
Do you have it in stock?,0
What are the dimensions?,0
I’m interested in this item.,0
Do you have it in stock?,0
This looks good.,0
Contact me via Telegram: @jane.smith,1
Nice product!,0
Follow me on Twitter: @bob133,1
What are the dimensions?,0
Can you show more photos?,0
Can you show more photos?,0
You can reach me at 555-435-9035,1
Can you show more photos?,0
Do you have it in stock?,0
Do you have it in stock?,0
Do you have it in stock?,0
What are the dimensions?,0
Where do you ship from?,0
What are the dimensions?,0
Text me at 555-774-5211 for more info.,1
What’s the price?,0
I’m interested in this item.,0
Follow me on Instagram @designer123 and DM.,1
Nice product!,0
Where do you ship from?,0
This looks good.,0
I’m interested in this item.,0
This looks good.,0
Where do you ship from?,0
What are the dimensions?,0
Can you show more photos?,0
Ping me on Telegram: @judy627,1
I’m interested in this item.,0
Where do you ship from?,0
Add me on WhatsApp: 555-715-5258,1
Does it come in other colors?,0
Nice product!,0
Where do you ship from?,0
Where do you ship from?,0
This looks good.,0
📧 user8018@example.com,1
I’m interested in this item.,0
Do you have it in stock?,0
Do you have it in stock?,0
How soon can I get it?,0
This looks good.,0
Message me on Snapchat: jane.smith,1
What are the dimensions?,0
Nice product!,0
This looks good.,0
How soon can I get it?,0
Nice product!,0
Does it come in other colors?,0
Nice product!,0
c o n t a c t : +1-928-276-8278,1
Contact via email: bob6@test.org,1
Add me on WhatsApp: 819-854-0783,1
my digits: +1-837-898-2849,1
Do you have it in stock?,0
What are the dimensions?,0
Do you have it in stock?,0
Where do you ship from?,0
Nice product!,0
Where do you ship from?,0
Where do you ship from?,0
How soon can I get it?,0
Email me at ivan95@email.net,1
Can you show more photos?,0
Nice product!,0
Does it come in other colors?,0
DM me on Instagram: @alice415,1
WhatsApp me at +1-555-162-4548,1
Do you have it in stock?,0
Does it come in other colors?,0
What are the dimensions?,0
What are the dimensions?,0
Message me on Snapchat: designer123,1
What are the dimensions?,0
Where do you ship from?,0
My TikTok: @frank336,1
How soon can I get it?,0
I’m interested in this item.,0
my email id is user7168@example.com,1
Nice product!,0
Email me at heidi95@email.net,1
What’s the price?,0
Nice product!,0
Can you show more photos?,0
Where do you ship from?,0
Do you have it in stock?,0
Do you have it in stock?,0
Can you show more photos?,0
This looks good.,0
Can you show more photos?,0
What’s the price?,0
Add me on WhatsApp: 555-706-4497,1
Nice product!,0
This looks good.,0
Where do you ship from?,0
📧 user6265@example.com,1
How soon can I get it?,0
Does it come in other colors?,0
What are the dimensions?,0
Where do you ship from?,0
How soon can I get it?,0
Do you have it in stock?,0
How soon can I get it?,0
Contact me on Skype: eve516,1
Email me at judy41@example.com,1
This looks good.,0
This looks good.,0
Where do you ship from?,0
Do you have it in stock?,0
Where do you ship from?,0
How soon can I get it?,0
What are the dimensions?,0
Can you show more photos?,0
What’s the price?,0
Can you show more photos?,0
Can you show more photos?,0
What’s the price?,0
Can you show more photos?,0
Text me at 9914645768,1
What are the dimensions?,0
What’s the price?,0
Find me on Facebook: https://facebook.com/charlie628,1
Where do you ship from?,0
Please email me at user7187@example.com,1
Do you have it in stock?,0
What’s the price?,0
Text me at 555-955-8467 for more info.,1
Where do you ship from?,0
Do you have it in stock?,0
I’m interested in this item.,0
What’s the price?,0
C o n t a c t :   1 3 6 4 6 0 0 6 2 8,1
What’s the price?,0
Nice product!,0
Do you have it in stock?,0
What are the dimensions?,0
Where do you ship from?,0
I’m interested in this item.,0
Does it come in other colors?,0
Does it come in other colors?,0
Where do you ship from?,0
This looks good.,0
How soon can I get it?,0
Do you have it in stock?,0
This looks good.,0
You can reach me at +1-270-499-4667,1
my digits: +1-583-865-7107,1
Do you have it in stock?,0
What’s the price?,0
Nice product!,0
Can you show more photos?,0
Snapchat me @ fashionista110,1
Can you show more photos?,0
What are the dimensions?,0
What’s the price?,0
Find me on Facebook: https://facebook.com/frank895,1
What are the dimensions?,0
I’m interested in this item.,0
How soon can I get it?,0
Nice product!,0
Nice product!,0
What’s the price?,0
Message me on Signal: 933-018-7067,1
What are the dimensions?,0
"Email is user9692@example.com, reach out anytime.",1
What are the dimensions?,0
Nice product!,0
I’m interested in this item.,0
Can you show more photos?,0
What’s the price?,0
Do you have it in stock?,0
What’s the price?,0
Where do you ship from?,0
Where do you ship from?,0
Do you have it in stock?,0
DM me on Facebook: facebook.com/coolcat843,1
Does it come in other colors?,0
Where do you ship from?,0
Does it come in other colors?,0
How soon can I get it?,0
This looks good.,0
Contact me on Skype: bob630,1
Reach me at (200) 312-2115,1
What’s the price?,0
you can DM me at devguy52 on Insta,1
Text me at 555-212-7638 for more info.,1
How soon can I get it?,0
How soon can I get it?,0
What’s the price?,0
Do you have it in stock?,0
Do you have it in stock?,0
How soon can I get it?,0
Can I have your email address?,1
What are the dimensions?,0
How soon can I get it?,0
This looks good.,0
What are the dimensions?,0
How soon can I get it?,0
How soon can I get it?,0
Can you show more photos?,0
Do you have it in stock?,0
My Snapchat is alice773,1
Does it come in other colors?,0
Does it come in other colors?,0
Do you have it in stock?,0
I’m interested in this item.,0
Do you have it in stock?,0
This looks good.,0
Does it come in other colors?,0
Does it come in other colors?,0
telegram: t dot me slash devguy799,1
Does it come in other colors?,0
This looks good.,0
Messenger me at (629) 032-0891,1
Where do you ship from?,0
What’s the price?,0
What are the dimensions?,0
What’s the price?,0
How soon can I get it?,0
Do you have it in stock?,0
C a l l   m e :   + 1   8 3 4   0 2 5   6 6 2 0,1
I’m interested in this item.,0
Nice product!,0
Connect on LinkedIn (linkedin.com/in/tech_lead),1
How soon can I get it?,0
What are the dimensions?,0
Please email me at user9034@example.com,1
Does it come in other colors?,0
How soon can I get it?,0
Connect on LinkedIn (linkedin.com/in/designer123),1
I’m interested in this item.,0
What’s the price?,0
How soon can I get it?,0
You can reach me at +1-744-118-8348,1
my digits: +1-590-530-2711,1
Hit me up on WhatsApp at 555-566-2873,1
Let's connect on LinkedIn: linkedin.com/in/shopper99,1
Does it come in other colors?,0
Nice product!,0
What’s the price?,0
Do you have it in stock?,0
I’m interested in this item.,0
Do you have it in stock?,0
Can you show more photos?,0
Where do you ship from?,0
I’m interested in this item.,0
Reach out on WhatsApp at +1-135-415-3279,1
Do you have it in stock?,0
Where do you ship from?,0
This looks good.,0
Nice product!,0
Can you show more photos?,0
Where do you ship from?,0
Snapchat me @ fashionista87,1
Can you show more photos?,0
How soon can I get it?,0
Where do you ship from?,0
I’m interested in this item.,0
Follow me on Twitter: @heidi768,1
I’m interested in this item.,0
This looks good.,0
📧 user8990@example.com,1
I’m interested in this item.,0
What are the dimensions?,0
Can you show more photos?,0
Does it come in other colors?,0
I’m interested in this item.,0
What’s the price?,0
Do you have it in stock?,0
What’s the price?,0
Can you show more photos?,0
You can reach me at 555-771-3112,1
Where do you ship from?,0
Where do you ship from?,0
find me at user1040@example.com 😉,1
Does it come in other colors?,0
What’s the price?,0
Where do you ship from?,0
Nice product!,0
I’m interested in this item.,0
c o n t a c t : +1-637-976-4502,1
What’s the price?,0
This looks good.,0
What’s the price?,0
What are the dimensions?,0
Where do you ship from?,0
Can you show more photos?,0
I’m interested in this item.,0
c o n t a c t : +1-255-110-5549,1
How soon can I get it?,0
Do you have it in stock?,0
This looks good.,0
This looks good.,0
Can you show more photos?,0
Message via email: bob94@email.net,1
Can you show more photos?,0
Do you have it in stock?,0
Do you have it in stock?,0
This looks good.,0
How soon can I get it?,0
What’s the price?,0
My number is 528-569-9594,1
Can you show more photos?,0
Do you have it in stock?,0
Can you show more photos?,0
get in touch @ user3025@example.com,1
What’s the price?,0
Follow me on Instagram @john_doe and DM.,1
"Email is user5279@example.com, reach out anytime.",1
Can you show more photos?,0
My WeChat ID is fashioneer,1
Can you show more photos?,0
What’s the price?,0
Can you show more photos?,0
What’s the price?,0
Does it come in other colors?,0
message me via g m a i l at user5023@example.com,1
Can you show more photos?,0
Does it come in other colors?,0
How soon can I get it?,0
This looks good.,0
Can you show more photos?,0
snap me at s-n-a-p fashionista829,1
Does it come in other colors?,0
How soon can I get it?,0
Nice product!,0
Nice product!,0
What are the dimensions?,0
This looks good.,0
My Snapchat is judy980,1
C a l l   m e :   + 1   2 8 3   7 9 5   2 6 5 9,1
Does it come in other colors?,0
Nice product!,0
Nice product!,0
Can I have your email address?,1
Where do you ship from?,0
What’s the price?,0
Do you have it in stock?,0
fb.com/devguy682,1
hmu @ devguy116,1
Message me at user1395@example.com,1
Send me a DM on Facebook: facebook.com/jane.smith,1
Nice product!,0
I’m interested in this item.,0
Does it come in other colors?,0
Does it come in other colors?,0
What are the dimensions?,0
What are the dimensions?,0
Where do you ship from?,0
What are the dimensions?,0
Nice product!,0
Does it come in other colors?,0
Where do you ship from?,0
Do you have it in stock?,0
reach at t w o o o @example.com,1
Where do you ship from?,0
Does it come in other colors?,0
Add me on WhatsApp: 555-236-9201,1
Can you show more photos?,0
telegram: t dot me slash fashionista172,1
get in touch @ user4012@example.com,1
I’m interested in this item.,0
What are the dimensions?,0
Here is my email: user5567@example.com,1
find me at user7421@example.com 😉,1
Does it come in other colors?,0
Email me at user5755@example.com,1
What are the dimensions?,0
What are the dimensions?,0
Nice product!,0
What are the dimensions?,0
This looks good.,0
c   o   n   t   a   c   t   m   e   ( 8 0 3 )   2 3 5 - 3 5 8 7,1
I’m interested in this item.,0
Do you have it in stock?,0
Does it come in other colors?,0
Does it come in other colors?,0
Nice product!,0
How soon can I get it?,0
What are the dimensions?,0
Nice product!,0
"Email is user7217@example.com, reach out anytime.",1
Does it come in other colors?,0
What are the dimensions?,0
Where do you ship from?,0
How soon can I get it?,0
What’s the price?,0
Do you have it in stock?,0
I’m interested in this item.,0
Text me at (541) 084-7219,1
I’m interested in this item.,0
What’s the price?,0
message me via g m a i l at user8072@example.com,1
Can you show more photos?,0
Can you show more photos?,0
How soon can I get it?,0
Do you have it in stock?,0
What’s the price?,0
What are the dimensions?,0
How soon can I get it?,0
Does it come in other colors?,0
I’m interested in this item.,0
Nice product!,0
Contact: +1-638-701-7826,1
This looks good.,0
How soon can I get it?,0
Does it come in other colors?,0
What’s the price?,0
What are the dimensions?,0
I’m interested in this item.,0
How soon can I get it?,0
Mail me: ivan99@test.org,1
I’m interested in this item.,0
Text me at (420) 972-0441,1
Where do you ship from?,0
What’s the price?,0
Do you have it in stock?,0
wanna chat? +1-523-577-7438,1
Connect on LinkedIn (linkedin.com/in/fashioneer),1
Nice product!,0
Let's connect on LinkedIn: linkedin.com/in/john_doe,1
Does it come in other colors?,0
Find me on Facebook: https://facebook.com/david473,1
Do you have it in stock?,0
What’s the price?,0
Nice product!,0
Can I have your email address?,1
Nice product!,0
This looks good.,0
Nice product!,0
How soon can I get it?,0
I’m interested in this item.,0
Please email me at user6309@example.com,1
This looks good.,0
This looks good.,0
What are the dimensions?,0
I’m interested in this item.,0
This looks good.,0
Email me at user7310@example.com,1
This looks good.,0
What are the dimensions?,0
Does it come in other colors?,0
Does it come in other colors?,0
You can reach me at 555-817-8253,1
This looks good.,0
My Snapchat is charlie800,1
How soon can I get it?,0
What are the dimensions?,0
Snapchat me @ coolcat733,1
What are the dimensions?,0
Where do you ship from?,0
What are the dimensions?,0
My TikTok: @ivan629,1
Nice product!,0
Can you share your phone number so I can send you details?,1
My TikTok: @eve627,1
I’m interested in this item.,0
What are the dimensions?,0
Email me at grace66@mail.com,1
Nice product!,0
Contact: +1-835-978-2395,1
Follow me on Instagram @tech_lead and DM.,1
Can you show more photos?,0
What’s the price?,0
Can you show more photos?,0
📱 +1-375-767-6694,1
I’m interested in this item.,0
Can you show more photos?,0
This looks good.,0
I’m interested in this item.,0
Add me on Facebook (facebook.com/shopper99),1
Nice product!,0
Where do you ship from?,0
What are the dimensions?,0
What’s the price?,0
hmu @ coolcat793,1
Nice product!,0
Where do you ship from?,0
What are the dimensions?,0
This looks good.,0
I’m interested in this item.,0
Nice product!,0
Do you have it in stock?,0
Nice product!,0
Nice product!,0
I’m interested in this item.,0
What’s the price?,0
Where do you ship from?,0
Do you have it in stock?,0
Send me a DM on Facebook: facebook.com/tech_lead,1
What are the dimensions?,0
my email id is user8155@example.com,1
Where do you ship from?,0
I’m interested in this item.,0
How soon can I get it?,0
This looks good.,0
Does it come in other colors?,0
I’m interested in this item.,0
This looks good.,0
What are the dimensions?,0
find me at user8965@example.com 😉,1
Does it come in other colors?,0
Does it come in other colors?,0
What’s the price?,0
How soon can I get it?,0
t e l : +1-684-883-6874,1
Does it come in other colors?,0
Do you have it in stock?,0
I’m interested in this item.,0
Can you show more photos?,0
Can you show more photos?,0
Can you show more photos?,0
What’s the price?,0
Nice product!,0
my email id is user9961@example.com,1
Nice product!,0
Text me at 555-919-9065 for more info.,1
Do you have it in stock?,0
I’m interested in this item.,0
Do you have it in stock?,0
Can you show more photos?,0
Where do you ship from?,0
Nice product!,0
This looks good.,0
Do you have it in stock?,0
You can reach me at 555-596-8380,1
Email me at user3790@example.com,1
Does it come in other colors?,0
What’s the price?,0
C o n t a c t :   8 5 9 1 6 8 0 0 0 0,1
What are the dimensions?,0
Do you have it in stock?,0
Can you show more photos?,0
Please email me at user4792@example.com,1
Does it come in other colors?,0
What are the dimensions?,0
telegram: t dot me slash shopper597,1
I’m interested in this item.,0
This looks good.,0
What are the dimensions?,0
I’m interested in this item.,0
How soon can I get it?,0
my email id is user1516@example.com,1
Can you show more photos?,0
This looks good.,0
I’m interested in this item.,0
What’s the price?,0
My TikTok: @frank530,1
I’m interested in this item.,0
What’s the price?,0
I’m interested in this item.,0
Where do you ship from?,0
What’s the price?,0
Where do you ship from?,0
Do you have it in stock?,0
How soon can I get it?,0
This looks good.,0
Nice product!,0
Text me at 555-616-6184 for more info.,1
Can you show more photos?,0
I’m interested in this item.,0
Do you have it in stock?,0
Nice product!,0
What’s the price?,0
This looks good.,0
How soon can I get it?,0
Do you have it in stock?,0
What are the dimensions?,0
I’m interested in this item.,0
Where do you ship from?,0
Where do you ship from?,0
This looks good.,0
This looks good.,0
Can you show more photos?,0
This looks good.,0
Signal me at 9623060271,1
What’s the price?,0
Where do you ship from?,0
Where do you ship from?,0
Do you have it in stock?,0
What are the dimensions?,0
Where do you ship from?,0
Do you have it in stock?,0
Can I have your email address?,1
Does it come in other colors?,0
Email me at user7650@example.com,1
Nice product!,0
Reach me at +1 762 140 0746,1
How soon can I get it?,0
Do you have it in stock?,0
This looks good.,0
My TikTok: @grace240,1
Nice product!,0
How soon can I get it?,0
Can you show more photos?,0
my email id is user9826@example.com,1
Can you show more photos?,0
Nice product!,0
Contact via email: david79@example.com,1
Nice product!,0
Do you have it in stock?,0
What are the dimensions?,0
Connect on LinkedIn (linkedin.com/in/shopper99),1
What are the dimensions?,0
What are the dimensions?,0
Can you show more photos?,0
Where do you ship from?,0
Nice product!,0
How soon can I get it?,0
This looks good.,0
Do you have it in stock?,0
Where do you ship from?,0
"Email is user7511@example.com, reach out anytime.",1
Can you show more photos?,0
Nice product!,0
wanna chat? +1-435-651-5932,1
Nice product!,0
Does it come in other colors?,0
What are the dimensions?,0
Ping me on Telegram: @david482,1
I’m interested in this item.,0
C a l l   m e :   5 1 8 - 0 4 2 - 1 4 2 1,1
How soon can I get it?,0
Can you show more photos?,0
I’m interested in this item.,0
Text me at 555-884-4733 for more info.,1
What’s the price?,0
I’m interested in this item.,0
How soon can I get it?,0
What are the dimensions?,0
Nice product!,0
Do you have it in stock?,0
How soon can I get it?,0
Nice product!,0
Nice product!,0
Connect on LinkedIn (linkedin.com/in/best_pizza),1
Can you show more photos?,0
I’m interested in this item.,0
This looks good.,0
Where do you ship from?,0
This looks good.,0
What’s the price?,0
Please email me at user5748@example.com,1
I’m interested in this item.,0
Nice product!,0
What’s the price?,0
Can you show more photos?,0
I’m interested in this item.,0
What’s the price?,0
Find me on Facebook: https://facebook.com/heidi13,1
Where do you ship from?,0
Find me on Facebook: https://facebook.com/judy342,1
Do you have it in stock?,0
How soon can I get it?,0
Hit me up on WhatsApp at +1-782-404-9985,1
What are the dimensions?,0
Do you have it in stock?,0
Where do you ship from?,0
Here is my email: user4069@example.com,1
This looks good.,0
Text me at (555) 333-2562,1
Can you show more photos?,0
How soon can I get it?,0
Contact: +1-443-310-8552,1
What’s the price?,0
Can you show more photos?,0
DM me on Instagram @tech_lead,1
Do you have it in stock?,0
Does it come in other colors?,0
Contact me via Telegram: @best_pizza,1
What are the dimensions?,0
Add me on WhatsApp: (535) 014-4902,1
my email id is user5840@example.com,1
Contact via email: charlie5@email.net,1
Nice product!,0
What are the dimensions?,0
What’s the price?,0
Can you show more photos?,0
find me at user104@example.com 😉,1
This looks good.,0
I’m interested in this item.,0
What are the dimensions?,0
This looks good.,0
I’m interested in this item.,0
My Snapchat is eve246,1
Do you have it in stock?,0
This looks good.,0
This looks good.,0
Nice product!,0
Does it come in other colors?,0
Where do you ship from?,0
Does it come in other colors?,0
This looks good.,0
How soon can I get it?,0
What are the dimensions?,0
What are the dimensions?,0
Nice product!,0
Nice product!,0
What are the dimensions?,0
Where do you ship from?,0
This looks good.,0
Snapchat me @ fashionista919,1
How soon can I get it?,0
I’m interested in this item.,0
Text me at +1-108-323-9407,1
Do you have it in stock?,0
Can you show more photos?,0
Does it come in other colors?,0
How soon can I get it?,0
Does it come in other colors?,0
Nice product!,0
Nice product!,0
Where do you ship from?,0
Do you have it in stock?,0
Message me on Signal: +1 494 605 5112,1
What’s the price?,0
Can you show more photos?,0
Nice product!,0
Here is my email: user8474@example.com,1
Can you show more photos?,0
Does it come in other colors?,0
Does it come in other colors?,0
Can you show more photos?,0
I’m interested in this item.,0
Where do you ship from?,0
message me via g m a i l at user6969@example.com,1
Where do you ship from?,0
What’s the price?,0
"Email is user3249@example.com, reach out anytime.",1
Does it come in other colors?,0
I’m interested in this item.,0
What’s the price?,0
What’s the price?,0
What are the dimensions?,0
Nice product!,0
This looks good.,0
This looks good.,0
Do you have it in stock?,0
What are the dimensions?,0
What’s the price?,0
Nice product!,0
C a l l   m e :   1 7 3 - 6 2 5 - 2 2 5 2,1
What are the dimensions?,0
telegram: t dot me slash shopper397,1
Can you show more photos?,0
Nice product!,0
Follow me on Twitter: @heidi785,1
Nice product!,0
What’s the price?,0
Can you show more photos?,0
Can you show more photos?,0
Connect on LinkedIn (linkedin.com/in/shopper711),1
Where do you ship from?,0
What’s the price?,0
What’s the price?,0
What are the dimensions?,0
What’s the price?,0
Where do you ship from?,0
What’s the price?,0
Does it come in other colors?,0
What’s the price?,0
How soon can I get it?,0
Where do you ship from?,0
This looks good.,0
Can you show more photos?,0
What’s the price?,0
Contact me on Skype: bob779,1
get in touch @ user135@example.com,1
Where do you ship from?,0
d a v i d 2 0 @ t e s t . o r g,1
Do you have it in stock?,0
Connect on LinkedIn (linkedin.com/in/fashionista987),1
Can you show more photos?,0
What are the dimensions?,0
This looks good.,0
Does it come in other colors?,0
Contact me via Telegram: @jane.smith,1
Can you show more photos?,0
Does it come in other colors?,0
Can you show more photos?,0
Nice product!,0
What’s the price?,0
Can you show more photos?,0
Do you have it in stock?,0
Can you show more photos?,0
Where do you ship from?,0
You can reach me at 555-612-2976,1
How soon can I get it?,0
What’s the price?,0
My Snapchat is judy118,1
I’m interested in this item.,0
Do you have it in stock?,0
I’m interested in this item.,0
Nice product!,0
Do you have it in stock?,0
What’s the price?,0
Does it come in other colors?,0
I’m interested in this item.,0
Can I have your email address?,1
What’s the price?,0
This looks good.,0
Do you have it in stock?,0
This looks good.,0
my email id is user69@example.com,1
How soon can I get it?,0
Do you have it in stock?,0
Nice product!,0
Can you show more photos?,0
Connect on LinkedIn (linkedin.com/in/devguy566),1
Can you show more photos?,0
I’m interested in this item.,0
Nice product!,0
"My contact is 555-956-7869, call me.",1
Can you show more photos?,0
Where do you ship from?,0
Where do you ship from?,0
I’m interested in this item.,0
Can you show more photos?,0
Does it come in other colors?,0
C o n t a c t :   ( 5 5 2 )   8 4 7 - 4 0 4 6,1
Text me at 555-619-1837 for more info.,1
Where do you ship from?,0
What’s the price?,0
Does it come in other colors?,0
How soon can I get it?,0
Do you have it in stock?,0
This looks good.,0
Where do you ship from?,0
Does it come in other colors?,0
Hit me up on WhatsApp at +1-191-100-3671,1
This looks good.,0
What’s the price?,0
"My contact is 555-512-4255, call me.",1
What’s the price?,0
Nice product!,0
Does it come in other colors?,0
Add me on WhatsApp: 555-221-9068,1
DM me on Instagram: @heidi258,1
What’s the price?,0
Can you show more photos?,0
"My contact is 555-828-5399, call me.",1
Follow me on Twitter: @grace395,1
Message via email: judy96@example.com,1
What are the dimensions?,0
Nice product!,0
Where do you ship from?,0
What’s the price?,0
snap me at s-n-a-p devguy742,1
Contact via email: bob42@email.net,1
This looks good.,0
Contact me via Telegram: @best_pizza,1
Contact via email: alice73@mail.com,1
Follow me on Twitter: @david434,1
I’m interested in this item.,0
Nice product!,0
Ping me on Telegram: @frank804,1
Message via email: judy23@test.org,1
Can you show more photos?,0
Does it come in other colors?,0
What’s the price?,0
my email id is user7825@example.com,1
📱 +1-381-617-8153,1
How soon can I get it?,0
C a l l   m e :   ( 4 8 9 )   1 3 8 - 6 5 4 7,1
This looks good.,0
Do you have it in stock?,0
Does it come in other colors?,0
What are the dimensions?,0
How soon can I get it?,0
How soon can I get it?,0
This looks good.,0
Do you have it in stock?,0
My WeChat ID is fashionguru,1
WhatsApp me at +1-555-858-6932,1
Do you have it in stock?,0
This looks good.,0
Contact me via Telegram: @designer123,1
Nice product!,0
I’m interested in this item.,0
Connect on LinkedIn (linkedin.com/in/shopper594),1
Can you show more photos?,0
Does it come in other colors?,0
This looks good.,0
Message me at user3413@example.com,1
Nice product!,0
What’s the price?,0
WhatsApp me at +1-555-281-9993,1
Does it come in other colors?,0
Do you have it in stock?,0
reach at t w o o o @example.com,1
Do you have it in stock?,0
This looks good.,0
What’s the price?,0
you can DM me at devguy512 on Insta,1
How soon can I get it?,0
c h a r l i e 7 6 @ e m a i l . n e t,1
Nice product!,0
"My contact is 555-187-1141, call me.",1
Does it come in other colors?,0
I’m interested in this item.,0
Connect on LinkedIn (linkedin.com/in/best_pizza),1
Where do you ship from?,0
Does it come in other colors?,0
What’s the price?,0
Call me at +1 545 122 5833,1
What are the dimensions?,0
This looks good.,0
Can you share your phone number so I can send you details?,1
Where do you ship from?,0
What’s the price?,0
I’m interested in this item.,0
Do you have it in stock?,0
Nice product!,0
What are the dimensions?,0
Nice product!,0
DM me on Facebook: facebook.com/devguy991,1
Where do you ship from?,0
I’m interested in this item.,0
You can reach me at 555-304-6044,1
This looks good.,0
Where do you ship from?,0
Add me on Facebook (facebook.com/jane.smith),1
Nice product!,0
What’s the price?,0
Where do you ship from?,0
What are the dimensions?,0
Does it come in other colors?,0
Can I have your email address?,1
DM me on Instagram @shop_owner,1
This looks good.,0
How soon can I get it?,0
This looks good.,0
Does it come in other colors?,0
What are the dimensions?,0
Where do you ship from?,0
This looks good.,0
Can you show more photos?,0
What are the dimensions?,0
What are the dimensions?,0
What’s the price?,0
This looks good.,0
What are the dimensions?,0
Where do you ship from?,0
Nice product!,0
I’m interested in this item.,0
How soon can I get it?,0
Where do you ship from?,0
What’s the price?,0
Nice product!,0
Ping me on Telegram: @david248,1
How soon can I get it?,0
📱 +1-156-571-2164,1
I’m interested in this item.,0
How soon can I get it?,0
Does it come in other colors?,0
Do you have it in stock?,0
How soon can I get it?,0
Hit me up on WhatsApp at 555-805-3486,1
Do you have it in stock?,0
Nice product!,0
find me at user3661@example.com 😉,1
Ping me on Telegram: @ivan770,1
Does it come in other colors?,0
Can you show more photos?,0
Do you have it in stock?,0
This looks good.,0
Do you have it in stock?,0
Does it come in other colors?,0
What are the dimensions?,0
DM me on Facebook: facebook.com/coolcat527,1
I’m interested in this item.,0
What’s the price?,0
This looks good.,0
What’s the price?,0
How soon can I get it?,0
Does it come in other colors?,0
This looks good.,0
What’s the price?,0
telegram: t dot me slash shopper394,1
Can you show more photos?,0
I’m interested in this item.,0
Contact me on Skype: heidi64,1
I’m interested in this item.,0
Can you show more photos?,0
Nice product!,0
Do you have it in stock?,0
I’m interested in this item.,0
Does it come in other colors?,0
Nice product!,0
Nice product!,0
I’m interested in this item.,0
Nice product!,0
What’s the price?,0
Does it come in other colors?,0
Can I have your email address?,1
Nice product!,0
Nice product!,0
I’m interested in this item.,0
How soon can I get it?,0
Where do you ship from?,0
Contact: +1-402-773-9711,1
Do you have it in stock?,0
Contact me on Skype: ivan241,1
This looks good.,0
What’s the price?,0
What’s the price?,0
This looks good.,0
This looks good.,0
hmu @ devguy44,1
I’m interested in this item.,0
Here's my email: user2826@example.com,1
What are the dimensions?,0
Message me at user1773@example.com,1
C o n t a c t :   9 2 1 - 0 1 6 - 7 7 3 7,1
I’m interested in this item.,0
DM me on Instagram @jane.smith,1
Contact me via Telegram: @fashionguru,1
What’s the price?,0
Does it come in other colors?,0
How soon can I get it?,0
Where do you ship from?,0
This looks good.,0
Contact via email: judy73@email.net,1
What are the dimensions?,0
Can you show more photos?,0
Snapchat me @ coolcat377,1
Where do you ship from?,0
Nice product!,0
What are the dimensions?,0
Can you show more photos?,0
Does it come in other colors?,0
I’m interested in this item.,0
Where do you ship from?,0
Does it come in other colors?,0
reach at t w o o o @example.com,1
What are the dimensions?,0
What are the dimensions?,0
Can you show more photos?,0
How soon can I get it?,0
Does it come in other colors?,0
Do you have it in stock?,0
What are the dimensions?,0
What are the dimensions?,0
Can you share your phone number so I can send you details?,1
I’m interested in this item.,0
This looks good.,0
Please email me at user5961@example.com,1
Does it come in other colors?,0
e m a i l m e @ user346@example.com,1
Nice product!,0
c   o   n   t   a   c   t   m   e   + 1   9 8 1   2 5 6   8 7 3 6,1
Nice product!,0
How soon can I get it?,0
How soon can I get it?,0
Nice product!,0
Nice product!,0
Does it come in other colors?,0
Ping me on Telegram: @bob823,1
Can you show more photos?,0
This looks good.,0
What are the dimensions?,0
How soon can I get it?,0
Where do you ship from?,0
Can you show more photos?,0
Does it come in other colors?,0
Find me on Facebook: https://facebook.com/bob70,1
Can you show more photos?,0
What are the dimensions?,0
Please email me at user7400@example.com,1
This looks good.,0
Does it come in other colors?,0
What’s the price?,0
Where do you ship from?,0
Do you have it in stock?,0
Email me at user8890@example.com,1
Nice product!,0
Where do you ship from?,0
Do you have it in stock?,0
What are the dimensions?,0
How soon can I get it?,0
This looks good.,0
Can you show more photos?,0
Do you have it in stock?,0
Where do you ship from?,0
Can you show more photos?,0
What’s the price?,0
What’s the price?,0
What are the dimensions?,0
Contact via email: bob84@mail.com,1
telegram: t dot me slash shopper166,1
Does it come in other colors?,0
This looks good.,0
How soon can I get it?,0
Where do you ship from?,0
b o b 1 4 @ m a i l . c o m,1
Follow me on Instagram @jane.smith and DM.,1
What are the dimensions?,0
C o n t a c t :   5 2 3 1 7 8 2 3 7 9,1
Does it come in other colors?,0
This looks good.,0
Where do you ship from?,0
Do you have it in stock?,0
This looks good.,0
How soon can I get it?,0
Nice product!,0
I’m interested in this item.,0
What’s the price?,0
Can you show more photos?,0
Does it come in other colors?,0
How soon can I get it?,0
What’s the price?,0
DM me on Instagram @shopper99,1
Where do you ship from?,0
Does it come in other colors?,0
Do you have it in stock?,0
Follow me on Twitter: @judy603,1
I’m interested in this item.,0
Where do you ship from?,0
Where do you ship from?,0
This looks good.,0
Hit me up on WhatsApp at +1-442-825-4189,1
find me at user9352@example.com 😉,1
Reach out on WhatsApp at +1-598-412-7009,1
What are the dimensions?,0
Where do you ship from?,0
How soon can I get it?,0
Where do you ship from?,0
Where do you ship from?,0
t e l : +1-449-513-8384,1
Does it come in other colors?,0
Can you show more photos?,0
Do you have it in stock?,0
Connect on LinkedIn (linkedin.com/in/shop_owner),1
Do you have it in stock?,0
Nice product!,0
Does it come in other colors?,0
find me at user7941@example.com 😉,1
What’s the price?,0
What’s the price?,0
What’s the price?,0
What are the dimensions?,0
How soon can I get it?,0
Text me at 555-773-5993 for more info.,1
Can you show more photos?,0
telegram: t dot me slash coolcat90,1
Can you show more photos?,0
Contact: +1-642-662-7688,1
b o b 1 @ e m a i l . n e t,1
Can you show more photos?,0
Does it come in other colors?,0
Do you have it in stock?,0
Nice product!,0
This looks good.,0
Nice product!,0
Do you have it in stock?,0
My Snapchat is eve609,1
Nice product!,0
I’m interested in this item.,0
How soon can I get it?,0
Add me on Facebook (facebook.com/john_doe),1
Hit me up on WhatsApp at 555-399-2055,1
How soon can I get it?,0
This looks good.,0
snap me at s-n-a-p shopper937,1
Where do you ship from?,0
How soon can I get it?,0
Hit me up on WhatsApp at 555-124-6535,1
How soon can I get it?,0
What’s the price?,0
What are the dimensions?,0
my email id is user9847@example.com,1
This looks good.,0
fb.com/coolcat608,1
How soon can I get it?,0
DM me on Facebook: facebook.com/devguy590,1
Can you show more photos?,0
Do you have it in stock?,0
What are the dimensions?,0
What are the dimensions?,0
This looks good.,0
Do you have it in stock?,0
Does it come in other colors?,0
Where do you ship from?,0
How soon can I get it?,0
I’m interested in this item.,0
I’m interested in this item.,0
Where do you ship from?,0
Do you have it in stock?,0
Contact me on Skype: grace105,1
This looks good.,0
Can you show more photos?,0
This looks good.,0
How soon can I get it?,0
What’s the price?,0
Nice product!,0
find me at user6238@example.com 😉,1
How soon can I get it?,0
Contact me on Skype: david520,1
Message me at user129@example.com,1
This looks good.,0
I’m interested in this item.,0
Do you have it in stock?,0
Message via email: judy66@mail.com,1
C a l l   m e :   ( 7 9 2 )   5 4 4 - 1 1 2 9,1
What’s the price?,0
WhatsApp me at +1-555-538-6936,1
What’s the price?,0
What are the dimensions?,0
How soon can I get it?,0
Contact me via Telegram: @shopper99,1
Here is my email: user5361@example.com,1
Nice product!,0
This looks good.,0
I’m interested in this item.,0
Where do you ship from?,0
I’m interested in this item.,0
You can reach me at 555-353-5300,1
📧 user3158@example.com,1
Reach out on WhatsApp at +1-526-861-4209,1
Here is my email: user9218@example.com,1
Do you have it in stock?,0
Can you show more photos?,0
Text me at 1027726943,1
Can you show more photos?,0
What are the dimensions?,0
What are the dimensions?,0
What are the dimensions?,0
Where do you ship from?,0
Where do you ship from?,0
Follow me on Twitter: @ivan102,1
C o n t a c t :   3 0 5 0 0 2 1 8 6 5,1
What’s the price?,0
Where do you ship from?,0
Nice product!,0
Can you show more photos?,0
I’m interested in this item.,0
What are the dimensions?,0
How soon can I get it?,0
Do you have it in stock?,0
This looks good.,0
"Email is user5880@example.com, reach out anytime.",1
C a l l   m e :   2 3 1 - 2 9 6 - 0 1 8 9,1
How soon can I get it?,0
How soon can I get it?,0
Can you show more photos?,0
Do you have it in stock?,0
Nice product!,0
This looks good.,0
I’m interested in this item.,0
Where do you ship from?,0
"Email is user2252@example.com, reach out anytime.",1
Can you show more photos?,0
This looks good.,0
Can you show more photos?,0
Does it come in other colors?,0
Let's connect on LinkedIn: linkedin.com/in/fashionguru,1
What are the dimensions?,0
Nice product!,0
Where do you ship from?,0
Does it come in other colors?,0
This looks good.,0
Can you show more photos?,0
Let's connect on LinkedIn: https://linkedin.com/in/alice213,1
This looks good.,0
Text me at 555-580-8908 for more info.,1
Nice product!,0
DM me on Instagram: @heidi965,1
Does it come in other colors?,0
Do you have it in stock?,0
What are the dimensions?,0
Snapchat me @ shopper168,1
You can reach me at +1-156-136-3691,1
Nice product!,0
Message me at user3208@example.com,1
get in touch @ user676@example.com,1
What’s the price?,0
Do you have it in stock?,0
Where do you ship from?,0
How soon can I get it?,0
What are the dimensions?,0
What’s the price?,0
I’m interested in this item.,0
What are the dimensions?,0
How soon can I get it?,0
What are the dimensions?,0
What’s the price?,0
Connect on LinkedIn (linkedin.com/in/devguy955),1
What are the dimensions?,0
How soon can I get it?,0
Do you have it in stock?,0
Do you have it in stock?,0
Let's connect on LinkedIn: linkedin.com/in/best_pizza,1
This looks good.,0
Where do you ship from?,0
What’s the price?,0
What’s the price?,0
This looks good.,0
Do you have it in stock?,0
What’s the price?,0
Where do you ship from?,0
This looks good.,0
Do you have it in stock?,0
How soon can I get it?,0
Message me on Snapchat: john_doe,1
I’m interested in this item.,0
My Snapchat is charlie837,1
Does it come in other colors?,0
Nice product!,0
How soon can I get it?,0
How soon can I get it?,0
What are the dimensions?,0
Nice product!,0
Can you show more photos?,0
How soon can I get it?,0
t e l : +1-278-931-6258,1
Can you show more photos?,0
Find me on Facebook: https://facebook.com/frank7,1
I’m interested in this item.,0
Let's connect on LinkedIn: https://linkedin.com/in/alice235,1
Can you show more photos?,0
C a l l   m e :   3 1 6 5 2 4 5 6 7 4,1
Can you show more photos?,0
What are the dimensions?,0
How soon can I get it?,0
Can you show more photos?,0
Where do you ship from?,0
Hit me up on WhatsApp at +1-774-572-4691,1
Do you have it in stock?,0
What’s the price?,0
This looks good.,0
c   o   n   t   a   c   t   m   e   6 9 2 - 3 7 5 - 5 9 2 0,1
Can you show more photos?,0
Can you show more photos?,0
Can you share your phone number so I can send you details?,1
I’m interested in this item.,0
What’s the price?,0
What are the dimensions?,0
e m a i l m e @ user5266@example.com,1
Does it come in other colors?,0
Please email me at user9916@example.com,1
Find me on Facebook: https://facebook.com/judy845,1
Message me on Snapchat: coolguy42,1
Where do you ship from?,0
Can you show more photos?,0
Let's connect on LinkedIn: linkedin.com/in/best_pizza,1
Nice product!,0
Where do you ship from?,0
DM me on Instagram: @alice280,1
I’m interested in this item.,0
Send me a DM on Facebook: facebook.com/shopper99,1
Does it come in other colors?,0
Add me on Facebook (facebook.com/shop_owner),1
Can you show more photos?,0
I’m interested in this item.,0
What are the dimensions?,0
What’s the price?,0
Email me at frank2@example.com,1
My TikTok: @grace611,1
Where do you ship from?,0
I’m interested in this item.,0
my email id is user444@example.com,1
Where do you ship from?,0
What’s the price?,0
Text me at +1-461-198-3308,1
Connect on LinkedIn (linkedin.com/in/fashionista460),1
How soon can I get it?,0
How soon can I get it?,0
Can you share your phone number so I can send you details?,1
Nice product!,0
What’s the price?,0
c o n t a c t : +1-737-766-2207,1
I’m interested in this item.,0
Text me at 952-923-7551,1
You can reach me at 555-188-6226,1
I’m interested in this item.,0
Does it come in other colors?,0
Can you show more photos?,0
Where do you ship from?,0
📱 +1-644-450-8864,1
Can you show more photos?,0
I’m interested in this item.,0
Contact me on Skype: eve803,1
This looks good.,0
What are the dimensions?,0
Hit me up on WhatsApp at +1-266-729-1296,1
Nice product!,0
Do you have it in stock?,0
What are the dimensions?,0
This looks good.,0
What are the dimensions?,0
My number is 701-699-4333,1
Does it come in other colors?,0
Find me on Facebook: https://facebook.com/bob398,1
How soon can I get it?,0
Hit me up on WhatsApp at +1-353-516-6436,1
This looks good.,0
I’m interested in this item.,0
Nice product!,0
I’m interested in this item.,0
I’m interested in this item.,0
Does it come in other colors?,0
Nice product!,0
What are the dimensions?,0
Add me on WhatsApp: 1248258385,1
Does it come in other colors?,0
Do you have it in stock?,0
What’s the price?,0
c   o   n   t   a   c   t   m   e   + 1   6 7 1   5 8 8   8 6 1 7,1
Nice product!,0
Does it come in other colors?,0
How soon can I get it?,0
Contact: +1-132-582-6613,1
Does it come in other colors?,0
Nice product!,0
This looks good.,0
Do you have it in stock?,0
This looks good.,0
Does it come in other colors?,0
Does it come in other colors?,0
How soon can I get it?,0
"My contact is 555-675-8704, call me.",1
Where do you ship from?,0
Where do you ship from?,0
Do you have it in stock?,0
Nice product!,0
How soon can I get it?,0
Where do you ship from?,0
How soon can I get it?,0
Add me on WhatsApp: +1 994 451 8503,1
Does it come in other colors?,0
What are the dimensions?,0
What’s the price?,0
Does it come in other colors?,0
DM me on Instagram: @grace38,1
Can you show more photos?,0
This looks good.,0
Does it come in other colors?,0
Where do you ship from?,0
This looks good.,0
I’m interested in this item.,0
Let's connect on LinkedIn: linkedin.com/in/john_doe,1
This looks good.,0
Do you have it in stock?,0
Does it come in other colors?,0
Let's connect on LinkedIn: linkedin.com/in/jane.smith,1
Nice product!,0
Does it come in other colors?,0
What are the dimensions?,0
What are the dimensions?,0
What’s the price?,0
This looks good.,0
Can you show more photos?,0
How soon can I get it?,0
c o n t a c t : +1-281-259-6495,1
Where do you ship from?,0
Where do you ship from?,0
Where do you ship from?,0
I’m interested in this item.,0
This looks good.,0
Contact me on Skype: david169,1
Does it come in other colors?,0
How soon can I get it?,0
C o n t a c t :   2 2 2 - 6 6 1 - 6 7 4 4,1
Does it come in other colors?,0
What are the dimensions?,0
Where do you ship from?,0
Do you have it in stock?,0
Does it come in other colors?,0
Connect on LinkedIn (linkedin.com/in/fashionista385),1
Do you have it in stock?,0
What are the dimensions?,0
Message me at user7928@example.com,1
Does it come in other colors?,0
Reach out on WhatsApp at +1-283-819-6922,1
What’s the price?,0
What are the dimensions?,0
I’m interested in this item.,0
How soon can I get it?,0
How soon can I get it?,0
Does it come in other colors?,0
Where do you ship from?,0
Do you have it in stock?,0
I’m interested in this item.,0
Where do you ship from?,0
Do you have it in stock?,0
Nice product!,0
I’m interested in this item.,0
What are the dimensions?,0
How soon can I get it?,0
This looks good.,0
📧 user2236@example.com,1
What’s the price?,0
I’m interested in this item.,0
📱 +1-945-238-4087,1
Follow me on Instagram @best_pizza and DM.,1
What’s the price?,0
What are the dimensions?,0
Where do you ship from?,0
Reach out on WhatsApp at +1-590-421-2352,1
hmu @ fashionista829,1
This looks good.,0
Nice product!,0
This looks good.,0
Where do you ship from?,0
What are the dimensions?,0
What are the dimensions?,0
Reach out on WhatsApp at +1-518-117-5842,1
Can you show more photos?,0
What are the dimensions?,0
hmu @ fashionista17,1
Where do you ship from?,0
Does it come in other colors?,0
This looks good.,0
I’m interested in this item.,0
Can you share your phone number so I can send you details?,1
What’s the price?,0
"My contact is 555-213-8532, call me.",1
This looks good.,0
fb.com/fashionista27,1
c o n t a c t : +1-393-642-6808,1
you can DM me at shopper630 on Insta,1
Does it come in other colors?,0
Can I have your email address?,1
Does it come in other colors?,0
Nice product!,0
Message via email: grace53@email.net,1
What are the dimensions?,0
Nice product!,0
Add me on WhatsApp: 555-537-5007,1
What’s the price?,0
Can you show more photos?,0
What’s the price?,0
Do you have it in stock?,0
I’m interested in this item.,0
Nice product!,0
Nice product!,0
How soon can I get it?,0
I’m interested in this item.,0
I’m interested in this item.,0
Does it come in other colors?,0
How soon can I get it?,0
What’s the price?,0
Do you have it in stock?,0
Where do you ship from?,0
How soon can I get it?,0
How soon can I get it?,0
Where do you ship from?,0
Does it come in other colors?,0
telegram: t dot me slash devguy313,1
Does it come in other colors?,0
Here's my email: user1091@example.com,1
I’m interested in this item.,0
What are the dimensions?,0
What’s the price?,0
Do you have it in stock?,0
Message me at user4005@example.com,1
This looks good.,0
My Snapchat is ivan734,1
What’s the price?,0
How soon can I get it?,0
I’m interested in this item.,0
Nice product!,0
Do you have it in stock?,0
Where do you ship from?,0
Does it come in other colors?,0
Do you have it in stock?,0
Do you have it in stock?,0
Do you have it in stock?,0
Does it come in other colors?,0
Where do you ship from?,0
What are the dimensions?,0
Where do you ship from?,0
Nice product!,0
Does it come in other colors?,0
Do you have it in stock?,0
Contact me on Skype: ivan828,1
Nice product!,0
Mail me: heidi4@example.com,1
Do you have it in stock?,0
What’s the price?,0
I’m interested in this item.,0
How soon can I get it?,0
I’m interested in this item.,0
Does it come in other colors?,0
What’s the price?,0
Connect on LinkedIn (linkedin.com/in/fashionguru),1
I’m interested in this item.,0
Ping me on Telegram: @judy148,1
Can you show more photos?,0
This looks good.,0
This looks good.,0
C o n t a c t :   4 9 5 - 0 7 9 - 2 4 8 9,1
hmu @ shopper7,1
What’s the price?,0
You can reach me at +1-107-846-7408,1
This looks good.,0
Can you show more photos?,0
What’s the price?,0
"Email is user4720@example.com, reach out anytime.",1
Do you have it in stock?,0
What are the dimensions?,0
Does it come in other colors?,0
Does it come in other colors?,0
How soon can I get it?,0
I’m interested in this item.,0
Nice product!,0
Let's connect on LinkedIn: linkedin.com/in/designer123,1
Can you show more photos?,0
What’s the price?,0
📱 +1-163-332-3442,1
I’m interested in this item.,0
I’m interested in this item.,0
What are the dimensions?,0
I’m interested in this item.,0
How soon can I get it?,0
I’m interested in this item.,0
This looks good.,0
Where do you ship from?,0
Where do you ship from?,0
What are the dimensions?,0
Nice product!,0
What are the dimensions?,0
Can you show more photos?,0
I’m interested in this item.,0
Do you have it in stock?,0
I’m interested in this item.,0
Does it come in other colors?,0
This looks good.,0
Can you show more photos?,0
What are the dimensions?,0
How soon can I get it?,0
I’m interested in this item.,0
How soon can I get it?,0
How soon can I get it?,0
Do you have it in stock?,0
Add me on Facebook (facebook.com/fashionguru),1
Connect on LinkedIn (linkedin.com/in/coolcat406),1
Nice product!,0
What’s the price?,0
Can you show more photos?,0
What’s the price?,0
This looks good.,0
Nice product!,0
Does it come in other colors?,0
📧 user4279@example.com,1
This looks good.,0
This looks good.,0
Do you have it in stock?,0
What are the dimensions?,0
c   o   n   t   a   c   t   m   e   ( 4 9 9 )   9 6 5 - 0 3 0 2,1
Where do you ship from?,0
What are the dimensions?,0
Where do you ship from?,0
Where do you ship from?,0
How soon can I get it?,0
snap me at s-n-a-p devguy73,1
How soon can I get it?,0
Reach me at +1 203 203 2961,1
Where do you ship from?,0
I’m interested in this item.,0
Follow me on Instagram @jane.smith and DM.,1
Message via email: heidi72@email.net,1
Do you have it in stock?,0
Do you have it in stock?,0
Does it come in other colors?,0
you can DM me at coolcat541 on Insta,1
I’m interested in this item.,0
What’s the price?,0
Can you show more photos?,0
How soon can I get it?,0
I’m interested in this item.,0
Can you show more photos?,0
C o n t a c t :   0 8 7 - 9 7 9 - 0 7 0 6,1
Can you show more photos?,0
I’m interested in this item.,0
Can you show more photos?,0
my digits: +1-513-424-8664,1
This looks good.,0
I’m interested in this item.,0
What’s the price?,0
What’s the price?,0
C a l l   m e :   1 1 6 - 7 5 0 - 8 7 1 4,1
Where do you ship from?,0
This looks good.,0
What’s the price?,0
c   o   n   t   a   c   t   m   e   6 8 5 4 9 0 4 8 0 6,1
Where do you ship from?,0
reach at t w o o o @example.com,1
Do you have it in stock?,0
What are the dimensions?,0
This looks good.,0
How soon can I get it?,0
Do you have it in stock?,0
I’m interested in this item.,0
This looks good.,0
Do you have it in stock?,0
Can you show more photos?,0
I’m interested in this item.,0
How soon can I get it?,0
Where do you ship from?,0
Add me on WhatsApp: 853-076-8445,1
Connect on LinkedIn (linkedin.com/in/shopper724),1
This looks good.,0
Contact via email: david29@example.com,1
How soon can I get it?,0
Let's connect on LinkedIn: linkedin.com/in/fashioneer,1
This looks good.,0
I’m interested in this item.,0
Do you have it in stock?,0
Text me at +1-820-706-2228,1
This looks good.,0
Where do you ship from?,0
wanna chat? +1-783-880-4650,1
Can you show more photos?,0
g r a c e 4 9 @ e m a i l . n e t,1
Where do you ship from?,0
What’s the price?,0
I’m interested in this item.,0
What are the dimensions?,0
What are the dimensions?,0
Do you have it in stock?,0
Does it come in other colors?,0
What’s the price?,0
What are the dimensions?,0
How soon can I get it?,0
This looks good.,0
Where do you ship from?,0
What’s the price?,0
Nice product!,0
Does it come in other colors?,0
What are the dimensions?,0
Add me on Facebook (facebook.com/best_pizza),1
How soon can I get it?,0
Where do you ship from?,0
What are the dimensions?,0
Nice product!,0
What’s the price?,0
How soon can I get it?,0
Do you have it in stock?,0
What are the dimensions?,0
What’s the price?,0
What’s the price?,0
What are the dimensions?,0
How soon can I get it?,0
Where do you ship from?,0
Where do you ship from?,0
Where do you ship from?,0
find me at user3175@example.com 😉,1
I’m interested in this item.,0
Do you have it in stock?,0
What are the dimensions?,0
How soon can I get it?,0
Let's connect on LinkedIn: linkedin.com/in/fashionguru,1
What’s the price?,0
snap me at s-n-a-p coolcat187,1
How soon can I get it?,0
b o b 4 9 @ t e s t . o r g,1
Can you show more photos?,0
Do you have it in stock?,0
C a l l   m e :   + 1   2 6 4   7 2 5   5 2 0 0,1
What are the dimensions?,0
Snapchat me @ coolcat468,1
Where do you ship from?,0
This looks good.,0
Nice product!,0
message me via g m a i l at user2652@example.com,1
Reach me at 4564076219,1
Text me at 555-790-7342 for more info.,1
Where do you ship from?,0
How soon can I get it?,0
Message me on Snapchat: john_doe,1
I’m interested in this item.,0
C o n t a c t :   ( 1 4 4 )   8 1 6 - 3 9 7 4,1
I’m interested in this item.,0
What are the dimensions?,0
Where do you ship from?,0
I’m interested in this item.,0
Where do you ship from?,0
Does it come in other colors?,0
Does it come in other colors?,0
This looks good.,0
Can you show more photos?,0
Where do you ship from?,0
Does it come in other colors?,0
How soon can I get it?,0
Does it come in other colors?,0
Can you show more photos?,0
Reach me at 123-747-4093,1
Nice product!,0
What are the dimensions?,0
Nice product!,0
Contact via email: ivan1@test.org,1
This looks good.,0
This looks good.,0
What are the dimensions?,0
How soon can I get it?,0
hmu @ fashionista527,1
Nice product!,0
Do you have it in stock?,0
What are the dimensions?,0
What are the dimensions?,0
I’m interested in this item.,0
You can reach me at 555-802-4419,1
Can you show more photos?,0
What are the dimensions?,0
What are the dimensions?,0
Connect on LinkedIn (linkedin.com/in/shopper339),1
Does it come in other colors?,0
Nice product!,0
Can you show more photos?,0
Can I have your email address?,1
Where do you ship from?,0
Does it come in other colors?,0
"Email is user4135@example.com, reach out anytime.",1
What are the dimensions?,0
I’m interested in this item.,0
How soon can I get it?,0
Where do you ship from?,0
I’m interested in this item.,0
How soon can I get it?,0
What are the dimensions?,0
This looks good.,0
I’m interested in this item.,0
What’s the price?,0
What are the dimensions?,0
Where do you ship from?,0
Add me on WhatsApp: +1 762 168 4148,1
Does it come in other colors?,0
How soon can I get it?,0
Reach me at 466-718-3141,1
Where do you ship from?,0
This looks good.,0
Does it come in other colors?,0
What are the dimensions?,0
What’s the price?,0
Can you show more photos?,0
What are the dimensions?,0
Can you show more photos?,0
What are the dimensions?,0
Let's connect on LinkedIn: https://linkedin.com/in/david459,1
What’s the price?,0
my digits: +1-964-553-5635,1
you can DM me at shopper451 on Insta,1
What’s the price?,0
c o n t a c t : +1-817-735-4748,1
Do you have it in stock?,0
Where do you ship from?,0
Nice product!,0
Can you show more photos?,0
Can you show more photos?,0
I’m interested in this item.,0
I’m interested in this item.,0
How soon can I get it?,0
Where do you ship from?,0
hmu @ fashionista616,1
This looks good.,0
What are the dimensions?,0
What are the dimensions?,0
This looks good.,0
Does it come in other colors?,0
What’s the price?,0
WhatsApp me at +1-555-198-1545,1
This looks good.,0
Do you have it in stock?,0
Text me at 555-926-3007 for more info.,1
What are the dimensions?,0
What’s the price?,0
What’s the price?,0
Can you show more photos?,0
Where do you ship from?,0
DM me on Facebook: facebook.com/devguy859,1
Connect on LinkedIn (linkedin.com/in/shopper312),1
Email me at heidi87@test.org,1
I’m interested in this item.,0
Where do you ship from?,0
What are the dimensions?,0
What are the dimensions?,0
Follow me on Twitter: @frank661,1
My Snapchat is charlie645,1
What are the dimensions?,0
What are the dimensions?,0
Does it come in other colors?,0
Can you show more photos?,0
Can you share your phone number so I can send you details?,1
I’m interested in this item.,0
Mail me: charlie17@example.com,1
Does it come in other colors?,0
Nice product!,0
What are the dimensions?,0
fb.com/coolcat794,1
How soon can I get it?,0
Can you show more photos?,0
Does it come in other colors?,0
Do you have it in stock?,0
Does it come in other colors?,0
Find me on Facebook: https://facebook.com/frank970,1
Nice product!,0
Does it come in other colors?,0
get in touch @ user3778@example.com,1
Do you have it in stock?,0
Nice product!,0
How soon can I get it?,0
This looks good.,0
Nice product!,0
Nice product!,0
Can you show more photos?,0
What are the dimensions?,0
Message me at user2684@example.com,1
How soon can I get it?,0
Does it come in other colors?,0
C o n t a c t :   8 1 0 - 3 7 5 - 0 9 0 8,1
Contact me via Telegram: @jane.smith,1
Nice product!,0
How soon can I get it?,0
Where do you ship from?,0
Hit me up on WhatsApp at +1-164-971-7237,1
Where do you ship from?,0
Does it come in other colors?,0
I’m interested in this item.,0
Nice product!,0
How soon can I get it?,0
What are the dimensions?,0
Does it come in other colors?,0
Where do you ship from?,0
Where do you ship from?,0
Does it come in other colors?,0
What are the dimensions?,0
Where do you ship from?,0
How soon can I get it?,0
I’m interested in this item.,0
How soon can I get it?,0
Do you have it in stock?,0
I’m interested in this item.,0
Nice product!,0
hmu @ coolcat822,1
Email me at ivan81@test.org,1
find me at user7971@example.com 😉,1
Can you share your phone number so I can send you details?,1
Text me at 555-979-4161 for more info.,1
e m a i l m e @ user7803@example.com,1
Nice product!,0
DM me on Facebook: facebook.com/shopper32,1
My TikTok: @alice972,1
This looks good.,0
What’s the price?,0
How soon can I get it?,0
What are the dimensions?,0
Does it come in other colors?,0
What are the dimensions?,0
This looks good.,0
wanna chat? +1-666-363-2912,1
Connect on LinkedIn (linkedin.com/in/shopper10),1
How soon can I get it?,0
How soon can I get it?,0
How soon can I get it?,0
This looks good.,0
Do you have it in stock?,0
fb.com/devguy786,1
Can you show more photos?,0
I’m interested in this item.,0
Can you show more photos?,0
You can reach me at 555-658-5387,1
What’s the price?,0
This looks good.,0
What are the dimensions?,0
Mail me: ivan80@example.com,1
I’m interested in this item.,0
What’s the price?,0
Does it come in other colors?,0
Does it come in other colors?,0
Where do you ship from?,0
I’m interested in this item.,0
This looks good.,0
I’m interested in this item.,0
Find me on Facebook: https://facebook.com/alice605,1
This looks good.,0
message me via g m a i l at user3419@example.com,1
What’s the price?,0
This looks good.,0
Where do you ship from?,0
Nice product!,0
What are the dimensions?,0
What’s the price?,0
I’m interested in this item.,0
This looks good.,0
Text me at (954) 093-7161,1
How soon can I get it?,0
What’s the price?,0
I’m interested in this item.,0
Do you have it in stock?,0
I’m interested in this item.,0
Nice product!,0
What’s the price?,0
What are the dimensions?,0
This looks good.,0
"Email is user4109@example.com, reach out anytime.",1
Contact: +1-245-208-3842,1
I’m interested in this item.,0
Do you have it in stock?,0
Can you show more photos?,0
What’s the price?,0
Text me at 555-546-9611 for more info.,1
Where do you ship from?,0
Where do you ship from?,0
I’m interested in this item.,0
I’m interested in this item.,0
This looks good.,0
I’m interested in this item.,0
Let's connect on LinkedIn: https://linkedin.com/in/eve193,1
I’m interested in this item.,0
I’m interested in this item.,0
Nice product!,0
I’m interested in this item.,0
📧 user8170@example.com,1
Let's connect on LinkedIn: https://linkedin.com/in/judy457,1
Where do you ship from?,0
What are the dimensions?,0
I’m interested in this item.,0
Nice product!,0
What’s the price?,0
This looks good.,0
Does it come in other colors?,0
What are the dimensions?,0
Send me a DM on Facebook: facebook.com/best_pizza,1
What are the dimensions?,0
Email me at user137@example.com,1
This looks good.,0
t e l : +1-790-813-2067,1
Can you show more photos?,0
What’s the price?,0
Nice product!,0
How soon can I get it?,0
c o n t a c t : +1-939-322-5264,1
Find me on Facebook: https://facebook.com/david403,1
What are the dimensions?,0
Can you show more photos?,0
Message me on Signal: +1 918 478 5365,1
I’m interested in this item.,0
DM me on Instagram @fashionguru,1
Do you have it in stock?,0
What’s the price?,0
How soon can I get it?,0
What are the dimensions?,0
This looks good.,0
What’s the price?,0
How soon can I get it?,0
Let's connect on LinkedIn: linkedin.com/in/designer123,1
What are the dimensions?,0
What’s the price?,0
Nice product!,0
Do you have it in stock?,0
Nice product!,0
Add me on WhatsApp: 555-282-1871,1
my digits: +1-807-663-8870,1
Nice product!,0
I’m interested in this item.,0
I’m interested in this item.,0
Does it come in other colors?,0
Does it come in other colors?,0
How soon can I get it?,0
snap me at s-n-a-p devguy165,1
Where do you ship from?,0
Hit me up on WhatsApp at 555-534-9467,1
What’s the price?,0
Hit me up on WhatsApp at 555-437-1653,1
Does it come in other colors?,0
Follow me on Twitter: @alice999,1
Do you have it in stock?,0
Where do you ship from?,0
Ping me on Telegram: @frank602,1
What’s the price?,0
Contact: +1-925-842-2416,1
I’m interested in this item.,0
Do you have it in stock?,0
Where do you ship from?,0
I’m interested in this item.,0
How soon can I get it?,0
Text me at 916-580-1364,1
How soon can I get it?,0
How soon can I get it?,0
snap me at s-n-a-p fashionista562,1
This looks good.,0
Does it come in other colors?,0
What are the dimensions?,0
Email me at user7894@example.com,1
Nice product!,0
Do you have it in stock?,0
My WeChat ID is jane.smith,1
Do you have it in stock?,0
I’m interested in this item.,0
telegram: t dot me slash fashionista720,1
Reach out on WhatsApp at +1-930-204-6943,1
This looks good.,0
Contact: +1-908-607-8029,1
Nice product!,0
I’m interested in this item.,0
Add me on WhatsApp: 555-419-7038,1
t e l : +1-469-394-6789,1
you can DM me at coolcat804 on Insta,1
How soon can I get it?,0
This looks good.,0
Nice product!,0
This looks good.,0
Nice product!,0
Message me on Snapchat: jane.smith,1
Twitter me at 325-088-7473,1
I’m interested in this item.,0
Nice product!,0
What’s the price?,0
Do you have it in stock?,0
Where do you ship from?,0
Email me at user787@example.com,1
This looks good.,0
Does it come in other colors?,0
Nice product!,0
"Email is user6012@example.com, reach out anytime.",1
Connect on LinkedIn (linkedin.com/in/jane.smith),1
t e l : +1-389-677-7745,1
This looks good.,0
"Email is user4654@example.com, reach out anytime.",1
Does it come in other colors?,0
Where do you ship from?,0
I’m interested in this item.,0
How soon can I get it?,0
Nice product!,0
Nice product!,0
This looks good.,0
Nice product!,0
Text me at +1-605-488-8169,1
Nice product!,0
Contact: +1-778-165-3856,1
What are the dimensions?,0
Does it come in other colors?,0
Do you have it in stock?,0
Do you have it in stock?,0
What’s the price?,0
snap me at s-n-a-p shopper66,1
Can you show more photos?,0
Reach out on WhatsApp at +1-432-317-6643,1
This looks good.,0
My WeChat ID is jane.smith,1
Does it come in other colors?,0
Nice product!,0
How soon can I get it?,0
Nice product!,0
telegram: t dot me slash coolcat878,1
You can reach me at 555-683-8749,1
What are the dimensions?,0
I’m interested in this item.,0
Do you have it in stock?,0
What’s the price?,0
What are the dimensions?,0
I’m interested in this item.,0
I’m interested in this item.,0
c o n t a c t : +1-260-223-7177,1
Can you show more photos?,0
Where do you ship from?,0
I’m interested in this item.,0
How soon can I get it?,0
I’m interested in this item.,0
How soon can I get it?,0
Nice product!,0
What’s the price?,0
WhatsApp me at +1-555-533-1974,1
Where do you ship from?,0
Mail me: judy84@email.net,1
Reach me at 3522979147,1
Do you have it in stock?,0
Where do you ship from?,0
What are the dimensions?,0
Can you show more photos?,0
Nice product!,0
telegram: t dot me slash devguy271,1
WhatsApp me at +1-555-672-3544,1
Can you show more photos?,0
You can reach me at 555-596-8380,1
Nice product!,0
I’m interested in this item.,0
Can you show more photos?,0
Does it come in other colors?,0
This looks good.,0
I’m interested in this item.,0
Can you show more photos?,0
This looks good.,0
Do you have it in stock?,0
Nice product!,0
Where do you ship from?,0
What’s the price?,0
Text me at 555-576-2228 for more info.,1
Nice product!,0
This looks good.,0
Can you show more photos?,0
Does it come in other colors?,0
What’s the price?,0
What are the dimensions?,0
Nice product!,0
Where do you ship from?,0
Do you have it in stock?,0
DM me on Facebook: facebook.com/coolcat730,1
Can you show more photos?,0
"Email is user9692@example.com, reach out anytime.",1
What are the dimensions?,0
Does it come in other colors?,0
What’s the price?,0
i v a n 6 4 @ e x a m p l e . c o m,1
Can you show more photos?,0
Do you have it in stock?,0
This looks good.,0
Does it come in other colors?,0
Nice product!,0
This looks good.,0
e m a i l m e @ user4094@example.com,1
Text me at +1-347-234-7108,1
How soon can I get it?,0
Nice product!,0
What are the dimensions?,0
"My contact is 555-610-2684, call me.",1
Where do you ship from?,0
Call me at +1 991 798 2616,1
What are the dimensions?,0
Contact me via Telegram: @designer123,1
DM me on Instagram @jane.smith,1
This looks good.,0
Nice product!,0
Snapchat me at (255) 977-2650,1
This looks good.,0
What are the dimensions?,0
Where do you ship from?,0
Do you have it in stock?,0
How soon can I get it?,0
I’m interested in this item.,0
Can you show more photos?,0
Add me on WhatsApp: 555-898-2404,1
Where do you ship from?,0
This looks good.,0
you can DM me at shopper296 on Insta,1
Does it come in other colors?,0
WhatsApp me at +1-555-529-6376,1
I’m interested in this item.,0
Reach me at +1 742 295 6460,1
How soon can I get it?,0
How soon can I get it?,0
What are the dimensions?,0
How soon can I get it?,0
Do you have it in stock?,0
This looks good.,0
My WeChat ID is john_doe,1
Nice product!,0
This looks good.,0
Text me at 555-252-1638 for more info.,1
This looks good.,0
What’s the price?,0
Do you have it in stock?,0
Do you have it in stock?,0
Do you have it in stock?,0
I’m interested in this item.,0
Do you have it in stock?,0
What’s the price?,0
Nice product!,0
How soon can I get it?,0
Can you show more photos?,0
Ping me on Telegram: @ivan64,1
How soon can I get it?,0
This looks good.,0
Where do you ship from?,0
Can you share your phone number so I can send you details?,1
Can you show more photos?,0
I’m interested in this item.,0
This looks good.,0
Please email me at user6887@example.com,1
Follow me on Twitter: @frank488,1
Where do you ship from?,0
What’s the price?,0
How soon can I get it?,0
Does it come in other colors?,0
Can you show more photos?,0
What are the dimensions?,0
This looks good.,0
What’s the price?,0
What’s the price?,0
Follow me on Twitter: @judy682,1
How soon can I get it?,0
How soon can I get it?,0
Message me on Signal: +1 003 132 7433,1
c o n t a c t : +1-144-900-9678,1
I’m interested in this item.,0
Find me on Facebook: https://facebook.com/heidi219,1
I’m interested in this item.,0
find me at user7529@example.com 😉,1
find me at user6123@example.com 😉,1
What are the dimensions?,0
I’m interested in this item.,0
I’m interested in this item.,0
I’m interested in this item.,0
This looks good.,0
This looks good.,0
Message me on Signal: (363) 145-1799,1
I’m interested in this item.,0
What’s the price?,0
Do you have it in stock?,0
Nice product!,0
What are the dimensions?,0
Does it come in other colors?,0
"My contact is 555-434-4100, call me.",1
Nice product!,0
Where do you ship from?,0
What are the dimensions?,0
Does it come in other colors?,0
Nice product!,0
What are the dimensions?,0
What’s the price?,0
Contact via email: ivan92@test.org,1
Find me on Facebook: https://facebook.com/frank241,1
Can you show more photos?,0
"My contact is 555-627-7091, call me.",1
This looks good.,0
What are the dimensions?,0
What’s the price?,0
Can you share your phone number so I can send you details?,1
This looks good.,0
Does it come in other colors?,0
My TikTok: @heidi574,1
Follow me on Twitter: @ivan657,1
Can you show more photos?,0
What are the dimensions?,0
How soon can I get it?,0
Follow me on Twitter: @david977,1
What are the dimensions?,0
Does it come in other colors?,0
What are the dimensions?,0
DM me on Instagram @shopper99,1
Call me at 3926003056,1
Can you show more photos?,0
"My contact is 555-127-3019, call me.",1
Please email me at user6671@example.com,1
My Snapchat is alice943,1
What’s the price?,0
Skype me at +1 128 753 7976,1
Do you have it in stock?,0
This looks good.,0
Does it come in other colors?,0
How soon can I get it?,0
What’s the price?,0
This looks good.,0
Nice product!,0
Where do you ship from?,0
Where do you ship from?,0
This looks good.,0
I’m interested in this item.,0
What are the dimensions?,0
This looks good.,0
What are the dimensions?,0
Can you show more photos?,0
I’m interested in this item.,0
This looks good.,0
This looks good.,0
Can you show more photos?,0
What’s the price?,0
Nice product!,0
Contact: +1-329-570-1166,1
What’s the price?,0
Can you show more photos?,0
Where do you ship from?,0
What’s the price?,0
How soon can I get it?,0
Message me at user6235@example.com,1
What’s the price?,0
Where do you ship from?,0
Connect on LinkedIn (linkedin.com/in/coolcat587),1
Do you have it in stock?,0
Does it come in other colors?,0
How soon can I get it?,0
Can you show more photos?,0
What’s the price?,0
Send me a DM on Facebook: facebook.com/fashionguru,1
I’m interested in this item.,0
C a l l   m e :   3 5 2 4 6 8 5 3 4 4,1
How soon can I get it?,0
Do you have it in stock?,0
Connect on LinkedIn (linkedin.com/in/best_pizza),1
What’s the price?,0
reach at t w o o o @example.com,1
What are the dimensions?,0
Where do you ship from?,0
Can I have your email address?,1
What’s the price?,0
Can you show more photos?,0
📧 user7270@example.com,1
Do you have it in stock?,0
What’s the price?,0
Message me on Signal: (181) 232-0713,1
What are the dimensions?,0
Nice product!,0
Text me at 423-406-0312,1
This looks good.,0
Where do you ship from?,0
Do you have it in stock?,0
Nice product!,0
How soon can I get it?,0
Does it come in other colors?,0
Here is my email: user3028@example.com,1
Here is my email: user5366@example.com,1
How soon can I get it?,0
My Snapchat is bob823,1
I’m interested in this item.,0
How soon can I get it?,0
Email me at heidi28@email.net,1
Where do you ship from?,0
Does it come in other colors?,0
Where do you ship from?,0
What are the dimensions?,0
Do you have it in stock?,0
This looks good.,0
Send me a DM on Facebook: facebook.com/jane.smith,1
Mail me: grace71@test.org,1
Does it come in other colors?,0
I’m interested in this item.,0
This looks good.,0
What are the dimensions?,0
Let's connect on LinkedIn: https://linkedin.com/in/grace79,1
Does it come in other colors?,0
This looks good.,0
Does it come in other colors?,0
Does it come in other colors?,0
Can you show more photos?,0
telegram: t dot me slash devguy184,1
Snapchat me @ shopper963,1
Hit me up on WhatsApp at +1-767-515-2081,1
How soon can I get it?,0
my digits: +1-122-978-2824,1
Call me at 559-522-5807,1
This looks good.,0
Nice product!,0
Can I have your email address?,1
I’m interested in this item.,0
This looks good.,0
I’m interested in this item.,0
What are the dimensions?,0
Where do you ship from?,0
Where do you ship from?,0
Can you show more photos?,0
Does it come in other colors?,0
Email me at user7732@example.com,1
What’s the price?,0
What’s the price?,0
Where do you ship from?,0
Can you show more photos?,0
Where do you ship from?,0
Can you show more photos?,0
What are the dimensions?,0
Do you have it in stock?,0
"My contact is 555-240-4919, call me.",1
What are the dimensions?,0
I’m interested in this item.,0
Can you show more photos?,0
How soon can I get it?,0
Reach me at 569-449-3360,1
Can you show more photos?,0
Do you have it in stock?,0
This looks good.,0
This looks good.,0
Where do you ship from?,0
Does it come in other colors?,0
Can I have your email address?,1
Text me at +1-645-544-4200,1
Where do you ship from?,0
Do you have it in stock?,0
snap me at s-n-a-p fashionista102,1
I’m interested in this item.,0
How soon can I get it?,0
This looks good.,0
Where do you ship from?,0
Nice product!,0
What’s the price?,0
Does it come in other colors?,0
Do you have it in stock?,0
I’m interested in this item.,0
I’m interested in this item.,0
Nice product!,0
Does it come in other colors?,0
Can you show more photos?,0
Does it come in other colors?,0
Can you show more photos?,0
What’s the price?,0
This looks good.,0
Nice product!,0
How soon can I get it?,0
Nice product!,0
This looks good.,0
Can you show more photos?,0
Nice product!,0
Nice product!,0
Text me at 555-439-9603 for more info.,1
Reach me at (944) 917-4470,1
Do you have it in stock?,0
Nice product!,0
Do you have it in stock?,0
get in touch @ user4796@example.com,1
Do you have it in stock?,0
Can you show more photos?,0
Nice product!,0
Nice product!,0
Where do you ship from?,0
Does it come in other colors?,0
Where do you ship from?,0
Can you show more photos?,0
Do you have it in stock?,0
Here's my email: user5262@example.com,1
I’m interested in this item.,0
Can you show more photos?,0
Where do you ship from?,0
How soon can I get it?,0
How soon can I get it?,0
What are the dimensions?,0
This looks good.,0
My number is (377) 219-1606,1
Can you show more photos?,0
Do you have it in stock?,0
Does it come in other colors?,0
g r a c e 6 5 @ t e s t . o r g,1
What are the dimensions?,0
Do you have it in stock?,0
How soon can I get it?,0
I’m interested in this item.,0
Can you show more photos?,0
Please email me at user6783@example.com,1
What are the dimensions?,0
reach at t w o o o @example.com,1
Let's connect on LinkedIn: https://linkedin.com/in/judy876,1
What are the dimensions?,0
Where do you ship from?,0
Does it come in other colors?,0
"Email is user3096@example.com, reach out anytime.",1
This looks good.,0
I’m interested in this item.,0
What are the dimensions?,0
Does it come in other colors?,0
C o n t a c t :   + 1   0 6 1   4 2 8   3 3 5 7,1
Where do you ship from?,0
DM me on Instagram: @charlie266,1
What are the dimensions?,0
What are the dimensions?,0
message me via g m a i l at user6301@example.com,1
t e l : +1-701-543-9432,1
What are the dimensions?,0
a l i c e 3 6 @ m a i l . c o m,1
Telegram me at +1 822 754 3213,1
What are the dimensions?,0
How soon can I get it?,0
I’m interested in this item.,0
This looks good.,0
What’s the price?,0
You can reach me at 555-856-8217,1
This looks good.,0
Can you show more photos?,0
Where do you ship from?,0
This looks good.,0
This looks good.,0
What are the dimensions?,0
Message me on Snapchat: shop_owner,1
Nice product!,0
How soon can I get it?,0
Can you show more photos?,0
I’m interested in this item.,0
Here's my email: user858@example.com,1
How soon can I get it?,0
Do you have it in stock?,0
Nice product!,0
Do you have it in stock?,0
Send me a DM on Facebook: facebook.com/shopper99,1
How soon can I get it?,0
What’s the price?,0
Do you have it in stock?,0
Can you show more photos?,0
How soon can I get it?,0
You can reach me at 555-362-3179,1
What are the dimensions?,0
Does it come in other colors?,0
Can you show more photos?,0
Does it come in other colors?,0
Message via email: alice1@email.net,1
This looks good.,0
Does it come in other colors?,0
How soon can I get it?,0
Email me at alice99@test.org,1
Where do you ship from?,0
What’s the price?,0
Can you show more photos?,0
Reach out on WhatsApp at +1-234-595-1871,1
my digits: +1-167-240-4653,1
You can reach me at 555-137-7145,1
How soon can I get it?,0
Where do you ship from?,0
My TikTok: @bob383,1
Do you have it in stock?,0
Can you show more photos?,0
How soon can I get it?,0
This looks good.,0
e m a i l m e @ user305@example.com,1
C o n t a c t :   7 9 1 5 8 4 7 0 6 8,1
Instagram me at +1 114 993 0197,1
I’m interested in this item.,0
Where do you ship from?,0
I’m interested in this item.,0
This looks good.,0
My Snapchat is alice96,1
Text me at 711-093-0767,1
Where do you ship from?,0
Mail me: eve58@test.org,1
What’s the price?,0
Add me on WhatsApp: 555-139-2697,1
How soon can I get it?,0
c o n t a c t : +1-363-526-2299,1
What are the dimensions?,0
Does it come in other colors?,0
I’m interested in this item.,0
Do you have it in stock?,0
This looks good.,0
Where do you ship from?,0
Follow me on Instagram @tech_lead and DM.,1
Contact via email: heidi83@example.com,1
Where do you ship from?,0
Nice product!,0
Does it come in other colors?,0
How soon can I get it?,0
Here's my email: user3242@example.com,1
What are the dimensions?,0
This looks good.,0
This looks good.,0
Add me on WhatsApp: 841-984-4115,1
I’m interested in this item.,0
My number is (192) 217-4255,1
Nice product!,0
Nice product!,0
Can you show more photos?,0
Where do you ship from?,0
How soon can I get it?,0
Does it come in other colors?,0
Add me on WhatsApp: (921) 523-6609,1
C a l l   m e :   7 7 2 3 0 1 2 6 3 8,1
t e l : +1-745-877-1736,1
snap me at s-n-a-p coolcat896,1
What’s the price?,0
Does it come in other colors?,0
I’m interested in this item.,0
How soon can I get it?,0
I’m interested in this item.,0
e m a i l m e @ user4737@example.com,1
c o n t a c t : +1-699-416-6671,1
What are the dimensions?,0
Message me at user8716@example.com,1
I’m interested in this item.,0
This looks good.,0
message me via g m a i l at user3927@example.com,1
This looks good.,0
How soon can I get it?,0
This looks good.,0
you can DM me at shopper433 on Insta,1
Can you show more photos?,0
I’m interested in this item.,0
Nice product!,0
What are the dimensions?,0
Does it come in other colors?,0
I’m interested in this item.,0
Do you have it in stock?,0
Does it come in other colors?,0
LinkedIn me at +1 136 410 9055,1
What are the dimensions?,0
Can you show more photos?,0
"My contact is 555-732-1650, call me.",1
What are the dimensions?,0
What are the dimensions?,0
Where do you ship from?,0
How soon can I get it?,0
Text me at +1-120-897-1855,1
Do you have it in stock?,0
How soon can I get it?,0
Can you show more photos?,0
Does it come in other colors?,0
This looks good.,0
Does it come in other colors?,0
Reach me at 880-603-9044,1
What are the dimensions?,0
Can you show more photos?,0
This looks good.,0
What’s the price?,0
Nice product!,0
What are the dimensions?,0
What’s the price?,0
What are the dimensions?,0
I’m interested in this item.,0
Do you have it in stock?,0
My number is 4678865593,1
Can you show more photos?,0
How soon can I get it?,0
Does it come in other colors?,0
Do you have it in stock?,0
Contact me via Telegram: @shop_owner,1
I’m interested in this item.,0
telegram: t dot me slash shopper57,1
This looks good.,0
DM me on Instagram: @heidi558,1
Nice product!,0
Do you have it in stock?,0
What’s the price?,0
I’m interested in this item.,0
Where do you ship from?,0
How soon can I get it?,0
I’m interested in this item.,0
How soon can I get it?,0
What are the dimensions?,0
Do you have it in stock?,0
Nice product!,0
C a l l   m e :   5 0 5 1 9 1 0 8 4 1,1
What are the dimensions?,0
Message me on Snapchat: best_pizza,1
Do you have it in stock?,0
DM me on Instagram @designer123,1
What are the dimensions?,0
Can you show more photos?,0
snap me at s-n-a-p shopper927,1
How soon can I get it?,0
What are the dimensions?,0
Does it come in other colors?,0
Nice product!,0
This looks good.,0
Nice product!,0
Do you have it in stock?,0
hmu @ shopper921,1
Where do you ship from?,0
Where do you ship from?,0
Nice product!,0
This looks good.,0
Does it come in other colors?,0
I’m interested in this item.,0
📱 +1-134-306-9053,1
I’m interested in this item.,0
Nice product!,0
📱 +1-893-450-1979,1
Send me a DM on Facebook: facebook.com/designer123,1
I’m interested in this item.,0
Do you have it in stock?,0
Add me on WhatsApp: 555-622-1399,1
find me at user9292@example.com 😉,1
I’m interested in this item.,0
Do you have it in stock?,0
Nice product!,0
Does it come in other colors?,0
Do you have it in stock?,0
Does it come in other colors?,0
Here is my email: user6413@example.com,1
Nice product!,0
How soon can I get it?,0
C a l l   m e :   7 1 0 6 6 7 7 8 9 4,1
My number is +1 024 608 9897,1
What’s the price?,0
What are the dimensions?,0
I’m interested in this item.,0
What’s the price?,0
Reach me at +1 457 311 2824,1
Follow me on Instagram @fashioneer and DM.,1
What’s the price?,0
Add me on Facebook (facebook.com/john_doe),1
Do you have it in stock?,0
Can you show more photos?,0
I’m interested in this item.,0
What are the dimensions?,0
Do you have it in stock?,0
Does it come in other colors?,0
Does it come in other colors?,0
Nice product!,0
Where do you ship from?,0
Follow me on Instagram @fashionguru and DM.,1
Connect on LinkedIn (linkedin.com/in/john_doe),1
wanna chat? +1-821-274-6360,1
What are the dimensions?,0
Do you have it in stock?,0
How soon can I get it?,0
I’m interested in this item.,0
Does it come in other colors?,0
"My contact is 555-288-4881, call me.",1
What are the dimensions?,0
Nice product!,0
How soon can I get it?,0
📱 +1-137-271-8246,1
What’s the price?,0
Find me on Facebook: https://facebook.com/frank181,1
Nice product!,0
This looks good.,0
g r a c e 8 1 @ t e s t . o r g,1
Does it come in other colors?,0
Contact me on Skype: judy22,1
Can you show more photos?,0
Do you have it in stock?,0
Can you show more photos?,0
I’m interested in this item.,0
What are the dimensions?,0
Text me at 555-749-8952 for more info.,1
My Snapchat is alice446,1
Do you have it in stock?,0
Message me on Signal: 706-951-5303,1
I’m interested in this item.,0
Does it come in other colors?,0
This looks good.,0
I’m interested in this item.,0
What’s the price?,0
Find me on Facebook: https://facebook.com/grace812,1
Nice product!,0
Email me at user8138@example.com,1
This looks good.,0
Do you have it in stock?,0
t e l : +1-381-635-9416,1
You can reach me at 555-762-6192,1
How soon can I get it?,0
Do you have it in stock?,0
Can you show more photos?,0
Can you show more photos?,0
Does it come in other colors?,0
Contact: +1-949-549-4493,1
I’m interested in this item.,0
Can you share your phone number so I can send you details?,1
What’s the price?,0
I’m interested in this item.,0
Does it come in other colors?,0
b o b 3 0 @ e m a i l . n e t,1
What’s the price?,0
How soon can I get it?,0
How soon can I get it?,0
How soon can I get it?,0
Do you have it in stock?,0
What’s the price?,0
Connect on LinkedIn (linkedin.com/in/tech_lead),1
Do you have it in stock?,0
Do you have it in stock?,0
What’s the price?,0
DM me on Instagram @fashionguru,1
Snapchat me @ shopper145,1
How soon can I get it?,0
Can you show more photos?,0
What’s the price?,0
Where do you ship from?,0
Do you have it in stock?,0
How soon can I get it?,0
How soon can I get it?,0
Connect on LinkedIn (linkedin.com/in/fashioneer),1
Nice product!,0
Where do you ship from?,0
How soon can I get it?,0
WhatsApp me at +1-555-188-6163,1
Text me at (933) 966-0568,1
Email me at charlie52@example.com,1
Nice product!,0
How soon can I get it?,0
LinkedIn me at (000) 486-5245,1
Nice product!,0
Find me on Facebook: https://facebook.com/grace475,1
Can you show more photos?,0
Can you show more photos?,0
How soon can I get it?,0
How soon can I get it?,0
Where do you ship from?,0
This looks good.,0
I’m interested in this item.,0
What’s the price?,0
Can you show more photos?,0
Where do you ship from?,0
What are the dimensions?,0
Can you show more photos?,0
Nice product!,0
What’s the price?,0
Nice product!,0
Does it come in other colors?,0
Nice product!,0
Message me on Signal: 667-826-3983,1
Text me at 3661664706,1
Can you show more photos?,0
Where do you ship from?,0
Nice product!,0
Can you show more photos?,0
Do you have it in stock?,0
What’s the price?,0
What’s the price?,0
What’s the price?,0
How soon can I get it?,0
Where do you ship from?,0
Follow me on Twitter: @charlie792,1
Do you have it in stock?,0
My TikTok: @heidi914,1
Add me on WhatsApp: 8501944447,1
📱 +1-475-634-6378,1
This looks good.,0
How soon can I get it?,0
Let's connect on LinkedIn: linkedin.com/in/tech_lead,1
telegram: t dot me slash fashionista395,1
Text me at +1 158 039 4076,1
Can you show more photos?,0
I’m interested in this item.,0
What’s the price?,0
Nice product!,0
Can you show more photos?,0
Can you show more photos?,0
Nice product!,0
Contact me via Telegram: @designer123,1
This looks good.,0
How soon can I get it?,0
How soon can I get it?,0
Can you show more photos?,0
What are the dimensions?,0
How soon can I get it?,0
Does it come in other colors?,0
Do you have it in stock?,0
I’m interested in this item.,0
How soon can I get it?,0
Where do you ship from?,0
This looks good.,0
Can you show more photos?,0
Can you show more photos?,0
Can you show more photos?,0
I’m interested in this item.,0
What are the dimensions?,0
What are the dimensions?,0
What are the dimensions?,0
Does it come in other colors?,0
wanna chat? +1-304-299-4331,1
Where do you ship from?,0
Message via email: heidi31@email.net,1
Here is my email: user7459@example.com,1
Can you show more photos?,0
This looks good.,0
Can you show more photos?,0
Follow me on Twitter: @bob451,1
Does it come in other colors?,0
Can you show more photos?,0
Does it come in other colors?,0
What are the dimensions?,0
Does it come in other colors?,0
Reach me at 6411194240,1
Let's connect on LinkedIn: https://linkedin.com/in/eve954,1
Follow me on Twitter: @eve122,1
Where do you ship from?,0
What are the dimensions?,0
Where do you ship from?,0
What’s the price?,0
Does it come in other colors?,0
"My contact is 555-309-3824, call me.",1
This looks good.,0
I’m interested in this item.,0
How soon can I get it?,0
This looks good.,0
What’s the price?,0
What’s the price?,0
What’s the price?,0
Email me at heidi79@example.com,1
Nice product!,0
This looks good.,0
Does it come in other colors?,0
This looks good.,0
Add me on WhatsApp: +1 859 479 4294,1
Nice product!,0
Where do you ship from?,0
c   o   n   t   a   c   t   m   e   3 2 8 - 5 0 9 - 4 3 3 8,1
Where do you ship from?,0
What are the dimensions?,0
What’s the price?,0
What are the dimensions?,0
C a l l   m e :   8 0 7 - 1 2 2 - 1 8 0 1,1
Does it come in other colors?,0
Nice product!,0
This looks good.,0
I’m interested in this item.,0
"Email is user1587@example.com, reach out anytime.",1
This looks good.,0
Where do you ship from?,0
Does it come in other colors?,0
DM me on Instagram: @ivan180,1
What’s the price?,0
Here's my email: user2197@example.com,1
Does it come in other colors?,0
How soon can I get it?,0
This looks good.,0
Email me at judy83@email.net,1
Can you show more photos?,0
Do you have it in stock?,0
What are the dimensions?,0
Do you have it in stock?,0
What’s the price?,0
My TikTok: @judy62,1
Nice product!,0
Where do you ship from?,0
Does it come in other colors?,0
Add me on WhatsApp: 940-718-5967,1
This looks good.,0
What’s the price?,0
Find me on Facebook: https://facebook.com/judy401,1
my email id is user8654@example.com,1
What’s the price?,0
I’m interested in this item.,0
This looks good.,0
This looks good.,0
What’s the price?,0
What’s the price?,0
Does it come in other colors?,0
Can you show more photos?,0
I’m interested in this item.,0
How soon can I get it?,0
This looks good.,0
reach at t w o o o @example.com,1
I’m interested in this item.,0
How soon can I get it?,0
What’s the price?,0
Do you have it in stock?,0
Do you have it in stock?,0
Where do you ship from?,0
What are the dimensions?,0
Can you show more photos?,0
Do you have it in stock?,0
How soon can I get it?,0
This looks good.,0
DM me on Instagram @designer123,1
How soon can I get it?,0
What’s the price?,0
What are the dimensions?,0
Can you show more photos?,0
How soon can I get it?,0
I’m interested in this item.,0
Where do you ship from?,0
How soon can I get it?,0
Mail me: alice70@test.org,1
Where do you ship from?,0
What are the dimensions?,0
I’m interested in this item.,0
Where do you ship from?,0
Where do you ship from?,0
Do you have it in stock?,0
Do you have it in stock?,0
Can you show more photos?,0
Can you show more photos?,0
Nice product!,0
Does it come in other colors?,0
I’m interested in this item.,0
Can you show more photos?,0
get in touch @ user2647@example.com,1
This looks good.,0
Can you show more photos?,0
This looks good.,0
What are the dimensions?,0
What’s the price?,0
Can you show more photos?,0
Text me at +1 187 143 2032,1
How soon can I get it?,0
This looks good.,0
Message me at user2421@example.com,1
My TikTok: @alice578,1
Does it come in other colors?,0
Does it come in other colors?,0
I’m interested in this item.,0
Add me on Facebook (facebook.com/fashionguru),1
Nice product!,0
Do you have it in stock?,0
Can you show more photos?,0
I’m interested in this item.,0
I’m interested in this item.,0
WhatsApp me at +1-555-904-7842,1
Where do you ship from?,0
What are the dimensions?,0
DM me on Facebook: facebook.com/coolcat756,1
Mail me: eve17@test.org,1
Where do you ship from?,0
What are the dimensions?,0
wanna chat? +1-292-768-9345,1
What’s the price?,0
snap me at s-n-a-p devguy885,1
Can you show more photos?,0
Here's my email: user8558@example.com,1
What are the dimensions?,0
C a l l   m e :   4 9 6 6 7 9 1 2 6 6,1
DM me on Instagram @coolguy42,1
What are the dimensions?,0
Where do you ship from?,0
What are the dimensions?,0
Can you show more photos?,0
This looks good.,0
Let's connect on LinkedIn: https://linkedin.com/in/grace205,1
Find me on Facebook: https://facebook.com/david380,1
I’m interested in this item.,0
This looks good.,0
Mail me: alice39@mail.com,1
Does it come in other colors?,0
I’m interested in this item.,0
c   o   n   t   a   c   t   m   e   1 2 2 - 4 6 9 - 8 1 5 3,1
What’s the price?,0
How soon can I get it?,0
This looks good.,0
I’m interested in this item.,0
My WeChat ID is designer123,1
This looks good.,0
I’m interested in this item.,0
Where do you ship from?,0
How soon can I get it?,0
What are the dimensions?,0
my digits: +1-950-307-8665,1
What are the dimensions?,0
I’m interested in this item.,0
Can you show more photos?,0
This looks good.,0
What are the dimensions?,0
Where do you ship from?,0
DM me on Instagram @shopper99,1
How soon can I get it?,0
What are the dimensions?,0
Can you show more photos?,0
This looks good.,0
Do you have it in stock?,0
Nice product!,0
Can you show more photos?,0
What are the dimensions?,0
Can you show more photos?,0
You can reach me at 555-809-1833,1
Nice product!,0
get in touch @ user5667@example.com,1
Do you have it in stock?,0
Nice product!,0
Do you have it in stock?,0
WhatsApp me at +1-555-616-2289,1
This looks good.,0
I’m interested in this item.,0
Can you show more photos?,0
What’s the price?,0
Hit me up on WhatsApp at +1-936-470-4566,1
Does it come in other colors?,0
This looks good.,0
What are the dimensions?,0
How soon can I get it?,0
How soon can I get it?,0
What are the dimensions?,0
Nice product!,0
Nice product!,0
What’s the price?,0
Do you have it in stock?,0
Do you have it in stock?,0
This looks good.,0
Text me at +1-263-633-3468,1
Nice product!,0
What’s the price?,0
Do you have it in stock?,0
What’s the price?,0
This looks good.,0
I’m interested in this item.,0
c o n t a c t : +1-633-827-7523,1
Contact me via Telegram: @shop_owner,1
I’m interested in this item.,0
Can you show more photos?,0
What’s the price?,0
Email me at user7192@example.com,1
my digits: +1-280-989-1510,1
WhatsApp me at +1-555-310-8967,1
How soon can I get it?,0
How soon can I get it?,0
This looks good.,0
Does it come in other colors?,0
Can you show more photos?,0
How soon can I get it?,0
Can you show more photos?,0
What are the dimensions?,0
Can you show more photos?,0
How soon can I get it?,0
How soon can I get it?,0
get in touch @ user5205@example.com,1
Can you show more photos?,0
This looks good.,0
I’m interested in this item.,0
Where do you ship from?,0
e m a i l m e @ user1196@example.com,1
What’s the price?,0
reach at t w o o o @example.com,1
I’m interested in this item.,0
How soon can I get it?,0
Nice product!,0
Do you have it in stock?,0
How soon can I get it?,0
Add me on Facebook (facebook.com/tech_lead),1
Can you show more photos?,0
Nice product!,0
Do you have it in stock?,0
This looks good.,0
I’m interested in this item.,0
Text me at 1645698967,1
Can you show more photos?,0
Where do you ship from?,0
fb.com/shopper313,1
Do you have it in stock?,0
Where do you ship from?,0
What are the dimensions?,0
Snapchat me @ fashionista247,1
What’s the price?,0
What’s the price?,0
What are the dimensions?,0
Nice product!,0
Where do you ship from?,0
What’s the price?,0
I’m interested in this item.,0
This looks good.,0
Where do you ship from?,0
What are the dimensions?,0
Can you show more photos?,0
Can you show more photos?,0
Let's connect on LinkedIn: https://linkedin.com/in/alice105,1
This looks good.,0
Nice product!,0
e m a i l m e @ user2378@example.com,1
Can you show more photos?,0
hmu @ coolcat443,1
What’s the price?,0
I’m interested in this item.,0
Let's connect on LinkedIn: linkedin.com/in/designer123,1
This looks good.,0
Nice product!,0
Where do you ship from?,0
How soon can I get it?,0
Do you have it in stock?,0
What are the dimensions?,0
Nice product!,0
hmu @ shopper344,1
Where do you ship from?,0
How soon can I get it?,0
How soon can I get it?,0
What are the dimensions?,0
How soon can I get it?,0
Can you show more photos?,0
Nice product!,0
Hit me up on WhatsApp at 555-324-8492,1
Add me on WhatsApp: 555-622-3693,1
Does it come in other colors?,0
I’m interested in this item.,0
Hit me up on WhatsApp at +1-345-950-1219,1
This looks good.,0
Nice product!,0
How soon can I get it?,0
My TikTok: @ivan569,1
Can you show more photos?,0
Nice product!,0
What’s the price?,0
Nice product!,0
How soon can I get it?,0
Do you have it in stock?,0
Do you have it in stock?,0
Nice product!,0
Here is my email: user6047@example.com,1
What are the dimensions?,0
Does it come in other colors?,0
Does it come in other colors?,0
How soon can I get it?,0
Does it come in other colors?,0
What’s the price?,0
Nice product!,0
My WeChat ID is shop_owner,1
What are the dimensions?,0
I’m interested in this item.,0
Do you have it in stock?,0
Nice product!,0
This looks good.,0
How soon can I get it?,0
Nice product!,0
Does it come in other colors?,0
Does it come in other colors?,0
Do you have it in stock?,0
Where do you ship from?,0
Does it come in other colors?,0
Message me on Snapchat: fashioneer,1
What are the dimensions?,0
I’m interested in this item.,0
Does it come in other colors?,0
Nice product!,0
Can you show more photos?,0
Contact via email: eve45@test.org,1
Add me on WhatsApp: 555-551-8427,1
DM me on Instagram: @alice633,1
What’s the price?,0
"My contact is 555-183-8127, call me.",1
What are the dimensions?,0
DM me on Instagram @john_doe,1
Where do you ship from?,0
Nice product!,0
Call me at 9108534059,1
What’s the price?,0
How soon can I get it?,0
Nice product!,0
Where do you ship from?,0
What’s the price?,0
What’s the price?,0
Does it come in other colors?,0
Where do you ship from?,0
How soon can I get it?,0
Do you have it in stock?,0
Can you show more photos?,0
Does it come in other colors?,0
Do you have it in stock?,0
Does it come in other colors?,0
How soon can I get it?,0
C a l l   m e :   ( 7 8 4 )   3 1 6 - 3 4 9 9,1
What are the dimensions?,0
Do you have it in stock?,0
What are the dimensions?,0
Can you show more photos?,0
Contact: +1-643-491-8170,1
I’m interested in this item.,0
Can you show more photos?,0
Does it come in other colors?,0
e m a i l m e @ user5433@example.com,1
What’s the price?,0
What are the dimensions?,0
Can you show more photos?,0
How soon can I get it?,0
Mail me: grace23@test.org,1
Does it come in other colors?,0
I’m interested in this item.,0
What are the dimensions?,0
What’s the price?,0
Does it come in other colors?,0
Nice product!,0
get in touch @ user8135@example.com,1
Does it come in other colors?,0
e m a i l m e @ user5283@example.com,1
Do you have it in stock?,0
snap me at s-n-a-p coolcat780,1
Where do you ship from?,0
Contact: +1-523-478-3526,1
Can you show more photos?,0
Nice product!,0
What’s the price?,0
Follow me on Instagram @john_doe and DM.,1
"Email is user2380@example.com, reach out anytime.",1
Here's my email: user5068@example.com,1
my email id is user4472@example.com,1
What’s the price?,0
i v a n 6 5 @ t e s t . o r g,1
What are the dimensions?,0
Please email me at user7819@example.com,1
Nice product!,0
How soon can I get it?,0
Where do you ship from?,0
Can you show more photos?,0
c h a r l i e 7 5 @ e x a m p l e . c o m,1
Message via email: eve98@mail.com,1
Can you show more photos?,0
I’m interested in this item.,0
I’m interested in this item.,0
This looks good.,0
Can you show more photos?,0
Where do you ship from?,0
Nice product!,0
📱 +1-984-862-8690,1
Does it come in other colors?,0
Nice product!,0
Nice product!,0
get in touch @ user7313@example.com,1
C o n t a c t :   4 4 5 - 0 8 7 - 8 9 5 8,1
Where do you ship from?,0
Nice product!,0
Where do you ship from?,0
Where do you ship from?,0
This looks good.,0
Nice product!,0
Nice product!,0
How soon can I get it?,0
Reach me at (786) 968-0455,1
How soon can I get it?,0
Where do you ship from?,0
Can you show more photos?,0
hmu @ coolcat692,1
I’m interested in this item.,0
Contact: +1-703-493-3265,1
Does it come in other colors?,0
Where do you ship from?,0
How soon can I get it?,0
Nice product!,0
Message me on Snapchat: john_doe,1
Contact: +1-205-487-9594,1
I’m interested in this item.,0
Can you show more photos?,0
I’m interested in this item.,0
What’s the price?,0
Do you have it in stock?,0
Ping me on Telegram: @alice436,1
What are the dimensions?,0
Can you show more photos?,0
This looks good.,0
I’m interested in this item.,0
reach at t w o o o @example.com,1
Nice product!,0
Nice product!,0
Here is my email: user6701@example.com,1
Add me on WhatsApp: 555-854-3734,1
Nice product!,0
DM me on Instagram: @eve775,1
Text me at +1 890 766 0493,1
Where do you ship from?,0
Message via email: charlie5@email.net,1
a l i c e 4 5 @ e m a i l . n e t,1
Can you show more photos?,0
I’m interested in this item.,0
C o n t a c t :   3 5 2 7 3 0 5 2 7 2,1
You can reach me at 555-481-9190,1
Do you have it in stock?,0
Where do you ship from?,0
Where do you ship from?,0
c o n t a c t : +1-866-475-5463,1
Does it come in other colors?,0
Can you show more photos?,0
Do you have it in stock?,0
How soon can I get it?,0
What are the dimensions?,0
Where do you ship from?,0
This looks good.,0
Message via email: bob51@example.com,1
Here is my email: user5040@example.com,1
Can you show more photos?,0
I’m interested in this item.,0
Contact: +1-516-916-6581,1
Do you have it in stock?,0
I’m interested in this item.,0
Does it come in other colors?,0
Follow me on Twitter: @heidi575,1
This looks good.,0
Where do you ship from?,0
What’s the price?,0
Can you show more photos?,0
Can you show more photos?,0
Nice product!,0
Nice product!,0
Can you show more photos?,0
Here is my email: user7708@example.com,1
Nice product!,0
Can you show more photos?,0
What’s the price?,0
Can you show more photos?,0
I’m interested in this item.,0
DM me on Instagram: @eve156,1
I’m interested in this item.,0
Does it come in other colors?,0
Do you have it in stock?,0
What’s the price?,0
C a l l   m e :   6 1 1 4 1 5 1 2 8 1,1
What are the dimensions?,0
Does it come in other colors?,0
Message me on Snapchat: tech_lead,1
What’s the price?,0
My number is (402) 924-2393,1
I’m interested in this item.,0
Where do you ship from?,0
Where do you ship from?,0
Hit me up on WhatsApp at +1-901-619-8031,1
What’s the price?,0
c   o   n   t   a   c   t   m   e   6 4 1 - 9 1 7 - 8 0 3 9,1
I’m interested in this item.,0
Mail me: grace24@email.net,1
Can you show more photos?,0
What’s the price?,0
What’s the price?,0
Reach out on WhatsApp at +1-911-371-8502,1
Do you have it in stock?,0
This looks good.,0
Nice product!,0
Nice product!,0
Nice product!,0
Do you have it in stock?,0
Where do you ship from?,0
Does it come in other colors?,0
My TikTok: @alice559,1
How soon can I get it?,0
reach at t w o o o @example.com,1
c   o   n   t   a   c   t   m   e   + 1   7 8 5   7 4 3   0 4 7 5,1
Can you show more photos?,0
Where do you ship from?,0
What are the dimensions?,0
Do you have it in stock?,0
I’m interested in this item.,0
Does it come in other colors?,0
I’m interested in this item.,0
How soon can I get it?,0
📧 user6620@example.com,1
What’s the price?,0
Do you have it in stock?,0
Can you show more photos?,0
What are the dimensions?,0
My TikTok: @frank895,1
Where do you ship from?,0
Follow me on Twitter: @david308,1
What are the dimensions?,0
Where do you ship from?,0
This looks good.,0
Does it come in other colors?,0
What’s the price?,0
Where do you ship from?,0
What’s the price?,0
This looks good.,0
Where do you ship from?,0
Reach me at 8790953484,1
Reach me at 829-776-9863,1
Can you show more photos?,0
Contact via email: charlie33@email.net,1
Can you show more photos?,0
Nice product!,0
I’m interested in this item.,0
What’s the price?,0
What’s the price?,0
Where do you ship from?,0
Do you have it in stock?,0
e m a i l m e @ user3795@example.com,1
"Email is user8370@example.com, reach out anytime.",1
How soon can I get it?,0
Here is my email: user7573@example.com,1
Can you show more photos?,0
How soon can I get it?,0
Where do you ship from?,0
Can you show more photos?,0
This looks good.,0
Message me on Snapchat: coolguy42,1
"Email is user9304@example.com, reach out anytime.",1
What’s the price?,0
This looks good.,0
What’s the price?,0
WhatsApp me at +1-555-202-2077,1
What’s the price?,0
Nice product!,0
Where do you ship from?,0
What’s the price?,0
Mail me: frank55@email.net,1
What’s the price?,0
Nice product!,0
WhatsApp me at +1-555-215-5590,1
Nice product!,0
Where do you ship from?,0
How soon can I get it?,0
Nice product!,0
Can you show more photos?,0
Does it come in other colors?,0
What are the dimensions?,0
Does it come in other colors?,0
What are the dimensions?,0
hmu @ fashionista644,1
Do you have it in stock?,0
How soon can I get it?,0
What’s the price?,0
Where do you ship from?,0
Can you show more photos?,0
Text me at +1 320 317 6097,1
What are the dimensions?,0
Does it come in other colors?,0
Do you have it in stock?,0
Where do you ship from?,0
What’s the price?,0
This looks good.,0
Does it come in other colors?,0
This looks good.,0
Where do you ship from?,0
Does it come in other colors?,0
Nice product!,0
reach at t w o o o @example.com,1
Mail me: judy53@example.com,1
What are the dimensions?,0
How soon can I get it?,0
Nice product!,0
What’s the price?,0
Nice product!,0
How soon can I get it?,0
Message via email: charlie60@email.net,1
I’m interested in this item.,0
Where do you ship from?,0
Where do you ship from?,0
Nice product!,0
What are the dimensions?,0
Does it come in other colors?,0
Can you share your phone number so I can send you details?,1
I’m interested in this item.,0
Nice product!,0
I’m interested in this item.,0
Do you have it in stock?,0
What’s the price?,0
Do you have it in stock?,0
What’s the price?,0
Does it come in other colors?,0
I’m interested in this item.,0
Does it come in other colors?,0
I’m interested in this item.,0
I’m interested in this item.,0
Follow me on Instagram @fashionguru and DM.,1
wanna chat? +1-586-779-7551,1
Do you have it in stock?,0
c   o   n   t   a   c   t   m   e   3 6 4 5 7 4 0 3 7 0,1
What’s the price?,0
What’s the price?,0
How soon can I get it?,0
Do you have it in stock?,0
Do you have it in stock?,0
Can you show more photos?,0
I’m interested in this item.,0
Reach out on WhatsApp at +1-734-533-1842,1
Find me on Facebook: https://facebook.com/heidi41,1
Messenger me at 492-505-6212,1
You can reach me at +1-149-616-1857,1
Do you have it in stock?,0
What’s the price?,0
How soon can I get it?,0
Does it come in other colors?,0
d a v i d 3 4 @ m a i l . c o m,1
Do you have it in stock?,0
Does it come in other colors?,0
What are the dimensions?,0
What are the dimensions?,0
Can you share your phone number so I can send you details?,1
Where do you ship from?,0
Nice product!,0
Does it come in other colors?,0
Does it come in other colors?,0
I’m interested in this item.,0
Do you have it in stock?,0
Can you show more photos?,0
This looks good.,0
telegram: t dot me slash fashionista766,1
What are the dimensions?,0
How soon can I get it?,0
Can you show more photos?,0
What’s the price?,0
Nice product!,0
Where do you ship from?,0
What’s the price?,0
Snapchat me at (054) 017-0034,1
How soon can I get it?,0
Does it come in other colors?,0
This looks good.,0
I’m interested in this item.,0
This looks good.,0
Where do you ship from?,0
Text me at 555-515-2400 for more info.,1
Can you show more photos?,0
Can you show more photos?,0
Can you show more photos?,0
📧 user2427@example.com,1
Do you have it in stock?,0
Snapchat me at 4980064299,1
This looks good.,0
Nice product!,0
This looks good.,0
Do you have it in stock?,0
How soon can I get it?,0
📧 user9963@example.com,1
This looks good.,0
Does it come in other colors?,0
Mail me: alice65@mail.com,1
Nice product!,0
Call me at 839-775-7348,1
Reach out on WhatsApp at +1-220-172-1958,1
I’m interested in this item.,0
DM me on Instagram: @frank576,1
Does it come in other colors?,0
Does it come in other colors?,0
This looks good.,0
What are the dimensions?,0
Text me at 0643028180,1
Does it come in other colors?,0
How soon can I get it?,0
Do you have it in stock?,0
What are the dimensions?,0
I’m interested in this item.,0
telegram: t dot me slash shopper904,1
I’m interested in this item.,0
Follow me on Instagram @jane.smith and DM.,1
How soon can I get it?,0
Can you show more photos?,0
Can you show more photos?,0
Do you have it in stock?,0
Snapchat me @ coolcat549,1
I’m interested in this item.,0
This looks good.,0
Does it come in other colors?,0
This looks good.,0
Where do you ship from?,0
Connect on LinkedIn (linkedin.com/in/shop_owner),1
I’m interested in this item.,0
Can you show more photos?,0
Nice product!,0
Where do you ship from?,0
I’m interested in this item.,0
This looks good.,0
Where do you ship from?,0
Nice product!,0
What are the dimensions?,0
Reach out on WhatsApp at +1-693-116-4748,1
What are the dimensions?,0
Nice product!,0
I’m interested in this item.,0
Do you have it in stock?,0
Where do you ship from?,0
I’m interested in this item.,0
Can you show more photos?,0
How soon can I get it?,0
Do you have it in stock?,0
Follow me on Instagram @shop_owner and DM.,1
Do you have it in stock?,0
Does it come in other colors?,0
Do you have it in stock?,0
📱 +1-407-494-8551,1
Does it come in other colors?,0
find me at user1605@example.com 😉,1
Where do you ship from?,0
What are the dimensions?,0
Hit me up on WhatsApp at 555-941-9823,1
What’s the price?,0
This looks good.,0
What’s the price?,0
I’m interested in this item.,0
This looks good.,0
How soon can I get it?,0
Can you show more photos?,0
This looks good.,0
Where do you ship from?,0
Do you have it in stock?,0
Can you show more photos?,0
How soon can I get it?,0
Do you have it in stock?,0
Nice product!,0
Add me on WhatsApp: 4664704942,1
What’s the price?,0
Where do you ship from?,0
Where do you ship from?,0
Can you show more photos?,0
Contact me via Telegram: @fashionguru,1
Can you show more photos?,0
Does it come in other colors?,0
How soon can I get it?,0
Can you show more photos?,0
find me at user2931@example.com 😉,1
Do you have it in stock?,0
Nice product!,0
hmu @ shopper830,1
What’s the price?,0
Nice product!,0
Can you show more photos?,0
Messenger me at 449-883-6767,1
Nice product!,0
Do you have it in stock?,0
What are the dimensions?,0
This looks good.,0
What are the dimensions?,0
What are the dimensions?,0
What’s the price?,0
Where do you ship from?,0
Does it come in other colors?,0
I’m interested in this item.,0
Follow me on Instagram @coolguy42 and DM.,1
Can you show more photos?,0
Do you have it in stock?,0
What’s the price?,0
Does it come in other colors?,0
Can you show more photos?,0
Where do you ship from?,0
Reach out on WhatsApp at +1-758-545-5707,1
Do you have it in stock?,0
How soon can I get it?,0
Nice product!,0
Does it come in other colors?,0
Can you show more photos?,0
Can you show more photos?,0
Does it come in other colors?,0
Do you have it in stock?,0
Where do you ship from?,0
Does it come in other colors?,0
What are the dimensions?,0
Do you have it in stock?,0
Does it come in other colors?,0
find me at user9832@example.com 😉,1
How soon can I get it?,0
I’m interested in this item.,0
This looks good.,0
Where do you ship from?,0
This looks good.,0
This looks good.,0
This looks good.,0
What are the dimensions?,0
Does it come in other colors?,0
This looks good.,0
Does it come in other colors?,0
Can you show more photos?,0
What’s the price?,0
Nice product!,0
Does it come in other colors?,0
This looks good.,0
Does it come in other colors?,0
find me at user3975@example.com 😉,1
Do you have it in stock?,0
Can I have your email address?,1
DM me on Instagram: @heidi814,1
This looks good.,0
Nice product!,0
What are the dimensions?,0
Send me a DM on Facebook: facebook.com/john_doe,1
How soon can I get it?,0
Reach me at +1 662 910 0557,1
How soon can I get it?,0
What’s the price?,0
📱 +1-293-447-3513,1
d a v i d 7 1 @ e x a m p l e . c o m,1
Where do you ship from?,0
This looks good.,0
Contact me via Telegram: @shopper99,1
Where do you ship from?,0
I’m interested in this item.,0
Nice product!,0
Do you have it in stock?,0
Can you show more photos?,0
Where do you ship from?,0
Does it come in other colors?,0
Does it come in other colors?,0
I’m interested in this item.,0
Can you share your phone number so I can send you details?,1
Nice product!,0
Can you show more photos?,0
Nice product!,0
Nice product!,0
Do you have it in stock?,0
Text me at +1 307 139 4893,1
How soon can I get it?,0
Where do you ship from?,0
What’s the price?,0
This looks good.,0
Where do you ship from?,0
Do you have it in stock?,0
What’s the price?,0
I’m interested in this item.,0
My number is 1326275913,1
What are the dimensions?,0
Snapchat me @ shopper255,1
Email me at user8817@example.com,1
My WeChat ID is john_doe,1
Do you have it in stock?,0
How soon can I get it?,0
I’m interested in this item.,0
Where do you ship from?,0
What are the dimensions?,0
Do you have it in stock?,0
Add me on Facebook (facebook.com/best_pizza),1
Where do you ship from?,0
What are the dimensions?,0
DM me on Instagram: @heidi542,1
What’s the price?,0
How soon can I get it?,0
Does it come in other colors?,0
Nice product!,0
Do you have it in stock?,0
What are the dimensions?,0
What’s the price?,0
This looks good.,0
Where do you ship from?,0
What are the dimensions?,0
Do you have it in stock?,0
What are the dimensions?,0
Do you have it in stock?,0
Nice product!,0
📧 user674@example.com,1
Nice product!,0
C o n t a c t :   8 2 2 - 2 2 0 - 6 6 3 2,1
Do you have it in stock?,0
"My contact is 555-789-3026, call me.",1
How soon can I get it?,0
Nice product!,0
Nice product!,0
Nice product!,0
Nice product!,0
Can I have your email address?,1
Where do you ship from?,0
C a l l   m e :   1 5 5 8 6 7 0 3 9 8,1
Can you show more photos?,0
What are the dimensions?,0
Where do you ship from?,0
How soon can I get it?,0
Where do you ship from?,0
Text me at (781) 737-0115,1
What’s the price?,0
Does it come in other colors?,0
How soon can I get it?,0
This looks good.,0
Do you have it in stock?,0
you can DM me at shopper385 on Insta,1
This looks good.,0
Do you have it in stock?,0
How soon can I get it?,0
Do you have it in stock?,0
This looks good.,0
LinkedIn me at +1 409 382 4740,1
"Email is user3525@example.com, reach out anytime.",1
Call me at (715) 811-2708,1
Where do you ship from?,0
Do you have it in stock?,0
How soon can I get it?,0
Text me at 8509783868,1
Ping me on Telegram: @alice570,1
"My contact is 555-173-5369, call me.",1
Hit me up on WhatsApp at +1-489-895-3986,1
How soon can I get it?,0
Where do you ship from?,0
c h a r l i e 3 @ e m a i l . n e t,1
Where do you ship from?,0
I’m interested in this item.,0
What’s the price?,0
Where do you ship from?,0
I’m interested in this item.,0
Where do you ship from?,0
What are the dimensions?,0
How soon can I get it?,0
Does it come in other colors?,0
Can you show more photos?,0
fb.com/devguy730,1
Do you have it in stock?,0
Please email me at user7936@example.com,1
How soon can I get it?,0
What’s the price?,0
What are the dimensions?,0
Where do you ship from?,0
Do you have it in stock?,0
Do you have it in stock?,0
"Email is user9095@example.com, reach out anytime.",1
What are the dimensions?,0
What’s the price?,0
Let's connect on LinkedIn: https://linkedin.com/in/frank758,1
This looks good.,0
What’s the price?,0
Where do you ship from?,0
Please email me at user2234@example.com,1
What are the dimensions?,0
Do you have it in stock?,0
Nice product!,0
My number is +1 654 415 8616,1
I’m interested in this item.,0
Can you show more photos?,0
Message via email: frank68@email.net,1
Do you have it in stock?,0
Where do you ship from?,0
How soon can I get it?,0
This looks good.,0
Nice product!,0
I’m interested in this item.,0
I’m interested in this item.,0
This looks good.,0
What are the dimensions?,0
What are the dimensions?,0
I’m interested in this item.,0
C a l l   m e :   3 5 7 - 1 8 2 - 9 8 5 8,1
Message me at user7849@example.com,1
Do you have it in stock?,0
Please email me at user6523@example.com,1
This looks good.,0
This looks good.,0
find me at user2460@example.com 😉,1
How soon can I get it?,0
Message via email: judy5@mail.com,1
How soon can I get it?,0
What’s the price?,0
How soon can I get it?,0
What are the dimensions?,0
This looks good.,0
Does it come in other colors?,0
This looks good.,0
What are the dimensions?,0
How soon can I get it?,0
What’s the price?,0
What’s the price?,0
Does it come in other colors?,0
Do you have it in stock?,0
find me at user4604@example.com 😉,1
You can reach me at 555-677-3386,1
Nice product!,0
How soon can I get it?,0
Does it come in other colors?,0
Does it come in other colors?,0
How soon can I get it?,0
Where do you ship from?,0
What are the dimensions?,0
Nice product!,0
Send me a DM on Facebook: facebook.com/designer123,1
Where do you ship from?,0
What’s the price?,0
What are the dimensions?,0
reach at t w o o o @example.com,1
What’s the price?,0
Can you show more photos?,0
I’m interested in this item.,0
I’m interested in this item.,0
Do you have it in stock?,0
Can you show more photos?,0
Does it come in other colors?,0
Do you have it in stock?,0
What are the dimensions?,0
Nice product!,0
Do you have it in stock?,0
Nice product!,0
Where do you ship from?,0
Do you have it in stock?,0
Does it come in other colors?,0
This looks good.,0
What’s the price?,0
What are the dimensions?,0
Where do you ship from?,0
I’m interested in this item.,0
my digits: +1-855-258-1735,1
Hit me up on WhatsApp at 555-996-1130,1
This looks good.,0
How soon can I get it?,0
Do you have it in stock?,0
What’s the price?,0
This looks good.,0
Does it come in other colors?,0
Does it come in other colors?,0
Contact via email: bob47@example.com,1
How soon can I get it?,0
What’s the price?,0
What are the dimensions?,0
What’s the price?,0
How soon can I get it?,0
This looks good.,0
This looks good.,0
Do you have it in stock?,0
Can you show more photos?,0
my digits: +1-492-846-2982,1
Where do you ship from?,0
Can you show more photos?,0
Nice product!,0
What’s the price?,0
Does it come in other colors?,0
Text me at +1-865-188-5357,1
Ping me on Telegram: @david118,1
Does it come in other colors?,0
How soon can I get it?,0
Message me on Signal: +1 703 463 1150,1
Can I have your email address?,1
What’s the price?,0
Can you show more photos?,0
Where do you ship from?,0
Here is my email: user8034@example.com,1
Can you show more photos?,0
My TikTok: @heidi534,1
What’s the price?,0
Can you show more photos?,0
Nice product!,0
Nice product!,0
What are the dimensions?,0
What are the dimensions?,0
Nice product!,0
How soon can I get it?,0
Call me at +1 660 714 6100,1
📧 user8968@example.com,1
Can you show more photos?,0
I’m interested in this item.,0
Please email me at user7762@example.com,1
Where do you ship from?,0
Can you show more photos?,0
Do you have it in stock?,0
Here is my email: user2655@example.com,1
Nice product!,0
Text me at 555-359-9958 for more info.,1
You can reach me at 555-979-5508,1
Message me on Snapchat: designer123,1
C a l l   m e :   1 3 0 - 8 7 2 - 8 1 4 4,1
I’m interested in this item.,0
Does it come in other colors?,0
Can you show more photos?,0
Can you show more photos?,0
message me via g m a i l at user426@example.com,1
Snapchat me at (161) 752-7792,1
How soon can I get it?,0
Can you show more photos?,0
How soon can I get it?,0
Where do you ship from?,0
Nice product!,0
Text me at +1-665-485-4789,1
What’s the price?,0
Do you have it in stock?,0
What are the dimensions?,0
Where do you ship from?,0
Where do you ship from?,0
Nice product!,0
Add me on WhatsApp: 555-231-4604,1
Where do you ship from?,0
This looks good.,0
What are the dimensions?,0
Nice product!,0
Follow me on Twitter: @david214,1
My Snapchat is charlie572,1
Mail me: grace79@example.com,1
I’m interested in this item.,0
How soon can I get it?,0
What’s the price?,0
I’m interested in this item.,0
Can you share your phone number so I can send you details?,1
What’s the price?,0
Do you have it in stock?,0
Can you share your phone number so I can send you details?,1
Connect on LinkedIn (linkedin.com/in/fashionguru),1
What are the dimensions?,0
Where do you ship from?,0
Email me at frank15@test.org,1
Does it come in other colors?,0
Where do you ship from?,0
How soon can I get it?,0
Message me at user369@example.com,1
This looks good.,0
Message me at user8969@example.com,1
Where do you ship from?,0
Can you share your phone number so I can send you details?,1
Do you have it in stock?,0
📱 +1-528-842-6991,1
I’m interested in this item.,0
wanna chat? +1-948-449-6206,1
What are the dimensions?,0
"Email is user8739@example.com, reach out anytime.",1
DM me on Instagram @coolguy42,1
Does it come in other colors?,0
What’s the price?,0
Let's connect on LinkedIn: https://linkedin.com/in/david711,1
This looks good.,0
What are the dimensions?,0
Send me a DM on Facebook: facebook.com/jane.smith,1
Nice product!,0
How soon can I get it?,0
Where do you ship from?,0
What’s the price?,0
How soon can I get it?,0
How soon can I get it?,0
What are the dimensions?,0
What’s the price?,0
Hit me up on WhatsApp at 555-690-3188,1
Can you show more photos?,0
Does it come in other colors?,0
What’s the price?,0
get in touch @ user1781@example.com,1
Does it come in other colors?,0
Nice product!,0
📱 +1-817-562-3052,1
Connect on LinkedIn (linkedin.com/in/shop_owner),1
What’s the price?,0
Nice product!,0
Contact: +1-735-499-4623,1
reach at t w o o o @example.com,1
What are the dimensions?,0
Do you have it in stock?,0
Nice product!,0
Do you have it in stock?,0
Can you show more photos?,0
Where do you ship from?,0
Can you show more photos?,0
Does it come in other colors?,0
I’m interested in this item.,0
Can you show more photos?,0
Can you show more photos?,0
I’m interested in this item.,0
Does it come in other colors?,0
Does it come in other colors?,0
Hit me up on WhatsApp at +1-109-601-2777,1
Where do you ship from?,0
DM me on Instagram: @frank854,1
Telegram me at +1 911 107 9490,1
Connect on LinkedIn (linkedin.com/in/fashionguru),1
Do you have it in stock?,0
Reach me at 632-591-8310,1
Can you show more photos?,0
What are the dimensions?,0
I’m interested in this item.,0
I’m interested in this item.,0
I’m interested in this item.,0
Hit me up on WhatsApp at 555-318-3092,1
DM me on Instagram: @ivan73,1
What’s the price?,0
Nice product!,0
I’m interested in this item.,0
What’s the price?,0
Where do you ship from?,0
I’m interested in this item.,0
Hit me up on WhatsApp at 555-833-3610,1
I’m interested in this item.,0
How soon can I get it?,0
Does it come in other colors?,0
Message via email: heidi77@example.com,1
Nice product!,0
Facebook me at +1 801 213 7165,1
Where do you ship from?,0
How soon can I get it?,0
Nice product!,0
Does it come in other colors?,0
What’s the price?,0
Can you show more photos?,0
I’m interested in this item.,0
Where do you ship from?,0
What are the dimensions?,0
You can reach me at +1-994-474-5354,1
I’m interested in this item.,0
Can you share your phone number so I can send you details?,1
Nice product!,0
Do you have it in stock?,0
Please email me at user8116@example.com,1
How soon can I get it?,0
Nice product!,0
Contact via email: bob71@email.net,1
What are the dimensions?,0
What are the dimensions?,0
Where do you ship from?,0
You can reach me at 555-628-7368,1
Can you show more photos?,0
What are the dimensions?,0
Can you show more photos?,0
I’m interested in this item.,0
Does it come in other colors?,0
I’m interested in this item.,0
Does it come in other colors?,0
What’s the price?,0
Add me on WhatsApp: 427-180-1281,1
Nice product!,0
Text me at +1-713-418-2790,1
What’s the price?,0
What are the dimensions?,0
Do you have it in stock?,0
Can you show more photos?,0
Does it come in other colors?,0
What’s the price?,0
Does it come in other colors?,0
Do you have it in stock?,0
Do you have it in stock?,0
Snapchat me @ fashionista430,1
I’m interested in this item.,0
Send me a DM on Facebook: facebook.com/fashioneer,1
Can you show more photos?,0
Add me on Facebook (facebook.com/coolguy42),1
Do you have it in stock?,0
Where do you ship from?,0
How soon can I get it?,0
Do you have it in stock?,0
Nice product!,0
Nice product!,0
My WeChat ID is coolguy42,1
Where do you ship from?,0
Contact me on Skype: bob963,1
I’m interested in this item.,0
How soon can I get it?,0
DM me on Instagram: @bob474,1
Mail me: frank95@mail.com,1
Connect on LinkedIn (linkedin.com/in/coolcat855),1
Does it come in other colors?,0
What are the dimensions?,0
You can reach me at 555-169-2225,1
Do you have it in stock?,0
Where do you ship from?,0
I’m interested in this item.,0
Do you have it in stock?,0
I’m interested in this item.,0
What’s the price?,0
What’s the price?,0
Do you have it in stock?,0
Reach me at 1501411320,1
Nice product!,0
Text me at 555-835-1938 for more info.,1
Here is my email: user8676@example.com,1
Let's connect on LinkedIn: https://linkedin.com/in/alice801,1
What’s the price?,0
Let's connect on LinkedIn: linkedin.com/in/tech_lead,1
What’s the price?,0
I’m interested in this item.,0
Can you show more photos?,0
Do you have it in stock?,0
I’m interested in this item.,0
C o n t a c t :   2 6 6 - 0 4 8 - 7 1 9 0,1
Contact: +1-415-612-8231,1
What are the dimensions?,0
Nice product!,0
This looks good.,0
Can you show more photos?,0
"My contact is 555-747-4063, call me.",1
What are the dimensions?,0
How soon can I get it?,0
How soon can I get it?,0
Do you have it in stock?,0
How soon can I get it?,0
Nice product!,0
I’m interested in this item.,0
I’m interested in this item.,0
How soon can I get it?,0
Reach out on WhatsApp at +1-182-812-4107,1
C a l l   m e :   5 8 2 5 6 6 2 2 9 3,1
What are the dimensions?,0
Nice product!,0
I’m interested in this item.,0
Does it come in other colors?,0
What’s the price?,0
Does it come in other colors?,0
find me at user2325@example.com 😉,1
Nice product!,0
Nice product!,0
What are the dimensions?,0
Does it come in other colors?,0
Follow me on Instagram @fashioneer and DM.,1
How soon can I get it?,0
Message via email: heidi52@mail.com,1
My number is 1135672469,1
Do you have it in stock?,0
Can you show more photos?,0
This looks good.,0
Call me at +1 743 712 3613,1
What’s the price?,0
This looks good.,0
Where do you ship from?,0
Nice product!,0
Do you have it in stock?,0
Message me on Signal: (016) 359-6133,1
Let's connect on LinkedIn: linkedin.com/in/jane.smith,1
This looks good.,0
Where do you ship from?,0
How soon can I get it?,0
Can you show more photos?,0
Does it come in other colors?,0
Where do you ship from?,0
Let's connect on LinkedIn: https://linkedin.com/in/charlie908,1
How soon can I get it?,0
DM me on Instagram @designer123,1
This looks good.,0
What are the dimensions?,0
How soon can I get it?,0
What are the dimensions?,0
What are the dimensions?,0
Can I have your email address?,1
How soon can I get it?,0
Find me on Facebook: https://facebook.com/judy468,1
This looks good.,0
This looks good.,0
Can you show more photos?,0
I’m interested in this item.,0
This looks good.,0
What are the dimensions?,0
Send me a DM on Facebook: facebook.com/shop_owner,1
Can you show more photos?,0
Can you show more photos?,0
Where do you ship from?,0
This looks good.,0
Let's connect on LinkedIn: https://linkedin.com/in/judy798,1
Can I have your email address?,1
Do you have it in stock?,0
Can you show more photos?,0
This looks good.,0
telegram: t dot me slash fashionista98,1
I’m interested in this item.,0
Contact me on Skype: bob201,1
"Email is user3249@example.com, reach out anytime.",1
This looks good.,0
Do you have it in stock?,0
a l i c e 3 6 @ e x a m p l e . c o m,1
Nice product!,0
What’s the price?,0
Please email me at user8796@example.com,1
Do you have it in stock?,0
Does it come in other colors?,0
I’m interested in this item.,0
My number is (847) 104-6770,1
Follow me on Twitter: @david988,1
Does it come in other colors?,0
How soon can I get it?,0
What are the dimensions?,0
I’m interested in this item.,0
Follow me on Twitter: @alice122,1
What are the dimensions?,0
Does it come in other colors?,0
Do you have it in stock?,0
Does it come in other colors?,0
This looks good.,0
Nice product!,0
Nice product!,0
e m a i l m e @ user3513@example.com,1
This looks good.,0
Where do you ship from?,0
Please email me at user3898@example.com,1
What are the dimensions?,0
Can I have your email address?,1
This looks good.,0
Does it come in other colors?,0
Does it come in other colors?,0
Nice product!,0
Nice product!,0
Can you show more photos?,0
I’m interested in this item.,0
Where do you ship from?,0
Can you show more photos?,0
Where do you ship from?,0
Does it come in other colors?,0
Nice product!,0
Does it come in other colors?,0
Does it come in other colors?,0
Does it come in other colors?,0
DM me on Instagram: @david820,1
How soon can I get it?,0
Message via email: eve84@test.org,1
My number is 7340629904,1
How soon can I get it?,0
Here is my email: user4258@example.com,1
snap me at s-n-a-p devguy632,1
I’m interested in this item.,0
Can you show more photos?,0
What are the dimensions?,0
Can you show more photos?,0
Can you show more photos?,0
What are the dimensions?,0
This looks good.,0
Nice product!,0
Can you show more photos?,0
What are the dimensions?,0
I’m interested in this item.,0
This looks good.,0
What are the dimensions?,0
What’s the price?,0
This looks good.,0
What’s the price?,0
Where do you ship from?,0
Does it come in other colors?,0
Nice product!,0
How soon can I get it?,0
What are the dimensions?,0
This looks good.,0
Do you have it in stock?,0
"My contact is 555-639-5108, call me.",1
What’s the price?,0
This looks good.,0
Where do you ship from?,0
Nice product!,0
What are the dimensions?,0
You can reach me at +1-871-546-4385,1
I’m interested in this item.,0
What are the dimensions?,0
Do you have it in stock?,0
Does it come in other colors?,0
Can you show more photos?,0
How soon can I get it?,0
Nice product!,0
Can you show more photos?,0
Do you have it in stock?,0
Contact: +1-162-141-8584,1
Where do you ship from?,0
I’m interested in this item.,0
What’s the price?,0
I’m interested in this item.,0
What are the dimensions?,0
What’s the price?,0
Where do you ship from?,0
Can you show more photos?,0
Can you show more photos?,0
What are the dimensions?,0
Where do you ship from?,0
Can you show more photos?,0
Where do you ship from?,0
Can you show more photos?,0
You can reach me at +1-505-705-5315,1
I’m interested in this item.,0
Can you show more photos?,0
Here's my email: user9129@example.com,1
Add me on Facebook (facebook.com/designer123),1
Do you have it in stock?,0
get in touch @ user9267@example.com,1
You can reach me at 555-910-8764,1
Does it come in other colors?,0
Can you show more photos?,0
What’s the price?,0
This looks good.,0
This looks good.,0
Let's connect on LinkedIn: linkedin.com/in/coolguy42,1
Can you show more photos?,0
This looks good.,0
This looks good.,0
Does it come in other colors?,0
How soon can I get it?,0
Call me at 611-270-4310,1
Nice product!,0
Snapchat me @ devguy884,1
my email id is user7814@example.com,1
Where do you ship from?,0
Does it come in other colors?,0
I’m interested in this item.,0
What’s the price?,0
Where do you ship from?,0
Where do you ship from?,0
Can you show more photos?,0
What’s the price?,0
What are the dimensions?,0
Message via email: bob23@example.com,1
Follow me on Twitter: @alice237,1
Add me on WhatsApp: 555-123-1698,1
How soon can I get it?,0
Nice product!,0
Where do you ship from?,0
This looks good.,0
Nice product!,0
Nice product!,0
Follow me on Twitter: @david129,1
Add me on WhatsApp: 0561355900,1
Where do you ship from?,0
Mail me: charlie36@test.org,1
Nice product!,0
What are the dimensions?,0
I’m interested in this item.,0
get in touch @ user8405@example.com,1
Message via email: judy94@test.org,1
How soon can I get it?,0
c   o   n   t   a   c   t   m   e   9 9 8 - 4 3 4 - 8 4 9 4,1
Where do you ship from?,0
How soon can I get it?,0
Nice product!,0
snap me at s-n-a-p fashionista780,1
What are the dimensions?,0
How soon can I get it?,0
Do you have it in stock?,0
This looks good.,0
Where do you ship from?,0
e m a i l m e @ user2494@example.com,1
This looks good.,0
Do you have it in stock?,0
you can DM me at fashionista757 on Insta,1
📱 +1-797-204-7971,1
Snapchat me @ fashionista737,1
snap me at s-n-a-p shopper653,1
Nice product!,0
What’s the price?,0
Reach me at (879) 998-4925,1
Nice product!,0
Contact me on Skype: charlie528,1
What are the dimensions?,0
LinkedIn me at 8712647929,1
Does it come in other colors?,0
I’m interested in this item.,0
I’m interested in this item.,0
My WeChat ID is fashioneer,1
Can you show more photos?,0
You can reach me at +1-265-610-8681,1
Nice product!,0
This looks good.,0
Where do you ship from?,0
What’s the price?,0
Can you show more photos?,0
What are the dimensions?,0
This looks good.,0
My Snapchat is eve692,1
My TikTok: @ivan811,1
What are the dimensions?,0
This looks good.,0
I’m interested in this item.,0
This looks good.,0
How soon can I get it?,0
This looks good.,0
What are the dimensions?,0
This looks good.,0
📧 user9434@example.com,1
Where do you ship from?,0
What are the dimensions?,0
Do you have it in stock?,0
Text me at +1-741-708-8647,1
Where do you ship from?,0
Here is my email: user7413@example.com,1
C a l l   m e :   + 1   4 2 9   1 3 5   8 9 2 2,1
Message me on Signal: 204-060-1483,1
Does it come in other colors?,0
How soon can I get it?,0
Can you show more photos?,0
Does it come in other colors?,0
This looks good.,0
Does it come in other colors?,0
Where do you ship from?,0
📱 +1-283-482-7318,1
Where do you ship from?,0
Where do you ship from?,0
How soon can I get it?,0
Where do you ship from?,0
DM me on Instagram @tech_lead,1
Do you have it in stock?,0
Where do you ship from?,0
I’m interested in this item.,0
Hit me up on WhatsApp at 555-413-4040,1
fb.com/fashionista922,1
Can you show more photos?,0
Nice product!,0
How soon can I get it?,0
telegram: t dot me slash fashionista85,1
Does it come in other colors?,0
C o n t a c t :   4 3 3 - 9 4 6 - 2 9 1 3,1
This looks good.,0
I’m interested in this item.,0
Where do you ship from?,0
This looks good.,0
This looks good.,0
This looks good.,0
I’m interested in this item.,0
My TikTok: @grace63,1
What are the dimensions?,0
Send me a DM on Facebook: facebook.com/coolguy42,1
Do you have it in stock?,0
What’s the price?,0
get in touch @ user7495@example.com,1
Does it come in other colors?,0
What’s the price?,0
What’s the price?,0
📱 +1-851-692-1856,1
Can you show more photos?,0
Do you have it in stock?,0
Does it come in other colors?,0
This looks good.,0
Where do you ship from?,0
Does it come in other colors?,0
Nice product!,0
Message me on Snapchat: shop_owner,1
Can you show more photos?,0
How soon can I get it?,0
This looks good.,0
Message me at user2767@example.com,1
Snapchat me @ coolcat605,1
I’m interested in this item.,0
How soon can I get it?,0
Nice product!,0
This looks good.,0
Do you have it in stock?,0
What are the dimensions?,0
Hit me up on WhatsApp at +1-776-888-1781,1
Where do you ship from?,0
Does it come in other colors?,0
c o n t a c t : +1-117-277-2339,1
Nice product!,0
Does it come in other colors?,0
How soon can I get it?,0
How soon can I get it?,0
I’m interested in this item.,0
Where do you ship from?,0
Do you have it in stock?,0
Where do you ship from?,0
I’m interested in this item.,0
hmu @ shopper196,1
c o n t a c t : +1-912-895-9926,1
What are the dimensions?,0
Can you show more photos?,0
Does it come in other colors?,0
This looks good.,0
Can you show more photos?,0
Nice product!,0
Where do you ship from?,0
Does it come in other colors?,0
Text me at +1-434-420-1296,1
Does it come in other colors?,0
Does it come in other colors?,0
Does it come in other colors?,0
Does it come in other colors?,0
What’s the price?,0
Can you show more photos?,0
Do you have it in stock?,0
What are the dimensions?,0
Do you have it in stock?,0
What’s the price?,0
find me at user6845@example.com 😉,1
Contact me via Telegram: @shop_owner,1
Can you show more photos?,0
What are the dimensions?,0
This looks good.,0
Where do you ship from?,0
Send me a DM on Facebook: facebook.com/fashioneer,1
What are the dimensions?,0
C o n t a c t :   ( 8 9 6 )   4 2 7 - 1 0 0 4,1
Can you show more photos?,0
What’s the price?,0
Mail me: heidi52@email.net,1
Where do you ship from?,0
Nice product!,0
Do you have it in stock?,0
Nice product!,0
What are the dimensions?,0
Where do you ship from?,0
How soon can I get it?,0
My TikTok: @charlie165,1
Do you have it in stock?,0
Find me on Facebook: https://facebook.com/ivan857,1
I’m interested in this item.,0
Connect on LinkedIn (linkedin.com/in/fashionista87),1
What are the dimensions?,0
What are the dimensions?,0
Can you show more photos?,0
Can you show more photos?,0
Here's my email: user1956@example.com,1
This looks good.,0
How soon can I get it?,0
This looks good.,0
This looks good.,0
Does it come in other colors?,0
What are the dimensions?,0
Nice product!,0
Contact via email: grace93@mail.com,1
Where do you ship from?,0
How soon can I get it?,0
What’s the price?,0
find me at user4584@example.com 😉,1
Can you show more photos?,0
Nice product!,0
Does it come in other colors?,0
This looks good.,0
Do you have it in stock?,0
Does it come in other colors?,0
What’s the price?,0
LinkedIn me at (009) 908-1635,1
What are the dimensions?,0
How soon can I get it?,0
Nice product!,0
Nice product!,0
What are the dimensions?,0
Nice product!,0
Follow me on Twitter: @charlie548,1
Send me a DM on Facebook: facebook.com/john_doe,1
I’m interested in this item.,0
How soon can I get it?,0
This looks good.,0
What’s the price?,0
Nice product!,0
Where do you ship from?,0
This looks good.,0
Text me at 3997084532,1
What’s the price?,0
Can you show more photos?,0
Hit me up on WhatsApp at 555-536-8435,1
How soon can I get it?,0
I’m interested in this item.,0
I’m interested in this item.,0
Can you show more photos?,0
This looks good.,0
My number is 965-307-0043,1
Do you have it in stock?,0
This looks good.,0
I’m interested in this item.,0
What are the dimensions?,0
Nice product!,0
Reach out on WhatsApp at +1-940-315-1687,1
This looks good.,0
Where do you ship from?,0
Contact me on Skype: bob157,1
Where do you ship from?,0
What are the dimensions?,0
Skype me at (885) 146-5416,1
Nice product!,0
Can you show more photos?,0
What’s the price?,0
Can you share your phone number so I can send you details?,1
Where do you ship from?,0
c   o   n   t   a   c   t   m   e   + 1   0 8 0   8 7 6   6 0 3 4,1
What’s the price?,0
What’s the price?,0
What’s the price?,0
Do you have it in stock?,0
Here's my email: user6490@example.com,1
Connect on LinkedIn (linkedin.com/in/jane.smith),1
This looks good.,0
Call me at (273) 817-8567,1
How soon can I get it?,0
Nice product!,0
Does it come in other colors?,0
Do you have it in stock?,0
Can you show more photos?,0
get in touch @ user2690@example.com,1
This looks good.,0
Message me on Signal: 3890742023,1
My WeChat ID is john_doe,1
What are the dimensions?,0
What are the dimensions?,0
Email me at charlie76@example.com,1
Can you show more photos?,0
Can you show more photos?,0
Does it come in other colors?,0
I’m interested in this item.,0
Add me on WhatsApp: 555-563-6771,1
What’s the price?,0
Add me on WhatsApp: 142-217-5249,1
c o n t a c t : +1-374-309-8696,1
My Snapchat is david926,1
Do you have it in stock?,0
How soon can I get it?,0
What’s the price?,0
How soon can I get it?,0
Nice product!,0
Does it come in other colors?,0
How soon can I get it?,0
This looks good.,0
Where do you ship from?,0
Can you show more photos?,0
Contact me on Skype: judy663,1
What are the dimensions?,0
Can you show more photos?,0
Do you have it in stock?,0
Where do you ship from?,0
Does it come in other colors?,0
Do you have it in stock?,0
Ping me on Telegram: @ivan825,1
Can you show more photos?,0
How soon can I get it?,0
Do you have it in stock?,0
This looks good.,0
Does it come in other colors?,0
Does it come in other colors?,0
What’s the price?,0
What are the dimensions?,0
What are the dimensions?,0
Does it come in other colors?,0
Nice product!,0
Where do you ship from?,0
This looks good.,0
Can you show more photos?,0
Does it come in other colors?,0
Does it come in other colors?,0
Do you have it in stock?,0
How soon can I get it?,0
📱 +1-162-716-6562,1
What’s the price?,0
Does it come in other colors?,0
This looks good.,0
Does it come in other colors?,0
How soon can I get it?,0
How soon can I get it?,0
Can you show more photos?,0
Where do you ship from?,0
Connect on LinkedIn (linkedin.com/in/coolguy42),1
Nice product!,0
WhatsApp me at +1-555-831-2894,1
DM me on Instagram: @charlie306,1
What’s the price?,0
"My contact is 555-404-1341, call me.",1
What’s the price?,0
What are the dimensions?,0
How soon can I get it?,0
Nice product!,0
What are the dimensions?,0
I’m interested in this item.,0
My TikTok: @bob547,1
I’m interested in this item.,0
This looks good.,0
reach at t w o o o @example.com,1
How soon can I get it?,0
What are the dimensions?,0
Where do you ship from?,0
What are the dimensions?,0
Does it come in other colors?,0
Nice product!,0
How soon can I get it?,0
What are the dimensions?,0
How soon can I get it?,0
Nice product!,0
Does it come in other colors?,0
Nice product!,0
Message me on Signal: (136) 119-6213,1
You can reach me at +1-539-509-1193,1
Can you show more photos?,0
Where do you ship from?,0
Does it come in other colors?,0
Here's my email: user9530@example.com,1
I’m interested in this item.,0
What are the dimensions?,0
This looks good.,0
What’s the price?,0
This looks good.,0
What’s the price?,0
Snapchat me at (801) 128-6897,1
Reach out on WhatsApp at +1-977-495-5128,1
I’m interested in this item.,0
Where do you ship from?,0
Where do you ship from?,0
How soon can I get it?,0
t e l : +1-310-880-4924,1
Do you have it in stock?,0
Where do you ship from?,0
Do you have it in stock?,0
How soon can I get it?,0
Nice product!,0
Hit me up on WhatsApp at +1-112-531-4959,1
This looks good.,0
Where do you ship from?,0
Do you have it in stock?,0
My Snapchat is eve916,1
Does it come in other colors?,0
reach at t w o o o @example.com,1
Can you show more photos?,0
Can you show more photos?,0
WhatsApp me at +1-555-575-1298,1
you can DM me at coolcat228 on Insta,1
I’m interested in this item.,0
What’s the price?,0
Nice product!,0
I’m interested in this item.,0
Nice product!,0
Does it come in other colors?,0
You can reach me at +1-826-528-9618,1
How soon can I get it?,0
Do you have it in stock?,0
Nice product!,0
What’s the price?,0
Nice product!,0
Add me on WhatsApp: 555-694-4216,1
Do you have it in stock?,0
What are the dimensions?,0
Do you have it in stock?,0
This looks good.,0
Nice product!,0
How soon can I get it?,0
Does it come in other colors?,0
Do you have it in stock?,0
I’m interested in this item.,0
What’s the price?,0
I’m interested in this item.,0
Does it come in other colors?,0
Where do you ship from?,0
Email me at frank69@email.net,1
What are the dimensions?,0
Nice product!,0
Nice product!,0
Can you show more photos?,0
Do you have it in stock?,0
This looks good.,0
Can you show more photos?,0
What are the dimensions?,0
Does it come in other colors?,0
Does it come in other colors?,0
Where do you ship from?,0
Here is my email: user2660@example.com,1
Does it come in other colors?,0
Nice product!,0
Reach me at +1 975 069 0881,1
I’m interested in this item.,0
Can you show more photos?,0
Does it come in other colors?,0
DM me on Instagram @tech_lead,1
Message me on Snapchat: tech_lead,1
What’s the price?,0
I’m interested in this item.,0
Do you have it in stock?,0
How soon can I get it?,0
What are the dimensions?,0
My number is +1 541 466 3344,1
I’m interested in this item.,0
Can you show more photos?,0
You can reach me at +1-411-691-2375,1
Do you have it in stock?,0
I’m interested in this item.,0
Nice product!,0
How soon can I get it?,0
t e l : +1-511-642-8990,1
Here's my email: user187@example.com,1
This looks good.,0
How soon can I get it?,0
Can you show more photos?,0
Where do you ship from?,0
Where do you ship from?,0
Connect on LinkedIn (linkedin.com/in/devguy844),1
What are the dimensions?,0
This looks good.,0
Can you share your phone number so I can send you details?,1
Does it come in other colors?,0
I’m interested in this item.,0
What’s the price?,0
What’s the price?,0
Where do you ship from?,0
Do you have it in stock?,0
Here's my email: user8675@example.com,1
Do you have it in stock?,0
What’s the price?,0
I’m interested in this item.,0
Contact via email: charlie24@email.net,1
What’s the price?,0
t e l : +1-634-374-5886,1
Does it come in other colors?,0
Does it come in other colors?,0
I’m interested in this item.,0
What’s the price?,0
I’m interested in this item.,0
What’s the price?,0
Can you show more photos?,0
How soon can I get it?,0
Send me a DM on Facebook: facebook.com/shopper99,1
You can reach me at 555-303-5359,1
What’s the price?,0
Where do you ship from?,0
Does it come in other colors?,0
Let's connect on LinkedIn: https://linkedin.com/in/charlie964,1
I’m interested in this item.,0
Find me on Facebook: https://facebook.com/heidi355,1
DM me on Instagram @fashioneer,1
This looks good.,0
This looks good.,0
Do you have it in stock?,0
Where do you ship from?,0
What’s the price?,0
Can you show more photos?,0
Where do you ship from?,0
What’s the price?,0
Does it come in other colors?,0
Do you have it in stock?,0
I’m interested in this item.,0
Where do you ship from?,0
I’m interested in this item.,0
c   o   n   t   a   c   t   m   e   + 1   2 7 7   8 5 5   3 2 8 1,1
Can you show more photos?,0
Send me a DM on Facebook: facebook.com/designer123,1
How soon can I get it?,0
Please email me at user2889@example.com,1
Email me at grace85@test.org,1
What are the dimensions?,0
Nice product!,0
Find me on Facebook: https://facebook.com/judy63,1
Message via email: bob34@email.net,1
Reach out on WhatsApp at +1-438-767-2263,1
Can you show more photos?,0
t e l : +1-592-917-5306,1
Does it come in other colors?,0
Message me at user3816@example.com,1
Text me at 555-705-1637 for more info.,1
Nice product!,0
Call me at 8366779680,1
Where do you ship from?,0
Do you have it in stock?,0
DM me on Instagram @coolguy42,1
Do you have it in stock?,0
I’m interested in this item.,0
How soon can I get it?,0
Does it come in other colors?,0
I’m interested in this item.,0
Nice product!,0
Find me on Facebook: https://facebook.com/david751,1
Nice product!,0
What’s the price?,0
Does it come in other colors?,0
This looks good.,0
Where do you ship from?,0
Twitter me at 594-295-7383,1
Does it come in other colors?,0
Can you show more photos?,0
Do you have it in stock?,0
I’m interested in this item.,0
My WeChat ID is jane.smith,1
reach at t w o o o @example.com,1
How soon can I get it?,0
Where do you ship from?,0
Does it come in other colors?,0
What’s the price?,0
How soon can I get it?,0
What are the dimensions?,0
What are the dimensions?,0
Does it come in other colors?,0
Can you show more photos?,0
Can you show more photos?,0
Nice product!,0
Nice product!,0
This looks good.,0
I’m interested in this item.,0
Add me on Facebook (facebook.com/jane.smith),1
Contact me on Skype: judy206,1
How soon can I get it?,0
This looks good.,0
Can you show more photos?,0
I’m interested in this item.,0
This looks good.,0
This looks good.,0
What’s the price?,0
I’m interested in this item.,0
How soon can I get it?,0
Does it come in other colors?,0
Do you have it in stock?,0
Can you share your phone number so I can send you details?,1
Where do you ship from?,0
What are the dimensions?,0
Nice product!,0
Nice product!,0
Nice product!,0
Can you show more photos?,0
What are the dimensions?,0
my email id is user7665@example.com,1
I’m interested in this item.,0
DM me on Instagram: @charlie357,1
This looks good.,0
Add me on WhatsApp: 985-132-2749,1
Where do you ship from?,0
Where do you ship from?,0
You can reach me at +1-714-497-4060,1
My TikTok: @charlie670,1
This looks good.,0
What are the dimensions?,0
Does it come in other colors?,0
What’s the price?,0
What are the dimensions?,0
How soon can I get it?,0
What’s the price?,0
Contact via email: heidi1@email.net,1
Can you show more photos?,0
How soon can I get it?,0
Does it come in other colors?,0
Nice product!,0
My WeChat ID is jane.smith,1
Does it come in other colors?,0
Nice product!,0
What’s the price?,0
Do you have it in stock?,0
Does it come in other colors?,0
Nice product!,0
This looks good.,0
Where do you ship from?,0
What are the dimensions?,0
Where do you ship from?,0
This looks good.,0
What’s the price?,0
Nice product!,0
What are the dimensions?,0
What are the dimensions?,0
Do you have it in stock?,0
Do you have it in stock?,0
I’m interested in this item.,0
What are the dimensions?,0
Message me on Signal: (855) 060-5551,1
How soon can I get it?,0
Where do you ship from?,0
Nice product!,0
Can you show more photos?,0
Does it come in other colors?,0
What’s the price?,0
Do you have it in stock?,0
I’m interested in this item.,0
I’m interested in this item.,0
How soon can I get it?,0
How soon can I get it?,0
Does it come in other colors?,0
Text me at 555-405-3199 for more info.,1
Here's my email: user5542@example.com,1
Do you have it in stock?,0
Can you show more photos?,0
Does it come in other colors?,0
Where do you ship from?,0
Can you share your phone number so I can send you details?,1
What are the dimensions?,0
t e l : +1-404-379-5120,1
Nice product!,0
Does it come in other colors?,0
Does it come in other colors?,0
Message me on Snapchat: tech_lead,1
Can you show more photos?,0
Reach me at 6235148576,1
Does it come in other colors?,0
What are the dimensions?,0
I’m interested in this item.,0
Message me on Signal: 625-909-4557,1
This looks good.,0
How soon can I get it?,0
What’s the price?,0
Where do you ship from?,0
Where do you ship from?,0
Follow me on Twitter: @frank391,1
Hit me up on WhatsApp at 555-263-6173,1
This looks good.,0
I’m interested in this item.,0
What are the dimensions?,0
Do you have it in stock?,0
Does it come in other colors?,0
Where do you ship from?,0
What are the dimensions?,0
What are the dimensions?,0
How soon can I get it?,0
Does it come in other colors?,0
Does it come in other colors?,0
I’m interested in this item.,0
Do you have it in stock?,0
This looks good.,0
Text me at 555-357-6745 for more info.,1
c h a r l i e 7 1 @ t e s t . o r g,1
Let's connect on LinkedIn: linkedin.com/in/coolguy42,1
Where do you ship from?,0
Call me at (909) 751-6320,1
How soon can I get it?,0
What’s the price?,0
Contact via email: ivan20@test.org,1
Do you have it in stock?,0
What are the dimensions?,0
Do you have it in stock?,0
How soon can I get it?,0
What are the dimensions?,0
Do you have it in stock?,0
Can you show more photos?,0
Nice product!,0
Can you show more photos?,0
Do you have it in stock?,0
How soon can I get it?,0
Do you have it in stock?,0
Where do you ship from?,0
I’m interested in this item.,0
Contact me via Telegram: @tech_lead,1
h e i d i 1 0 @ t e s t . o r g,1
How soon can I get it?,0
t e l : +1-933-222-1466,1
DM me on Facebook: facebook.com/shopper17,1
How soon can I get it?,0
I’m interested in this item.,0
This looks good.,0
What are the dimensions?,0
Where do you ship from?,0
Does it come in other colors?,0
Can you show more photos?,0
Snapchat me @ coolcat450,1
This looks good.,0
What are the dimensions?,0
Can you show more photos?,0
Can you show more photos?,0
This looks good.,0
Add me on WhatsApp: 484-390-1993,1
Do you have it in stock?,0
Do you have it in stock?,0
Can you show more photos?,0
I’m interested in this item.,0
Can you show more photos?,0
How soon can I get it?,0
Where do you ship from?,0
What’s the price?,0
Add me on WhatsApp: 555-289-6729,1
Can you show more photos?,0
Can you show more photos?,0
Can you share your phone number so I can send you details?,1
Does it come in other colors?,0
Nice product!,0
This looks good.,0
Can you show more photos?,0
Connect on LinkedIn (linkedin.com/in/devguy19),1
Can you show more photos?,0
What’s the price?,0
Nice product!,0
"My contact is 555-947-2582, call me.",1
What are the dimensions?,0
How soon can I get it?,0
What’s the price?,0
Where do you ship from?,0
Does it come in other colors?,0
Text me at 710-368-0993,1
Do you have it in stock?,0
Where do you ship from?,0
Where do you ship from?,0
📧 user4660@example.com,1
Nice product!,0
This looks good.,0
What are the dimensions?,0
This looks good.,0
Do you have it in stock?,0
I’m interested in this item.,0
Text me at +1 084 203 0859,1
What’s the price?,0
Nice product!,0
Do you have it in stock?,0
What’s the price?,0
Contact me via Telegram: @tech_lead,1
What’s the price?,0
What’s the price?,0
Where do you ship from?,0
Contact me on Skype: ivan888,1
Message me on Snapchat: coolguy42,1
What’s the price?,0
Ping me on Telegram: @heidi783,1
What’s the price?,0
Can you show more photos?,0
Do you have it in stock?,0
Please email me at user6960@example.com,1
Nice product!,0
Does it come in other colors?,0
How soon can I get it?,0
This looks good.,0
Where do you ship from?,0
Nice product!,0
Does it come in other colors?,0
I’m interested in this item.,0
Here is my email: user2366@example.com,1
Can you show more photos?,0
What’s the price?,0
Can you show more photos?,0
Can you show more photos?,0
I’m interested in this item.,0
Call me at +1 115 610 3272,1
Does it come in other colors?,0
This looks good.,0
I’m interested in this item.,0
How soon can I get it?,0
Can you show more photos?,0
What’s the price?,0
Can you show more photos?,0
I’m interested in this item.,0
What are the dimensions?,0
Nice product!,0
This looks good.,0
How soon can I get it?,0
Message via email: ivan39@test.org,1
This looks good.,0
Where do you ship from?,0
Where do you ship from?,0
Do you have it in stock?,0
Can you show more photos?,0
What are the dimensions?,0
wanna chat? +1-353-210-8801,1
I’m interested in this item.,0
My Snapchat is charlie859,1
Where do you ship from?,0
Let's connect on LinkedIn: https://linkedin.com/in/david884,1
Snapchat me @ devguy754,1
Do you have it in stock?,0
Nice product!,0
Reach me at 3457016916,1
Does it come in other colors?,0
I’m interested in this item.,0
Can you share your phone number so I can send you details?,1
This looks good.,0
Can you show more photos?,0
What’s the price?,0
You can reach me at 555-360-1841,1
"Email is user9220@example.com, reach out anytime.",1
Nice product!,0
How soon can I get it?,0
Nice product!,0
Do you have it in stock?,0
Connect on LinkedIn (linkedin.com/in/designer123),1
What’s the price?,0
Can you show more photos?,0
Can you share your phone number so I can send you details?,1
Can you show more photos?,0
Can you show more photos?,0
What are the dimensions?,0
Where do you ship from?,0
Where do you ship from?,0
Please email me at user3841@example.com,1
Where do you ship from?,0
What are the dimensions?,0
Does it come in other colors?,0
How soon can I get it?,0
What’s the price?,0
Does it come in other colors?,0
Nice product!,0
How soon can I get it?,0
This looks good.,0
Do you have it in stock?,0
Connect on LinkedIn (linkedin.com/in/shopper827),1
Nice product!,0
C a l l   m e :   + 1   4 0 6   5 4 6   4 7 8 9,1
What’s the price?,0
Where do you ship from?,0
Can you show more photos?,0
What are the dimensions?,0
Please email me at user3460@example.com,1
What’s the price?,0
hmu @ shopper880,1
Find me on Facebook: https://facebook.com/grace291,1
snap me at s-n-a-p devguy197,1
Nice product!,0
Where do you ship from?,0
What’s the price?,0
What’s the price?,0
Does it come in other colors?,0
Text me at +1-830-729-7405,1
This looks good.,0
Add me on Facebook (facebook.com/fashionguru),1
Do you have it in stock?,0
This looks good.,0
How soon can I get it?,0
Here's my email: user4772@example.com,1
Let's connect on LinkedIn: https://linkedin.com/in/heidi225,1
What are the dimensions?,0
Find me on Facebook: https://facebook.com/eve625,1
This looks good.,0
Where do you ship from?,0
Does it come in other colors?,0
Where do you ship from?,0
I’m interested in this item.,0
What’s the price?,0
Follow me on Twitter: @heidi56,1
This looks good.,0
This looks good.,0
What are the dimensions?,0
Can you show more photos?,0
Does it come in other colors?,0
I’m interested in this item.,0
Please email me at user8347@example.com,1
wanna chat? +1-611-461-1026,1
Hit me up on WhatsApp at +1-729-936-5976,1
Add me on Facebook (facebook.com/designer123),1
Where do you ship from?,0
Do you have it in stock?,0
Can you show more photos?,0
This looks good.,0
I’m interested in this item.,0
Does it come in other colors?,0
Do you have it in stock?,0
Do you have it in stock?,0
Does it come in other colors?,0
I’m interested in this item.,0
Message me on Snapchat: jane.smith,1
Where do you ship from?,0
I’m interested in this item.,0
How soon can I get it?,0
Contact me via Telegram: @tech_lead,1
How soon can I get it?,0
Can you show more photos?,0
What’s the price?,0
c o n t a c t : +1-799-625-8432,1
This looks good.,0
Nice product!,0
I’m interested in this item.,0
my digits: +1-747-219-2084,1
Do you have it in stock?,0
Where do you ship from?,0
Does it come in other colors?,0
Does it come in other colors?,0
Do you have it in stock?,0
C a l l   m e :   0 7 7 7 5 4 2 3 1 2,1
What are the dimensions?,0
My Snapchat is heidi768,1
Where do you ship from?,0
Let's connect on LinkedIn: https://linkedin.com/in/eve743,1
Add me on WhatsApp: +1 976 972 8405,1
Where do you ship from?,0
I’m interested in this item.,0
What’s the price?,0
Where do you ship from?,0
How soon can I get it?,0
Do you have it in stock?,0
How soon can I get it?,0
DM me on Facebook: facebook.com/shopper415,1
Ping me on Telegram: @bob371,1
How soon can I get it?,0
What are the dimensions?,0
How soon can I get it?,0
This looks good.,0
fb.com/shopper184,1
"Email is user7193@example.com, reach out anytime.",1
What are the dimensions?,0
Let's connect on LinkedIn: https://linkedin.com/in/david86,1
Do you have it in stock?,0
Can you show more photos?,0
Add me on Facebook (facebook.com/coolguy42),1
Email me at grace93@email.net,1
Nice product!,0
How soon can I get it?,0
How soon can I get it?,0
What’s the price?,0
What’s the price?,0
I’m interested in this item.,0
You can reach me at +1-883-486-4694,1
Does it come in other colors?,0
fb.com/fashionista321,1
Does it come in other colors?,0
This looks good.,0
Can you show more photos?,0
Do you have it in stock?,0
telegram: t dot me slash devguy95,1
Contact me via Telegram: @fashioneer,1
How soon can I get it?,0
Can you show more photos?,0
Where do you ship from?,0
Where do you ship from?,0
What are the dimensions?,0
Nice product!,0
Does it come in other colors?,0
Where do you ship from?,0
What are the dimensions?,0
I’m interested in this item.,0
Does it come in other colors?,0
Do you have it in stock?,0
Where do you ship from?,0
You can reach me at 555-346-7031,1
I’m interested in this item.,0
I’m interested in this item.,0
Let's connect on LinkedIn: linkedin.com/in/fashionguru,1
Do you have it in stock?,0
Do you have it in stock?,0
How soon can I get it?,0
Does it come in other colors?,0
This looks good.,0
Where do you ship from?,0
Please email me at user8687@example.com,1
This looks good.,0
How soon can I get it?,0
What are the dimensions?,0
What’s the price?,0
I’m interested in this item.,0
Nice product!,0
My WeChat ID is john_doe,1
I’m interested in this item.,0
I’m interested in this item.,0
How soon can I get it?,0
c o n t a c t : +1-122-424-8137,1
How soon can I get it?,0
Email me at user5620@example.com,1
What are the dimensions?,0
This looks good.,0
Can you show more photos?,0
What’s the price?,0
WhatsApp me at +1-555-931-2737,1
Nice product!,0
Do you have it in stock?,0
This looks good.,0
What are the dimensions?,0
Do you have it in stock?,0
What’s the price?,0
Can you show more photos?,0
Nice product!,0
This looks good.,0
How soon can I get it?,0
Text me at +1-861-206-6069,1
Add me on Facebook (facebook.com/coolguy42),1
Instagram me at 7145344199,1
Does it come in other colors?,0
Where do you ship from?,0
This looks good.,0
Where do you ship from?,0
Text me at 555-879-2010 for more info.,1
"My contact is 555-216-8113, call me.",1
Nice product!,0
My number is +1 877 877 4273,1
Nice product!,0
Text me at 555-197-7645 for more info.,1
Can you show more photos?,0
I’m interested in this item.,0
Please email me at user8550@example.com,1
Nice product!,0
Nice product!,0
reach at t w o o o @example.com,1
I’m interested in this item.,0
Does it come in other colors?,0
Add me on WhatsApp: 555-282-1871,1
Nice product!,0
How soon can I get it?,0
Does it come in other colors?,0
Nice product!,0
Do you have it in stock?,0
What are the dimensions?,0
Let's connect on LinkedIn: linkedin.com/in/coolguy42,1
How soon can I get it?,0
Does it come in other colors?,0
Hit me up on WhatsApp at +1-652-647-8722,1
Reach me at 245-684-8916,1
How soon can I get it?,0
Nice product!,0
This looks good.,0
Does it come in other colors?,0
How soon can I get it?,0
How soon can I get it?,0
Let's connect on LinkedIn: linkedin.com/in/john_doe,1
Message me at user6651@example.com,1
I’m interested in this item.,0
I’m interested in this item.,0
Contact me via Telegram: @fashionguru,1
This looks good.,0
hmu @ coolcat596,1
c   o   n   t   a   c   t   m   e   ( 1 7 8 )   9 3 1 - 1 8 6 6,1
Add me on WhatsApp: 555-927-9050,1
What are the dimensions?,0
Nice product!,0
I’m interested in this item.,0
Where do you ship from?,0
What’s the price?,0
You can reach me at +1-478-527-1277,1
This looks good.,0
Does it come in other colors?,0
WhatsApp me at +1-555-715-8515,1
I’m interested in this item.,0
Can you show more photos?,0
Can you show more photos?,0
Let's connect on LinkedIn: linkedin.com/in/fashionguru,1
Can you show more photos?,0
What’s the price?,0
What are the dimensions?,0
What’s the price?,0
What’s the price?,0
Can you show more photos?,0
This looks good.,0
Add me on WhatsApp: 555-757-8900,1
Do you have it in stock?,0
Hit me up on WhatsApp at +1-523-338-1865,1
Can you show more photos?,0
Does it come in other colors?,0
Do you have it in stock?,0
Where do you ship from?,0
How soon can I get it?,0
Where do you ship from?,0
What’s the price?,0
What are the dimensions?,0
What are the dimensions?,0
Does it come in other colors?,0
How soon can I get it?,0
Add me on WhatsApp: 5177438261,1
Can you show more photos?,0
DM me on Facebook: facebook.com/shopper700,1
Hit me up on WhatsApp at 555-425-3269,1
Nice product!,0
What’s the price?,0
Contact me on Skype: eve538,1
Does it come in other colors?,0
What are the dimensions?,0
Can you show more photos?,0
You can reach me at +1-854-526-8946,1
Where do you ship from?,0
DM me on Instagram @john_doe,1
This looks good.,0
Do you have it in stock?,0
Does it come in other colors?,0
What are the dimensions?,0
Nice product!,0
Do you have it in stock?,0
I’m interested in this item.,0
What are the dimensions?,0
What are the dimensions?,0
What are the dimensions?,0
What are the dimensions?,0
Does it come in other colors?,0
What are the dimensions?,0
What’s the price?,0
What’s the price?,0
Send me a DM on Facebook: facebook.com/fashioneer,1
c   o   n   t   a   c   t   m   e   5 4 2 - 9 1 0 - 8 4 5 0,1
Do you have it in stock?,0
Let's connect on LinkedIn: linkedin.com/in/fashionguru,1
Where do you ship from?,0
This looks good.,0
What’s the price?,0
Can you show more photos?,0
Add me on Facebook (facebook.com/shopper99),1
I’m interested in this item.,0
Do you have it in stock?,0
I’m interested in this item.,0
Do you have it in stock?,0
Snapchat me @ fashionista392,1
How soon can I get it?,0
This looks good.,0
What’s the price?,0
Can you show more photos?,0
Nice product!,0
What’s the price?,0
What’s the price?,0
Where do you ship from?,0
What are the dimensions?,0
Where do you ship from?,0
Where do you ship from?,0
How soon can I get it?,0
What’s the price?,0
TikTok me at 2254588899,1
Do you have it in stock?,0
What’s the price?,0
What’s the price?,0
Where do you ship from?,0
This looks good.,0
Does it come in other colors?,0
My number is 8178478302,1
I’m interested in this item.,0
Let's connect on LinkedIn: https://linkedin.com/in/david757,1
I’m interested in this item.,0
Hit me up on WhatsApp at 555-170-4587,1
Nice product!,0
What are the dimensions?,0
Add me on Facebook (facebook.com/shop_owner),1
c   o   n   t   a   c   t   m   e   9 0 2 - 5 4 6 - 5 9 9 8,1
This looks good.,0
How soon can I get it?,0
Do you have it in stock?,0
Can you show more photos?,0
What are the dimensions?,0
This looks good.,0
What’s the price?,0
What’s the price?,0
Where do you ship from?,0
How soon can I get it?,0
How soon can I get it?,0
How soon can I get it?,0
Do you have it in stock?,0
DM me on Facebook: facebook.com/fashionista749,1
Contact me via Telegram: @fashioneer,1
I’m interested in this item.,0
My TikTok: @charlie809,1
This looks good.,0
This looks good.,0
Where do you ship from?,0
Do you have it in stock?,0
Can you show more photos?,0
I’m interested in this item.,0
Nice product!,0
What’s the price?,0
Message me on Signal: 9826359869,1
Does it come in other colors?,0
How soon can I get it?,0
Nice product!,0
Can you show more photos?,0
This looks good.,0
Does it come in other colors?,0
Where do you ship from?,0
Call me at +1 110 378 0292,1
How soon can I get it?,0
This looks good.,0
Can you show more photos?,0
Let's connect on LinkedIn: https://linkedin.com/in/judy853,1
c o n t a c t : +1-672-345-2317,1
Nice product!,0
How soon can I get it?,0
What’s the price?,0
Let's connect on LinkedIn: linkedin.com/in/jane.smith,1
What’s the price?,0
Can I have your email address?,1
How soon can I get it?,0
Nice product!,0
Where do you ship from?,0
Follow me on Twitter: @charlie269,1
Nice product!,0
Where do you ship from?,0
Message via email: frank11@email.net,1
Can you show more photos?,0
My TikTok: @heidi692,1
I’m interested in this item.,0
Hit me up on WhatsApp at +1-459-286-3433,1
Message me on Signal: (490) 407-7645,1
Where do you ship from?,0
What are the dimensions?,0
What’s the price?,0
Can you show more photos?,0
How soon can I get it?,0
I’m interested in this item.,0
Does it come in other colors?,0
How soon can I get it?,0
Where do you ship from?,0
Let's connect on LinkedIn: linkedin.com/in/john_doe,1
How soon can I get it?,0
Do you have it in stock?,0
Where do you ship from?,0
Does it come in other colors?,0
Contact me on Skype: alice580,1
This looks good.,0
Nice product!,0
This looks good.,0
This looks good.,0
How soon can I get it?,0
I’m interested in this item.,0
"My contact is 555-877-1546, call me.",1
I’m interested in this item.,0
DM me on Instagram @shopper99,1
Can you show more photos?,0
c   o   n   t   a   c   t   m   e   ( 9 5 8 )   5 8 3 - 6 2 8 8,1
wanna chat? +1-397-644-1390,1
What are the dimensions?,0
Does it come in other colors?,0
What’s the price?,0
What’s the price?,0
What’s the price?,0
Does it come in other colors?,0
wanna chat? +1-634-406-3425,1
Nice product!,0
Message me at user6826@example.com,1
Message me on Snapchat: tech_lead,1
Nice product!,0
Do you have it in stock?,0
Message me on Signal: 705-897-7569,1
Snapchat me @ fashionista318,1
What’s the price?,0
Message me at user5664@example.com,1
Where do you ship from?,0
Mail me: alice15@example.com,1
Do you have it in stock?,0
reach at t w o o o @example.com,1
Ping me on Telegram: @charlie642,1
Does it come in other colors?,0
I’m interested in this item.,0
Nice product!,0
Do you have it in stock?,0
Nice product!,0
Do you have it in stock?,0
Do you have it in stock?,0
Can you show more photos?,0
Nice product!,0
Does it come in other colors?,0
Facebook me at 8396549077,1
What’s the price?,0
What’s the price?,0
This looks good.,0
What are the dimensions?,0
Nice product!,0
This looks good.,0
telegram: t dot me slash devguy573,1
Do you have it in stock?,0
Connect on LinkedIn (linkedin.com/in/jane.smith),1
What are the dimensions?,0
Do you have it in stock?,0
What are the dimensions?,0
How soon can I get it?,0
fb.com/coolcat3,1
This looks good.,0
This looks good.,0
What’s the price?,0
Add me on Facebook (facebook.com/tech_lead),1
I’m interested in this item.,0
What are the dimensions?,0
fb.com/shopper522,1
Can I have your email address?,1
What’s the price?,0
Does it come in other colors?,0
get in touch @ user361@example.com,1
Do you have it in stock?,0
What are the dimensions?,0
How soon can I get it?,0
This looks good.,0
Connect on LinkedIn (linkedin.com/in/coolcat122),1
I’m interested in this item.,0
Where do you ship from?,0
WhatsApp me at +1-555-437-6678,1
You can reach me at +1-841-738-5580,1
Do you have it in stock?,0
I’m interested in this item.,0
How soon can I get it?,0
This looks good.,0
Do you have it in stock?,0
e m a i l m e @ user6688@example.com,1
This looks good.,0
Where do you ship from?,0
What are the dimensions?,0
This looks good.,0
This looks good.,0
I’m interested in this item.,0
I’m interested in this item.,0
This looks good.,0
Can I have your email address?,1
Add me on Facebook (facebook.com/coolguy42),1
Does it come in other colors?,0
Find me on Facebook: https://facebook.com/charlie753,1
Here's my email: user8314@example.com,1
message me via g m a i l at user6583@example.com,1
This looks good.,0
Where do you ship from?,0
This looks good.,0
Can you show more photos?,0
What are the dimensions?,0
Does it come in other colors?,0
I’m interested in this item.,0
Let's connect on LinkedIn: https://linkedin.com/in/eve75,1
"Email is user7217@example.com, reach out anytime.",1
Mail me: frank5@email.net,1
Does it come in other colors?,0
This looks good.,0
What’s the price?,0
Does it come in other colors?,0
This looks good.,0
Can you show more photos?,0
My Snapchat is heidi666,1
Nice product!,0
Nice product!,0
How soon can I get it?,0
Nice product!,0
I’m interested in this item.,0
This looks good.,0
I’m interested in this item.,0
What’s the price?,0
Follow me on Twitter: @bob705,1
I’m interested in this item.,0
What are the dimensions?,0
What are the dimensions?,0
Add me on Facebook (facebook.com/coolguy42),1
Where do you ship from?,0
Where do you ship from?,0
Where do you ship from?,0
Does it come in other colors?,0
Can you show more photos?,0
I’m interested in this item.,0
Nice product!,0
Can you show more photos?,0
How soon can I get it?,0
Do you have it in stock?,0
Does it come in other colors?,0
I’m interested in this item.,0
Nice product!,0
Nice product!,0
Call me at 333-240-0233,1
j u d y 3 2 @ e m a i l . n e t,1
Does it come in other colors?,0
What are the dimensions?,0
telegram: t dot me slash coolcat85,1
Where do you ship from?,0
Can you show more photos?,0
I’m interested in this item.,0
Does it come in other colors?,0
Can you show more photos?,0
What’s the price?,0
Do you have it in stock?,0
telegram: t dot me slash devguy916,1
DM me on Instagram: @judy967,1
I’m interested in this item.,0
What’s the price?,0
What’s the price?,0
c o n t a c t : +1-330-414-9722,1
My number is +1 287 101 8703,1
Can you show more photos?,0
My Snapchat is heidi305,1
Where do you ship from?,0
How soon can I get it?,0
This looks good.,0
What are the dimensions?,0
you can DM me at fashionista25 on Insta,1
you can DM me at fashionista643 on Insta,1
Send me a DM on Facebook: facebook.com/jane.smith,1
Send me a DM on Facebook: facebook.com/john_doe,1
Do you have it in stock?,0
I’m interested in this item.,0
Do you have it in stock?,0
How soon can I get it?,0
How soon can I get it?,0
I’m interested in this item.,0
Do you have it in stock?,0
Message via email: david92@example.com,1
get in touch @ user747@example.com,1
Do you have it in stock?,0
What’s the price?,0
Where do you ship from?,0
My Snapchat is eve957,1
I’m interested in this item.,0
This looks good.,0
Does it come in other colors?,0
My number is +1 479 662 1382,1
I’m interested in this item.,0
What are the dimensions?,0
Do you have it in stock?,0
Can you show more photos?,0
Message me on Snapchat: fashionguru,1
Where do you ship from?,0
What are the dimensions?,0
Does it come in other colors?,0
Does it come in other colors?,0
Does it come in other colors?,0
This looks good.,0
Nice product!,0
Does it come in other colors?,0
What are the dimensions?,0
Nice product!,0
Find me on Facebook: https://facebook.com/eve659,1
Nice product!,0
This looks good.,0
I’m interested in this item.,0
How soon can I get it?,0
Do you have it in stock?,0
Messenger me at +1 645 123 9128,1
Ping me on Telegram: @eve823,1
This looks good.,0
Nice product!,0
Can you show more photos?,0
What’s the price?,0
Message me on Snapchat: john_doe,1
What are the dimensions?,0
You can reach me at 555-509-2878,1
Can you show more photos?,0
What’s the price?,0
Do you have it in stock?,0
Does it come in other colors?,0
reach at t w o o o @example.com,1
Do you have it in stock?,0
Does it come in other colors?,0
📧 user4811@example.com,1
I’m interested in this item.,0
Can you show more photos?,0
Does it come in other colors?,0
This looks good.,0
Where do you ship from?,0
What’s the price?,0
Nice product!,0
Text me at 555-674-7272 for more info.,1
Nice product!,0
What’s the price?,0
Can you show more photos?,0
Can you show more photos?,0
Nice product!,0
Let's connect on LinkedIn: linkedin.com/in/john_doe,1
Connect on LinkedIn (linkedin.com/in/designer123),1
Where do you ship from?,0
What are the dimensions?,0
Hit me up on WhatsApp at +1-845-318-7579,1
you can DM me at coolcat133 on Insta,1
Nice product!,0
Can you show more photos?,0
Nice product!,0
Follow me on Twitter: @bob592,1
Snapchat me @ devguy307,1
What are the dimensions?,0
This looks good.,0
Where do you ship from?,0
What are the dimensions?,0
What are the dimensions?,0
What’s the price?,0
Nice product!,0
wanna chat? +1-675-837-1500,1
Do you have it in stock?,0
Where do you ship from?,0
my email id is user3802@example.com,1
Can you show more photos?,0
Does it come in other colors?,0
Does it come in other colors?,0
Does it come in other colors?,0
Send me a DM on Facebook: facebook.com/shopper99,1
What are the dimensions?,0
What are the dimensions?,0
Can you show more photos?,0
What’s the price?,0
Do you have it in stock?,0
Add me on Facebook (facebook.com/best_pizza),1
I’m interested in this item.,0
Add me on Facebook (facebook.com/designer123),1
This looks good.,0
Message me on Signal: (427) 644-9129,1
Where do you ship from?,0
Nice product!,0
Does it come in other colors?,0
What’s the price?,0
Can you show more photos?,0
How soon can I get it?,0
f r a n k 6 7 @ t e s t . o r g,1
Does it come in other colors?,0
Do you have it in stock?,0
I’m interested in this item.,0
Does it come in other colors?,0
Can you show more photos?,0
Nice product!,0
I’m interested in this item.,0
What are the dimensions?,0
Do you have it in stock?,0
Can I have your email address?,1
Where do you ship from?,0
Hit me up on WhatsApp at 555-682-7275,1
What are the dimensions?,0
Nice product!,0
This looks good.,0
This looks good.,0
Does it come in other colors?,0
Can you show more photos?,0
What’s the price?,0
Can you share your phone number so I can send you details?,1
This looks good.,0
My number is 036-971-4842,1
📱 +1-471-760-4611,1
Where do you ship from?,0
I’m interested in this item.,0
What are the dimensions?,0
How soon can I get it?,0
What’s the price?,0
I’m interested in this item.,0
What are the dimensions?,0
Does it come in other colors?,0
What are the dimensions?,0
What are the dimensions?,0
Do you have it in stock?,0
Can you show more photos?,0
What are the dimensions?,0
What’s the price?,0
Nice product!,0
What are the dimensions?,0
How soon can I get it?,0
Can you show more photos?,0
What are the dimensions?,0
I’m interested in this item.,0
Does it come in other colors?,0
Nice product!,0
What are the dimensions?,0
This looks good.,0
Text me at 555-790-8220 for more info.,1
What’s the price?,0
📧 user6856@example.com,1
Nice product!,0
I’m interested in this item.,0
This looks good.,0
g r a c e 1 2 @ t e s t . o r g,1
How soon can I get it?,0
Can you show more photos?,0
C a l l   m e :   + 1   8 9 8   9 1 7   0 3 3 1,1
Email me at user3192@example.com,1
What’s the price?,0
Where do you ship from?,0
My WeChat ID is fashioneer,1
Can you show more photos?,0
Do you have it in stock?,0
I’m interested in this item.,0
This looks good.,0
Where do you ship from?,0
I’m interested in this item.,0
Does it come in other colors?,0
What are the dimensions?,0
Does it come in other colors?,0
What are the dimensions?,0
c o n t a c t : +1-121-142-5967,1
telegram: t dot me slash fashionista339,1
Does it come in other colors?,0
Where do you ship from?,0
How soon can I get it?,0
What are the dimensions?,0
How soon can I get it?,0
I’m interested in this item.,0
I’m interested in this item.,0
Where do you ship from?,0
Does it come in other colors?,0
get in touch @ user9367@example.com,1
Contact me on Skype: alice787,1
What are the dimensions?,0
Do you have it in stock?,0
What are the dimensions?,0
How soon can I get it?,0
DM me on Instagram @tech_lead,1
Does it come in other colors?,0
What are the dimensions?,0
Where do you ship from?,0
I’m interested in this item.,0
Connect on LinkedIn (linkedin.com/in/john_doe),1
How soon can I get it?,0
How soon can I get it?,0
Nice product!,0
This looks good.,0
Let's connect on LinkedIn: linkedin.com/in/shop_owner,1
What’s the price?,0
Can you show more photos?,0
Where do you ship from?,0
Message via email: bob81@email.net,1
WhatsApp me at +1-555-672-5279,1
What’s the price?,0
Where do you ship from?,0
What’s the price?,0
What’s the price?,0
This looks good.,0
What are the dimensions?,0
Do you have it in stock?,0
I’m interested in this item.,0
Can you show more photos?,0
Do you have it in stock?,0
What are the dimensions?,0
Can you show more photos?,0
This looks good.,0
Nice product!,0
Nice product!,0
Nice product!,0
Nice product!,0
Please email me at user1140@example.com,1
Can you show more photos?,0
Do you have it in stock?,0
Can you show more photos?,0
Add me on Facebook (facebook.com/shopper99),1
Does it come in other colors?,0
C o n t a c t :   2 6 9 - 9 4 1 - 0 4 4 0,1
Message me on Signal: 4107434131,1
Add me on Facebook (facebook.com/designer123),1
This looks good.,0
Do you have it in stock?,0
c o n t a c t : +1-501-824-3588,1
I’m interested in this item.,0
Can you show more photos?,0
I’m interested in this item.,0
What’s the price?,0
What are the dimensions?,0
How soon can I get it?,0
Nice product!,0
What are the dimensions?,0
WhatsApp me at +1-555-805-3837,1
Follow me on Twitter: @heidi461,1
What’s the price?,0
Where do you ship from?,0
I’m interested in this item.,0
Nice product!,0
How soon can I get it?,0
Add me on WhatsApp: 555-341-7924,1
I’m interested in this item.,0
Does it come in other colors?,0
Snapchat me @ fashionista573,1
WhatsApp me at 8848500569,1
I’m interested in this item.,0
Do you have it in stock?,0
I’m interested in this item.,0
Nice product!,0
What are the dimensions?,0
Can you show more photos?,0
Does it come in other colors?,0
Can you show more photos?,0
Do you have it in stock?,0
Do you have it in stock?,0
Do you have it in stock?,0
Does it come in other colors?,0
Can you show more photos?,0
Where do you ship from?,0
Do you have it in stock?,0
What’s the price?,0
My WeChat ID is coolguy42,1
What’s the price?,0
📧 user9440@example.com,1
Can I have your email address?,1
How soon can I get it?,0
What are the dimensions?,0
Can you show more photos?,0
telegram: t dot me slash coolcat360,1
I’m interested in this item.,0
Instagram me at (282) 509-7991,1
Can you show more photos?,0
Please email me at user4440@example.com,1
What are the dimensions?,0
What are the dimensions?,0
reach at t w o o o @example.com,1
Can you show more photos?,0
What are the dimensions?,0
my digits: +1-999-349-2442,1
Text me at 555-706-5610 for more info.,1
Can you show more photos?,0
Do you have it in stock?,0
Do you have it in stock?,0
Can you show more photos?,0
Message me on Signal: 6423155575,1
I’m interested in this item.,0
What’s the price?,0
Email me at user5010@example.com,1
I’m interested in this item.,0
a l i c e 5 @ e x a m p l e . c o m,1
Do you have it in stock?,0
I’m interested in this item.,0
I’m interested in this item.,0
Email me at eve38@test.org,1
Nice product!,0
Does it come in other colors?,0
Does it come in other colors?,0
This looks good.,0
e m a i l m e @ user5049@example.com,1
Does it come in other colors?,0
This looks good.,0
Nice product!,0
e m a i l m e @ user5271@example.com,1
Follow me on Instagram @shopper99 and DM.,1
Does it come in other colors?,0
Can you show more photos?,0
I’m interested in this item.,0
What’s the price?,0
What’s the price?,0
What are the dimensions?,0
What are the dimensions?,0
Do you have it in stock?,0
What are the dimensions?,0
Text me at 555-701-8974 for more info.,1
hmu @ fashionista915,1
Nice product!,0
Can you show more photos?,0
This looks good.,0
Do you have it in stock?,0
How soon can I get it?,0
"Email is user9635@example.com, reach out anytime.",1
My TikTok: @bob932,1
Where do you ship from?,0
What are the dimensions?,0
Where do you ship from?,0
Where do you ship from?,0
What are the dimensions?,0
How soon can I get it?,0
How soon can I get it?,0
WhatsApp me at +1-555-618-9039,1
Find me on Facebook: https://facebook.com/alice788,1
Can you show more photos?,0
Find me on Facebook: https://facebook.com/alice387,1
What’s the price?,0
Where do you ship from?,0
This looks good.,0
I’m interested in this item.,0
Mail me: alice56@mail.com,1
Can you show more photos?,0
Nice product!,0
How soon can I get it?,0
What’s the price?,0
Can you show more photos?,0
What’s the price?,0
How soon can I get it?,0
I’m interested in this item.,0
Ping me on Telegram: @judy314,1
Nice product!,0
What are the dimensions?,0
I’m interested in this item.,0
What’s the price?,0
Reach out on WhatsApp at +1-767-177-6610,1
What’s the price?,0
Message me on Snapchat: fashioneer,1
How soon can I get it?,0
Can you show more photos?,0
Can you show more photos?,0
This looks good.,0
What’s the price?,0
📧 user4962@example.com,1
Do you have it in stock?,0
How soon can I get it?,0
Where do you ship from?,0
Text me at +1-558-808-7123,1
How soon can I get it?,0
c o n t a c t : +1-567-158-3021,1
Do you have it in stock?,0
Twitter me at +1 891 817 7454,1
Can you show more photos?,0
Does it come in other colors?,0
Follow me on Instagram @fashionguru and DM.,1
What are the dimensions?,0
What are the dimensions?,0
Let's connect on LinkedIn: linkedin.com/in/coolguy42,1
Reach out on WhatsApp at +1-931-849-5739,1
Send me a DM on Facebook: facebook.com/shop_owner,1
What are the dimensions?,0
Where do you ship from?,0
What are the dimensions?,0
Connect on LinkedIn (linkedin.com/in/coolcat975),1
How soon can I get it?,0
This looks good.,0
What are the dimensions?,0
Do you have it in stock?,0
Does it come in other colors?,0
What are the dimensions?,0
Does it come in other colors?,0
Call me at +1 497 788 5217,1
Does it come in other colors?,0
Do you have it in stock?,0
How soon can I get it?,0
Can you show more photos?,0
What are the dimensions?,0
What’s the price?,0
Where do you ship from?,0
Contact me via Telegram: @shop_owner,1
Does it come in other colors?,0
Can you show more photos?,0
Does it come in other colors?,0
Please email me at user6429@example.com,1
This looks good.,0
This looks good.,0
C a l l   m e :   + 1   3 6 6   0 6 4   3 3 9 1,1
I’m interested in this item.,0
What’s the price?,0
What are the dimensions?,0
Do you have it in stock?,0
Add me on WhatsApp: 555-190-6082,1
This looks good.,0
Text me at +1-237-223-8526,1
Do you have it in stock?,0
Can you show more photos?,0
Email me at user4776@example.com,1
What are the dimensions?,0
Where do you ship from?,0
What are the dimensions?,0
Where do you ship from?,0
You can reach me at 555-993-9377,1
C o n t a c t :   8 8 8 9 2 0 4 1 6 7,1
DM me on Instagram: @alice40,1
What’s the price?,0
📱 +1-496-792-1275,1
Do you have it in stock?,0
DM me on Instagram @shop_owner,1
This looks good.,0
Does it come in other colors?,0
c o n t a c t : +1-258-433-4178,1
Text me at +1-590-384-9170,1
Where do you ship from?,0
How soon can I get it?,0
Do you have it in stock?,0
Can you show more photos?,0
I’m interested in this item.,0
This looks good.,0
Nice product!,0
Where do you ship from?,0
How soon can I get it?,0
What are the dimensions?,0
Contact me on Skype: eve922,1
Does it come in other colors?,0
How soon can I get it?,0
Does it come in other colors?,0
Let's connect on LinkedIn: linkedin.com/in/tech_lead,1
How soon can I get it?,0
📱 +1-790-456-6355,1
How soon can I get it?,0
Does it come in other colors?,0
wanna chat? +1-397-476-9344,1
c o n t a c t : +1-604-722-4216,1
What are the dimensions?,0
Do you have it in stock?,0
Where do you ship from?,0
Do you have it in stock?,0
Nice product!,0
Can you show more photos?,0
Nice product!,0
reach at t w o o o @example.com,1
Nice product!,0
You can reach me at 555-959-7619,1
Nice product!,0
Telegram me at 103-964-4009,1
Message via email: charlie12@example.com,1
DM me on Instagram @jane.smith,1
Follow me on Twitter: @ivan514,1
What are the dimensions?,0
Do you have it in stock?,0
This looks good.,0
What are the dimensions?,0
Nice product!,0
How soon can I get it?,0
Does it come in other colors?,0
Do you have it in stock?,0
Do you have it in stock?,0
I’m interested in this item.,0
What’s the price?,0
This looks good.,0
How soon can I get it?,0
This looks good.,0
Do you have it in stock?,0
t e l : +1-412-947-5246,1
Do you have it in stock?,0
What’s the price?,0
Text me at 555-790-7342 for more info.,1
j u d y 6 0 @ e m a i l . n e t,1
Let's connect on LinkedIn: https://linkedin.com/in/heidi248,1
Do you have it in stock?,0
Can you show more photos?,0
📧 user6030@example.com,1
Nice product!,0
This looks good.,0
I’m interested in this item.,0
Where do you ship from?,0
Do you have it in stock?,0
Can you show more photos?,0
Send me a DM on Facebook: facebook.com/fashioneer,1
My WeChat ID is shopper99,1
How soon can I get it?,0
What are the dimensions?,0
What’s the price?,0
Where do you ship from?,0
What are the dimensions?,0
Can you show more photos?,0
Can you show more photos?,0
wanna chat? +1-165-842-7126,1
Does it come in other colors?,0
Email me at alice55@mail.com,1
Does it come in other colors?,0
Here's my email: user329@example.com,1
Can you show more photos?,0
This looks good.,0
Do you have it in stock?,0
What’s the price?,0
Nice product!,0
Does it come in other colors?,0
Nice product!,0
I’m interested in this item.,0
How soon can I get it?,0
How soon can I get it?,0
How soon can I get it?,0
Nice product!,0
Where do you ship from?,0
Contact via email: heidi3@test.org,1
What are the dimensions?,0
Can you show more photos?,0
Do you have it in stock?,0
How soon can I get it?,0
Ping me on Telegram: @david142,1
This looks good.,0
e m a i l m e @ user1352@example.com,1
What’s the price?,0
Where do you ship from?,0
Nice product!,0
"My contact is 555-374-5045, call me.",1
This looks good.,0
How soon can I get it?,0
Let's connect on LinkedIn: linkedin.com/in/fashionguru,1
Nice product!,0
Where do you ship from?,0
What’s the price?,0
What’s the price?,0
Nice product!,0
"Email is user7458@example.com, reach out anytime.",1
Do you have it in stock?,0
This looks good.,0
What are the dimensions?,0
I’m interested in this item.,0
How soon can I get it?,0
What’s the price?,0
Do you have it in stock?,0
Does it come in other colors?,0
Reach out on WhatsApp at +1-881-483-9703,1
Can you show more photos?,0
What’s the price?,0
reach at t w o o o @example.com,1
Can you show more photos?,0
Where do you ship from?,0
This looks good.,0
I’m interested in this item.,0
What’s the price?,0
This looks good.,0
Do you have it in stock?,0
How soon can I get it?,0
Do you have it in stock?,0
How soon can I get it?,0
I’m interested in this item.,0
How soon can I get it?,0
How soon can I get it?,0
How soon can I get it?,0
Can you show more photos?,0
c o n t a c t : +1-749-611-5619,1
How soon can I get it?,0
Nice product!,0
Let's connect on LinkedIn: linkedin.com/in/best_pizza,1
How soon can I get it?,0
This looks good.,0
How soon can I get it?,0
What’s the price?,0
Does it come in other colors?,0
Contact me via Telegram: @best_pizza,1
Mail me: heidi68@email.net,1
What’s the price?,0
My number is 755-820-0266,1
Nice product!,0
Can you show more photos?,0
Can you show more photos?,0
Nice product!,0
How soon can I get it?,0
This looks good.,0
What’s the price?,0
e m a i l m e @ user355@example.com,1
Follow me on Twitter: @alice90,1
How soon can I get it?,0
Where do you ship from?,0
Do you have it in stock?,0
Where do you ship from?,0
you can DM me at shopper154 on Insta,1
What are the dimensions?,0
Where do you ship from?,0
How soon can I get it?,0
I’m interested in this item.,0
This looks good.,0
Where do you ship from?,0
Can you show more photos?,0
How soon can I get it?,0
I’m interested in this item.,0
What are the dimensions?,0
Text me at (319) 981-7766,1
What are the dimensions?,0
What’s the price?,0
This looks good.,0
Nice product!,0
Can you show more photos?,0
Nice product!,0
Does it come in other colors?,0
I’m interested in this item.,0
What are the dimensions?,0
Text me at 760-115-3591,1
Can you show more photos?,0
How soon can I get it?,0
You can reach me at 555-166-4476,1
Nice product!,0
This looks good.,0
C a l l   m e :   4 5 5 4 7 6 0 6 7 7,1
Connect on LinkedIn (linkedin.com/in/best_pizza),1
I’m interested in this item.,0
my digits: +1-296-792-7449,1
Nice product!,0
Nice product!,0
Message me on Signal: +1 642 113 7087,1
What’s the price?,0
This looks good.,0
WhatsApp me at +1-555-419-8049,1
Do you have it in stock?,0
This looks good.,0
This looks good.,0
Do you have it in stock?,0
Does it come in other colors?,0
Where do you ship from?,0
Connect on LinkedIn (linkedin.com/in/shop_owner),1
Mail me: grace6@email.net,1
Where do you ship from?,0
Does it come in other colors?,0
How soon can I get it?,0
How soon can I get it?,0
Where do you ship from?,0
Can you show more photos?,0
Does it come in other colors?,0
What’s the price?,0
Call me at 571-075-7362,1
Do you have it in stock?,0
I’m interested in this item.,0
Can you show more photos?,0
How soon can I get it?,0
Where do you ship from?,0
Can you show more photos?,0
Can you show more photos?,0
Do you have it in stock?,0
Can you show more photos?,0
Text me at +1-923-936-1935,1
What’s the price?,0
Does it come in other colors?,0
Contact me on Skype: judy729,1
I’m interested in this item.,0
Where do you ship from?,0
Do you have it in stock?,0
Nice product!,0
Reach out on WhatsApp at +1-656-787-2216,1
What are the dimensions?,0
What are the dimensions?,0
Here's my email: user9039@example.com,1
Nice product!,0
Do you have it in stock?,0
Can you show more photos?,0
I’m interested in this item.,0
Do you have it in stock?,0
Does it come in other colors?,0
How soon can I get it?,0
What’s the price?,0
You can reach me at +1-211-998-1074,1
Can you show more photos?,0
Can you show more photos?,0
Reach out on WhatsApp at +1-252-699-1809,1
What’s the price?,0
Do you have it in stock?,0
snap me at s-n-a-p fashionista355,1
Where do you ship from?,0
What’s the price?,0
Can you show more photos?,0
My TikTok: @ivan250,1
Does it come in other colors?,0
What’s the price?,0
Can you show more photos?,0
Hit me up on WhatsApp at 555-987-4487,1
Where do you ship from?,0
Do you have it in stock?,0
Nice product!,0
How soon can I get it?,0
Do you have it in stock?,0
Do you have it in stock?,0
What’s the price?,0
Does it come in other colors?,0
Contact me via Telegram: @jane.smith,1
Do you have it in stock?,0
Where do you ship from?,0
Do you have it in stock?,0
This looks good.,0
Can you show more photos?,0
Do you have it in stock?,0
I’m interested in this item.,0
This looks good.,0
This looks good.,0
Nice product!,0
I’m interested in this item.,0
Where do you ship from?,0
How soon can I get it?,0
c o n t a c t : +1-914-709-1190,1
Where do you ship from?,0
Nice product!,0
What are the dimensions?,0
This looks good.,0
I’m interested in this item.,0
How soon can I get it?,0
Do you have it in stock?,0
Hit me up on WhatsApp at +1-589-792-4181,1
Connect on LinkedIn (linkedin.com/in/coolguy42),1
Where do you ship from?,0
Where do you ship from?,0
What’s the price?,0
What’s the price?,0
snap me at s-n-a-p coolcat441,1
Does it come in other colors?,0
What are the dimensions?,0
How soon can I get it?,0
Can you show more photos?,0
Does it come in other colors?,0
Text me at (604) 296-2637,1
Where do you ship from?,0
How soon can I get it?,0
Where do you ship from?,0
Where do you ship from?,0
Email me at user7645@example.com,1
I’m interested in this item.,0
This looks good.,0
Message me at user2891@example.com,1
Nice product!,0
Can you show more photos?,0
Nice product!,0
Can you show more photos?,0
Nice product!,0
Add me on WhatsApp: (769) 487-3555,1
Text me at +1-582-708-7736,1
What are the dimensions?,0
What’s the price?,0
reach at t w o o o @example.com,1
This looks good.,0
Nice product!,0
Message via email: heidi46@example.com,1
How soon can I get it?,0
What’s the price?,0
What are the dimensions?,0
my email id is user482@example.com,1
Do you have it in stock?,0
What’s the price?,0
Where do you ship from?,0
Do you have it in stock?,0
I’m interested in this item.,0
Does it come in other colors?,0
How soon can I get it?,0
What are the dimensions?,0
Can you show more photos?,0
Does it come in other colors?,0
What are the dimensions?,0
How soon can I get it?,0
This looks good.,0
What’s the price?,0
I’m interested in this item.,0
What are the dimensions?,0
Where do you ship from?,0
Where do you ship from?,0
Does it come in other colors?,0
Can you show more photos?,0
Can you show more photos?,0
This looks good.,0
How soon can I get it?,0
Follow me on Instagram @tech_lead and DM.,1
Message me on Snapchat: designer123,1
Does it come in other colors?,0
Follow me on Instagram @coolguy42 and DM.,1
Does it come in other colors?,0
Does it come in other colors?,0
message me via g m a i l at user8016@example.com,1
I’m interested in this item.,0
Nice product!,0
Can you show more photos?,0
What are the dimensions?,0
I’m interested in this item.,0
Do you have it in stock?,0
Nice product!,0
Does it come in other colors?,0
I’m interested in this item.,0
How soon can I get it?,0
How soon can I get it?,0
e m a i l m e @ user2337@example.com,1
Text me at 217-079-4154,1
How soon can I get it?,0
What are the dimensions?,0
Do you have it in stock?,0
"My contact is 555-644-3283, call me.",1
Can you show more photos?,0
What’s the price?,0
fb.com/fashionista937,1
DM me on Instagram @fashionguru,1
This looks good.,0
Does it come in other colors?,0
How soon can I get it?,0
This looks good.,0
Where do you ship from?,0
What are the dimensions?,0
Do you have it in stock?,0
Contact me on Skype: heidi228,1
Where do you ship from?,0
find me at user4017@example.com 😉,1
I’m interested in this item.,0
Do you have it in stock?,0
My WeChat ID is shopper99,1
Does it come in other colors?,0
Text me at +1-251-163-1134,1
How soon can I get it?,0
I’m interested in this item.,0
This looks good.,0
Where do you ship from?,0
Does it come in other colors?,0
This looks good.,0
Where do you ship from?,0
Can you show more photos?,0
Nice product!,0
This looks good.,0
DM me on Facebook: facebook.com/fashionista592,1
Does it come in other colors?,0
DM me on Facebook: facebook.com/shopper565,1
How soon can I get it?,0
What’s the price?,0
Does it come in other colors?,0
my digits: +1-618-117-9081,1
What are the dimensions?,0
How soon can I get it?,0
Message via email: frank22@email.net,1
Nice product!,0
How soon can I get it?,0
Hit me up on WhatsApp at 555-232-7109,1
Nice product!,0
WhatsApp me at +1-555-344-3249,1
Do you have it in stock?,0
Does it come in other colors?,0
What’s the price?,0
How soon can I get it?,0
DM me on Instagram @fashionguru,1
Do you have it in stock?,0
Where do you ship from?,0
What are the dimensions?,0
Nice product!,0
What are the dimensions?,0
Does it come in other colors?,0
my email id is user9761@example.com,1
Where do you ship from?,0
How soon can I get it?,0
Can you show more photos?,0
This looks good.,0
Does it come in other colors?,0
I’m interested in this item.,0
Can you show more photos?,0
Where do you ship from?,0
Where do you ship from?,0
This looks good.,0
📱 +1-803-167-3355,1
Can you show more photos?,0
How soon can I get it?,0
What’s the price?,0
Does it come in other colors?,0
What’s the price?,0
C a l l   m e :   8 0 1 - 9 3 7 - 6 5 8 4,1
How soon can I get it?,0
This looks good.,0
Where do you ship from?,0
DM me on Facebook: facebook.com/coolcat244,1
e m a i l m e @ user4774@example.com,1
What are the dimensions?,0
This looks good.,0
Where do you ship from?,0
Message via email: judy45@email.net,1
Does it come in other colors?,0
Nice product!,0
How soon can I get it?,0
I’m interested in this item.,0
Find me on Facebook: https://facebook.com/charlie773,1
What are the dimensions?,0
DM me on Instagram: @david478,1
Mail me: alice84@test.org,1
This looks good.,0
Let's connect on LinkedIn: linkedin.com/in/tech_lead,1
What are the dimensions?,0
My TikTok: @eve132,1
Do you have it in stock?,0
Here's my email: user7767@example.com,1
Does it come in other colors?,0
This looks good.,0
I’m interested in this item.,0
What are the dimensions?,0
Where do you ship from?,0
Do you have it in stock?,0
Where do you ship from?,0
Where do you ship from?,0
What are the dimensions?,0
c o n t a c t : +1-859-437-1043,1
Does it come in other colors?,0
Add me on WhatsApp: 0140240802,1
How soon can I get it?,0
Here's my email: user7129@example.com,1
DM me on Instagram: @grace938,1
I’m interested in this item.,0
Nice product!,0
Does it come in other colors?,0
Where do you ship from?,0
What are the dimensions?,0
Can you show more photos?,0
C o n t a c t :   9 5 4 9 5 8 4 3 0 8,1
Does it come in other colors?,0
What’s the price?,0
Where do you ship from?,0
Can you show more photos?,0
Does it come in other colors?,0
Nice product!,0
Please email me at user7933@example.com,1
What are the dimensions?,0
Do you have it in stock?,0
Can you show more photos?,0
I’m interested in this item.,0
Nice product!,0
Mail me: ivan64@example.com,1
This looks good.,0
This looks good.,0
Can you share your phone number so I can send you details?,1
Add me on WhatsApp: 555-951-4341,1
This looks good.,0
What are the dimensions?,0
Nice product!,0
How soon can I get it?,0
Does it come in other colors?,0
Can you show more photos?,0
Do you have it in stock?,0
Nice product!,0
Instagram me at 991-559-8600,1
Where do you ship from?,0
Email me at frank93@email.net,1
Do you have it in stock?,0
This looks good.,0
C a l l   m e :   7 2 4 - 2 9 3 - 5 4 3 2,1
What are the dimensions?,0
My TikTok: @ivan552,1
Text me at +1-312-471-2568,1
How soon can I get it?,0
What are the dimensions?,0
What’s the price?,0
I’m interested in this item.,0
Add me on WhatsApp: (451) 143-1364,1
Email me at bob7@email.net,1
What are the dimensions?,0
Message via email: heidi81@example.com,1
You can reach me at +1-894-949-5318,1
What are the dimensions?,0
Nice product!,0
I’m interested in this item.,0
Connect on LinkedIn (linkedin.com/in/john_doe),1
What are the dimensions?,0
Please email me at user7936@example.com,1
Contact me via Telegram: @fashionguru,1
Can you show more photos?,0
Does it come in other colors?,0
I’m interested in this item.,0
What are the dimensions?,0
Does it come in other colors?,0
Nice product!,0
Where do you ship from?,0
What’s the price?,0
Where do you ship from?,0
Can you share your phone number so I can send you details?,1
What are the dimensions?,0
Does it come in other colors?,0
wanna chat? +1-976-373-3893,1
Does it come in other colors?,0
Where do you ship from?,0
What are the dimensions?,0
Ping me on Telegram: @david647,1
Do you have it in stock?,0
Where do you ship from?,0
e m a i l m e @ user9067@example.com,1
How soon can I get it?,0
Where do you ship from?,0
Where do you ship from?,0
C o n t a c t :   4 8 7 0 4 1 6 6 8 0,1
You can reach me at 555-240-7136,1
Do you have it in stock?,0
This looks good.,0
Can you show more photos?,0
get in touch @ user5172@example.com,1
Can you share your phone number so I can send you details?,1
Does it come in other colors?,0
Does it come in other colors?,0
Connect on LinkedIn (linkedin.com/in/shop_owner),1
Where do you ship from?,0
Can you show more photos?,0
Does it come in other colors?,0
Do you have it in stock?,0
Does it come in other colors?,0
Do you have it in stock?,0
What are the dimensions?,0
Message me on Snapchat: coolguy42,1
Nice product!,0
Message me on Signal: +1 738 265 9385,1
What are the dimensions?,0
Add me on WhatsApp: +1 181 462 8710,1
I’m interested in this item.,0
Do you have it in stock?,0
Let's connect on LinkedIn: linkedin.com/in/tech_lead,1
This looks good.,0
I’m interested in this item.,0
Message via email: heidi46@email.net,1
How soon can I get it?,0
Mail me: charlie72@test.org,1
I’m interested in this item.,0
This looks good.,0
Reach out on WhatsApp at +1-340-984-3864,1
Text me at 7992605322,1
Does it come in other colors?,0
Can you show more photos?,0
Do you have it in stock?,0
I’m interested in this item.,0
My Snapchat is frank468,1
Can you show more photos?,0
You can reach me at 555-982-6251,1
Call me at (106) 129-2811,1
Add me on Facebook (facebook.com/tech_lead),1
Nice product!,0
Does it come in other colors?,0
Where do you ship from?,0
Where do you ship from?,0
What are the dimensions?,0
This looks good.,0
Where do you ship from?,0
Nice product!,0
Follow me on Instagram @shopper99 and DM.,1
What are the dimensions?,0
How soon can I get it?,0
Can you show more photos?,0
Does it come in other colors?,0
What are the dimensions?,0
Let's connect on LinkedIn: linkedin.com/in/jane.smith,1
Do you have it in stock?,0
Call me at +1 630 259 0621,1
Where do you ship from?,0
Can you show more photos?,0
Can you show more photos?,0
How soon can I get it?,0
This looks good.,0
What’s the price?,0
How soon can I get it?,0
This looks good.,0
Where do you ship from?,0
How soon can I get it?,0
Message me on Signal: 3156472228,1
Can you show more photos?,0
Do you have it in stock?,0
What are the dimensions?,0
Does it come in other colors?,0
How soon can I get it?,0
What’s the price?,0
Does it come in other colors?,0
What’s the price?,0
Message me on Signal: 2165969587,1
What’s the price?,0
Does it come in other colors?,0
I’m interested in this item.,0
I’m interested in this item.,0
Do you have it in stock?,0
Nice product!,0
Can you show more photos?,0
Where do you ship from?,0
Does it come in other colors?,0
Where do you ship from?,0
Follow me on Instagram @coolguy42 and DM.,1
Text me at 555-148-9434 for more info.,1
How soon can I get it?,0
This looks good.,0
Can you show more photos?,0
Does it come in other colors?,0
Nice product!,0
Where do you ship from?,0
I’m interested in this item.,0
Can you show more photos?,0
Where do you ship from?,0
I’m interested in this item.,0
I’m interested in this item.,0
Nice product!,0
Does it come in other colors?,0
Ping me on Telegram: @grace392,1
Can you show more photos?,0
My TikTok: @heidi105,1
Does it come in other colors?,0
How soon can I get it?,0
Does it come in other colors?,0
Can you show more photos?,0
wanna chat? +1-880-612-8736,1
I’m interested in this item.,0
How soon can I get it?,0
Nice product!,0
What are the dimensions?,0
Does it come in other colors?,0
Please email me at user3335@example.com,1
This looks good.,0
I’m interested in this item.,0
This looks good.,0
Where do you ship from?,0
Where do you ship from?,0
Reach out on WhatsApp at +1-920-776-4216,1
What’s the price?,0
C o n t a c t :   0 7 1 4 9 0 9 5 2 9,1
What are the dimensions?,0
I’m interested in this item.,0
hmu @ fashionista434,1
Where do you ship from?,0
Follow me on Instagram @best_pizza and DM.,1
This looks good.,0
How soon can I get it?,0
Where do you ship from?,0
Do you have it in stock?,0
Do you have it in stock?,0
Nice product!,0
My number is 6781045000,1
What’s the price?,0
Nice product!,0
How soon can I get it?,0
C a l l   m e :   ( 5 4 8 )   9 9 6 - 6 1 9 5,1
you can DM me at coolcat817 on Insta,1
Message me on Snapchat: fashionguru,1
How soon can I get it?,0
get in touch @ user932@example.com,1
Email me at eve78@mail.com,1
What’s the price?,0
I’m interested in this item.,0
Can you show more photos?,0
Do you have it in stock?,0
What’s the price?,0
c   o   n   t   a   c   t   m   e   ( 8 3 0 )   1 4 5 - 7 1 4 3,1
find me at user440@example.com 😉,1
Here's my email: user1370@example.com,1
Nice product!,0
Where do you ship from?,0
What are the dimensions?,0
Let's connect on LinkedIn: linkedin.com/in/coolguy42,1
Send me a DM on Facebook: facebook.com/coolguy42,1
Please email me at user8286@example.com,1
Where do you ship from?,0
Can you show more photos?,0
Where do you ship from?,0
Does it come in other colors?,0
How soon can I get it?,0
How soon can I get it?,0
How soon can I get it?,0
Message me on Signal: +1 748 571 8277,1
I’m interested in this item.,0
What are the dimensions?,0
Nice product!,0
How soon can I get it?,0
This looks good.,0
Can you show more photos?,0
Where do you ship from?,0
message me via g m a i l at user792@example.com,1
Add me on WhatsApp: 555-817-7677,1
Email me at user5663@example.com,1
What’s the price?,0
Find me on Facebook: https://facebook.com/ivan857,1
Add me on WhatsApp: 555-500-8923,1
This looks good.,0
my digits: +1-624-270-5396,1
How soon can I get it?,0
What’s the price?,0
DM me on Instagram: @ivan46,1
How soon can I get it?,0
DM me on Instagram: @ivan206,1
Where do you ship from?,0
Contact via email: charlie30@mail.com,1
What’s the price?,0
What are the dimensions?,0
What’s the price?,0
Does it come in other colors?,0
Can you show more photos?,0
Text me at +1-587-727-2728,1
What are the dimensions?,0
Can you share your phone number so I can send you details?,1
Does it come in other colors?,0
"My contact is 555-311-2667, call me.",1
Do you have it in stock?,0
e m a i l m e @ user4395@example.com,1
Let's connect on LinkedIn: https://linkedin.com/in/ivan505,1
Where do you ship from?,0
How soon can I get it?,0
What’s the price?,0
Do you have it in stock?,0
This looks good.,0
I’m interested in this item.,0
This looks good.,0
I’m interested in this item.,0
DM me on Instagram: @alice793,1
What are the dimensions?,0
This looks good.,0
How soon can I get it?,0
I’m interested in this item.,0
What are the dimensions?,0
Does it come in other colors?,0
I’m interested in this item.,0
Can you show more photos?,0
Nice product!,0
I’m interested in this item.,0
I’m interested in this item.,0
How soon can I get it?,0
Nice product!,0
Where do you ship from?,0
What’s the price?,0
Nice product!,0
Find me on Facebook: https://facebook.com/frank798,1
This looks good.,0
c o n t a c t : +1-516-853-4859,1
Do you have it in stock?,0
Can you show more photos?,0
What are the dimensions?,0
I’m interested in this item.,0
How soon can I get it?,0
Can you show more photos?,0
My number is 618-868-5975,1
Hit me up on WhatsApp at +1-748-218-4157,1
Reach me at +1 865 184 0217,1
This looks good.,0
Nice product!,0
Skype me at 4778281189,1
What are the dimensions?,0
Here's my email: user2472@example.com,1
c   o   n   t   a   c   t   m   e   7 5 7 9 2 4 5 7 1 2,1
Can you show more photos?,0
What’s the price?,0
I’m interested in this item.,0
What’s the price?,0
How soon can I get it?,0
reach at t w o o o @example.com,1
How soon can I get it?,0
Nice product!,0
What are the dimensions?,0
How soon can I get it?,0
What are the dimensions?,0
Can you show more photos?,0
How soon can I get it?,0
Email me at alice79@email.net,1
c o n t a c t : +1-924-160-9796,1
Can I have your email address?,1
I’m interested in this item.,0
Nice product!,0
Nice product!,0
I’m interested in this item.,0
What are the dimensions?,0
What’s the price?,0
message me via g m a i l at user4204@example.com,1
Nice product!,0
Call me at 3582901562,1
How soon can I get it?,0
How soon can I get it?,0
Nice product!,0
Can you share your phone number so I can send you details?,1
What’s the price?,0
What are the dimensions?,0
Nice product!,0
Do you have it in stock?,0
you can DM me at coolcat160 on Insta,1
Does it come in other colors?,0
Nice product!,0
What’s the price?,0
What’s the price?,0
I’m interested in this item.,0
This looks good.,0
Does it come in other colors?,0
What are the dimensions?,0
What are the dimensions?,0
What’s the price?,0
📧 user7152@example.com,1
Do you have it in stock?,0
Nice product!,0
What are the dimensions?,0
Can you show more photos?,0
Nice product!,0
I’m interested in this item.,0
Nice product!,0
Connect on LinkedIn (linkedin.com/in/fashionista880),1
This looks good.,0
Can you show more photos?,0
Ping me on Telegram: @bob398,1
Nice product!,0
This looks good.,0
Can you share your phone number so I can send you details?,1
Message me on Signal: 061-338-5181,1
Does it come in other colors?,0
"My contact is 555-363-6527, call me.",1
Does it come in other colors?,0
What’s the price?,0
Can you show more photos?,0
This looks good.,0
What’s the price?,0
Where do you ship from?,0
Where do you ship from?,0
What are the dimensions?,0
Nice product!,0
find me at user9618@example.com 😉,1
What are the dimensions?,0
What’s the price?,0
I’m interested in this item.,0
get in touch @ user8185@example.com,1
I’m interested in this item.,0
Do you have it in stock?,0
Nice product!,0
Let's connect on LinkedIn: https://linkedin.com/in/ivan731,1
This looks good.,0
Do you have it in stock?,0
Do you have it in stock?,0
Nice product!,0
This looks good.,0
I’m interested in this item.,0
g r a c e 7 5 @ t e s t . o r g,1
What’s the price?,0
Nice product!,0
This looks good.,0
Nice product!,0
Nice product!,0
This looks good.,0
Does it come in other colors?,0
This looks good.,0
This looks good.,0
Can you show more photos?,0
Where do you ship from?,0
Call me at (037) 695-6836,1
This looks good.,0
What are the dimensions?,0
Do you have it in stock?,0
I’m interested in this item.,0
Does it come in other colors?,0
Nice product!,0
What’s the price?,0
Let's connect on LinkedIn: linkedin.com/in/designer123,1
Where do you ship from?,0
What’s the price?,0
Nice product!,0
What are the dimensions?,0
Does it come in other colors?,0
What’s the price?,0
Where do you ship from?,0
Connect on LinkedIn (linkedin.com/in/best_pizza),1
How soon can I get it?,0
Do you have it in stock?,0
Please email me at user8867@example.com,1
Can you show more photos?,0
Do you have it in stock?,0
Do you have it in stock?,0
Nice product!,0
C a l l   m e :   5 4 6 5 0 3 7 5 2 7,1
Do you have it in stock?,0
Snapchat me @ devguy507,1
I’m interested in this item.,0
Follow me on Instagram @tech_lead and DM.,1
Add me on WhatsApp: (664) 295-5604,1
I’m interested in this item.,0
Where do you ship from?,0
Do you have it in stock?,0
"Email is user1587@example.com, reach out anytime.",1
This looks good.,0
Do you have it in stock?,0
Do you have it in stock?,0
How soon can I get it?,0
"Email is user1558@example.com, reach out anytime.",1
I’m interested in this item.,0
Can you show more photos?,0
Where do you ship from?,0
This looks good.,0
Does it come in other colors?,0
How soon can I get it?,0
Nice product!,0
How soon can I get it?,0
Does it come in other colors?,0
Message me on Snapchat: fashionguru,1
This looks good.,0
Nice product!,0
This looks good.,0
What are the dimensions?,0
Do you have it in stock?,0
Do you have it in stock?,0
What’s the price?,0
Do you have it in stock?,0
How soon can I get it?,0
What’s the price?,0
How soon can I get it?,0
Nice product!,0
Nice product!,0
What’s the price?,0
fb.com/coolcat781,1
Can you show more photos?,0
Do you have it in stock?,0
Do you have it in stock?,0
This looks good.,0
How soon can I get it?,0
Nice product!,0
What are the dimensions?,0
This looks good.,0
How soon can I get it?,0
How soon can I get it?,0
I’m interested in this item.,0
What are the dimensions?,0
my digits: +1-478-720-4930,1
My TikTok: @alice809,1
Does it come in other colors?,0
I’m interested in this item.,0
Where do you ship from?,0
This looks good.,0
Nice product!,0
Nice product!,0
How soon can I get it?,0
How soon can I get it?,0
Can you show more photos?,0
This looks good.,0
What are the dimensions?,0
Where do you ship from?,0
Contact me via Telegram: @designer123,1
Does it come in other colors?,0
I’m interested in this item.,0
What’s the price?,0
Nice product!,0
Let's connect on LinkedIn: linkedin.com/in/john_doe,1
Can you share your phone number so I can send you details?,1
What’s the price?,0
This looks good.,0
c o n t a c t : +1-893-100-7330,1
This looks good.,0
What are the dimensions?,0
Do you have it in stock?,0
Can you show more photos?,0
Add me on Facebook (facebook.com/coolguy42),1
I’m interested in this item.,0
How soon can I get it?,0
Please email me at user3213@example.com,1
Can you show more photos?,0
Email me at user4881@example.com,1
Find me on Facebook: https://facebook.com/grace806,1
Let's connect on LinkedIn: linkedin.com/in/john_doe,1
Nice product!,0
Please email me at user4774@example.com,1
What’s the price?,0
Do you have it in stock?,0
Reach out on WhatsApp at +1-470-798-7092,1
Message me on Snapchat: john_doe,1
Where do you ship from?,0
Follow me on Twitter: @frank934,1
How soon can I get it?,0
my digits: +1-974-891-2772,1
What are the dimensions?,0
I’m interested in this item.,0
What’s the price?,0
What are the dimensions?,0
Nice product!,0
Does it come in other colors?,0
Messenger me at 0530577594,1
Follow me on Twitter: @charlie515,1
C a l l   m e :   + 1   2 9 0   0 0 1   2 0 0 8,1
wanna chat? +1-423-869-8990,1
What are the dimensions?,0
My WeChat ID is shopper99,1
I’m interested in this item.,0
This looks good.,0
How soon can I get it?,0
Please email me at user8093@example.com,1
DM me on Instagram: @ivan343,1
Where do you ship from?,0
Can you show more photos?,0
What are the dimensions?,0
Nice product!,0
This looks good.,0
I’m interested in this item.,0
snap me at s-n-a-p fashionista432,1
What are the dimensions?,0
Can you show more photos?,0
find me at user331@example.com 😉,1
Can you show more photos?,0
Does it come in other colors?,0
How soon can I get it?,0
Can you show more photos?,0
This looks good.,0
I’m interested in this item.,0
Can you show more photos?,0
How soon can I get it?,0
Nice product!,0
Text me at 3904911661,1
This looks good.,0
I’m interested in this item.,0
Where do you ship from?,0
I’m interested in this item.,0
Contact me on Skype: heidi666,1
This looks good.,0
Can you share your phone number so I can send you details?,1
Nice product!,0
Nice product!,0
I’m interested in this item.,0
What’s the price?,0
How soon can I get it?,0
Hit me up on WhatsApp at 555-365-7213,1
This looks good.,0
my email id is user3443@example.com,1
What’s the price?,0
What are the dimensions?,0
What’s the price?,0
Do you have it in stock?,0
Find me on Facebook: https://facebook.com/charlie358,1
Does it come in other colors?,0
This looks good.,0
Nice product!,0
Where do you ship from?,0
Hit me up on WhatsApp at 555-600-5866,1
This looks good.,0
Here's my email: user250@example.com,1
What’s the price?,0
Does it come in other colors?,0
Let's connect on LinkedIn: https://linkedin.com/in/grace391,1
I’m interested in this item.,0
This looks good.,0
Does it come in other colors?,0
Nice product!,0
This looks good.,0
Nice product!,0
hmu @ devguy398,1
Here is my email: user2786@example.com,1
Do you have it in stock?,0
What’s the price?,0
What are the dimensions?,0
Email me at ivan93@email.net,1
This looks good.,0
Does it come in other colors?,0
What’s the price?,0
Nice product!,0
This looks good.,0
j u d y 1 0 @ e x a m p l e . c o m,1
I’m interested in this item.,0
How soon can I get it?,0
How soon can I get it?,0
Can you show more photos?,0
This looks good.,0
Where do you ship from?,0
Add me on WhatsApp: 555-766-8497,1
Contact via email: heidi57@example.com,1
wanna chat? +1-168-744-3652,1
How soon can I get it?,0
What are the dimensions?,0
Can you show more photos?,0
This looks good.,0
Can you share your phone number so I can send you details?,1
What’s the price?,0
I’m interested in this item.,0
Does it come in other colors?,0
I’m interested in this item.,0
Can you show more photos?,0
What are the dimensions?,0
What are the dimensions?,0
Do you have it in stock?,0
Nice product!,0
What’s the price?,0
Where do you ship from?,0
Nice product!,0
Where do you ship from?,0
I’m interested in this item.,0
Can you show more photos?,0
Where do you ship from?,0
My WeChat ID is best_pizza,1
What’s the price?,0
Where do you ship from?,0
Add me on Facebook (facebook.com/shopper99),1
This looks good.,0
Ping me on Telegram: @ivan514,1
This looks good.,0
Add me on WhatsApp: 555-335-9174,1
Add me on WhatsApp: 555-446-9476,1
Let's connect on LinkedIn: https://linkedin.com/in/charlie628,1
Nice product!,0
Can you show more photos?,0
Do you have it in stock?,0
You can reach me at 555-561-3616,1
This looks good.,0
This looks good.,0
Do you have it in stock?,0
Does it come in other colors?,0
This looks good.,0
How soon can I get it?,0
Does it come in other colors?,0
This looks good.,0
my digits: +1-440-490-5773,1
How soon can I get it?,0
What’s the price?,0
How soon can I get it?,0
I’m interested in this item.,0
Do you have it in stock?,0
Add me on Facebook (facebook.com/shop_owner),1
Do you have it in stock?,0
Can you show more photos?,0
I’m interested in this item.,0
📱 +1-773-906-6631,1
Can you show more photos?,0
C a l l   m e :   ( 7 4 0 )   2 9 7 - 9 7 7 4,1
What’s the price?,0
What’s the price?,0
Connect on LinkedIn (linkedin.com/in/shopper891),1
Do you have it in stock?,0
How soon can I get it?,0
Connect on LinkedIn (linkedin.com/in/devguy52),1
How soon can I get it?,0
This looks good.,0
Nice product!,0
What are the dimensions?,0
telegram: t dot me slash devguy276,1
How soon can I get it?,0
What are the dimensions?,0
Contact me on Skype: bob830,1
This looks good.,0
📧 user1925@example.com,1
My Snapchat is bob834,1
How soon can I get it?,0
Message via email: heidi23@mail.com,1
This looks good.,0
Where do you ship from?,0
What are the dimensions?,0
Can you show more photos?,0
What are the dimensions?,0
How soon can I get it?,0
What’s the price?,0
Where do you ship from?,0
You can reach me at 555-839-3705,1
Nice product!,0
How soon can I get it?,0
What are the dimensions?,0
What’s the price?,0
What’s the price?,0
This looks good.,0
I’m interested in this item.,0
Does it come in other colors?,0
Contact me via Telegram: @best_pizza,1
Where do you ship from?,0
How soon can I get it?,0
Text me at (379) 794-2236,1
"My contact is 555-990-5467, call me.",1
fb.com/devguy785,1
This looks good.,0
Does it come in other colors?,0
What are the dimensions?,0
This looks good.,0
How soon can I get it?,0
How soon can I get it?,0
This looks good.,0
Follow me on Instagram @fashioneer and DM.,1
Do you have it in stock?,0
Does it come in other colors?,0
DM me on Instagram @fashionguru,1
Can you show more photos?,0
Can you show more photos?,0
What’s the price?,0
How soon can I get it?,0
Message via email: eve5@example.com,1
Does it come in other colors?,0
What’s the price?,0
Text me at +1-432-216-1270,1
Do you have it in stock?,0
This looks good.,0
Can you show more photos?,0
"Email is user9220@example.com, reach out anytime.",1
My Snapchat is frank867,1
I’m interested in this item.,0
What are the dimensions?,0
What’s the price?,0
What are the dimensions?,0
How soon can I get it?,0
Contact: +1-601-270-7919,1
How soon can I get it?,0
What’s the price?,0
What’s the price?,0
What are the dimensions?,0
What’s the price?,0
Does it come in other colors?,0
This looks good.,0
What’s the price?,0
What are the dimensions?,0
This looks good.,0
Nice product!,0
Does it come in other colors?,0
How soon can I get it?,0
This looks good.,0
Does it come in other colors?,0
This looks good.,0
This looks good.,0
Can you show more photos?,0
Do you have it in stock?,0
I’m interested in this item.,0
Nice product!,0
reach at t w o o o @example.com,1
e m a i l m e @ user1581@example.com,1
📱 +1-123-915-8102,1
You can reach me at +1-459-207-2679,1
Can you show more photos?,0
Does it come in other colors?,0
My WeChat ID is fashioneer,1
How soon can I get it?,0
What are the dimensions?,0
Does it come in other colors?,0
Can you show more photos?,0
Can you share your phone number so I can send you details?,1
How soon can I get it?,0
What’s the price?,0
Does it come in other colors?,0
fb.com/fashionista186,1
Does it come in other colors?,0
a l i c e 2 @ m a i l . c o m,1
What’s the price?,0
Send me a DM on Facebook: facebook.com/tech_lead,1
Where do you ship from?,0
What are the dimensions?,0
What’s the price?,0
"My contact is 555-319-5345, call me.",1
Can you show more photos?,0
Do you have it in stock?,0
This looks good.,0
Where do you ship from?,0
Nice product!,0
Connect on LinkedIn (linkedin.com/in/designer123),1
e m a i l m e @ user6839@example.com,1
Can you show more photos?,0
How soon can I get it?,0
Do you have it in stock?,0
This looks good.,0
How soon can I get it?,0
Text me at 555-328-5957 for more info.,1
Text me at 5694275159,1
I’m interested in this item.,0
This looks good.,0
Where do you ship from?,0
Do you have it in stock?,0
I’m interested in this item.,0
my email id is user4799@example.com,1
e m a i l m e @ user8599@example.com,1
What’s the price?,0
This looks good.,0
What are the dimensions?,0
What are the dimensions?,0
How soon can I get it?,0
How soon can I get it?,0
Do you have it in stock?,0
Can you show more photos?,0
Where do you ship from?,0
Do you have it in stock?,0
Where do you ship from?,0
Nice product!,0
Nice product!,0
Does it come in other colors?,0
Instagram me at +1 089 752 5999,1
my digits: +1-445-433-9873,1
What’s the price?,0
Nice product!,0
This looks good.,0
Where do you ship from?,0
Does it come in other colors?,0
Here's my email: user428@example.com,1
What are the dimensions?,0
Can you show more photos?,0
Does it come in other colors?,0
This looks good.,0
Follow me on Instagram @john_doe and DM.,1
Find me on Facebook: https://facebook.com/david612,1
What’s the price?,0
Send me a DM on Facebook: facebook.com/jane.smith,1
Does it come in other colors?,0
How soon can I get it?,0
What’s the price?,0
This looks good.,0
Ping me on Telegram: @bob320,1
I’m interested in this item.,0
Text me at +1-946-391-7675,1
Nice product!,0
Does it come in other colors?,0
Where do you ship from?,0
How soon can I get it?,0
Where do you ship from?,0
📧 user363@example.com,1
Can you show more photos?,0
reach at t w o o o @example.com,1
Can you show more photos?,0
I’m interested in this item.,0
I’m interested in this item.,0
t e l : +1-396-933-2238,1
Does it come in other colors?,0
I’m interested in this item.,0
Where do you ship from?,0
Do you have it in stock?,0
Do you have it in stock?,0
message me via g m a i l at user9065@example.com,1
Can you share your phone number so I can send you details?,1
How soon can I get it?,0
my email id is user152@example.com,1
Does it come in other colors?,0
Where do you ship from?,0
Can you show more photos?,0
I’m interested in this item.,0
This looks good.,0
This looks good.,0
Nice product!,0
Call me at +1 748 748 6397,1
Can you show more photos?,0
Does it come in other colors?,0
My WeChat ID is coolguy42,1
Can I have your email address?,1
Can you show more photos?,0
Can you show more photos?,0
Add me on Facebook (facebook.com/shop_owner),1
Do you have it in stock?,0
Do you have it in stock?,0
t e l : +1-471-917-4245,1
Does it come in other colors?,0
Where do you ship from?,0
What are the dimensions?,0
Can you show more photos?,0
Please email me at user7509@example.com,1
Do you have it in stock?,0
Do you have it in stock?,0
What’s the price?,0
Nice product!,0
Does it come in other colors?,0
Do you have it in stock?,0
Where do you ship from?,0
Add me on WhatsApp: 555-771-7811,1
Can you show more photos?,0
What are the dimensions?,0
fb.com/coolcat692,1
Where do you ship from?,0
What’s the price?,0
DM me on Facebook: facebook.com/fashionista600,1
How soon can I get it?,0
Where do you ship from?,0
How soon can I get it?,0
Nice product!,0
my email id is user8550@example.com,1
LinkedIn me at (411) 947-4167,1
What’s the price?,0
Nice product!,0
Do you have it in stock?,0
Where do you ship from?,0
How soon can I get it?,0
Do you have it in stock?,0
What’s the price?,0
Nice product!,0
Where do you ship from?,0
What’s the price?,0
Does it come in other colors?,0
Do you have it in stock?,0
I’m interested in this item.,0
My Snapchat is ivan617,1
Where do you ship from?,0
This looks good.,0
What are the dimensions?,0
What’s the price?,0
Where do you ship from?,0
What’s the price?,0
I’m interested in this item.,0
How soon can I get it?,0
What are the dimensions?,0
Follow me on Twitter: @ivan51,1
Where do you ship from?,0
What’s the price?,0
📱 +1-430-212-1082,1
Text me at 555-265-3698 for more info.,1
What are the dimensions?,0
Does it come in other colors?,0
Ping me on Telegram: @alice621,1
Do you have it in stock?,0
My WeChat ID is designer123,1
I’m interested in this item.,0
Do you have it in stock?,0
What’s the price?,0
Can you show more photos?,0
Connect on LinkedIn (linkedin.com/in/designer123),1
Call me at 082-030-7613,1
I’m interested in this item.,0
Can you show more photos?,0
Where do you ship from?,0
Send me a DM on Facebook: facebook.com/coolguy42,1
Where do you ship from?,0
Nice product!,0
Does it come in other colors?,0
Where do you ship from?,0
This looks good.,0
Nice product!,0
t e l : +1-558-780-4799,1
Does it come in other colors?,0
What’s the price?,0
What’s the price?,0
my email id is user2728@example.com,1
What are the dimensions?,0
Do you have it in stock?,0
My number is 412-375-5817,1
Reach me at +1 539 909 5156,1
Where do you ship from?,0
Nice product!,0
Does it come in other colors?,0
My TikTok: @alice551,1
I’m interested in this item.,0
Can you show more photos?,0
What’s the price?,0
Email me at user247@example.com,1
I’m interested in this item.,0
I’m interested in this item.,0
What’s the price?,0
Does it come in other colors?,0
Can you show more photos?,0
What’s the price?,0
How soon can I get it?,0
"My contact is 555-769-3962, call me.",1
My WeChat ID is jane.smith,1
How soon can I get it?,0
c   o   n   t   a   c   t   m   e   ( 8 6 0 )   8 3 7 - 3 9 2 8,1
Can you share your phone number so I can send you details?,1
How soon can I get it?,0
What’s the price?,0
What are the dimensions?,0
Where do you ship from?,0
Can you show more photos?,0
WhatsApp me at +1-555-513-9869,1
Nice product!,0
What are the dimensions?,0
Connect on LinkedIn (linkedin.com/in/shopper99),1
How soon can I get it?,0
Does it come in other colors?,0
This looks good.,0
This looks good.,0
This looks good.,0
What are the dimensions?,0
DM me on Instagram: @charlie27,1
I’m interested in this item.,0
This looks good.,0
Does it come in other colors?,0
Where do you ship from?,0
Message me on Signal: +1 925 348 5677,1
How soon can I get it?,0
📱 +1-279-716-3431,1
Do you have it in stock?,0
Where do you ship from?,0
What’s the price?,0
Where do you ship from?,0
How soon can I get it?,0
Nice product!,0
My WeChat ID is jane.smith,1
Can you share your phone number so I can send you details?,1
Nice product!,0
Does it come in other colors?,0
Text me at +1-127-882-1564,1
What are the dimensions?,0
This looks good.,0
Email me at charlie98@test.org,1
I’m interested in this item.,0
Can you show more photos?,0
How soon can I get it?,0
This looks good.,0
This looks good.,0
My WeChat ID is tech_lead,1
Does it come in other colors?,0
Do you have it in stock?,0
Do you have it in stock?,0
Add me on WhatsApp: 169-933-8400,1
Can you show more photos?,0
Can you show more photos?,0
I’m interested in this item.,0
Can you show more photos?,0
What are the dimensions?,0
What are the dimensions?,0
I’m interested in this item.,0
I’m interested in this item.,0
Do you have it in stock?,0
What’s the price?,0
Where do you ship from?,0
How soon can I get it?,0
What’s the price?,0
Do you have it in stock?,0
What’s the price?,0
Does it come in other colors?,0
How soon can I get it?,0
Does it come in other colors?,0
Find me on Facebook: https://facebook.com/alice306,1
Does it come in other colors?,0
How soon can I get it?,0
How soon can I get it?,0
What’s the price?,0
What’s the price?,0
Can you show more photos?,0
This looks good.,0
Nice product!,0
📱 +1-993-403-8540,1
Nice product!,0
Message via email: ivan98@email.net,1
Nice product!,0
Here's my email: user1191@example.com,1
What are the dimensions?,0
Do you have it in stock?,0
Does it come in other colors?,0
This looks good.,0
I’m interested in this item.,0
This looks good.,0
Where do you ship from?,0
find me at user8588@example.com 😉,1
Ping me on Telegram: @frank663,1
Follow me on Instagram @jane.smith and DM.,1
c   o   n   t   a   c   t   m   e   + 1   0 1 3   3 1 4   7 7 5 7,1
Does it come in other colors?,0
You can reach me at 555-948-7293,1
How soon can I get it?,0
You can reach me at 555-622-5811,1
Reach me at (456) 757-2180,1
What are the dimensions?,0
What’s the price?,0
snap me at s-n-a-p coolcat901,1
Nice product!,0
What’s the price?,0
This looks good.,0
This looks good.,0
My WeChat ID is fashionguru,1
I’m interested in this item.,0
Do you have it in stock?,0
Where do you ship from?,0
Where do you ship from?,0
Do you have it in stock?,0
This looks good.,0
This looks good.,0
I’m interested in this item.,0
Do you have it in stock?,0
I’m interested in this item.,0
What are the dimensions?,0
My TikTok: @alice465,1
Where do you ship from?,0
What are the dimensions?,0
What’s the price?,0
What are the dimensions?,0
Connect on LinkedIn (linkedin.com/in/shopper561),1
Nice product!,0
What’s the price?,0
How soon can I get it?,0
Nice product!,0
Reach me at 4794836231,1
Nice product!,0
Where do you ship from?,0
What are the dimensions?,0
Nice product!,0
Do you have it in stock?,0
Do you have it in stock?,0
Do you have it in stock?,0
What are the dimensions?,0
What are the dimensions?,0
What are the dimensions?,0
I’m interested in this item.,0
This looks good.,0
How soon can I get it?,0
Does it come in other colors?,0
What’s the price?,0
I’m interested in this item.,0
Do you have it in stock?,0
I’m interested in this item.,0
This looks good.,0
What’s the price?,0
I’m interested in this item.,0
Follow me on Twitter: @heidi792,1
Nice product!,0
Nice product!,0
What are the dimensions?,0
How soon can I get it?,0
Please email me at user2444@example.com,1
Can you show more photos?,0
What’s the price?,0
Send me a DM on Facebook: facebook.com/shopper99,1
What are the dimensions?,0
Where do you ship from?,0
This looks good.,0
Does it come in other colors?,0
Does it come in other colors?,0
You can reach me at 555-739-5505,1
Do you have it in stock?,0
my digits: +1-952-529-9110,1
Can you show more photos?,0
Can you show more photos?,0
This looks good.,0
hmu @ devguy481,1
Reach out on WhatsApp at +1-521-207-2612,1
This looks good.,0
Do you have it in stock?,0
How soon can I get it?,0
Do you have it in stock?,0
How soon can I get it?,0
Do you have it in stock?,0
DM me on Instagram: @frank651,1
How soon can I get it?,0
What’s the price?,0
Nice product!,0
Does it come in other colors?,0
How soon can I get it?,0
How soon can I get it?,0
What are the dimensions?,0
Does it come in other colors?,0
I’m interested in this item.,0
I’m interested in this item.,0
What are the dimensions?,0
What are the dimensions?,0
Where do you ship from?,0
Can you show more photos?,0
Can you show more photos?,0
My WeChat ID is fashionguru,1
Where do you ship from?,0
Nice product!,0
I’m interested in this item.,0
Nice product!,0
I’m interested in this item.,0
I’m interested in this item.,0
Do you have it in stock?,0
You can reach me at +1-618-214-9408,1
I’m interested in this item.,0
Does it come in other colors?,0
This looks good.,0
How soon can I get it?,0
What’s the price?,0
Does it come in other colors?,0
I’m interested in this item.,0
I’m interested in this item.,0
How soon can I get it?,0
wanna chat? +1-621-690-9053,1
I’m interested in this item.,0
Nice product!,0
What’s the price?,0
What’s the price?,0
This looks good.,0
Add me on Facebook (facebook.com/fashioneer),1
How soon can I get it?,0
I’m interested in this item.,0
DM me on Instagram: @alice725,1
Call me at 3517622280,1
t e l : +1-187-737-9178,1
I’m interested in this item.,0
Can you show more photos?,0
What’s the price?,0
Can you show more photos?,0
I’m interested in this item.,0
Snapchat me @ coolcat267,1
Mail me: judy79@mail.com,1
Nice product!,0
Do you have it in stock?,0
e m a i l m e @ user2727@example.com,1
I’m interested in this item.,0
C a l l   m e :   ( 7 1 0 )   7 6 3 - 9 8 2 6,1
Nice product!,0
Where do you ship from?,0
Do you have it in stock?,0
Here is my email: user1397@example.com,1
Nice product!,0
Can you show more photos?,0
Message me at user126@example.com,1
How soon can I get it?,0
Nice product!,0
This looks good.,0
How soon can I get it?,0
Where do you ship from?,0
This looks good.,0
Do you have it in stock?,0
Where do you ship from?,0
Do you have it in stock?,0
Follow me on Instagram @coolguy42 and DM.,1
find me at user1466@example.com 😉,1
Do you have it in stock?,0
Does it come in other colors?,0
What are the dimensions?,0
Do you have it in stock?,0
Where do you ship from?,0
Message me on Signal: 5062257754,1
What are the dimensions?,0
Do you have it in stock?,0
Does it come in other colors?,0
I’m interested in this item.,0
Do you have it in stock?,0
Where do you ship from?,0
Call me at (880) 322-5980,1
What’s the price?,0
What are the dimensions?,0
Nice product!,0
I’m interested in this item.,0
I’m interested in this item.,0
How soon can I get it?,0
Does it come in other colors?,0
Message me on Snapchat: shopper99,1
This looks good.,0
Where do you ship from?,0
What’s the price?,0
What are the dimensions?,0
I’m interested in this item.,0
What are the dimensions?,0
How soon can I get it?,0
How soon can I get it?,0
Nice product!,0
What are the dimensions?,0
Where do you ship from?,0
Nice product!,0
What are the dimensions?,0
What’s the price?,0
I’m interested in this item.,0
I’m interested in this item.,0
This looks good.,0
How soon can I get it?,0
Does it come in other colors?,0
How soon can I get it?,0
What are the dimensions?,0
Do you have it in stock?,0
Nice product!,0
Do you have it in stock?,0
I’m interested in this item.,0
Add me on WhatsApp: 5486542055,1
What are the dimensions?,0
This looks good.,0
How soon can I get it?,0
Do you have it in stock?,0
What are the dimensions?,0
What’s the price?,0
Where do you ship from?,0
This looks good.,0
This looks good.,0
I’m interested in this item.,0
Hit me up on WhatsApp at 555-734-6938,1
LinkedIn me at +1 843 938 9874,1
Nice product!,0
I’m interested in this item.,0
What’s the price?,0
Where do you ship from?,0
How soon can I get it?,0
I’m interested in this item.,0
I’m interested in this item.,0
What’s the price?,0
Nice product!,0
Where do you ship from?,0
Can you show more photos?,0
Do you have it in stock?,0
Text me at +1-971-932-2080,1
This looks good.,0
This looks good.,0
What are the dimensions?,0
What’s the price?,0
What’s the price?,0
Does it come in other colors?,0
Contact: +1-432-378-8545,1
Can you show more photos?,0
Where do you ship from?,0
Nice product!,0
What are the dimensions?,0
Hit me up on WhatsApp at 555-321-8548,1
Connect on LinkedIn (linkedin.com/in/fashionista118),1
Does it come in other colors?,0
What’s the price?,0
I’m interested in this item.,0
Does it come in other colors?,0
Do you have it in stock?,0
Where do you ship from?,0
Does it come in other colors?,0
What are the dimensions?,0
DM me on Instagram @designer123,1
My TikTok: @bob816,1
Nice product!,0
Where do you ship from?,0
Message me at user7232@example.com,1
Can you show more photos?,0
What are the dimensions?,0
How soon can I get it?,0
I’m interested in this item.,0
Where do you ship from?,0
Does it come in other colors?,0
What’s the price?,0
Email me at user8746@example.com,1
This looks good.,0
What are the dimensions?,0
What’s the price?,0
What are the dimensions?,0
Nice product!,0
Where do you ship from?,0
What are the dimensions?,0
Can you share your phone number so I can send you details?,1
Nice product!,0
What are the dimensions?,0
Do you have it in stock?,0
This looks good.,0
Nice product!,0
Where do you ship from?,0
Mail me: charlie30@example.com,1
What’s the price?,0
Can you show more photos?,0
Where do you ship from?,0
Do you have it in stock?,0
How soon can I get it?,0
reach at t w o o o @example.com,1
This looks good.,0
Message me on Signal: (148) 799-5748,1
How soon can I get it?,0
Can you show more photos?,0
Where do you ship from?,0
What are the dimensions?,0
This looks good.,0
This looks good.,0
WhatsApp me at +1-555-461-9110,1
This looks good.,0
Can you show more photos?,0
I’m interested in this item.,0
Does it come in other colors?,0
Do you have it in stock?,0
What’s the price?,0
This looks good.,0
I’m interested in this item.,0
What are the dimensions?,0
Where do you ship from?,0
📱 +1-362-540-7958,1
What’s the price?,0
What’s the price?,0
What’s the price?,0
Message me on Snapchat: fashioneer,1
Does it come in other colors?,0
Does it come in other colors?,0
Nice product!,0
How soon can I get it?,0
What’s the price?,0
Does it come in other colors?,0
This looks good.,0
c o n t a c t : +1-916-536-3260,1
You can reach me at 555-801-7749,1
Reach out on WhatsApp at +1-719-741-3995,1
My number is +1 896 453 2332,1
This looks good.,0
I’m interested in this item.,0
What are the dimensions?,0
Can you show more photos?,0
Does it come in other colors?,0
Please email me at user8892@example.com,1
This looks good.,0
WhatsApp me at +1-555-586-3151,1
What’s the price?,0
Nice product!,0
Can you show more photos?,0
Reach me at 351-975-2325,1
Hit me up on WhatsApp at 555-653-8184,1
How soon can I get it?,0
Do you have it in stock?,0
How soon can I get it?,0
Nice product!,0
Nice product!,0
Nice product!,0
Nice product!,0
What’s the price?,0
Where do you ship from?,0
C o n t a c t :   + 1   8 3 2   4 9 7   4 9 7 3,1
Nice product!,0
Can you show more photos?,0
You can reach me at +1-658-461-6283,1
Does it come in other colors?,0
How soon can I get it?,0
Where do you ship from?,0
This looks good.,0
Nice product!,0
Does it come in other colors?,0
Nice product!,0
I’m interested in this item.,0
What’s the price?,0
Nice product!,0
Does it come in other colors?,0
What’s the price?,0
This looks good.,0
Can you show more photos?,0
Can you share your phone number so I can send you details?,1
What’s the price?,0
Where do you ship from?,0
Can you show more photos?,0
This looks good.,0
Can you show more photos?,0
What’s the price?,0
Nice product!,0
I’m interested in this item.,0
C a l l   m e :   ( 0 2 7 )   7 1 4 - 2 6 3 7,1
I’m interested in this item.,0
Where do you ship from?,0
hmu @ coolcat430,1
I’m interested in this item.,0
How soon can I get it?,0
Does it come in other colors?,0
Contact me on Skype: ivan563,1
I’m interested in this item.,0
Can you show more photos?,0
get in touch @ user7554@example.com,1
I’m interested in this item.,0
Text me at +1 825 698 6256,1
This looks good.,0
Can you show more photos?,0
What’s the price?,0
This looks good.,0
Nice product!,0
My Snapchat is grace362,1
Does it come in other colors?,0
I’m interested in this item.,0
Where do you ship from?,0
Can you show more photos?,0
This looks good.,0
Contact me on Skype: david384,1
How soon can I get it?,0
What’s the price?,0
I’m interested in this item.,0
Where do you ship from?,0
Nice product!,0
e m a i l m e @ user8440@example.com,1
What are the dimensions?,0
What are the dimensions?,0
Nice product!,0
What are the dimensions?,0
What’s the price?,0
Does it come in other colors?,0
What’s the price?,0
Message via email: judy97@test.org,1
What’s the price?,0
hmu @ coolcat627,1
How soon can I get it?,0
Where do you ship from?,0
Do you have it in stock?,0
WhatsApp me at +1-555-956-5276,1
Where do you ship from?,0
What’s the price?,0
What’s the price?,0
Text me at (907) 753-2433,1
Do you have it in stock?,0
Where do you ship from?,0
Do you have it in stock?,0
Where do you ship from?,0
Add me on WhatsApp: +1 256 547 2521,1
What are the dimensions?,0
You can reach me at 555-519-2872,1
My TikTok: @ivan505,1
How soon can I get it?,0
Nice product!,0
Does it come in other colors?,0
Can you show more photos?,0
This looks good.,0
Mail me: ivan59@example.com,1
"Email is user7842@example.com, reach out anytime.",1
message me via g m a i l at user345@example.com,1
What’s the price?,0
Do you have it in stock?,0
C a l l   m e :   6 7 5 - 4 4 5 - 2 9 8 7,1
What are the dimensions?,0
Ping me on Telegram: @grace253,1
Can you show more photos?,0
Where do you ship from?,0
Text me at 555-530-4508 for more info.,1
Does it come in other colors?,0
Can you show more photos?,0
Where do you ship from?,0
This looks good.,0
Add me on Facebook (facebook.com/fashioneer),1
Let's connect on LinkedIn: linkedin.com/in/fashioneer,1
What are the dimensions?,0
Can you show more photos?,0
Nice product!,0
Nice product!,0
What are the dimensions?,0
Where do you ship from?,0
Does it come in other colors?,0
Contact me on Skype: eve651,1
c   o   n   t   a   c   t   m   e   4 0 5 8 0 5 1 7 4 0,1
What are the dimensions?,0
Where do you ship from?,0
Can you show more photos?,0
What are the dimensions?,0
Here's my email: user7236@example.com,1
How soon can I get it?,0
Does it come in other colors?,0
I’m interested in this item.,0
What are the dimensions?,0
What’s the price?,0
Does it come in other colors?,0
Does it come in other colors?,0
You can reach me at +1-439-732-6283,1
What’s the price?,0
I’m interested in this item.,0
Nice product!,0
What are the dimensions?,0
I’m interested in this item.,0
Can you show more photos?,0
What are the dimensions?,0
I’m interested in this item.,0
My TikTok: @frank209,1
This looks good.,0
Do you have it in stock?,0
Do you have it in stock?,0
This looks good.,0
What are the dimensions?,0
What’s the price?,0
This looks good.,0
snap me at s-n-a-p fashionista950,1
Do you have it in stock?,0
Can you show more photos?,0
I’m interested in this item.,0
Find me on Facebook: https://facebook.com/heidi557,1
How soon can I get it?,0
What are the dimensions?,0
This looks good.,0
Can I have your email address?,1
Nice product!,0
My TikTok: @frank771,1
This looks good.,0
My WeChat ID is shopper99,1
Do you have it in stock?,0
Contact me on Skype: judy339,1
This looks good.,0
get in touch @ user2914@example.com,1
Let's connect on LinkedIn: linkedin.com/in/coolguy42,1
Text me at +1 286 290 3827,1
Does it come in other colors?,0
Where do you ship from?,0
What’s the price?,0
Contact me via Telegram: @designer123,1
Where do you ship from?,0
I’m interested in this item.,0
Where do you ship from?,0
What’s the price?,0
This looks good.,0
How soon can I get it?,0
My number is 1401913844,1
How soon can I get it?,0
Does it come in other colors?,0
Where do you ship from?,0
How soon can I get it?,0
I’m interested in this item.,0
How soon can I get it?,0
Nice product!,0
Contact via email: bob84@email.net,1
This looks good.,0
Do you have it in stock?,0
I’m interested in this item.,0
i v a n 4 8 @ e m a i l . n e t,1
I’m interested in this item.,0
This looks good.,0
Can you show more photos?,0
Where do you ship from?,0
Mail me: david92@test.org,1
How soon can I get it?,0
What’s the price?,0
Do you have it in stock?,0
How soon can I get it?,0
Do you have it in stock?,0
This looks good.,0
How soon can I get it?,0
Ping me on Telegram: @heidi740,1
Can you show more photos?,0
Can you show more photos?,0
wanna chat? +1-151-848-9963,1
Can you show more photos?,0
Where do you ship from?,0
Can you show more photos?,0
This looks good.,0
What’s the price?,0
How soon can I get it?,0
Where do you ship from?,0
How soon can I get it?,0
This looks good.,0
What are the dimensions?,0
What are the dimensions?,0
What are the dimensions?,0
What are the dimensions?,0
Can you show more photos?,0
What’s the price?,0
Add me on WhatsApp: 555-778-8339,1
Snapchat me @ shopper475,1
This looks good.,0
This looks good.,0
How soon can I get it?,0
Do you have it in stock?,0
What’s the price?,0
What are the dimensions?,0
How soon can I get it?,0
I’m interested in this item.,0
This looks good.,0
How soon can I get it?,0
I’m interested in this item.,0
Can you show more photos?,0
Contact via email: david72@email.net,1
What are the dimensions?,0
How soon can I get it?,0
Does it come in other colors?,0
How soon can I get it?,0
Does it come in other colors?,0
Message me on Signal: 9750056401,1
my email id is user7100@example.com,1
Does it come in other colors?,0
What are the dimensions?,0
Ping me on Telegram: @charlie438,1
Can you show more photos?,0
Does it come in other colors?,0
How soon can I get it?,0
Text me at +1-251-938-8669,1
Where do you ship from?,0
You can reach me at 555-878-2183,1
Add me on WhatsApp: 555-810-3338,1
Here is my email: user9613@example.com,1
Message me on Signal: (542) 072-0064,1
Can you show more photos?,0
Let's connect on LinkedIn: linkedin.com/in/fashionguru,1
What are the dimensions?,0
Does it come in other colors?,0
Nice product!,0
I’m interested in this item.,0
find me at user2975@example.com 😉,1
Do you have it in stock?,0
What’s the price?,0
Can you show more photos?,0
This looks good.,0
This looks good.,0
c o n t a c t : +1-769-608-1548,1
What’s the price?,0
Where do you ship from?,0
DM me on Facebook: facebook.com/fashionista245,1
What are the dimensions?,0
Does it come in other colors?,0
Where do you ship from?,0
Ping me on Telegram: @bob567,1
I’m interested in this item.,0
Where do you ship from?,0
Where do you ship from?,0
This looks good.,0
Do you have it in stock?,0
Do you have it in stock?,0
What’s the price?,0
What are the dimensions?,0
c o n t a c t : +1-785-933-9650,1
Can you show more photos?,0
Can you show more photos?,0
What are the dimensions?,0
You can reach me at 555-371-5684,1
Does it come in other colors?,0
Do you have it in stock?,0
I’m interested in this item.,0
What’s the price?,0
my email id is user4236@example.com,1
I’m interested in this item.,0
Ping me on Telegram: @frank490,1
What are the dimensions?,0
This looks good.,0
Where do you ship from?,0
Can you show more photos?,0
How soon can I get it?,0
Does it come in other colors?,0
I’m interested in this item.,0
Nice product!,0
How soon can I get it?,0
Can you share your phone number so I can send you details?,1
I’m interested in this item.,0
"My contact is 555-978-9195, call me.",1
Where do you ship from?,0
This looks good.,0
Can you show more photos?,0
Nice product!,0
Does it come in other colors?,0
Where do you ship from?,0
How soon can I get it?,0
find me at user8115@example.com 😉,1
What are the dimensions?,0
Can you show more photos?,0
This looks good.,0
Can you show more photos?,0
How soon can I get it?,0
Can you show more photos?,0
Nice product!,0
I’m interested in this item.,0
Do you have it in stock?,0
Can you show more photos?,0
How soon can I get it?,0
Nice product!,0
Do you have it in stock?,0
Nice product!,0
What’s the price?,0
Nice product!,0
Text me at +1-598-533-2123,1
How soon can I get it?,0
Nice product!,0
Do you have it in stock?,0
How soon can I get it?,0
How soon can I get it?,0
What’s the price?,0
Do you have it in stock?,0
Can you show more photos?,0
What are the dimensions?,0
What are the dimensions?,0
Nice product!,0
Where do you ship from?,0
Can you show more photos?,0
Do you have it in stock?,0
Where do you ship from?,0
I’m interested in this item.,0
What are the dimensions?,0
What’s the price?,0
What are the dimensions?,0
Does it come in other colors?,0
Can you show more photos?,0
I’m interested in this item.,0
C o n t a c t :   ( 4 0 6 )   6 9 8 - 9 3 2 7,1
Does it come in other colors?,0
Do you have it in stock?,0
I’m interested in this item.,0
Do you have it in stock?,0
Let's connect on LinkedIn: linkedin.com/in/best_pizza,1
This looks good.,0
📧 user3636@example.com,1
How soon can I get it?,0
Nice product!,0
Nice product!,0
What are the dimensions?,0
reach at t w o o o @example.com,1
What are the dimensions?,0
Can you show more photos?,0
WhatsApp me at +1-555-883-2619,1
This looks good.,0
Can you show more photos?,0
How soon can I get it?,0
Let's connect on LinkedIn: linkedin.com/in/jane.smith,1
Nice product!,0
I’m interested in this item.,0
How soon can I get it?,0
How soon can I get it?,0
My Snapchat is alice496,1
How soon can I get it?,0
Can you show more photos?,0
What’s the price?,0
Do you have it in stock?,0
This looks good.,0
Where do you ship from?,0
You can reach me at +1-602-854-9272,1
Do you have it in stock?,0
This looks good.,0
Nice product!,0
You can reach me at 555-694-2416,1
How soon can I get it?,0
Nice product!,0
Add me on Facebook (facebook.com/coolguy42),1
Does it come in other colors?,0
What are the dimensions?,0
Hit me up on WhatsApp at 555-914-1981,1
I’m interested in this item.,0
Can you show more photos?,0
Where do you ship from?,0
I’m interested in this item.,0
How soon can I get it?,0
How soon can I get it?,0
Do you have it in stock?,0
This looks good.,0
My Snapchat is eve873,1
This looks good.,0
Text me at +1-944-499-5471,1
Nice product!,0
I’m interested in this item.,0
What’s the price?,0
How soon can I get it?,0
Can you show more photos?,0
Does it come in other colors?,0
Nice product!,0
Can you show more photos?,0
Where do you ship from?,0
Can you show more photos?,0
Does it come in other colors?,0
Do you have it in stock?,0
What’s the price?,0
This looks good.,0
How soon can I get it?,0
Hit me up on WhatsApp at +1-761-922-5256,1
What’s the price?,0
What’s the price?,0
Where do you ship from?,0
Connect on LinkedIn (linkedin.com/in/devguy584),1
Does it come in other colors?,0
This looks good.,0
This looks good.,0
Nice product!,0
Do you have it in stock?,0
Do you have it in stock?,0
Do you have it in stock?,0
This looks good.,0
I’m interested in this item.,0
I’m interested in this item.,0
Can you show more photos?,0
Nice product!,0
What’s the price?,0
Hit me up on WhatsApp at +1-890-833-9782,1
DM me on Instagram @john_doe,1
How soon can I get it?,0
Does it come in other colors?,0
Do you have it in stock?,0
Email me at user1736@example.com,1
DM me on Instagram: @alice537,1
What’s the price?,0
Can you show more photos?,0
Add me on WhatsApp: 4479441156,1
Where do you ship from?,0
Does it come in other colors?,0
What are the dimensions?,0
Follow me on Twitter: @grace351,1
Does it come in other colors?,0
How soon can I get it?,0
What are the dimensions?,0
Does it come in other colors?,0
What’s the price?,0
How soon can I get it?,0
Can you show more photos?,0
Do you have it in stock?,0
Where do you ship from?,0
What’s the price?,0
Can you show more photos?,0
Where do you ship from?,0
Contact via email: david7@mail.com,1
Nice product!,0
What are the dimensions?,0
Message me on Signal: 4547317851,1
Can you share your phone number so I can send you details?,1
Find me on Facebook: https://facebook.com/frank979,1
Do you have it in stock?,0
How soon can I get it?,0
My TikTok: @judy679,1
My number is 2451736577,1
Do you have it in stock?,0
What’s the price?,0
Can you show more photos?,0
What are the dimensions?,0
you can DM me at coolcat609 on Insta,1
Nice product!,0
Message me at user5057@example.com,1
I’m interested in this item.,0
Do you have it in stock?,0
Can you show more photos?,0
Does it come in other colors?,0
How soon can I get it?,0
Can you show more photos?,0
Can you show more photos?,0
Mail me: grace83@test.org,1
Where do you ship from?,0
Can you show more photos?,0
What’s the price?,0
This looks good.,0
How soon can I get it?,0
Here's my email: user5718@example.com,1
Does it come in other colors?,0
Nice product!,0
DM me on Instagram @shop_owner,1
What’s the price?,0
Facebook me at 366-997-7085,1
What are the dimensions?,0
What’s the price?,0
Where do you ship from?,0
I’m interested in this item.,0
Nice product!,0
What are the dimensions?,0
I’m interested in this item.,0
What’s the price?,0
I’m interested in this item.,0
How soon can I get it?,0
Do you have it in stock?,0
Nice product!,0
How soon can I get it?,0
Can you show more photos?,0
I’m interested in this item.,0
Reach out on WhatsApp at +1-650-201-1662,1
This looks good.,0
I’m interested in this item.,0
I’m interested in this item.,0
Can you show more photos?,0
What are the dimensions?,0
Do you have it in stock?,0
This looks good.,0
DM me on Facebook: facebook.com/fashionista125,1
Where do you ship from?,0
This looks good.,0
This looks good.,0
Do you have it in stock?,0
Does it come in other colors?,0
How soon can I get it?,0
My Snapchat is charlie526,1
What’s the price?,0
Messenger me at 3919691600,1
hmu @ coolcat154,1
Does it come in other colors?,0
Here is my email: user7361@example.com,1
This looks good.,0
What are the dimensions?,0
What’s the price?,0
Does it come in other colors?,0
How soon can I get it?,0
You can reach me at 555-718-2532,1
Nice product!,0
Does it come in other colors?,0
Can you show more photos?,0
What are the dimensions?,0
How soon can I get it?,0
What are the dimensions?,0
Where do you ship from?,0
What’s the price?,0
Add me on WhatsApp: 555-448-3569,1
What are the dimensions?,0
Can I have your email address?,1
Can you show more photos?,0
Does it come in other colors?,0
Does it come in other colors?,0
How soon can I get it?,0
Do you have it in stock?,0
I’m interested in this item.,0
Do you have it in stock?,0
What’s the price?,0
How soon can I get it?,0
This looks good.,0
Can you show more photos?,0
I’m interested in this item.,0
Does it come in other colors?,0
Contact via email: grace71@email.net,1
WhatsApp me at +1-555-887-9501,1
Follow me on Instagram @jane.smith and DM.,1
Ping me on Telegram: @david957,1
How soon can I get it?,0
How soon can I get it?,0
I’m interested in this item.,0
You can reach me at 555-748-6624,1
What’s the price?,0
Where do you ship from?,0
This looks good.,0
Let's connect on LinkedIn: linkedin.com/in/john_doe,1
I’m interested in this item.,0
Does it come in other colors?,0
Reach out on WhatsApp at +1-985-926-6206,1
What’s the price?,0
Do you have it in stock?,0
Can you show more photos?,0
Does it come in other colors?,0
What are the dimensions?,0
Do you have it in stock?,0
Can you show more photos?,0
How soon can I get it?,0
Do you have it in stock?,0
Nice product!,0
Where do you ship from?,0
What’s the price?,0
I’m interested in this item.,0
Nice product!,0
My Snapchat is frank871,1
I’m interested in this item.,0
Where do you ship from?,0
get in touch @ user1756@example.com,1
What’s the price?,0
Where do you ship from?,0
DM me on Facebook: facebook.com/devguy322,1
What are the dimensions?,0
Contact me via Telegram: @coolguy42,1
Contact via email: frank82@example.com,1
Does it come in other colors?,0
Contact me via Telegram: @jane.smith,1
Where do you ship from?,0
Nice product!,0
What’s the price?,0
How soon can I get it?,0
This looks good.,0
Contact: +1-512-326-1148,1
What are the dimensions?,0
What are the dimensions?,0
Do you have it in stock?,0
DM me on Instagram: @heidi914,1
What’s the price?,0
Does it come in other colors?,0
Nice product!,0
Do you have it in stock?,0
This looks good.,0
Where do you ship from?,0
Do you have it in stock?,0
This looks good.,0
Send me a DM on Facebook: facebook.com/john_doe,1
Does it come in other colors?,0
This looks good.,0
What are the dimensions?,0
What’s the price?,0
How soon can I get it?,0
How soon can I get it?,0
I’m interested in this item.,0
Nice product!,0
This looks good.,0
Nice product!,0
Where do you ship from?,0
Contact me on Skype: ivan506,1
Where do you ship from?,0
Let's connect on LinkedIn: https://linkedin.com/in/frank748,1
What’s the price?,0
What’s the price?,0
C o n t a c t :   + 1   5 3 9   5 5 5   8 4 3 4,1
Contact me on Skype: charlie102,1
Text me at +1-634-925-1215,1
Find me on Facebook: https://facebook.com/david561,1
"My contact is 555-166-3875, call me.",1
Where do you ship from?,0
Mail me: heidi48@example.com,1
Does it come in other colors?,0
Email me at ivan32@test.org,1
This looks good.,0
I’m interested in this item.,0
Here is my email: user5995@example.com,1
Can you show more photos?,0
Here is my email: user3403@example.com,1
Where do you ship from?,0
How soon can I get it?,0
Does it come in other colors?,0
What are the dimensions?,0
Send me a DM on Facebook: facebook.com/coolguy42,1
How soon can I get it?,0
How soon can I get it?,0
What’s the price?,0
Does it come in other colors?,0
This looks good.,0
How soon can I get it?,0
Snapchat me @ coolcat179,1
Where do you ship from?,0
DM me on Instagram @shop_owner,1
Can I have your email address?,1
Nice product!,0
This looks good.,0
This looks good.,0
What are the dimensions?,0
Can you show more photos?,0
DM me on Facebook: facebook.com/devguy854,1
What are the dimensions?,0
This looks good.,0
Does it come in other colors?,0
I’m interested in this item.,0
Do you have it in stock?,0
What are the dimensions?,0
"My contact is 555-729-9901, call me.",1
Does it come in other colors?,0
Message me on Signal: 1629234823,1
My number is 394-674-4390,1
snap me at s-n-a-p coolcat502,1
Do you have it in stock?,0
Can you show more photos?,0
What’s the price?,0
Can you show more photos?,0
What’s the price?,0
Follow me on Twitter: @judy206,1
Can you share your phone number so I can send you details?,1
What are the dimensions?,0
Does it come in other colors?,0
Reach me at (658) 120-1182,1
What’s the price?,0
Where do you ship from?,0
How soon can I get it?,0
How soon can I get it?,0
How soon can I get it?,0
This looks good.,0
Does it come in other colors?,0
Nice product!,0
Does it come in other colors?,0
My WeChat ID is best_pizza,1
Does it come in other colors?,0
Where do you ship from?,0
my digits: +1-813-463-9082,1
Does it come in other colors?,0
Nice product!,0
I’m interested in this item.,0
How soon can I get it?,0
Does it come in other colors?,0
What’s the price?,0
Where do you ship from?,0
Where do you ship from?,0
What are the dimensions?,0
Where do you ship from?,0
I’m interested in this item.,0
Does it come in other colors?,0
What’s the price?,0
I’m interested in this item.,0
How soon can I get it?,0
a l i c e 2 8 @ t e s t . o r g,1
This looks good.,0
📧 user3169@example.com,1
This looks good.,0
Let's connect on LinkedIn: https://linkedin.com/in/judy999,1
Does it come in other colors?,0
What are the dimensions?,0
What’s the price?,0
Can you show more photos?,0
What’s the price?,0
Do you have it in stock?,0
Where do you ship from?,0
Nice product!,0
I’m interested in this item.,0
Do you have it in stock?,0
Do you have it in stock?,0
Where do you ship from?,0
This looks good.,0
Email me at user6342@example.com,1
What are the dimensions?,0
TikTok me at +1 625 130 2472,1
c   o   n   t   a   c   t   m   e   5 7 0 - 4 3 7 - 5 3 7 0,1
This looks good.,0
Where do you ship from?,0
Message me on Snapchat: designer123,1
How soon can I get it?,0
Does it come in other colors?,0
snap me at s-n-a-p fashionista576,1
Nice product!,0
Where do you ship from?,0
Message me at user9025@example.com,1
Can you show more photos?,0
Where do you ship from?,0
This looks good.,0
This looks good.,0
My Snapchat is heidi471,1
Find me on Facebook: https://facebook.com/ivan428,1
Can you show more photos?,0
Do you have it in stock?,0
Does it come in other colors?,0
You can reach me at +1-194-974-6043,1
How soon can I get it?,0
This looks good.,0
How soon can I get it?,0
Does it come in other colors?,0
What are the dimensions?,0
What’s the price?,0
Does it come in other colors?,0
Does it come in other colors?,0
Do you have it in stock?,0
I’m interested in this item.,0
Do you have it in stock?,0
This looks good.,0
This looks good.,0
"My contact is 555-635-1843, call me.",1
What are the dimensions?,0
I’m interested in this item.,0
Where do you ship from?,0
Where do you ship from?,0
Do you have it in stock?,0
What are the dimensions?,0
What are the dimensions?,0
Message me on Signal: (814) 095-9378,1
Find me on Facebook: https://facebook.com/bob533,1
Please email me at user2794@example.com,1
What’s the price?,0
I’m interested in this item.,0
Can you show more photos?,0
Find me on Facebook: https://facebook.com/heidi381,1
Does it come in other colors?,0
Contact: +1-958-957-7200,1
C a l l   m e :   6 6 3 5 0 9 2 1 4 4,1
I’m interested in this item.,0
How soon can I get it?,0
i v a n 3 @ e m a i l . n e t,1
Here is my email: user5992@example.com,1
What are the dimensions?,0
Contact me on Skype: charlie434,1
What are the dimensions?,0
Message me on Snapchat: jane.smith,1
Do you have it in stock?,0
My Snapchat is eve175,1
Follow me on Twitter: @david525,1
What are the dimensions?,0
I’m interested in this item.,0
You can reach me at +1-582-934-7546,1
I’m interested in this item.,0
I’m interested in this item.,0
Does it come in other colors?,0
Nice product!,0
My number is +1 146 277 7455,1
What are the dimensions?,0
You can reach me at 555-759-7429,1
What’s the price?,0
Where do you ship from?,0
e m a i l m e @ user682@example.com,1
Nice product!,0
I’m interested in this item.,0
Can you show more photos?,0
What are the dimensions?,0
C a l l   m e :   3 5 9 9 2 9 8 3 1 7,1
What’s the price?,0
Nice product!,0
Nice product!,0
What are the dimensions?,0
fb.com/devguy967,1
Let's connect on LinkedIn: linkedin.com/in/jane.smith,1
How soon can I get it?,0
Hit me up on WhatsApp at 555-930-2744,1
I’m interested in this item.,0
What’s the price?,0
Follow me on Instagram @fashioneer and DM.,1
Can you show more photos?,0
Message me on Signal: 4875116680,1
How soon can I get it?,0
Where do you ship from?,0
Does it come in other colors?,0
Do you have it in stock?,0
Can you show more photos?,0
This looks good.,0
I’m interested in this item.,0
Does it come in other colors?,0
Do you have it in stock?,0
What are the dimensions?,0
Do you have it in stock?,0
Does it come in other colors?,0
Can you show more photos?,0
My number is +1 927 762 3153,1
Can you show more photos?,0
This looks good.,0
DM me on Facebook: facebook.com/shopper400,1
Can you show more photos?,0
What’s the price?,0
Where do you ship from?,0
What’s the price?,0
e m a i l m e @ user4341@example.com,1
Nice product!,0
DM me on Instagram: @frank796,1
Add me on Facebook (facebook.com/designer123),1
How soon can I get it?,0
What’s the price?,0
Can you show more photos?,0
How soon can I get it?,0
I’m interested in this item.,0
How soon can I get it?,0
I’m interested in this item.,0
Add me on WhatsApp: +1 359 929 7861,1
Does it come in other colors?,0
Do you have it in stock?,0
Can you show more photos?,0
Nice product!,0
I’m interested in this item.,0
I’m interested in this item.,0
What are the dimensions?,0
Does it come in other colors?,0
Connect on LinkedIn (linkedin.com/in/fashionista541),1
Please email me at user5618@example.com,1
Does it come in other colors?,0
Can you show more photos?,0
Where do you ship from?,0
Follow me on Instagram @fashioneer and DM.,1
Mail me: judy85@example.com,1
Where do you ship from?,0
What’s the price?,0
What are the dimensions?,0
Do you have it in stock?,0
Can you show more photos?,0
Reach me at +1 636 705 3972,1
Can you show more photos?,0
Can you show more photos?,0
Messenger me at 1960464962,1
This looks good.,0
I’m interested in this item.,0
Nice product!,0
Do you have it in stock?,0
Message me on Signal: (996) 250-4750,1
Nice product!,0
What’s the price?,0
How soon can I get it?,0
Email me at user5326@example.com,1
I’m interested in this item.,0
Does it come in other colors?,0
Where do you ship from?,0
What’s the price?,0
Does it come in other colors?,0
C o n t a c t :   2 7 4 4 6 7 8 8 7 5,1
What are the dimensions?,0
This looks good.,0
I’m interested in this item.,0
Add me on WhatsApp: (065) 030-9070,1
Can I have your email address?,1
Nice product!,0
What’s the price?,0
Call me at 243-246-9494,1
What are the dimensions?,0
Where do you ship from?,0
What’s the price?,0
This looks good.,0
My TikTok: @bob140,1
Can I have your email address?,1
Where do you ship from?,0
This looks good.,0
This looks good.,0
Nice product!,0
How soon can I get it?,0
What’s the price?,0
I’m interested in this item.,0
Here's my email: user1349@example.com,1
Can you show more photos?,0
my email id is user5244@example.com,1
Can you show more photos?,0
What’s the price?,0
Where do you ship from?,0
Does it come in other colors?,0
What are the dimensions?,0
Does it come in other colors?,0
Can you show more photos?,0
What’s the price?,0
Can you share your phone number so I can send you details?,1
"Email is user9362@example.com, reach out anytime.",1
Add me on WhatsApp: 555-228-5622,1
Can I have your email address?,1
What are the dimensions?,0
Do you have it in stock?,0
I’m interested in this item.,0
I’m interested in this item.,0
How soon can I get it?,0
Contact me on Skype: david467,1
Follow me on Twitter: @frank849,1
What are the dimensions?,0
Nice product!,0
C o n t a c t :   7 8 3 8 5 2 9 8 0 3,1
Nice product!,0
What are the dimensions?,0
This looks good.,0
This looks good.,0
Can you show more photos?,0
"Email is user6197@example.com, reach out anytime.",1
Does it come in other colors?,0
Can you show more photos?,0
What are the dimensions?,0
DM me on Facebook: facebook.com/devguy383,1
Does it come in other colors?,0
find me at user3141@example.com 😉,1
How soon can I get it?,0
Do you have it in stock?,0
I’m interested in this item.,0
Nice product!,0
How soon can I get it?,0
What are the dimensions?,0
Where do you ship from?,0
What are the dimensions?,0
Do you have it in stock?,0
Find me on Facebook: https://facebook.com/david547,1
This looks good.,0
This looks good.,0
Can you show more photos?,0
Where do you ship from?,0
Nice product!,0
Do you have it in stock?,0
Instagram me at +1 377 502 4768,1
Here is my email: user5791@example.com,1
Message me at user4036@example.com,1
Message me on Signal: (192) 264-5059,1
Here is my email: user8474@example.com,1
Does it come in other colors?,0
What’s the price?,0
Call me at +1 523 933 6354,1
get in touch @ user8621@example.com,1
Do you have it in stock?,0
Can you show more photos?,0
Nice product!,0
What are the dimensions?,0
Does it come in other colors?,0
Where do you ship from?,0
Nice product!,0
C o n t a c t :   3 7 8 1 1 1 0 8 2 4,1
This looks good.,0
What’s the price?,0
This looks good.,0
Hit me up on WhatsApp at +1-479-194-5619,1
This looks good.,0
Does it come in other colors?,0
Message me at user4982@example.com,1
Where do you ship from?,0
Message me on Snapchat: designer123,1
Contact via email: frank85@mail.com,1
Please email me at user6789@example.com,1
How soon can I get it?,0
Do you have it in stock?,0
This looks good.,0
What’s the price?,0
What’s the price?,0
What’s the price?,0
Nice product!,0
my email id is user1416@example.com,1
What’s the price?,0
Where do you ship from?,0
I’m interested in this item.,0
Nice product!,0
Add me on Facebook (facebook.com/best_pizza),1
Where do you ship from?,0
What’s the price?,0
C a l l   m e :   8 9 8 3 6 2 9 1 6 5,1
This looks good.,0
What’s the price?,0
Where do you ship from?,0
Does it come in other colors?,0
Can I have your email address?,1
Email me at ivan90@test.org,1
Does it come in other colors?,0
What’s the price?,0
C o n t a c t :   ( 7 0 8 )   4 3 3 - 4 4 6 9,1
Does it come in other colors?,0
I’m interested in this item.,0
Nice product!,0
Does it come in other colors?,0
Do you have it in stock?,0
Does it come in other colors?,0
I’m interested in this item.,0
Connect on LinkedIn (linkedin.com/in/devguy562),1
Connect on LinkedIn (linkedin.com/in/devguy100),1
What are the dimensions?,0
Does it come in other colors?,0
Telegram me at (608) 982-0626,1
Email me at user36@example.com,1
What are the dimensions?,0
Follow me on Instagram @john_doe and DM.,1
This looks good.,0
What’s the price?,0
How soon can I get it?,0
wanna chat? +1-658-421-5732,1
Can you show more photos?,0
DM me on Instagram @fashionguru,1
This looks good.,0
Nice product!,0
How soon can I get it?,0
Call me at 6601375130,1
"Email is user1801@example.com, reach out anytime.",1
Can you show more photos?,0
How soon can I get it?,0
Do you have it in stock?,0
How soon can I get it?,0
I’m interested in this item.,0
What’s the price?,0
DM me on Instagram @fashioneer,1
Can you show more photos?,0
Contact via email: david17@email.net,1
Do you have it in stock?,0
Nice product!,0
Does it come in other colors?,0
I’m interested in this item.,0
What are the dimensions?,0
I’m interested in this item.,0
What’s the price?,0
How soon can I get it?,0
Hit me up on WhatsApp at 555-559-7552,1
What are the dimensions?,0
What’s the price?,0
This looks good.,0
Where do you ship from?,0
I’m interested in this item.,0
This looks good.,0
Can you show more photos?,0
I’m interested in this item.,0
DM me on Instagram: @heidi546,1
How soon can I get it?,0
Nice product!,0
What’s the price?,0
My number is (799) 527-9601,1
You can reach me at 555-701-4998,1
Does it come in other colors?,0
Do you have it in stock?,0
Where do you ship from?,0
Can you show more photos?,0
I’m interested in this item.,0
Can you show more photos?,0
Where do you ship from?,0
My number is +1 996 844 7697,1
you can DM me at coolcat915 on Insta,1
This looks good.,0
DM me on Instagram @designer123,1
Nice product!,0
What are the dimensions?,0
Where do you ship from?,0
Where do you ship from?,0
I’m interested in this item.,0
my email id is user9388@example.com,1
How soon can I get it?,0
I’m interested in this item.,0
Does it come in other colors?,0
Do you have it in stock?,0
Nice product!,0
How soon can I get it?,0
Can you share your phone number so I can send you details?,1
Where do you ship from?,0
Where do you ship from?,0
Where do you ship from?,0
How soon can I get it?,0
Can I have your email address?,1
Can you share your phone number so I can send you details?,1
Can I have your email address?,1
Does it come in other colors?,0
Where do you ship from?,0
How soon can I get it?,0
This looks good.,0
My Snapchat is alice886,1
How soon can I get it?,0
I’m interested in this item.,0
e v e 4 0 @ e x a m p l e . c o m,1
Do you have it in stock?,0
📱 +1-692-830-2632,1
Where do you ship from?,0
What’s the price?,0
Nice product!,0
Hit me up on WhatsApp at +1-785-453-9665,1
Nice product!,0
How soon can I get it?,0
Where do you ship from?,0
Text me at 555-662-3761 for more info.,1
What’s the price?,0
What are the dimensions?,0
I’m interested in this item.,0
Where do you ship from?,0
Nice product!,0
Mail me: eve16@mail.com,1
What’s the price?,0
Can you show more photos?,0
What’s the price?,0
Where do you ship from?,0
Where do you ship from?,0
Message me at user7068@example.com,1
c   o   n   t   a   c   t   m   e   + 1   6 2 9   0 5 6   8 3 6 8,1
How soon can I get it?,0
Does it come in other colors?,0
What are the dimensions?,0
Nice product!,0
Do you have it in stock?,0
How soon can I get it?,0
You can reach me at 555-657-4663,1
Nice product!,0
How soon can I get it?,0
What’s the price?,0
What are the dimensions?,0
What’s the price?,0
I’m interested in this item.,0
What’s the price?,0
Where do you ship from?,0
Nice product!,0
What are the dimensions?,0
find me at user8398@example.com 😉,1
WhatsApp me at +1-555-773-2743,1
Nice product!,0
What are the dimensions?,0
Here's my email: user5678@example.com,1
Email me at charlie26@email.net,1
Where do you ship from?,0
Can you share your phone number so I can send you details?,1
Can you show more photos?,0
I’m interested in this item.,0
Nice product!,0
What are the dimensions?,0
What are the dimensions?,0
Do you have it in stock?,0
How soon can I get it?,0
What’s the price?,0
What are the dimensions?,0
Do you have it in stock?,0
What’s the price?,0
Text me at 1805293860,1
What are the dimensions?,0
Can you show more photos?,0
How soon can I get it?,0
How soon can I get it?,0
What’s the price?,0
What’s the price?,0
c o n t a c t : +1-570-901-8014,1
I’m interested in this item.,0
Where do you ship from?,0
How soon can I get it?,0
Can I have your email address?,1
Nice product!,0
Contact me via Telegram: @designer123,1
Can you show more photos?,0
Nice product!,0
Can you show more photos?,0
What’s the price?,0
How soon can I get it?,0
Do you have it in stock?,0
How soon can I get it?,0
How soon can I get it?,0
Can you show more photos?,0
Does it come in other colors?,0
Can you show more photos?,0
Does it come in other colors?,0
Do you have it in stock?,0
Nice product!,0
How soon can I get it?,0
What’s the price?,0
WhatsApp me at +1-555-133-3810,1
Follow me on Instagram @shopper99 and DM.,1
Where do you ship from?,0
This looks good.,0
Where do you ship from?,0
Do you have it in stock?,0
Where do you ship from?,0
Mail me: charlie84@email.net,1
Where do you ship from?,0
I’m interested in this item.,0
Can you show more photos?,0
What are the dimensions?,0
Send me a DM on Facebook: facebook.com/fashioneer,1
Snapchat me @ shopper120,1
I’m interested in this item.,0
How soon can I get it?,0
I’m interested in this item.,0
Snapchat me @ coolcat244,1
Send me a DM on Facebook: facebook.com/tech_lead,1
Contact: +1-386-937-7919,1
Ping me on Telegram: @judy33,1
Can you show more photos?,0
This looks good.,0
Add me on WhatsApp: +1 994 014 8515,1
Does it come in other colors?,0
What’s the price?,0
What’s the price?,0
Does it come in other colors?,0
Where do you ship from?,0
What are the dimensions?,0
Can you show more photos?,0
Does it come in other colors?,0
Can you show more photos?,0
📧 user1978@example.com,1
Hit me up on WhatsApp at 555-581-6341,1
My Snapchat is bob37,1
Email me at alice4@example.com,1
What are the dimensions?,0
What are the dimensions?,0
Do you have it in stock?,0
Nice product!,0
Nice product!,0
Nice product!,0
I’m interested in this item.,0
Do you have it in stock?,0
Where do you ship from?,0
I’m interested in this item.,0
Let's connect on LinkedIn: linkedin.com/in/best_pizza,1
Nice product!,0
Where do you ship from?,0
Contact me on Skype: david171,1
Nice product!,0
This looks good.,0
Nice product!,0
Hit me up on WhatsApp at +1-621-450-5371,1
Does it come in other colors?,0
Does it come in other colors?,0
How soon can I get it?,0
Can you show more photos?,0
How soon can I get it?,0
Where do you ship from?,0
What are the dimensions?,0
Where do you ship from?,0
Do you have it in stock?,0
What are the dimensions?,0
This looks good.,0
What’s the price?,0
How soon can I get it?,0
WhatsApp me at +1-555-646-5740,1
What are the dimensions?,0
Add me on WhatsApp: 8356205412,1
Contact me via Telegram: @shopper99,1
Do you have it in stock?,0
Where do you ship from?,0
What are the dimensions?,0
This looks good.,0
Does it come in other colors?,0
fb.com/fashionista553,1
Can you show more photos?,0
What’s the price?,0
This looks good.,0
What are the dimensions?,0
How soon can I get it?,0
Can you show more photos?,0
Do you have it in stock?,0
How soon can I get it?,0
Can you share your phone number so I can send you details?,1
Contact me via Telegram: @tech_lead,1
This looks good.,0
What are the dimensions?,0
Do you have it in stock?,0
What are the dimensions?,0
What’s the price?,0
Do you have it in stock?,0
fb.com/coolcat697,1
I’m interested in this item.,0
How soon can I get it?,0
How soon can I get it?,0
Does it come in other colors?,0
Let's connect on LinkedIn: linkedin.com/in/john_doe,1
This looks good.,0
This looks good.,0
"Email is user2385@example.com, reach out anytime.",1
I’m interested in this item.,0
Nice product!,0
What’s the price?,0
This looks good.,0
Do you have it in stock?,0
Do you have it in stock?,0
What’s the price?,0
Email me at grace69@test.org,1
I’m interested in this item.,0
This looks good.,0
This looks good.,0
What are the dimensions?,0
Where do you ship from?,0
Nice product!,0
What are the dimensions?,0
My TikTok: @heidi347,1
What’s the price?,0
What are the dimensions?,0
t e l : +1-118-229-2631,1
Do you have it in stock?,0
How soon can I get it?,0
DM me on Instagram @tech_lead,1
Where do you ship from?,0
I’m interested in this item.,0
Do you have it in stock?,0
Message me on Snapchat: john_doe,1
Where do you ship from?,0
Do you have it in stock?,0
Nice product!,0
Does it come in other colors?,0
Can you show more photos?,0
I’m interested in this item.,0
Contact me on Skype: frank881,1
Ping me on Telegram: @frank779,1
Can I have your email address?,1
"My contact is 555-681-4004, call me.",1
What’s the price?,0
This looks good.,0
Nice product!,0
How soon can I get it?,0
Do you have it in stock?,0
What’s the price?,0
Do you have it in stock?,0
Where do you ship from?,0
Can you show more photos?,0
What are the dimensions?,0
"My contact is 555-282-1907, call me.",1
I’m interested in this item.,0
This looks good.,0
📧 user8423@example.com,1
Contact me via Telegram: @fashioneer,1
Does it come in other colors?,0
Can you show more photos?,0
Connect on LinkedIn (linkedin.com/in/designer123),1
What’s the price?,0
What are the dimensions?,0
Can you show more photos?,0
📧 user1336@example.com,1
c   o   n   t   a   c   t   m   e   ( 7 3 7 )   5 2 7 - 4 1 7 9,1
Where do you ship from?,0
Nice product!,0
How soon can I get it?,0
I’m interested in this item.,0
Where do you ship from?,0
Do you have it in stock?,0
Where do you ship from?,0
Call me at 667-295-2652,1
I’m interested in this item.,0
DM me on Instagram @shop_owner,1
My number is 667-894-3834,1
Nice product!,0
How soon can I get it?,0
Can you show more photos?,0
get in touch @ user2888@example.com,1
How soon can I get it?,0
What’s the price?,0
What’s the price?,0
This looks good.,0
My TikTok: @bob910,1
Send me a DM on Facebook: facebook.com/fashioneer,1
Nice product!,0
Where do you ship from?,0
Can you show more photos?,0
Do you have it in stock?,0
Please email me at user8105@example.com,1
Please email me at user6187@example.com,1
Do you have it in stock?,0
Can you show more photos?,0
t e l : +1-644-930-6788,1
Do you have it in stock?,0
Does it come in other colors?,0
Nice product!,0
Nice product!,0
Where do you ship from?,0
Let's connect on LinkedIn: https://linkedin.com/in/frank568,1
What are the dimensions?,0
What’s the price?,0
Reach out on WhatsApp at +1-176-800-8604,1
Does it come in other colors?,0
How soon can I get it?,0
Do you have it in stock?,0
How soon can I get it?,0
What’s the price?,0
What are the dimensions?,0
Where do you ship from?,0
Can you show more photos?,0
Can you show more photos?,0
I’m interested in this item.,0
Where do you ship from?,0
Does it come in other colors?,0
Do you have it in stock?,0
DM me on Instagram @designer123,1
Does it come in other colors?,0
Does it come in other colors?,0
Nice product!,0
Do you have it in stock?,0
Does it come in other colors?,0
How soon can I get it?,0
How soon can I get it?,0
Do you have it in stock?,0
"My contact is 555-208-8675, call me.",1
Where do you ship from?,0
Can you show more photos?,0
Where do you ship from?,0
What are the dimensions?,0
Does it come in other colors?,0
Does it come in other colors?,0
This looks good.,0
Nice product!,0
Message me at user8977@example.com,1
fb.com/coolcat167,1
Do you have it in stock?,0
Can you show more photos?,0
This looks good.,0
I’m interested in this item.,0
My WeChat ID is best_pizza,1
What’s the price?,0
Do you have it in stock?,0
Do you have it in stock?,0
Where do you ship from?,0
Connect on LinkedIn (linkedin.com/in/coolguy42),1
What’s the price?,0
Let's connect on LinkedIn: linkedin.com/in/designer123,1
How soon can I get it?,0
My WeChat ID is jane.smith,1
Does it come in other colors?,0
What’s the price?,0
How soon can I get it?,0
Can you show more photos?,0
Where do you ship from?,0
How soon can I get it?,0
What’s the price?,0
Can you show more photos?,0
I’m interested in this item.,0
Do you have it in stock?,0
I’m interested in this item.,0
This looks good.,0
Text me at 6905849988,1
Where do you ship from?,0
What’s the price?,0
I’m interested in this item.,0
I’m interested in this item.,0
Can you show more photos?,0
Can you show more photos?,0
Add me on Facebook (facebook.com/john_doe),1
How soon can I get it?,0
Can you show more photos?,0
Where do you ship from?,0
Do you have it in stock?,0
Where do you ship from?,0
Do you have it in stock?,0
I’m interested in this item.,0
This looks good.,0
Do you have it in stock?,0
Do you have it in stock?,0
Nice product!,0
Nice product!,0
Nice product!,0
Reach out on WhatsApp at +1-946-153-1544,1
Can you show more photos?,0
Nice product!,0
reach at t w o o o @example.com,1
What are the dimensions?,0
Do you have it in stock?,0
my digits: +1-359-780-8431,1
What’s the price?,0
This looks good.,0
What are the dimensions?,0
How soon can I get it?,0
Do you have it in stock?,0
What’s the price?,0
Can you show more photos?,0
e m a i l m e @ user5056@example.com,1
Does it come in other colors?,0
You can reach me at 555-135-2369,1
What’s the price?,0
What are the dimensions?,0
Nice product!,0
Can you show more photos?,0
What are the dimensions?,0
What are the dimensions?,0
Does it come in other colors?,0
Nice product!,0
Do you have it in stock?,0
Follow me on Twitter: @heidi440,1
Do you have it in stock?,0
Reach out on WhatsApp at +1-260-832-8982,1
I’m interested in this item.,0
Does it come in other colors?,0
Add me on WhatsApp: 524-563-5501,1
What’s the price?,0
I’m interested in this item.,0
j u d y 3 6 @ e x a m p l e . c o m,1
Message me on Signal: +1 637 457 9950,1
Nice product!,0
Can you show more photos?,0
Do you have it in stock?,0
This looks good.,0
What’s the price?,0
Can you show more photos?,0
Does it come in other colors?,0
Do you have it in stock?,0
Where do you ship from?,0
Do you have it in stock?,0
Does it come in other colors?,0
Do you have it in stock?,0
Connect on LinkedIn (linkedin.com/in/best_pizza),1
What are the dimensions?,0
WhatsApp me at +1-555-622-8100,1
Here is my email: user2524@example.com,1
What are the dimensions?,0
DM me on Instagram: @alice259,1
Where do you ship from?,0
Can you show more photos?,0
Do you have it in stock?,0
This looks good.,0
Where do you ship from?,0
C o n t a c t :   8 4 9 - 3 9 9 - 8 7 9 1,1
Can you share your phone number so I can send you details?,1
Does it come in other colors?,0
Do you have it in stock?,0
Can you show more photos?,0
Do you have it in stock?,0
How soon can I get it?,0
What’s the price?,0
This looks good.,0
How soon can I get it?,0
I’m interested in this item.,0
This looks good.,0
How soon can I get it?,0
Send me a DM on Facebook: facebook.com/designer123,1
Where do you ship from?,0
How soon can I get it?,0
Does it come in other colors?,0
Does it come in other colors?,0
Nice product!,0
Does it come in other colors?,0
What are the dimensions?,0
What are the dimensions?,0
Hit me up on WhatsApp at +1-763-829-6008,1
Where do you ship from?,0
What’s the price?,0
Does it come in other colors?,0
Does it come in other colors?,0
Does it come in other colors?,0
c o n t a c t : +1-180-976-2008,1
Nice product!,0
Reach out on WhatsApp at +1-208-775-2855,1
Nice product!,0
Text me at 555-640-6660 for more info.,1
Text me at +1-916-383-5080,1
What are the dimensions?,0
Here is my email: user5992@example.com,1
What’s the price?,0
How soon can I get it?,0
Nice product!,0
Where do you ship from?,0
Where do you ship from?,0
Can you show more photos?,0
Does it come in other colors?,0
Nice product!,0
Does it come in other colors?,0
This looks good.,0
Can you show more photos?,0
Hit me up on WhatsApp at 555-488-4507,1
What’s the price?,0
Can you show more photos?,0
What are the dimensions?,0
What’s the price?,0
Contact via email: eve75@email.net,1
I’m interested in this item.,0
Does it come in other colors?,0
Do you have it in stock?,0
This looks good.,0
Do you have it in stock?,0
I’m interested in this item.,0
Ping me on Telegram: @ivan389,1
Contact via email: bob70@test.org,1
How soon can I get it?,0
Where do you ship from?,0
I’m interested in this item.,0
What are the dimensions?,0
Does it come in other colors?,0
How soon can I get it?,0
What’s the price?,0
Text me at +1 871 290 9690,1
Can you show more photos?,0
Does it come in other colors?,0
find me at user9278@example.com 😉,1
Where do you ship from?,0
📱 +1-669-512-3931,1
Can you share your phone number so I can send you details?,1
Can you show more photos?,0
Do you have it in stock?,0
Does it come in other colors?,0
What’s the price?,0
This looks good.,0
What’s the price?,0
How soon can I get it?,0
Message me at user1883@example.com,1
c   o   n   t   a   c   t   m   e   8 0 9 1 0 4 9 2 6 0,1
Does it come in other colors?,0
What’s the price?,0
Nice product!,0
This looks good.,0
Can you show more photos?,0
This looks good.,0
What are the dimensions?,0
Can you show more photos?,0
Instagram me at 328-389-4415,1
Where do you ship from?,0
Where do you ship from?,0
Nice product!,0
I’m interested in this item.,0
How soon can I get it?,0
What’s the price?,0
c   o   n   t   a   c   t   m   e   + 1   7 1 5   3 2 2   5 0 7 6,1
Nice product!,0
Do you have it in stock?,0
How soon can I get it?,0
What’s the price?,0
My WeChat ID is coolguy42,1
Do you have it in stock?,0
Does it come in other colors?,0
Where do you ship from?,0
I’m interested in this item.,0
I’m interested in this item.,0
What’s the price?,0
What are the dimensions?,0
Message via email: judy4@test.org,1
How soon can I get it?,0
Do you have it in stock?,0
Does it come in other colors?,0
Contact me on Skype: eve165,1
Nice product!,0
hmu @ coolcat43,1
Nice product!,0
Nice product!,0
Nice product!,0
How soon can I get it?,0
Text me at +1 427 316 6400,1
Do you have it in stock?,0
I’m interested in this item.,0
This looks good.,0
Does it come in other colors?,0
What’s the price?,0
Where do you ship from?,0
My TikTok: @frank608,1
What are the dimensions?,0
I’m interested in this item.,0
What are the dimensions?,0
I’m interested in this item.,0
Where do you ship from?,0
Can you show more photos?,0
Can you share your phone number so I can send you details?,1
Follow me on Instagram @shopper99 and DM.,1
I’m interested in this item.,0
telegram: t dot me slash devguy797,1
This looks good.,0
What’s the price?,0
This looks good.,0
This looks good.,0
Nice product!,0
t e l : +1-444-883-5163,1
Nice product!,0
What’s the price?,0
How soon can I get it?,0
My TikTok: @eve157,1
I’m interested in this item.,0
Can you show more photos?,0
DM me on Instagram @tech_lead,1
Add me on WhatsApp: 8226977266,1
Nice product!,0
What’s the price?,0
What are the dimensions?,0
Nice product!,0
I’m interested in this item.,0
What are the dimensions?,0
Where do you ship from?,0
Can you show more photos?,0
Do you have it in stock?,0
Nice product!,0
This looks good.,0
Can you show more photos?,0
How soon can I get it?,0
I’m interested in this item.,0
How soon can I get it?,0
get in touch @ user3388@example.com,1
What’s the price?,0
I’m interested in this item.,0
What’s the price?,0
How soon can I get it?,0
What’s the price?,0
message me via g m a i l at user8446@example.com,1
What are the dimensions?,0
Text me at 555-175-8088 for more info.,1
Can you show more photos?,0
What’s the price?,0
Nice product!,0
telegram: t dot me slash coolcat609,1
e m a i l m e @ user695@example.com,1
How soon can I get it?,0
Send me a DM on Facebook: facebook.com/jane.smith,1
Do you have it in stock?,0
How soon can I get it?,0
How soon can I get it?,0
Can you show more photos?,0
What are the dimensions?,0
Can you show more photos?,0
Nice product!,0
What’s the price?,0
DM me on Facebook: facebook.com/devguy509,1
I’m interested in this item.,0
Contact: +1-785-480-1528,1
Contact via email: eve29@example.com,1
Where do you ship from?,0
Follow me on Twitter: @judy566,1
wanna chat? +1-721-465-4722,1
How soon can I get it?,0
How soon can I get it?,0
Snapchat me @ devguy222,1
I’m interested in this item.,0
Nice product!,0
Where do you ship from?,0
Find me on Facebook: https://facebook.com/alice901,1
Can you show more photos?,0
Connect on LinkedIn (linkedin.com/in/tech_lead),1
Message me at user1618@example.com,1
What’s the price?,0
telegram: t dot me slash fashionista984,1
Does it come in other colors?,0
Mail me: heidi84@mail.com,1
Contact me via Telegram: @shop_owner,1
DM me on Instagram: @david71,1
I’m interested in this item.,0
Can I have your email address?,1
Where do you ship from?,0
Nice product!,0
I’m interested in this item.,0
Does it come in other colors?,0
Do you have it in stock?,0
What are the dimensions?,0
Connect on LinkedIn (linkedin.com/in/jane.smith),1
Find me on Facebook: https://facebook.com/grace3,1
Where do you ship from?,0
Do you have it in stock?,0
Connect on LinkedIn (linkedin.com/in/devguy734),1
This looks good.,0
What are the dimensions?,0
Where do you ship from?,0
Nice product!,0
You can reach me at +1-924-921-6724,1
Do you have it in stock?,0
I’m interested in this item.,0
Do you have it in stock?,0
How soon can I get it?,0
What are the dimensions?,0
Message me on Snapchat: john_doe,1
How soon can I get it?,0
Can you show more photos?,0
Do you have it in stock?,0
Nice product!,0
How soon can I get it?,0
Nice product!,0
find me at user3892@example.com 😉,1
What’s the price?,0
This looks good.,0
What’s the price?,0
Where do you ship from?,0
Do you have it in stock?,0
Send me a DM on Facebook: facebook.com/john_doe,1
How soon can I get it?,0
How soon can I get it?,0
I’m interested in this item.,0
"My contact is 555-927-6037, call me.",1
Do you have it in stock?,0
How soon can I get it?,0
Do you have it in stock?,0
What’s the price?,0
Where do you ship from?,0
Where do you ship from?,0
Where do you ship from?,0
Do you have it in stock?,0
Send me a DM on Facebook: facebook.com/best_pizza,1
How soon can I get it?,0
Can you show more photos?,0
What are the dimensions?,0
Do you have it in stock?,0
My TikTok: @judy952,1
Can you show more photos?,0
Nice product!,0
How soon can I get it?,0
Do you have it in stock?,0
Add me on WhatsApp: 555-917-4941,1
This looks good.,0
Nice product!,0
Does it come in other colors?,0
I’m interested in this item.,0
Where do you ship from?,0
i v a n 4 0 @ t e s t . o r g,1
Send me a DM on Facebook: facebook.com/tech_lead,1
Where do you ship from?,0
Follow me on Instagram @tech_lead and DM.,1
Can you show more photos?,0
This looks good.,0
What are the dimensions?,0
Where do you ship from?,0
I’m interested in this item.,0
What’s the price?,0
Does it come in other colors?,0
Can you show more photos?,0
Connect on LinkedIn (linkedin.com/in/fashioneer),1
This looks good.,0
Do you have it in stock?,0
Does it come in other colors?,0
I’m interested in this item.,0
Nice product!,0
Can you show more photos?,0
What’s the price?,0
What are the dimensions?,0
Does it come in other colors?,0
What are the dimensions?,0
What are the dimensions?,0
How soon can I get it?,0
What’s the price?,0
Do you have it in stock?,0
I’m interested in this item.,0
This looks good.,0
What are the dimensions?,0
Send me a DM on Facebook: facebook.com/shopper99,1
Does it come in other colors?,0
What’s the price?,0
What’s the price?,0
What’s the price?,0
How soon can I get it?,0
Does it come in other colors?,0
Message me at user9453@example.com,1
Where do you ship from?,0
What’s the price?,0
Where do you ship from?,0
What’s the price?,0
Can you show more photos?,0
Contact me on Skype: alice715,1
Does it come in other colors?,0
This looks good.,0
Message via email: ivan67@email.net,1
Find me on Facebook: https://facebook.com/heidi658,1
Can you share your phone number so I can send you details?,1
C o n t a c t :   2 0 3 6 4 0 7 4 5 9,1
Where do you ship from?,0
Nice product!,0
Text me at 555-786-9267 for more info.,1
I’m interested in this item.,0
message me via g m a i l at user288@example.com,1
This looks good.,0
Do you have it in stock?,0
Do you have it in stock?,0
What’s the price?,0
What are the dimensions?,0
Where do you ship from?,0
message me via g m a i l at user7141@example.com,1
Where do you ship from?,0
Nice product!,0
How soon can I get it?,0
What are the dimensions?,0
Do you have it in stock?,0
Does it come in other colors?,0
How soon can I get it?,0
I’m interested in this item.,0
How soon can I get it?,0
Email me at charlie28@test.org,1
Do you have it in stock?,0
What’s the price?,0
c o n t a c t : +1-239-147-7460,1
Do you have it in stock?,0
Where do you ship from?,0
Do you have it in stock?,0
"Email is user2103@example.com, reach out anytime.",1
What’s the price?,0
Does it come in other colors?,0
This looks good.,0
fb.com/fashionista990,1
Email me at bob95@email.net,1
Can you show more photos?,0
Does it come in other colors?,0
telegram: t dot me slash fashionista705,1
Do you have it in stock?,0
Do you have it in stock?,0
Hit me up on WhatsApp at 555-832-2444,1
Connect on LinkedIn (linkedin.com/in/best_pizza),1
Can you show more photos?,0
How soon can I get it?,0
Follow me on Instagram @john_doe and DM.,1
What are the dimensions?,0
What’s the price?,0
Here is my email: user2047@example.com,1
I’m interested in this item.,0
Do you have it in stock?,0
Can you show more photos?,0
Where do you ship from?,0
hmu @ shopper615,1
Where do you ship from?,0
Nice product!,0
What’s the price?,0
What are the dimensions?,0
How soon can I get it?,0
Do you have it in stock?,0
What’s the price?,0
Nice product!,0
I’m interested in this item.,0
Nice product!,0
Nice product!,0
What’s the price?,0
Add me on WhatsApp: 555-146-3017,1
Text me at (348) 225-5734,1
This looks good.,0
my digits: +1-956-545-6372,1
Can you show more photos?,0
What are the dimensions?,0
Does it come in other colors?,0
How soon can I get it?,0
Reach out on WhatsApp at +1-455-486-2489,1
telegram: t dot me slash fashionista273,1
How soon can I get it?,0
What are the dimensions?,0
Message me on Snapchat: jane.smith,1
Nice product!,0
This looks good.,0
I’m interested in this item.,0
Where do you ship from?,0
Where do you ship from?,0
What are the dimensions?,0
Mail me: grace9@email.net,1
What’s the price?,0
Does it come in other colors?,0
I’m interested in this item.,0
Nice product!,0
Text me at 555-805-6579 for more info.,1
Reach out on WhatsApp at +1-198-503-3843,1
Can you show more photos?,0
Does it come in other colors?,0
How soon can I get it?,0
Contact: +1-443-614-4818,1
What are the dimensions?,0
How soon can I get it?,0
Where do you ship from?,0
How soon can I get it?,0
I’m interested in this item.,0
How soon can I get it?,0
What’s the price?,0
Add me on Facebook (facebook.com/jane.smith),1
What are the dimensions?,0
Does it come in other colors?,0
What’s the price?,0
This looks good.,0
What are the dimensions?,0
This looks good.,0
Do you have it in stock?,0
Can you share your phone number so I can send you details?,1
Does it come in other colors?,0
LinkedIn me at 8750196314,1
You can reach me at 555-297-5518,1
What are the dimensions?,0
Does it come in other colors?,0
Let's connect on LinkedIn: linkedin.com/in/fashioneer,1
What’s the price?,0
My TikTok: @frank98,1
Where do you ship from?,0
Do you have it in stock?,0
How soon can I get it?,0
Nice product!,0
Does it come in other colors?,0
Reach out on WhatsApp at +1-424-177-7514,1
Nice product!,0
This looks good.,0
Where do you ship from?,0
WhatsApp me at +1-555-293-8882,1
How soon can I get it?,0
How soon can I get it?,0
Can you show more photos?,0
Where do you ship from?,0
What are the dimensions?,0
This looks good.,0
Ping me on Telegram: @heidi723,1
Can you show more photos?,0
Do you have it in stock?,0
Does it come in other colors?,0
This looks good.,0
What are the dimensions?,0
Nice product!,0
DM me on Instagram: @eve132,1
Nice product!,0
What are the dimensions?,0
What are the dimensions?,0
This looks good.,0
Please email me at user8013@example.com,1
Text me at +1-127-260-1051,1
This looks good.,0
you can DM me at fashionista858 on Insta,1
Can you show more photos?,0
my digits: +1-177-139-1388,1
What are the dimensions?,0
I’m interested in this item.,0
Does it come in other colors?,0
Does it come in other colors?,0
Do you have it in stock?,0
How soon can I get it?,0
I’m interested in this item.,0
DM me on Instagram: @ivan956,1
Do you have it in stock?,0
This looks good.,0
This looks good.,0
My TikTok: @heidi854,1
Where do you ship from?,0
Text me at +1-872-475-8404,1
I’m interested in this item.,0
I’m interested in this item.,0
DM me on Instagram: @david308,1
Do you have it in stock?,0
Can you show more photos?,0
Does it come in other colors?,0
This looks good.,0
Where do you ship from?,0
Nice product!,0
Does it come in other colors?,0
WhatsApp me at +1-555-161-5594,1
Can you show more photos?,0
Message me at user7122@example.com,1
C a l l   m e :   6 4 7 1 4 3 3 8 4 2,1
Do you have it in stock?,0
Add me on Facebook (facebook.com/coolguy42),1
This looks good.,0
Can you show more photos?,0
Can you show more photos?,0
This looks good.,0
Can you show more photos?,0
What are the dimensions?,0
Can you show more photos?,0
Does it come in other colors?,0
What are the dimensions?,0
Do you have it in stock?,0
you can DM me at shopper141 on Insta,1
Nice product!,0
My TikTok: @bob145,1
This looks good.,0
Does it come in other colors?,0
This looks good.,0
What’s the price?,0
Can you show more photos?,0
What’s the price?,0
I’m interested in this item.,0
This looks good.,0
How soon can I get it?,0
I’m interested in this item.,0
Message me on Signal: 9579808058,1
What are the dimensions?,0
Do you have it in stock?,0
My Snapchat is grace976,1
Email me at user9140@example.com,1
Do you have it in stock?,0
I’m interested in this item.,0
Where do you ship from?,0
Does it come in other colors?,0
How soon can I get it?,0
Does it come in other colors?,0
Nice product!,0
Text me at 555-922-3131 for more info.,1
Reach me at 519-420-0621,1
Add me on WhatsApp: 7685393904,1
What’s the price?,0
Do you have it in stock?,0
Can you show more photos?,0
Nice product!,0
Does it come in other colors?,0
How soon can I get it?,0
What’s the price?,0
Where do you ship from?,0
Nice product!,0
fb.com/fashionista742,1
Add me on WhatsApp: 555-579-6542,1
How soon can I get it?,0
Does it come in other colors?,0
I’m interested in this item.,0
I’m interested in this item.,0
Where do you ship from?,0
How soon can I get it?,0
Where do you ship from?,0
Can you show more photos?,0
Where do you ship from?,0
Can you show more photos?,0
Text me at +1-818-682-6907,1
Send me a DM on Facebook: facebook.com/jane.smith,1
Where do you ship from?,0
Does it come in other colors?,0
This looks good.,0
What are the dimensions?,0
What’s the price?,0
My Snapchat is david784,1
I’m interested in this item.,0
Where do you ship from?,0
Nice product!,0
📱 +1-272-492-5023,1
Can you share your phone number so I can send you details?,1
I’m interested in this item.,0
Text me at +1-511-607-7632,1
What’s the price?,0
How soon can I get it?,0
Do you have it in stock?,0
Can you show more photos?,0
Where do you ship from?,0
Where do you ship from?,0
Do you have it in stock?,0
Follow me on Twitter: @bob359,1
What are the dimensions?,0
How soon can I get it?,0
DM me on Instagram @designer123,1
Can you share your phone number so I can send you details?,1
Nice product!,0
Where do you ship from?,0
Does it come in other colors?,0
I’m interested in this item.,0
Where do you ship from?,0
Send me a DM on Facebook: facebook.com/john_doe,1
Do you have it in stock?,0
Ping me on Telegram: @frank443,1
reach at t w o o o @example.com,1
Does it come in other colors?,0
I’m interested in this item.,0
What are the dimensions?,0
Let's connect on LinkedIn: https://linkedin.com/in/bob409,1
LinkedIn me at 997-970-1737,1
This looks good.,0
Does it come in other colors?,0
Add me on WhatsApp: 555-383-6301,1
Message me at user5706@example.com,1
I’m interested in this item.,0
Nice product!,0
Do you have it in stock?,0
Can you show more photos?,0
I’m interested in this item.,0
hmu @ devguy977,1
What’s the price?,0
Add me on Facebook (facebook.com/tech_lead),1
reach at t w o o o @example.com,1
Can you show more photos?,0
C o n t a c t :   1 3 6 - 4 4 4 - 2 4 4 8,1
Can you show more photos?,0
This looks good.,0
Telegram me at 146-126-1041,1
This looks good.,0
Do you have it in stock?,0
This looks good.,0
I’m interested in this item.,0
Where do you ship from?,0
Follow me on Instagram @fashioneer and DM.,1
Where do you ship from?,0
Does it come in other colors?,0
Does it come in other colors?,0
Mail me: alice58@test.org,1
Where do you ship from?,0
Where do you ship from?,0
This looks good.,0
This looks good.,0
Can you show more photos?,0
Message me on Signal: +1 002 826 2075,1
I’m interested in this item.,0
Do you have it in stock?,0
How soon can I get it?,0
How soon can I get it?,0
Nice product!,0
How soon can I get it?,0
Can you show more photos?,0
This looks good.,0
Do you have it in stock?,0
Where do you ship from?,0
Nice product!,0
Where do you ship from?,0
What’s the price?,0
Where do you ship from?,0
I’m interested in this item.,0
Nice product!,0
Where do you ship from?,0
How soon can I get it?,0
My TikTok: @eve165,1
What’s the price?,0
Does it come in other colors?,0
What’s the price?,0
Do you have it in stock?,0
I’m interested in this item.,0
This looks good.,0
I’m interested in this item.,0
Can you show more photos?,0
This looks good.,0
You can reach me at +1-242-507-2384,1
This looks good.,0
I’m interested in this item.,0
This looks good.,0
What’s the price?,0
Contact me on Skype: heidi757,1
Nice product!,0
I’m interested in this item.,0
Do you have it in stock?,0
Do you have it in stock?,0
Do you have it in stock?,0
Do you have it in stock?,0
This looks good.,0
I’m interested in this item.,0
How soon can I get it?,0
Text me at 873-081-2872,1
Can you show more photos?,0
Nice product!,0
Where do you ship from?,0
How soon can I get it?,0
t e l : +1-236-173-1134,1
Nice product!,0
Can you show more photos?,0
Nice product!,0
Do you have it in stock?,0
Does it come in other colors?,0
Does it come in other colors?,0
Does it come in other colors?,0
Does it come in other colors?,0
Message me on Snapchat: best_pizza,1
Can you show more photos?,0
Please email me at user3497@example.com,1
You can reach me at 555-803-8628,1
Does it come in other colors?,0
Does it come in other colors?,0
Can you show more photos?,0
What are the dimensions?,0
Do you have it in stock?,0
What are the dimensions?,0
What are the dimensions?,0
Does it come in other colors?,0
Where do you ship from?,0
This looks good.,0
📱 +1-301-954-8452,1
Where do you ship from?,0
Contact: +1-500-161-3694,1
Do you have it in stock?,0
Can you show more photos?,0
Does it come in other colors?,0
Nice product!,0
fb.com/coolcat645,1
telegram: t dot me slash shopper389,1
Where do you ship from?,0
How soon can I get it?,0
What are the dimensions?,0
DM me on Facebook: facebook.com/shopper85,1
Can you show more photos?,0
Nice product!,0
Does it come in other colors?,0
Where do you ship from?,0
Does it come in other colors?,0
This looks good.,0
Can you show more photos?,0
How soon can I get it?,0
Can you show more photos?,0
What’s the price?,0
What are the dimensions?,0
I’m interested in this item.,0
Where do you ship from?,0
Connect on LinkedIn (linkedin.com/in/coolcat942),1
What are the dimensions?,0
Where do you ship from?,0
How soon can I get it?,0
What are the dimensions?,0
Text me at 555-522-7993 for more info.,1
Do you have it in stock?,0
Do you have it in stock?,0
Text me at 555-240-4036 for more info.,1
Where do you ship from?,0
How soon can I get it?,0
What’s the price?,0
Text me at +1 984 773 2931,1
What are the dimensions?,0
"Email is user1684@example.com, reach out anytime.",1
Does it come in other colors?,0
Hit me up on WhatsApp at 555-598-9542,1
Can you show more photos?,0
Do you have it in stock?,0
Contact: +1-416-759-2895,1
Connect on LinkedIn (linkedin.com/in/fashionista768),1
This looks good.,0
I’m interested in this item.,0
Where do you ship from?,0
How soon can I get it?,0
Do you have it in stock?,0
What’s the price?,0
Can you show more photos?,0
Does it come in other colors?,0
What’s the price?,0
Do you have it in stock?,0
Do you have it in stock?,0
I’m interested in this item.,0
What’s the price?,0
Add me on WhatsApp: 555-694-8082,1
Nice product!,0
What are the dimensions?,0
Follow me on Twitter: @eve805,1
Add me on WhatsApp: 555-228-5140,1
Does it come in other colors?,0
DM me on Instagram: @judy167,1
Do you have it in stock?,0
Can you show more photos?,0
How soon can I get it?,0
What are the dimensions?,0
How soon can I get it?,0
Email me at eve65@test.org,1
Do you have it in stock?,0
Call me at +1 937 361 7115,1
Where do you ship from?,0
Nice product!,0
What’s the price?,0
What’s the price?,0
Does it come in other colors?,0
This looks good.,0
I’m interested in this item.,0
You can reach me at 555-622-8343,1
This looks good.,0
Do you have it in stock?,0
How soon can I get it?,0
"Email is user1389@example.com, reach out anytime.",1
What are the dimensions?,0
Does it come in other colors?,0
Nice product!,0
Nice product!,0
Do you have it in stock?,0
What are the dimensions?,0
Can you show more photos?,0
Where do you ship from?,0
Nice product!,0
Email me at user6199@example.com,1
Does it come in other colors?,0
Nice product!,0
wanna chat? +1-642-503-6127,1
Let's connect on LinkedIn: linkedin.com/in/coolguy42,1
Connect on LinkedIn (linkedin.com/in/john_doe),1
Can you show more photos?,0
What’s the price?,0
I’m interested in this item.,0
I’m interested in this item.,0
Does it come in other colors?,0
Do you have it in stock?,0
This looks good.,0
t e l : +1-174-151-1584,1
This looks good.,0
This looks good.,0
Where do you ship from?,0
This looks good.,0
Where do you ship from?,0
Text me at 555-888-9009 for more info.,1
Do you have it in stock?,0
Where do you ship from?,0
Contact me via Telegram: @fashionguru,1
I’m interested in this item.,0
Message me at user7627@example.com,1
📧 user4514@example.com,1
I’m interested in this item.,0
Message via email: david94@test.org,1
Where do you ship from?,0
I’m interested in this item.,0
DM me on Instagram @shop_owner,1
Do you have it in stock?,0
This looks good.,0
I’m interested in this item.,0
Message via email: eve48@example.com,1
What’s the price?,0
I’m interested in this item.,0
What’s the price?,0
Add me on Facebook (facebook.com/best_pizza),1
Do you have it in stock?,0
I’m interested in this item.,0
Where do you ship from?,0
This looks good.,0
Do you have it in stock?,0
What’s the price?,0
Does it come in other colors?,0
Where do you ship from?,0
Find me on Facebook: https://facebook.com/ivan432,1
Follow me on Instagram @tech_lead and DM.,1
This looks good.,0
Find me on Facebook: https://facebook.com/frank568,1
telegram: t dot me slash shopper392,1
I’m interested in this item.,0
Follow me on Twitter: @grace130,1
Can you show more photos?,0
hmu @ shopper957,1
What’s the price?,0
Does it come in other colors?,0
Can you show more photos?,0
Can you show more photos?,0
This looks good.,0
How soon can I get it?,0
Do you have it in stock?,0
reach at t w o o o @example.com,1
my digits: +1-785-569-9563,1
I’m interested in this item.,0
Do you have it in stock?,0
📱 +1-818-953-5126,1
What’s the price?,0
How soon can I get it?,0
I’m interested in this item.,0
Where do you ship from?,0
I’m interested in this item.,0
What’s the price?,0
Does it come in other colors?,0
DM me on Facebook: facebook.com/shopper840,1
What are the dimensions?,0
This looks good.,0
Nice product!,0
Nice product!,0
What’s the price?,0
DM me on Facebook: facebook.com/devguy404,1
What’s the price?,0
Can you show more photos?,0
This looks good.,0
Follow me on Instagram @jane.smith and DM.,1
Nice product!,0
Can you show more photos?,0
Contact me via Telegram: @designer123,1
How soon can I get it?,0
I’m interested in this item.,0
What are the dimensions?,0
How soon can I get it?,0
What’s the price?,0
Do you have it in stock?,0
get in touch @ user5814@example.com,1
I’m interested in this item.,0
How soon can I get it?,0
What are the dimensions?,0
What’s the price?,0
Message via email: ivan1@example.com,1
Can you show more photos?,0
This looks good.,0
I’m interested in this item.,0
Do you have it in stock?,0
Let's connect on LinkedIn: linkedin.com/in/coolguy42,1
Do you have it in stock?,0
c   o   n   t   a   c   t   m   e   8 5 1 - 9 9 3 - 7 2 8 3,1
Can you show more photos?,0
What’s the price?,0
Does it come in other colors?,0
Can you show more photos?,0
Can you show more photos?,0
Where do you ship from?,0
Can you show more photos?,0
Does it come in other colors?,0
Snapchat me @ shopper738,1
Contact via email: judy48@example.com,1
What are the dimensions?,0
Where do you ship from?,0
C a l l   m e :   0 8 3 2 5 2 0 6 3 6,1
I’m interested in this item.,0
Does it come in other colors?,0
Send me a DM on Facebook: facebook.com/coolguy42,1
How soon can I get it?,0
wanna chat? +1-870-779-2289,1
Call me at 462-078-6780,1
Where do you ship from?,0
Do you have it in stock?,0
Can you show more photos?,0
"Email is user3525@example.com, reach out anytime.",1
Where do you ship from?,0
This looks good.,0
Nice product!,0
Do you have it in stock?,0
This looks good.,0
How soon can I get it?,0
I’m interested in this item.,0
I’m interested in this item.,0
How soon can I get it?,0
My WeChat ID is designer123,1
Let's connect on LinkedIn: https://linkedin.com/in/heidi883,1
Contact me via Telegram: @tech_lead,1
Do you have it in stock?,0
How soon can I get it?,0
Where do you ship from?,0
I’m interested in this item.,0
Message me on Signal: 422-932-8025,1
Nice product!,0
What’s the price?,0
Where do you ship from?,0
Can you show more photos?,0
Does it come in other colors?,0
What are the dimensions?,0
Where do you ship from?,0
Where do you ship from?,0
get in touch @ user1288@example.com,1
f r a n k 2 0 @ e m a i l . n e t,1
Nice product!,0
get in touch @ user8838@example.com,1
I’m interested in this item.,0
This looks good.,0
What’s the price?,0
Can you show more photos?,0
Nice product!,0
What are the dimensions?,0
How soon can I get it?,0
Do you have it in stock?,0
What’s the price?,0
Can you show more photos?,0
Do you have it in stock?,0
Do you have it in stock?,0
How soon can I get it?,0
Where do you ship from?,0
Let's connect on LinkedIn: https://linkedin.com/in/charlie958,1
What’s the price?,0
Contact me via Telegram: @shop_owner,1
Do you have it in stock?,0
Does it come in other colors?,0
What are the dimensions?,0
My TikTok: @charlie937,1
Nice product!,0
Does it come in other colors?,0
Contact via email: grace66@mail.com,1
What are the dimensions?,0
Do you have it in stock?,0
How soon can I get it?,0
Where do you ship from?,0
This looks good.,0
I’m interested in this item.,0
I’m interested in this item.,0
This looks good.,0
This looks good.,0
Nice product!,0
C a l l   m e :   4 1 5 - 8 4 6 - 8 6 0 0,1
Where do you ship from?,0
Let's connect on LinkedIn: linkedin.com/in/coolguy42,1
📧 user9788@example.com,1
Can you show more photos?,0
I’m interested in this item.,0
How soon can I get it?,0
My number is (740) 761-1779,1
How soon can I get it?,0
Send me a DM on Facebook: facebook.com/shop_owner,1
What’s the price?,0
How soon can I get it?,0
Email me at eve24@mail.com,1
Nice product!,0
Add me on Facebook (facebook.com/best_pizza),1
Call me at (381) 050-4973,1
Nice product!,0
This looks good.,0
Do you have it in stock?,0
This looks good.,0
I’m interested in this item.,0
How soon can I get it?,0
DM me on Instagram @fashionguru,1
What’s the price?,0
Does it come in other colors?,0
Do you have it in stock?,0
Can you show more photos?,0
This looks good.,0
Does it come in other colors?,0
Nice product!,0
Can you show more photos?,0
This looks good.,0
my email id is user1714@example.com,1
Do you have it in stock?,0
Does it come in other colors?,0
This looks good.,0
How soon can I get it?,0
Skype me at 458-003-7899,1
Nice product!,0
Nice product!,0
How soon can I get it?,0
How soon can I get it?,0
Nice product!,0
Let's connect on LinkedIn: https://linkedin.com/in/judy88,1
Does it come in other colors?,0
Does it come in other colors?,0
my email id is user2123@example.com,1
Does it come in other colors?,0
DM me on Facebook: facebook.com/devguy854,1
Can you share your phone number so I can send you details?,1
Do you have it in stock?,0
Reach me at 700-737-5607,1
Here is my email: user5620@example.com,1
Does it come in other colors?,0
You can reach me at 555-910-8489,1
Do you have it in stock?,0
How soon can I get it?,0
Can you show more photos?,0
My WeChat ID is shopper99,1
What are the dimensions?,0
How soon can I get it?,0
Nice product!,0
This looks good.,0
Nice product!,0
What are the dimensions?,0
Reach out on WhatsApp at +1-607-744-7073,1
Do you have it in stock?,0
What are the dimensions?,0
Can you share your phone number so I can send you details?,1
I’m interested in this item.,0
Do you have it in stock?,0
What’s the price?,0
What’s the price?,0
Do you have it in stock?,0
What’s the price?,0
My number is 332-768-1192,1
Hit me up on WhatsApp at +1-563-733-6352,1
Where do you ship from?,0
Please email me at user3872@example.com,1
What’s the price?,0
What’s the price?,0
Can you show more photos?,0
Do you have it in stock?,0
Email me at frank38@example.com,1
Can you show more photos?,0
Let's connect on LinkedIn: https://linkedin.com/in/eve934,1
Does it come in other colors?,0
Does it come in other colors?,0
What’s the price?,0
Nice product!,0
I’m interested in this item.,0
Let's connect on LinkedIn: https://linkedin.com/in/eve658,1
Find me on Facebook: https://facebook.com/bob913,1
This looks good.,0
I’m interested in this item.,0
What’s the price?,0
Let's connect on LinkedIn: linkedin.com/in/coolguy42,1
How soon can I get it?,0
Can you show more photos?,0
message me via g m a i l at user4373@example.com,1
Do you have it in stock?,0
Does it come in other colors?,0
Does it come in other colors?,0
I’m interested in this item.,0
Where do you ship from?,0
Where do you ship from?,0
DM me on Facebook: facebook.com/shopper615,1
What are the dimensions?,0
What are the dimensions?,0
How soon can I get it?,0
Where do you ship from?,0
message me via g m a i l at user6776@example.com,1
Do you have it in stock?,0
Nice product!,0
Do you have it in stock?,0
Do you have it in stock?,0
Message me at user3631@example.com,1
Does it come in other colors?,0
Does it come in other colors?,0
Nice product!,0
Contact me on Skype: charlie842,1
What are the dimensions?,0
How soon can I get it?,0
Nice product!,0
I’m interested in this item.,0
How soon can I get it?,0
Where do you ship from?,0
This looks good.,0
c   o   n   t   a   c   t   m   e   ( 1 1 8 )   0 1 6 - 5 5 2 0,1
Can you show more photos?,0
How soon can I get it?,0
I’m interested in this item.,0
What are the dimensions?,0
What are the dimensions?,0
Where do you ship from?,0
Can you show more photos?,0
Nice product!,0
This looks good.,0
Add me on WhatsApp: 555-166-2869,1
Can you show more photos?,0
Where do you ship from?,0
What are the dimensions?,0
Does it come in other colors?,0
Can you show more photos?,0
e m a i l m e @ user3650@example.com,1
Can you show more photos?,0
What’s the price?,0
What are the dimensions?,0
Where do you ship from?,0
How soon can I get it?,0
Nice product!,0
What are the dimensions?,0
message me via g m a i l at user4698@example.com,1
My WeChat ID is shop_owner,1
Nice product!,0
Mail me: david35@mail.com,1
Nice product!,0
This looks good.,0
I’m interested in this item.,0
Does it come in other colors?,0
Contact me via Telegram: @john_doe,1
Can you show more photos?,0
get in touch @ user6503@example.com,1
c   o   n   t   a   c   t   m   e   5 8 7 0 9 8 6 2 4 6,1
What are the dimensions?,0
What are the dimensions?,0
Nice product!,0
I’m interested in this item.,0
Do you have it in stock?,0
How soon can I get it?,0
Does it come in other colors?,0
Does it come in other colors?,0
Where do you ship from?,0
Where do you ship from?,0
Nice product!,0
What are the dimensions?,0
Nice product!,0
Do you have it in stock?,0
Do you have it in stock?,0
I’m interested in this item.,0
What’s the price?,0
This looks good.,0
Do you have it in stock?,0
Nice product!,0
Where do you ship from?,0
Where do you ship from?,0
Can you show more photos?,0
You can reach me at +1-159-216-5851,1
How soon can I get it?,0
What’s the price?,0
Where do you ship from?,0
You can reach me at +1-449-365-5109,1
Nice product!,0
I’m interested in this item.,0
What’s the price?,0
reach at t w o o o @example.com,1
I’m interested in this item.,0
This looks good.,0
Can you show more photos?,0
Do you have it in stock?,0
What’s the price?,0
Where do you ship from?,0
Let's connect on LinkedIn: https://linkedin.com/in/ivan937,1
Where do you ship from?,0
Nice product!,0
What’s the price?,0
I’m interested in this item.,0
Does it come in other colors?,0
Can you show more photos?,0
This looks good.,0
This looks good.,0
Can you show more photos?,0
Does it come in other colors?,0
Do you have it in stock?,0
Where do you ship from?,0
Do you have it in stock?,0
What’s the price?,0
This looks good.,0
You can reach me at 555-100-2194,1
Can you show more photos?,0
What’s the price?,0
Does it come in other colors?,0
Can you show more photos?,0
How soon can I get it?,0
How soon can I get it?,0
Where do you ship from?,0
Where do you ship from?,0
Where do you ship from?,0
Can you show more photos?,0
Follow me on Instagram @coolguy42 and DM.,1
Nice product!,0
my digits: +1-832-575-4052,1
Does it come in other colors?,0
Contact: +1-580-995-9801,1
Can you show more photos?,0
This looks good.,0
What’s the price?,0
What’s the price?,0
My WeChat ID is jane.smith,1
What’s the price?,0
C o n t a c t :   ( 6 2 7 )   7 2 4 - 9 0 5 6,1
Do you have it in stock?,0
Where do you ship from?,0
Does it come in other colors?,0
What are the dimensions?,0
What are the dimensions?,0
I’m interested in this item.,0
you can DM me at coolcat737 on Insta,1
Text me at 555-953-9346 for more info.,1
I’m interested in this item.,0
How soon can I get it?,0
What’s the price?,0
my email id is user2857@example.com,1
What’s the price?,0
Can you show more photos?,0
Add me on Facebook (facebook.com/coolguy42),1
This looks good.,0
Add me on Facebook (facebook.com/coolguy42),1
Does it come in other colors?,0
What’s the price?,0
What are the dimensions?,0
How soon can I get it?,0
Can you show more photos?,0
Where do you ship from?,0
Nice product!,0
This looks good.,0
I’m interested in this item.,0
What’s the price?,0
Do you have it in stock?,0
What are the dimensions?,0
"My contact is 555-772-2015, call me.",1
Can you show more photos?,0
Mail me: eve18@email.net,1
Do you have it in stock?,0
Reach me at 048-204-5656,1
You can reach me at 555-248-9287,1
Contact me via Telegram: @best_pizza,1
What’s the price?,0
Does it come in other colors?,0
This looks good.,0
Snapchat me @ fashionista18,1
You can reach me at 555-964-9585,1
C a l l   m e :   5 4 9 - 0 2 2 - 7 2 6 3,1
Nice product!,0
Can you show more photos?,0
How soon can I get it?,0
I’m interested in this item.,0
Nice product!,0
I’m interested in this item.,0
What’s the price?,0
Can you show more photos?,0
Does it come in other colors?,0
get in touch @ user4467@example.com,1
I’m interested in this item.,0
I’m interested in this item.,0
Can you show more photos?,0
Does it come in other colors?,0
"Email is user7894@example.com, reach out anytime.",1
c   o   n   t   a   c   t   m   e   + 1   4 0 0   9 9 2   8 8 9 5,1
Nice product!,0
Do you have it in stock?,0
Can you show more photos?,0
Do you have it in stock?,0
Messenger me at 661-879-3591,1
I’m interested in this item.,0
This looks good.,0
Text me at 555-756-1852 for more info.,1
What are the dimensions?,0
What’s the price?,0
Does it come in other colors?,0
How soon can I get it?,0
Does it come in other colors?,0
Follow me on Twitter: @charlie425,1
Does it come in other colors?,0
I’m interested in this item.,0
What are the dimensions?,0
Where do you ship from?,0
Does it come in other colors?,0
This looks good.,0
Do you have it in stock?,0
Ping me on Telegram: @judy749,1
How soon can I get it?,0
Can you show more photos?,0
Can you show more photos?,0
This looks good.,0
Let's connect on LinkedIn: https://linkedin.com/in/frank492,1
my email id is user1502@example.com,1
How soon can I get it?,0
Add me on Facebook (facebook.com/shopper99),1
Does it come in other colors?,0
Contact me on Skype: judy715,1
How soon can I get it?,0
Do you have it in stock?,0
Where do you ship from?,0
I’m interested in this item.,0
Can you show more photos?,0
Reach out on WhatsApp at +1-479-661-2806,1
I’m interested in this item.,0
Email me at user2260@example.com,1
Text me at 512-365-5199,1
Text me at (057) 477-3590,1
Does it come in other colors?,0
Can you show more photos?,0
What are the dimensions?,0
Do you have it in stock?,0
I’m interested in this item.,0
Where do you ship from?,0
Message me at user6385@example.com,1
Can you show more photos?,0
Follow me on Instagram @designer123 and DM.,1
This looks good.,0
Can you show more photos?,0
Do you have it in stock?,0
Ping me on Telegram: @grace910,1
Where do you ship from?,0
How soon can I get it?,0
Contact: +1-961-263-3918,1
This looks good.,0
I’m interested in this item.,0
DM me on Instagram @fashionguru,1
What’s the price?,0
Where do you ship from?,0
What are the dimensions?,0
Nice product!,0
This looks good.,0
Nice product!,0
Nice product!,0
Does it come in other colors?,0
Does it come in other colors?,0
My Snapchat is david52,1
My WeChat ID is tech_lead,1
Add me on WhatsApp: 9739319050,1
I’m interested in this item.,0
What are the dimensions?,0
Can you show more photos?,0
Does it come in other colors?,0
What are the dimensions?,0
I’m interested in this item.,0
How soon can I get it?,0
Does it come in other colors?,0
Can you show more photos?,0
telegram: t dot me slash fashionista829,1
How soon can I get it?,0
Do you have it in stock?,0
How soon can I get it?,0
Does it come in other colors?,0
Nice product!,0
What’s the price?,0
Where do you ship from?,0
Send me a DM on Facebook: facebook.com/coolguy42,1
Do you have it in stock?,0
This looks good.,0
Does it come in other colors?,0
This looks good.,0
Follow me on Instagram @best_pizza and DM.,1
Where do you ship from?,0
Nice product!,0
Do you have it in stock?,0
Find me on Facebook: https://facebook.com/bob564,1
Can you show more photos?,0
Messenger me at +1 012 319 0989,1
Does it come in other colors?,0
This looks good.,0
Email me at user2963@example.com,1
Do you have it in stock?,0
I’m interested in this item.,0
Message me at user2508@example.com,1
Can you show more photos?,0
C a l l   m e :   ( 1 1 1 )   2 6 3 - 7 9 7 4,1
Nice product!,0
Do you have it in stock?,0
This looks good.,0
What’s the price?,0
Contact via email: eve5@email.net,1
Where do you ship from?,0
How soon can I get it?,0
Does it come in other colors?,0
How soon can I get it?,0
Nice product!,0
Does it come in other colors?,0
What are the dimensions?,0
Call me at 6702611287,1
I’m interested in this item.,0
You can reach me at 555-432-2507,1
Nice product!,0
Message me on Signal: 729-886-2180,1
e m a i l m e @ user7755@example.com,1
Where do you ship from?,0
How soon can I get it?,0
How soon can I get it?,0
What’s the price?,0
This looks good.,0
What are the dimensions?,0
I’m interested in this item.,0
This looks good.,0
Where do you ship from?,0
I’m interested in this item.,0
Does it come in other colors?,0
What are the dimensions?,0
Where do you ship from?,0
This looks good.,0
I’m interested in this item.,0
Reach me at +1 953 675 8993,1
Message me on Snapchat: shop_owner,1
Add me on Facebook (facebook.com/tech_lead),1
This looks good.,0
telegram: t dot me slash shopper814,1
Does it come in other colors?,0
Does it come in other colors?,0
Add me on WhatsApp: 555-190-5522,1
I’m interested in this item.,0
Nice product!,0
What are the dimensions?,0
Does it come in other colors?,0
I’m interested in this item.,0
What’s the price?,0
What’s the price?,0
This looks good.,0
Nice product!,0
c h a r l i e 5 9 @ t e s t . o r g,1
Do you have it in stock?,0
Does it come in other colors?,0
c o n t a c t : +1-929-981-9229,1
Does it come in other colors?,0
t e l : +1-131-790-7753,1
Where do you ship from?,0
Hit me up on WhatsApp at 555-597-1779,1
Nice product!,0
This looks good.,0
How soon can I get it?,0
Can you share your phone number so I can send you details?,1
Can you show more photos?,0
Nice product!,0
What’s the price?,0
Where do you ship from?,0
What are the dimensions?,0
Where do you ship from?,0
Can you show more photos?,0
Where do you ship from?,0
This looks good.,0
What are the dimensions?,0
telegram: t dot me slash coolcat973,1
Can you show more photos?,0
Can you show more photos?,0
Text me at +1-648-726-3557,1
get in touch @ user2057@example.com,1
find me at user2766@example.com 😉,1
What’s the price?,0
Do you have it in stock?,0
Does it come in other colors?,0
C a l l   m e :   5 6 9 3 9 8 2 2 5 3,1
Does it come in other colors?,0
Does it come in other colors?,0
This looks good.,0
Can you show more photos?,0
How soon can I get it?,0
Does it come in other colors?,0
snap me at s-n-a-p devguy528,1
Where do you ship from?,0
DM me on Instagram @john_doe,1
What’s the price?,0
Where do you ship from?,0
Telegram me at 3008509236,1
This looks good.,0
Nice product!,0
Nice product!,0
Nice product!,0
Do you have it in stock?,0
Let's connect on LinkedIn: linkedin.com/in/designer123,1
Do you have it in stock?,0
What are the dimensions?,0
Nice product!,0
How soon can I get it?,0
📧 user1162@example.com,1
Does it come in other colors?,0
Where do you ship from?,0
reach at t w o o o @example.com,1
What are the dimensions?,0
What are the dimensions?,0
How soon can I get it?,0
Mail me: judy55@test.org,1
Can you show more photos?,0
This looks good.,0
Does it come in other colors?,0
Does it come in other colors?,0
Message me at user5662@example.com,1
Text me at (132) 457-4186,1
Nice product!,0
Can you show more photos?,0
Let's connect on LinkedIn: linkedin.com/in/fashionguru,1
What are the dimensions?,0
Can you show more photos?,0
Do you have it in stock?,0
Here is my email: user5315@example.com,1
What are the dimensions?,0
Can I have your email address?,1
How soon can I get it?,0
I’m interested in this item.,0
I’m interested in this item.,0
Nice product!,0
Find me on Facebook: https://facebook.com/alice58,1
What’s the price?,0
fb.com/fashionista785,1
How soon can I get it?,0
How soon can I get it?,0
Does it come in other colors?,0
Can you show more photos?,0
Message me at user3842@example.com,1
Can you show more photos?,0
Contact me via Telegram: @designer123,1
What’s the price?,0
What are the dimensions?,0
What are the dimensions?,0
Message me on Signal: (630) 186-1912,1
Does it come in other colors?,0
How soon can I get it?,0
I’m interested in this item.,0
What are the dimensions?,0
I’m interested in this item.,0
How soon can I get it?,0
I’m interested in this item.,0
"My contact is 555-921-1662, call me.",1
Can you show more photos?,0
Follow me on Instagram @john_doe and DM.,1
This looks good.,0
Reach out on WhatsApp at +1-730-301-6192,1
I’m interested in this item.,0
Nice product!,0
What’s the price?,0
Does it come in other colors?,0
Can you show more photos?,0
What’s the price?,0
What are the dimensions?,0
I’m interested in this item.,0
Can I have your email address?,1
Let's connect on LinkedIn: https://linkedin.com/in/alice655,1
My number is (942) 381-7758,1
Do you have it in stock?,0
Nice product!,0
Signal me at +1 521 059 3880,1
What are the dimensions?,0
Here's my email: user1475@example.com,1
I’m interested in this item.,0
This looks good.,0
Where do you ship from?,0
Does it come in other colors?,0
Can you show more photos?,0
Where do you ship from?,0
Does it come in other colors?,0
Message me on Snapchat: best_pizza,1
Can you show more photos?,0
What’s the price?,0
This looks good.,0
What are the dimensions?,0
Reach me at (909) 572-3159,1
Where do you ship from?,0
What are the dimensions?,0
This looks good.,0
How soon can I get it?,0
Where do you ship from?,0
fb.com/devguy358,1
my digits: +1-330-797-4452,1
hmu @ fashionista838,1
How soon can I get it?,0
Do you have it in stock?,0
Email me at ivan5@test.org,1
Nice product!,0
How soon can I get it?,0
How soon can I get it?,0
This looks good.,0
Do you have it in stock?,0
Do you have it in stock?,0
Message me on Snapchat: jane.smith,1
Connect on LinkedIn (linkedin.com/in/john_doe),1
I’m interested in this item.,0
Let's connect on LinkedIn: linkedin.com/in/coolguy42,1
This looks good.,0
Where do you ship from?,0
This looks good.,0
This looks good.,0
📱 +1-375-502-9950,1
I’m interested in this item.,0
My Snapchat is charlie151,1
Where do you ship from?,0
Can you show more photos?,0
Do you have it in stock?,0
What are the dimensions?,0
Where do you ship from?,0
What’s the price?,0
📱 +1-836-337-5024,1
My TikTok: @heidi47,1
What’s the price?,0
I’m interested in this item.,0
How soon can I get it?,0
Do you have it in stock?,0
What are the dimensions?,0
This looks good.,0
What are the dimensions?,0
What’s the price?,0
Let's connect on LinkedIn: https://linkedin.com/in/eve512,1
What are the dimensions?,0
Do you have it in stock?,0
How soon can I get it?,0
What’s the price?,0
What are the dimensions?,0
Message me on Snapchat: shopper99,1
How soon can I get it?,0
Do you have it in stock?,0
Does it come in other colors?,0
I’m interested in this item.,0
Where do you ship from?,0
Nice product!,0
Nice product!,0
Nice product!,0
Nice product!,0
DM me on Instagram: @heidi523,1
How soon can I get it?,0
Can you show more photos?,0
I’m interested in this item.,0
Does it come in other colors?,0
Does it come in other colors?,0
What’s the price?,0
How soon can I get it?,0
What are the dimensions?,0
Nice product!,0
I’m interested in this item.,0
Email me at eve48@test.org,1
Can you show more photos?,0
I’m interested in this item.,0
Let's connect on LinkedIn: linkedin.com/in/fashionguru,1
Please email me at user9253@example.com,1
How soon can I get it?,0
Text me at 4202632948,1
This looks good.,0
This looks good.,0
Does it come in other colors?,0
snap me at s-n-a-p shopper101,1
I’m interested in this item.,0
Do you have it in stock?,0
Does it come in other colors?,0
Can you show more photos?,0
What’s the price?,0
How soon can I get it?,0
Can you show more photos?,0
I’m interested in this item.,0
Can you show more photos?,0
My Snapchat is eve369,1
Do you have it in stock?,0
I’m interested in this item.,0
What’s the price?,0
Where do you ship from?,0
What’s the price?,0
How soon can I get it?,0
This looks good.,0
I’m interested in this item.,0
Email me at ivan67@email.net,1
Nice product!,0
What are the dimensions?,0
DM me on Instagram: @judy862,1
I’m interested in this item.,0
I’m interested in this item.,0
How soon can I get it?,0
Nice product!,0
Add me on WhatsApp: +1 158 191 4175,1
e m a i l m e @ user273@example.com,1
How soon can I get it?,0
Does it come in other colors?,0
Do you have it in stock?,0
What are the dimensions?,0
I’m interested in this item.,0
How soon can I get it?,0
Can you show more photos?,0
Contact me via Telegram: @tech_lead,1
Does it come in other colors?,0
What’s the price?,0
Nice product!,0
fb.com/fashionista856,1
Can you show more photos?,0
Nice product!,0
What’s the price?,0
Can you show more photos?,0
t e l : +1-896-111-7908,1
Nice product!,0
Telegram me at 6096703892,1
Does it come in other colors?,0
What’s the price?,0
My number is +1 168 005 0960,1
What are the dimensions?,0
How soon can I get it?,0
Nice product!,0
How soon can I get it?,0
Do you have it in stock?,0
Can you show more photos?,0
Snapchat me @ devguy152,1
What are the dimensions?,0
Mail me: frank8@email.net,1
Nice product!,0
Do you have it in stock?,0
What are the dimensions?,0
Follow me on Instagram @shopper99 and DM.,1
Connect on LinkedIn (linkedin.com/in/jane.smith),1
This looks good.,0
Nice product!,0
My Snapchat is charlie462,1
What’s the price?,0
my digits: +1-178-559-1500,1
"My contact is 555-923-3180, call me.",1
Do you have it in stock?,0
Do you have it in stock?,0
Where do you ship from?,0
What’s the price?,0
What’s the price?,0
Nice product!,0
Can you show more photos?,0
What’s the price?,0
I’m interested in this item.,0
reach at t w o o o @example.com,1
Does it come in other colors?,0
Where do you ship from?,0
I’m interested in this item.,0
DM me on Instagram @designer123,1
I’m interested in this item.,0
Does it come in other colors?,0
This looks good.,0
Do you have it in stock?,0
Call me at 1662495015,1
you can DM me at coolcat177 on Insta,1
Call me at 6282213813,1
How soon can I get it?,0
Where do you ship from?,0
How soon can I get it?,0
Does it come in other colors?,0
I’m interested in this item.,0
WhatsApp me at +1-555-100-2352,1
Connect on LinkedIn (linkedin.com/in/devguy442),1
This looks good.,0
Does it come in other colors?,0
How soon can I get it?,0
Message me at user9275@example.com,1
What are the dimensions?,0
How soon can I get it?,0
Where do you ship from?,0
How soon can I get it?,0
I’m interested in this item.,0
Does it come in other colors?,0
Does it come in other colors?,0
What are the dimensions?,0
C a l l   m e :   ( 0 7 7 )   9 8 2 - 8 2 1 9,1
Where do you ship from?,0
Do you have it in stock?,0
Does it come in other colors?,0
This looks good.,0
Send me a DM on Facebook: facebook.com/jane.smith,1
Where do you ship from?,0
This looks good.,0
Where do you ship from?,0
Do you have it in stock?,0
Nice product!,0
Do you have it in stock?,0
my digits: +1-936-223-7959,1
Nice product!,0
find me at user8096@example.com 😉,1
message me via g m a i l at user4505@example.com,1
How soon can I get it?,0
I’m interested in this item.,0
This looks good.,0
How soon can I get it?,0
My TikTok: @bob856,1
Can you show more photos?,0
C o n t a c t :   4 9 4 2 1 7 7 4 4 5,1
What’s the price?,0
What’s the price?,0
Do you have it in stock?,0
you can DM me at fashionista98 on Insta,1
Where do you ship from?,0
Contact via email: heidi68@test.org,1
My number is 701-434-3835,1
Connect on LinkedIn (linkedin.com/in/shop_owner),1
How soon can I get it?,0
Hit me up on WhatsApp at +1-732-851-5426,1
Does it come in other colors?,0
Nice product!,0
Where do you ship from?,0
This looks good.,0
This looks good.,0
d a v i d 5 1 @ m a i l . c o m,1
Does it come in other colors?,0
Can you show more photos?,0
Where do you ship from?,0
C a l l   m e :   + 1   1 5 0   1 5 3   2 2 7 3,1
I’m interested in this item.,0
What’s the price?,0
message me via g m a i l at user9109@example.com,1
Can I have your email address?,1
Do you have it in stock?,0
This looks good.,0
Nice product!,0
Let's connect on LinkedIn: https://linkedin.com/in/judy743,1
You can reach me at 555-993-9377,1
This looks good.,0
Do you have it in stock?,0
Do you have it in stock?,0
How soon can I get it?,0
Mail me: charlie70@test.org,1
This looks good.,0
Can you show more photos?,0
What are the dimensions?,0
Let's connect on LinkedIn: linkedin.com/in/fashioneer,1
I’m interested in this item.,0
Contact: +1-992-722-3451,1
Does it come in other colors?,0
I’m interested in this item.,0
Email me at user1626@example.com,1
What’s the price?,0
Reach me at +1 589 418 1431,1
What are the dimensions?,0
Can you show more photos?,0
How soon can I get it?,0
fb.com/shopper303,1
Nice product!,0
What are the dimensions?,0
Nice product!,0
Do you have it in stock?,0
c   o   n   t   a   c   t   m   e   9 0 6 - 0 5 5 - 8 8 7 9,1
Where do you ship from?,0
This looks good.,0
Nice product!,0
Does it come in other colors?,0
find me at user8824@example.com 😉,1
What are the dimensions?,0
Do you have it in stock?,0
Do you have it in stock?,0
Contact me on Skype: grace992,1
How soon can I get it?,0
Add me on WhatsApp: 555-745-2844,1
Do you have it in stock?,0
Can you show more photos?,0
What are the dimensions?,0
I’m interested in this item.,0
Where do you ship from?,0
My WeChat ID is fashionguru,1
Where do you ship from?,0
What are the dimensions?,0
Can you share your phone number so I can send you details?,1
Nice product!,0
Do you have it in stock?,0
What’s the price?,0
How soon can I get it?,0
Can you show more photos?,0
Do you have it in stock?,0
I’m interested in this item.,0
Text me at 555-973-3644 for more info.,1
Nice product!,0
I’m interested in this item.,0
Does it come in other colors?,0
wanna chat? +1-778-467-1983,1
Where do you ship from?,0
This looks good.,0
This looks good.,0
Do you have it in stock?,0
Do you have it in stock?,0
What are the dimensions?,0
Do you have it in stock?,0
What are the dimensions?,0
Hit me up on WhatsApp at 555-640-1020,1
What are the dimensions?,0
This looks good.,0
This looks good.,0
Nice product!,0
Do you have it in stock?,0
my digits: +1-928-824-6634,1
Nice product!,0
Do you have it in stock?,0
This looks good.,0
Connect on LinkedIn (linkedin.com/in/fashioneer),1
This looks good.,0
Where do you ship from?,0
my digits: +1-235-132-4000,1
Nice product!,0
Nice product!,0
What are the dimensions?,0
Do you have it in stock?,0
Where do you ship from?,0
What’s the price?,0
How soon can I get it?,0
Does it come in other colors?,0
Where do you ship from?,0
Where do you ship from?,0
Do you have it in stock?,0
What’s the price?,0
Hit me up on WhatsApp at 555-832-2444,1
Where do you ship from?,0
This looks good.,0
Nice product!,0
Can you show more photos?,0
WhatsApp me at +1-555-264-7084,1
Where do you ship from?,0
Can you show more photos?,0
Where do you ship from?,0
What are the dimensions?,0
Hit me up on WhatsApp at +1-840-553-4546,1
This looks good.,0
Email me at user1164@example.com,1
Contact me via Telegram: @fashioneer,1
Does it come in other colors?,0
This looks good.,0
What’s the price?,0
wanna chat? +1-101-615-9932,1
Call me at 9396452663,1
This looks good.,0
What’s the price?,0
Does it come in other colors?,0
my digits: +1-443-110-5604,1
What are the dimensions?,0
Where do you ship from?,0
Nice product!,0
Do you have it in stock?,0
Nice product!,0
Please email me at user4397@example.com,1
How soon can I get it?,0
I’m interested in this item.,0
How soon can I get it?,0
Where do you ship from?,0
I’m interested in this item.,0
I’m interested in this item.,0
Nice product!,0
Do you have it in stock?,0
Nice product!,0
Nice product!,0
Do you have it in stock?,0
This looks good.,0
Where do you ship from?,0
How soon can I get it?,0
Where do you ship from?,0
Nice product!,0
Can you show more photos?,0
Does it come in other colors?,0
C o n t a c t :   + 1   8 0 8   2 9 0   9 3 3 2,1
This looks good.,0
Nice product!,0
What’s the price?,0
snap me at s-n-a-p shopper367,1
What’s the price?,0
Does it come in other colors?,0
How soon can I get it?,0
c   o   n   t   a   c   t   m   e   2 7 8 7 9 7 3 4 5 3,1
Where do you ship from?,0
Please email me at user1967@example.com,1
I’m interested in this item.,0
Where do you ship from?,0
Follow me on Twitter: @charlie716,1
My number is 423-482-0961,1
Do you have it in stock?,0
What are the dimensions?,0
my digits: +1-805-158-1138,1
What’s the price?,0
Hit me up on WhatsApp at +1-723-341-6926,1
What’s the price?,0
This looks good.,0
Nice product!,0
What are the dimensions?,0
How soon can I get it?,0
Here's my email: user7315@example.com,1
Does it come in other colors?,0
Contact me via Telegram: @jane.smith,1
Connect on LinkedIn (linkedin.com/in/shopper99),1
Snapchat me @ devguy760,1
Message me at user554@example.com,1
I’m interested in this item.,0
How soon can I get it?,0
What are the dimensions?,0
Here is my email: user5203@example.com,1
My WeChat ID is coolguy42,1
Nice product!,0
My number is 399-155-9591,1
This looks good.,0
Hit me up on WhatsApp at 555-172-2137,1
Do you have it in stock?,0
What are the dimensions?,0
Nice product!,0
This looks good.,0
Nice product!,0
Nice product!,0
Can you show more photos?,0
What are the dimensions?,0
Hit me up on WhatsApp at 555-731-2675,1
Where do you ship from?,0
Do you have it in stock?,0
What’s the price?,0
Can you show more photos?,0
Where do you ship from?,0
Hit me up on WhatsApp at +1-829-123-7523,1
Where do you ship from?,0
Does it come in other colors?,0
Does it come in other colors?,0
Let's connect on LinkedIn: https://linkedin.com/in/judy14,1
Can you show more photos?,0
What’s the price?,0
Nice product!,0
Does it come in other colors?,0
Reach out on WhatsApp at +1-977-866-7415,1
I’m interested in this item.,0
Can you show more photos?,0
Nice product!,0
What’s the price?,0
Can you show more photos?,0
My number is 2286079645,1
c o n t a c t : +1-800-682-2638,1
What are the dimensions?,0
Message via email: bob66@example.com,1
Nice product!,0
Where do you ship from?,0
Do you have it in stock?,0
What are the dimensions?,0
Does it come in other colors?,0
How soon can I get it?,0
Does it come in other colors?,0
This looks good.,0
What’s the price?,0
This looks good.,0
Does it come in other colors?,0
Does it come in other colors?,0
This looks good.,0
Where do you ship from?,0
What are the dimensions?,0
I’m interested in this item.,0
What’s the price?,0
How soon can I get it?,0
Do you have it in stock?,0
Do you have it in stock?,0
I’m interested in this item.,0
What’s the price?,0
Can you show more photos?,0
What’s the price?,0
Where do you ship from?,0
What’s the price?,0
Please email me at user1140@example.com,1
Text me at 1635207014,1
This looks good.,0
Nice product!,0
I’m interested in this item.,0
Follow me on Instagram @best_pizza and DM.,1
Do you have it in stock?,0
Reach out on WhatsApp at +1-801-618-7646,1
"My contact is 555-628-4842, call me.",1
Where do you ship from?,0
This looks good.,0
Where do you ship from?,0
This looks good.,0
Text me at +1 149 335 0110,1
Nice product!,0
Text me at +1 218 297 3042,1
Can you show more photos?,0
How soon can I get it?,0
Do you have it in stock?,0
What’s the price?,0
What’s the price?,0
hmu @ coolcat315,1
How soon can I get it?,0
My TikTok: @alice868,1
How soon can I get it?,0
Do you have it in stock?,0
Can you show more photos?,0
Text me at 555-641-2631 for more info.,1
Find me on Facebook: https://facebook.com/heidi656,1
Where do you ship from?,0
Nice product!,0
Do you have it in stock?,0
This looks good.,0
Do you have it in stock?,0
c   o   n   t   a   c   t   m   e   ( 1 2 5 )   4 0 9 - 4 6 1 0,1
What’s the price?,0
This looks good.,0
How soon can I get it?,0
What’s the price?,0
Reach out on WhatsApp at +1-413-368-2774,1
Nice product!,0
Hit me up on WhatsApp at +1-711-832-9860,1
Nice product!,0
Ping me on Telegram: @judy8,1
📱 +1-237-188-1999,1
Here's my email: user2493@example.com,1
Nice product!,0
How soon can I get it?,0
Let's connect on LinkedIn: linkedin.com/in/fashioneer,1
Can you show more photos?,0
Add me on Facebook (facebook.com/fashioneer),1
Can you share your phone number so I can send you details?,1
This looks good.,0
Does it come in other colors?,0
Follow me on Instagram @john_doe and DM.,1
Do you have it in stock?,0
Follow me on Twitter: @alice631,1
Here is my email: user3134@example.com,1
Nice product!,0
Nice product!,0
What’s the price?,0
What are the dimensions?,0
Can you show more photos?,0
Where do you ship from?,0
You can reach me at +1-801-508-9969,1
Does it come in other colors?,0
How soon can I get it?,0
reach at t w o o o @example.com,1
What’s the price?,0
What’s the price?,0
This looks good.,0
This looks good.,0
Do you have it in stock?,0
Nice product!,0
Message via email: bob5@email.net,1
How soon can I get it?,0
How soon can I get it?,0
What are the dimensions?,0
This looks good.,0
What are the dimensions?,0
C a l l   m e :   ( 7 5 7 )   5 8 9 - 8 6 6 4,1
What are the dimensions?,0
Do you have it in stock?,0
Here is my email: user5056@example.com,1
Can you show more photos?,0
wanna chat? +1-918-905-1223,1
Can you show more photos?,0
Can you show more photos?,0
What’s the price?,0
wanna chat? +1-415-724-4855,1
reach at t w o o o @example.com,1
What are the dimensions?,0
How soon can I get it?,0
This looks good.,0
What’s the price?,0
Can you show more photos?,0
Nice product!,0
Where do you ship from?,0
Where do you ship from?,0
Reach out on WhatsApp at +1-514-574-7822,1
What’s the price?,0
Can you show more photos?,0
I’m interested in this item.,0
Message me on Snapchat: fashioneer,1
How soon can I get it?,0
Can you show more photos?,0
c o n t a c t : +1-432-640-2369,1
Does it come in other colors?,0
Where do you ship from?,0
Can you show more photos?,0
This looks good.,0
Nice product!,0
Does it come in other colors?,0
Where do you ship from?,0
Where do you ship from?,0
What’s the price?,0
I’m interested in this item.,0
I’m interested in this item.,0
Can you show more photos?,0
Can you show more photos?,0
How soon can I get it?,0
What’s the price?,0
Connect on LinkedIn (linkedin.com/in/shop_owner),1
Does it come in other colors?,0
Can you show more photos?,0
fb.com/fashionista201,1
Message me on Signal: +1 251 110 7317,1
Where do you ship from?,0
Add me on WhatsApp: 555-231-4604,1
you can DM me at coolcat823 on Insta,1
Do you have it in stock?,0
telegram: t dot me slash coolcat735,1
What are the dimensions?,0
Do you have it in stock?,0
What are the dimensions?,0
My WeChat ID is tech_lead,1
Can you show more photos?,0
What’s the price?,0
I’m interested in this item.,0
Where do you ship from?,0
Do you have it in stock?,0
You can reach me at 555-620-3316,1
Can you show more photos?,0
c h a r l i e 3 4 @ m a i l . c o m,1
I’m interested in this item.,0
I’m interested in this item.,0
"My contact is 555-586-8269, call me.",1
Can you show more photos?,0
Where do you ship from?,0
fb.com/coolcat514,1
My number is 3541411635,1
wanna chat? +1-567-766-6445,1
I’m interested in this item.,0
e m a i l m e @ user2477@example.com,1
c   o   n   t   a   c   t   m   e   3 6 4 - 3 9 0 - 0 3 1 0,1
My Snapchat is ivan346,1
Where do you ship from?,0
My Snapchat is bob472,1
How soon can I get it?,0
Where do you ship from?,0
What are the dimensions?,0
C a l l   m e :   5 7 5 4 4 7 1 9 0 8,1
Where do you ship from?,0
I’m interested in this item.,0
How soon can I get it?,0
Where do you ship from?,0
How soon can I get it?,0
Where do you ship from?,0
How soon can I get it?,0
Where do you ship from?,0
Does it come in other colors?,0
you can DM me at coolcat414 on Insta,1
This looks good.,0
Nice product!,0
Do you have it in stock?,0
Where do you ship from?,0
What are the dimensions?,0
What are the dimensions?,0
Nice product!,0
This looks good.,0
Connect on LinkedIn (linkedin.com/in/coolcat413),1
Can you show more photos?,0
How soon can I get it?,0
I’m interested in this item.,0
This looks good.,0
I’m interested in this item.,0
Does it come in other colors?,0
Reach me at 4594716690,1
What are the dimensions?,0
Where do you ship from?,0
I’m interested in this item.,0
Does it come in other colors?,0
What are the dimensions?,0
Can you show more photos?,0
This looks good.,0
reach at t w o o o @example.com,1
c o n t a c t : +1-351-297-8344,1
Does it come in other colors?,0
How soon can I get it?,0
Do you have it in stock?,0
Where do you ship from?,0
Please email me at user9026@example.com,1
Nice product!,0
What’s the price?,0
Do you have it in stock?,0
Does it come in other colors?,0
How soon can I get it?,0
Does it come in other colors?,0
DM me on Instagram @coolguy42,1
I’m interested in this item.,0
How soon can I get it?,0
How soon can I get it?,0
Does it come in other colors?,0
I’m interested in this item.,0
I’m interested in this item.,0
Email me at eve9@mail.com,1
What’s the price?,0
Follow me on Instagram @john_doe and DM.,1
Follow me on Twitter: @ivan108,1
Nice product!,0
Do you have it in stock?,0
What are the dimensions?,0
Do you have it in stock?,0
This looks good.,0
Do you have it in stock?,0
Where do you ship from?,0
How soon can I get it?,0
What’s the price?,0
Do you have it in stock?,0
Does it come in other colors?,0
What are the dimensions?,0
Does it come in other colors?,0
Nice product!,0
Ping me on Telegram: @bob827,1
Add me on WhatsApp: (082) 002-4729,1
message me via g m a i l at user7362@example.com,1
What’s the price?,0
Does it come in other colors?,0
This looks good.,0
Do you have it in stock?,0
Does it come in other colors?,0
Does it come in other colors?,0
Text me at 875-547-7110,1
This looks good.,0
Where do you ship from?,0
Reach me at 6021962947,1
Nice product!,0
Add me on WhatsApp: 555-446-9684,1
This looks good.,0
What are the dimensions?,0
Text me at +1-534-249-8768,1
C a l l   m e :   0 5 2 - 7 9 9 - 6 2 0 3,1
This looks good.,0
wanna chat? +1-795-981-3084,1
This looks good.,0
How soon can I get it?,0
My Snapchat is bob960,1
This looks good.,0
you can DM me at devguy838 on Insta,1
Message me on Snapchat: fashioneer,1
What’s the price?,0
This looks good.,0
I’m interested in this item.,0
What are the dimensions?,0
my digits: +1-714-388-3958,1
How soon can I get it?,0
How soon can I get it?,0
I’m interested in this item.,0
Do you have it in stock?,0
How soon can I get it?,0
Where do you ship from?,0
I’m interested in this item.,0
Nice product!,0
Nice product!,0
Can you show more photos?,0
"My contact is 555-227-3857, call me.",1
What’s the price?,0
This looks good.,0
Does it come in other colors?,0
Can you show more photos?,0
📱 +1-706-909-2710,1
Where do you ship from?,0
How soon can I get it?,0
DM me on Facebook: facebook.com/devguy533,1
What’s the price?,0
Can you show more photos?,0
How soon can I get it?,0
Can you show more photos?,0
How soon can I get it?,0
Can I have your email address?,1
Can you show more photos?,0
I’m interested in this item.,0
What are the dimensions?,0
What’s the price?,0
This looks good.,0
Let's connect on LinkedIn: linkedin.com/in/fashionguru,1
What’s the price?,0
C o n t a c t :   ( 5 8 9 )   6 6 3 - 3 2 6 2,1
What are the dimensions?,0
You can reach me at +1-929-918-9798,1
I’m interested in this item.,0
What’s the price?,0
What are the dimensions?,0
Do you have it in stock?,0
How soon can I get it?,0
Nice product!,0
Can you show more photos?,0
What’s the price?,0
What’s the price?,0
Does it come in other colors?,0
Does it come in other colors?,0
Do you have it in stock?,0
What are the dimensions?,0
Nice product!,0
How soon can I get it?,0
Can you show more photos?,0
Nice product!,0
get in touch @ user7470@example.com,1
What are the dimensions?,0
Does it come in other colors?,0
This looks good.,0
What’s the price?,0
Does it come in other colors?,0
Nice product!,0
Add me on WhatsApp: +1 224 108 2272,1
How soon can I get it?,0
Nice product!,0
Do you have it in stock?,0
What are the dimensions?,0
Email me at user5304@example.com,1
Where do you ship from?,0
This looks good.,0
This looks good.,0
How soon can I get it?,0
Does it come in other colors?,0
Where do you ship from?,0
Where do you ship from?,0
What’s the price?,0
This looks good.,0
What are the dimensions?,0
Can you show more photos?,0
Do you have it in stock?,0
What are the dimensions?,0
What are the dimensions?,0
What’s the price?,0
Here is my email: user2375@example.com,1
Where do you ship from?,0
What are the dimensions?,0
Do you have it in stock?,0
I’m interested in this item.,0
Nice product!,0
This looks good.,0
Nice product!,0
What are the dimensions?,0
Do you have it in stock?,0
Can you show more photos?,0
What are the dimensions?,0
Does it come in other colors?,0
Nice product!,0
I’m interested in this item.,0
reach at t w o o o @example.com,1
This looks good.,0
Nice product!,0
Does it come in other colors?,0
Where do you ship from?,0
How soon can I get it?,0
What are the dimensions?,0
This looks good.,0
c h a r l i e 3 3 @ e m a i l . n e t,1
I’m interested in this item.,0
Can you show more photos?,0
Follow me on Twitter: @judy67,1
How soon can I get it?,0
Contact me on Skype: grace598,1
How soon can I get it?,0
How soon can I get it?,0
This looks good.,0
Follow me on Twitter: @grace582,1
What are the dimensions?,0
How soon can I get it?,0
Message me on Snapchat: fashioneer,1
Can you show more photos?,0
I’m interested in this item.,0
Does it come in other colors?,0
How soon can I get it?,0
This looks good.,0
Mail me: grace64@mail.com,1
Do you have it in stock?,0
Do you have it in stock?,0
What’s the price?,0
Do you have it in stock?,0
What’s the price?,0
Add me on WhatsApp: 096-348-0530,1
I’m interested in this item.,0
Let's connect on LinkedIn: https://linkedin.com/in/frank281,1
Hit me up on WhatsApp at 555-805-3486,1
Does it come in other colors?,0
I’m interested in this item.,0
Does it come in other colors?,0
c   o   n   t   a   c   t   m   e   1 1 1 - 1 5 5 - 4 1 8 9,1
Does it come in other colors?,0
wanna chat? +1-647-126-2277,1
What are the dimensions?,0
Contact me on Skype: bob280,1
How soon can I get it?,0
Do you have it in stock?,0
How soon can I get it?,0
Nice product!,0
This looks good.,0
Can you show more photos?,0
Nice product!,0
What’s the price?,0
Does it come in other colors?,0
What’s the price?,0
Here is my email: user3945@example.com,1
f r a n k 4 3 @ e m a i l . n e t,1
Where do you ship from?,0
What’s the price?,0
Contact me via Telegram: @designer123,1
Nice product!,0
What are the dimensions?,0
Where do you ship from?,0
I’m interested in this item.,0
You can reach me at +1-643-371-3407,1
Do you have it in stock?,0
Do you have it in stock?,0
my digits: +1-862-259-9594,1
Nice product!,0
What’s the price?,0
I’m interested in this item.,0
Can you show more photos?,0
I’m interested in this item.,0
c o n t a c t : +1-696-959-9095,1
I’m interested in this item.,0
Add me on Facebook (facebook.com/fashionguru),1
Nice product!,0
Does it come in other colors?,0
This looks good.,0
What’s the price?,0
What are the dimensions?,0
Can you show more photos?,0
I’m interested in this item.,0
Add me on WhatsApp: 791-684-2745,1
My TikTok: @david671,1
Where do you ship from?,0
Follow me on Instagram @fashioneer and DM.,1
What’s the price?,0
Where do you ship from?,0
How soon can I get it?,0
c o n t a c t : +1-750-258-4280,1
What are the dimensions?,0
Where do you ship from?,0
Add me on WhatsApp: 555-769-8898,1
I’m interested in this item.,0
t e l : +1-160-533-3470,1
I’m interested in this item.,0
How soon can I get it?,0
What’s the price?,0
Does it come in other colors?,0
This looks good.,0
Do you have it in stock?,0
Does it come in other colors?,0
Do you have it in stock?,0
What are the dimensions?,0
I’m interested in this item.,0
Nice product!,0
My number is 791-932-6303,1
Do you have it in stock?,0
What’s the price?,0
What are the dimensions?,0
Where do you ship from?,0
Can you show more photos?,0
Can you show more photos?,0
Nice product!,0
What are the dimensions?,0
Where do you ship from?,0
What are the dimensions?,0
What’s the price?,0
Can you show more photos?,0
Does it come in other colors?,0
What are the dimensions?,0
I’m interested in this item.,0
What’s the price?,0
Nice product!,0
Can you show more photos?,0
This looks good.,0
What are the dimensions?,0
How soon can I get it?,0
Can you show more photos?,0
How soon can I get it?,0
you can DM me at coolcat850 on Insta,1
This looks good.,0
How soon can I get it?,0
I’m interested in this item.,0
Does it come in other colors?,0
How soon can I get it?,0
What’s the price?,0
This looks good.,0
This looks good.,0
I’m interested in this item.,0
Does it come in other colors?,0
Can you show more photos?,0
Email me at alice75@email.net,1
Can you show more photos?,0
Do you have it in stock?,0
Can you share your phone number so I can send you details?,1
Text me at +1-427-721-6467,1
Can you show more photos?,0
This looks good.,0
Does it come in other colors?,0
How soon can I get it?,0
Can you show more photos?,0
Nice product!,0
How soon can I get it?,0
Where do you ship from?,0
Let's connect on LinkedIn: https://linkedin.com/in/bob494,1
Nice product!,0
Where do you ship from?,0
Can you show more photos?,0
Where do you ship from?,0
What’s the price?,0
Can you show more photos?,0
This looks good.,0
Do you have it in stock?,0
Text me at 555-113-4901 for more info.,1
Here's my email: user7685@example.com,1
Mail me: david24@example.com,1
How soon can I get it?,0
What are the dimensions?,0
I’m interested in this item.,0
What are the dimensions?,0
Does it come in other colors?,0
Does it come in other colors?,0
This looks good.,0
My Snapchat is david962,1
Does it come in other colors?,0
Does it come in other colors?,0
I’m interested in this item.,0
Do you have it in stock?,0
What’s the price?,0
What are the dimensions?,0
What are the dimensions?,0
Can you show more photos?,0
This looks good.,0
Where do you ship from?,0
This looks good.,0
Where do you ship from?,0
What’s the price?,0
Do you have it in stock?,0
How soon can I get it?,0
Can you show more photos?,0
Do you have it in stock?,0
Where do you ship from?,0
Nice product!,0
fb.com/shopper45,1
What’s the price?,0
Do you have it in stock?,0
Nice product!,0
Add me on Facebook (facebook.com/best_pizza),1
Where do you ship from?,0
My TikTok: @heidi522,1
How soon can I get it?,0
What’s the price?,0
I’m interested in this item.,0
Does it come in other colors?,0
I’m interested in this item.,0
This looks good.,0
Does it come in other colors?,0
What’s the price?,0
Where do you ship from?,0
Message me at user5254@example.com,1
What are the dimensions?,0
Does it come in other colors?,0
TikTok me at +1 505 629 8984,1
Does it come in other colors?,0
Do you have it in stock?,0
How soon can I get it?,0
I’m interested in this item.,0
Nice product!,0
Where do you ship from?,0
What are the dimensions?,0
Let's connect on LinkedIn: linkedin.com/in/fashioneer,1
This looks good.,0
My WeChat ID is fashionguru,1
Where do you ship from?,0
Nice product!,0
I’m interested in this item.,0
This looks good.,0
I’m interested in this item.,0
Do you have it in stock?,0
This looks good.,0
Hit me up on WhatsApp at 555-893-9778,1
Do you have it in stock?,0
Where do you ship from?,0
How soon can I get it?,0
Nice product!,0
How soon can I get it?,0
Where do you ship from?,0
Reach me at +1 638 570 0736,1
Does it come in other colors?,0
Where do you ship from?,0
Nice product!,0
I’m interested in this item.,0
Can you share your phone number so I can send you details?,1
Add me on Facebook (facebook.com/coolguy42),1
Can you show more photos?,0
Nice product!,0
Does it come in other colors?,0
How soon can I get it?,0
Call me at 1988199745,1
Where do you ship from?,0
Nice product!,0
Where do you ship from?,0
Do you have it in stock?,0
Can you show more photos?,0
telegram: t dot me slash shopper123,1
What are the dimensions?,0
What are the dimensions?,0
This looks good.,0
Snapchat me @ devguy330,1
What’s the price?,0
I’m interested in this item.,0
Nice product!,0
I’m interested in this item.,0
i v a n 8 8 @ e x a m p l e . c o m,1
My WeChat ID is fashioneer,1
Nice product!,0
Where do you ship from?,0
I’m interested in this item.,0
Reach me at +1 986 263 5105,1
How soon can I get it?,0
Does it come in other colors?,0
Can you show more photos?,0
What are the dimensions?,0
What are the dimensions?,0
b o b 4 0 @ m a i l . c o m,1
Add me on Facebook (facebook.com/best_pizza),1
Do you have it in stock?,0
fb.com/shopper954,1
You can reach me at +1-572-564-2561,1
Can you show more photos?,0
c   o   n   t   a   c   t   m   e   + 1   4 4 8   1 4 8   0 5 4 5,1
Do you have it in stock?,0
What are the dimensions?,0
Where do you ship from?,0
Nice product!,0
What’s the price?,0
Add me on Facebook (facebook.com/tech_lead),1
my digits: +1-103-268-6448,1
Where do you ship from?,0
I’m interested in this item.,0
Do you have it in stock?,0
What’s the price?,0
Nice product!,0
What’s the price?,0
This looks good.,0
What are the dimensions?,0
How soon can I get it?,0
Nice product!,0
Does it come in other colors?,0
I’m interested in this item.,0
Do you have it in stock?,0
Can you show more photos?,0
Can you show more photos?,0
This looks good.,0
Connect on LinkedIn (linkedin.com/in/coolguy42),1
Does it come in other colors?,0
Does it come in other colors?,0
How soon can I get it?,0
fb.com/devguy631,1
What’s the price?,0
Nice product!,0
I’m interested in this item.,0
Message me on Signal: 648-902-0490,1
My number is 180-551-5213,1
Hit me up on WhatsApp at +1-697-807-7235,1
I’m interested in this item.,0
Where do you ship from?,0
What’s the price?,0
What’s the price?,0
Do you have it in stock?,0
Does it come in other colors?,0
My TikTok: @charlie977,1
How soon can I get it?,0
Can you show more photos?,0
I’m interested in this item.,0
Ping me on Telegram: @charlie200,1
Nice product!,0
What are the dimensions?,0
Do you have it in stock?,0
What are the dimensions?,0
Does it come in other colors?,0
Nice product!,0
What’s the price?,0
Contact: +1-412-729-2046,1
What’s the price?,0
This looks good.,0
Where do you ship from?,0
Nice product!,0
What are the dimensions?,0
DM me on Instagram @shopper99,1
Do you have it in stock?,0
Snapchat me @ devguy588,1
This looks good.,0
Can you show more photos?,0
Do you have it in stock?,0
Here's my email: user5025@example.com,1
How soon can I get it?,0
Can you show more photos?,0
Can you show more photos?,0
Can you show more photos?,0
This looks good.,0
How soon can I get it?,0
How soon can I get it?,0
C o n t a c t :   7 5 3 2 3 3 8 9 1 5,1
Nice product!,0
📱 +1-694-211-8663,1
This looks good.,0
Can you show more photos?,0
What are the dimensions?,0
I’m interested in this item.,0
Nice product!,0
What’s the price?,0
I’m interested in this item.,0
Does it come in other colors?,0
Email me at alice80@example.com,1
Do you have it in stock?,0
This looks good.,0
This looks good.,0
What’s the price?,0
This looks good.,0
You can reach me at +1-540-729-6440,1
What are the dimensions?,0
How soon can I get it?,0
Contact via email: ivan51@test.org,1
Where do you ship from?,0
I’m interested in this item.,0
What are the dimensions?,0
What’s the price?,0
My WeChat ID is fashioneer,1
What’s the price?,0
Contact: +1-988-137-5661,1
Do you have it in stock?,0
Can I have your email address?,1
Message me on Signal: (054) 457-1184,1
Can you show more photos?,0
How soon can I get it?,0
Where do you ship from?,0
Can you show more photos?,0
This looks good.,0
Nice product!,0
Where do you ship from?,0
What’s the price?,0
Skype me at (402) 636-9345,1
What are the dimensions?,0
Can you show more photos?,0
What’s the price?,0
My TikTok: @judy637,1
Do you have it in stock?,0
What’s the price?,0
This looks good.,0
This looks good.,0
c o n t a c t : +1-379-241-8752,1
Please email me at user9133@example.com,1
I’m interested in this item.,0
Where do you ship from?,0
How soon can I get it?,0
What are the dimensions?,0
Where do you ship from?,0
What’s the price?,0
Ping me on Telegram: @bob227,1
How soon can I get it?,0
Message me at user7858@example.com,1
How soon can I get it?,0
Where do you ship from?,0
Where do you ship from?,0
How soon can I get it?,0
Does it come in other colors?,0
What’s the price?,0
I’m interested in this item.,0
Follow me on Instagram @best_pizza and DM.,1
Nice product!,0
Email me at user87@example.com,1
Where do you ship from?,0
Do you have it in stock?,0
I’m interested in this item.,0
This looks good.,0
Does it come in other colors?,0
Can you show more photos?,0
Do you have it in stock?,0
Do you have it in stock?,0
You can reach me at 555-554-6350,1
📧 user8415@example.com,1
I’m interested in this item.,0
Connect on LinkedIn (linkedin.com/in/fashionista488),1
Can you show more photos?,0
Nice product!,0
What’s the price?,0
I’m interested in this item.,0
Hit me up on WhatsApp at 555-640-1020,1
Does it come in other colors?,0
c o n t a c t : +1-772-652-4239,1
This looks good.,0
Add me on WhatsApp: 555-312-7369,1
Can you show more photos?,0
Can you show more photos?,0
Let's connect on LinkedIn: linkedin.com/in/tech_lead,1
How soon can I get it?,0
Do you have it in stock?,0
Where do you ship from?,0
I’m interested in this item.,0
What’s the price?,0
Can you show more photos?,0
What’s the price?,0
What are the dimensions?,0
Text me at +1-632-239-5633,1
This looks good.,0
What are the dimensions?,0
Do you have it in stock?,0
Do you have it in stock?,0
Where do you ship from?,0
Does it come in other colors?,0
Can you show more photos?,0
you can DM me at devguy560 on Insta,1
Where do you ship from?,0
How soon can I get it?,0
Nice product!,0
Where do you ship from?,0
Can you show more photos?,0
Does it come in other colors?,0
I’m interested in this item.,0
Does it come in other colors?,0
Do you have it in stock?,0
c   o   n   t   a   c   t   m   e   ( 2 0 0 )   6 6 9 - 1 2 9 1,1
This looks good.,0
Nice product!,0
Does it come in other colors?,0
This looks good.,0
Can you show more photos?,0
What are the dimensions?,0
This looks good.,0
Mail me: david36@example.com,1
Where do you ship from?,0
Mail me: eve73@email.net,1
What are the dimensions?,0
Ping me on Telegram: @david624,1
Can you show more photos?,0
Nice product!,0
Add me on Facebook (facebook.com/fashionguru),1
Does it come in other colors?,0
telegram: t dot me slash shopper630,1
Mail me: eve49@email.net,1
Can you show more photos?,0
What’s the price?,0
This looks good.,0
How soon can I get it?,0
Does it come in other colors?,0
What are the dimensions?,0
Do you have it in stock?,0
Do you have it in stock?,0
I’m interested in this item.,0
I’m interested in this item.,0
What’s the price?,0
Do you have it in stock?,0
Do you have it in stock?,0
Do you have it in stock?,0
Text me at 5384028920,1
What’s the price?,0
This looks good.,0
How soon can I get it?,0
Does it come in other colors?,0
My number is 927-212-5334,1
Where do you ship from?,0
What are the dimensions?,0
Can you show more photos?,0
I’m interested in this item.,0
fb.com/devguy733,1
How soon can I get it?,0
Does it come in other colors?,0
Does it come in other colors?,0
get in touch @ user2173@example.com,1
Do you have it in stock?,0
Nice product!,0
What’s the price?,0
Does it come in other colors?,0
Does it come in other colors?,0
Do you have it in stock?,0
Where do you ship from?,0
Where do you ship from?,0
My Snapchat is bob986,1
I’m interested in this item.,0
Do you have it in stock?,0
Follow me on Instagram @shopper99 and DM.,1
Nice product!,0
Where do you ship from?,0
I’m interested in this item.,0
Email me at user1239@example.com,1
This looks good.,0
you can DM me at devguy5 on Insta,1
Does it come in other colors?,0
Nice product!,0
Can you show more photos?,0
Nice product!,0
Do you have it in stock?,0
I’m interested in this item.,0
Do you have it in stock?,0
Let's connect on LinkedIn: linkedin.com/in/jane.smith,1
c o n t a c t : +1-390-915-3114,1
I’m interested in this item.,0
Here is my email: user3440@example.com,1
Do you have it in stock?,0
hmu @ shopper151,1
Can you show more photos?,0
Where do you ship from?,0
Do you have it in stock?,0
This looks good.,0
Nice product!,0
How soon can I get it?,0
Nice product!,0
Where do you ship from?,0
What’s the price?,0
Does it come in other colors?,0
I’m interested in this item.,0
My TikTok: @alice337,1
Does it come in other colors?,0
Do you have it in stock?,0
How soon can I get it?,0
How soon can I get it?,0
What’s the price?,0
Where do you ship from?,0
Message via email: eve28@test.org,1
I’m interested in this item.,0
Add me on WhatsApp: 555-161-6840,1
This looks good.,0
What’s the price?,0
Does it come in other colors?,0
Contact via email: grace68@example.com,1
Where do you ship from?,0
I’m interested in this item.,0
Do you have it in stock?,0
I’m interested in this item.,0
Add me on WhatsApp: 8875940110,1
Does it come in other colors?,0
Where do you ship from?,0
This looks good.,0
Follow me on Twitter: @alice231,1
Follow me on Instagram @shop_owner and DM.,1
Nice product!,0
Does it come in other colors?,0
Where do you ship from?,0
Mail me: frank7@email.net,1
This looks good.,0
Can you share your phone number so I can send you details?,1
Message via email: bob69@mail.com,1
Does it come in other colors?,0
Nice product!,0
Nice product!,0
WhatsApp me at +1-555-702-8004,1
Connect on LinkedIn (linkedin.com/in/jane.smith),1
Do you have it in stock?,0
What are the dimensions?,0
Where do you ship from?,0
Where do you ship from?,0
Do you have it in stock?,0
I’m interested in this item.,0
I’m interested in this item.,0
What are the dimensions?,0
Do you have it in stock?,0
Can you share your phone number so I can send you details?,1
Message via email: ivan84@email.net,1
Does it come in other colors?,0
Add me on WhatsApp: +1 496 134 5491,1
My Snapchat is eve34,1
Do you have it in stock?,0
How soon can I get it?,0
What’s the price?,0
Nice product!,0
What are the dimensions?,0
This looks good.,0
Do you have it in stock?,0
Does it come in other colors?,0
This looks good.,0
I’m interested in this item.,0
snap me at s-n-a-p devguy323,1
I’m interested in this item.,0
Reach me at 139-532-2840,1
Nice product!,0
What are the dimensions?,0
What are the dimensions?,0
What are the dimensions?,0
What’s the price?,0
Does it come in other colors?,0
Let's connect on LinkedIn: linkedin.com/in/shopper99,1
I’m interested in this item.,0
Contact via email: david65@mail.com,1
Nice product!,0
Do you have it in stock?,0
What’s the price?,0
Can you show more photos?,0
This looks good.,0
I’m interested in this item.,0
Can you show more photos?,0
What are the dimensions?,0
What are the dimensions?,0
What’s the price?,0
Do you have it in stock?,0
Ping me on Telegram: @heidi369,1
Where do you ship from?,0
What are the dimensions?,0
This looks good.,0
Do you have it in stock?,0
Can I have your email address?,1
I’m interested in this item.,0
I’m interested in this item.,0
Does it come in other colors?,0
I’m interested in this item.,0
"My contact is 555-549-2940, call me.",1
What’s the price?,0
What are the dimensions?,0
My WeChat ID is john_doe,1
Nice product!,0
i v a n 6 4 @ e x a m p l e . c o m,1
"My contact is 555-721-6117, call me.",1
Add me on WhatsApp: +1 198 940 0656,1
get in touch @ user5247@example.com,1
Nice product!,0
Where do you ship from?,0
What’s the price?,0
DM me on Instagram: @alice409,1
What are the dimensions?,0
What are the dimensions?,0
Can you show more photos?,0
What’s the price?,0
Nice product!,0
Where do you ship from?,0
Follow me on Twitter: @david569,1
This looks good.,0
Where do you ship from?,0
Nice product!,0
What are the dimensions?,0
Follow me on Instagram @shopper99 and DM.,1
Can you show more photos?,0
How soon can I get it?,0
Nice product!,0
Where do you ship from?,0
my digits: +1-437-521-7536,1
This looks good.,0
What are the dimensions?,0
Do you have it in stock?,0
"Email is user3581@example.com, reach out anytime.",1
I’m interested in this item.,0
Where do you ship from?,0
Does it come in other colors?,0
What are the dimensions?,0
Can you show more photos?,0
Do you have it in stock?,0
What’s the price?,0
Where do you ship from?,0
Email me at charlie87@mail.com,1
Do you have it in stock?,0
What are the dimensions?,0
Where do you ship from?,0
How soon can I get it?,0
Do you have it in stock?,0
Hit me up on WhatsApp at 555-905-4891,1
I’m interested in this item.,0
I’m interested in this item.,0
Can you show more photos?,0
Nice product!,0
Can you show more photos?,0
How soon can I get it?,0
Snapchat me at +1 340 562 7259,1
How soon can I get it?,0
Text me at +1-858-568-5267,1
What are the dimensions?,0
Nice product!,0
Does it come in other colors?,0
You can reach me at 555-440-4882,1
How soon can I get it?,0
What’s the price?,0
Contact via email: bob61@mail.com,1
Do you have it in stock?,0
Do you have it in stock?,0
I’m interested in this item.,0
This looks good.,0
Can you show more photos?,0
Does it come in other colors?,0
Where do you ship from?,0
This looks good.,0
Add me on Facebook (facebook.com/fashionguru),1
What are the dimensions?,0
c o n t a c t : +1-976-373-6177,1
What’s the price?,0
telegram: t dot me slash devguy360,1
My WeChat ID is shopper99,1
This looks good.,0
Can you show more photos?,0
What are the dimensions?,0
Do you have it in stock?,0
Where do you ship from?,0
Do you have it in stock?,0
Do you have it in stock?,0
What’s the price?,0
Text me at 555-530-4508 for more info.,1
Where do you ship from?,0
Follow me on Twitter: @eve951,1
Where do you ship from?,0
This looks good.,0
I’m interested in this item.,0
Where do you ship from?,0
Contact via email: david8@email.net,1
Can you show more photos?,0
Do you have it in stock?,0
This looks good.,0
What are the dimensions?,0
Where do you ship from?,0
This looks good.,0
Do you have it in stock?,0
Connect on LinkedIn (linkedin.com/in/fashionista434),1
How soon can I get it?,0
DM me on Instagram: @judy649,1
What are the dimensions?,0
Where do you ship from?,0
Does it come in other colors?,0
How soon can I get it?,0
What are the dimensions?,0
How soon can I get it?,0
Nice product!,0
What’s the price?,0
This looks good.,0
What’s the price?,0
Where do you ship from?,0
What’s the price?,0
Does it come in other colors?,0
How soon can I get it?,0
What are the dimensions?,0
Do you have it in stock?,0
Can you show more photos?,0
I’m interested in this item.,0
Can you show more photos?,0
Can you show more photos?,0
Add me on WhatsApp: +1 526 604 9669,1
Where do you ship from?,0
What’s the price?,0
Can you show more photos?,0
How soon can I get it?,0
What are the dimensions?,0
Nice product!,0
Nice product!,0
What are the dimensions?,0
Mail me: judy93@example.com,1
Where do you ship from?,0
Where do you ship from?,0
hmu @ fashionista350,1
I’m interested in this item.,0
This looks good.,0
Where do you ship from?,0
Nice product!,0
Does it come in other colors?,0
Can you show more photos?,0
Nice product!,0
Contact: +1-790-885-3580,1
Where do you ship from?,0
What are the dimensions?,0
What’s the price?,0
What’s the price?,0
How soon can I get it?,0
Contact: +1-622-303-9066,1
This looks good.,0
Nice product!,0
What’s the price?,0
I’m interested in this item.,0
Does it come in other colors?,0
Nice product!,0
Can you show more photos?,0
I’m interested in this item.,0
Do you have it in stock?,0
What’s the price?,0
I’m interested in this item.,0
You can reach me at +1-470-458-3660,1
📱 +1-823-532-1409,1
This looks good.,0
Where do you ship from?,0
Where do you ship from?,0
I’m interested in this item.,0
How soon can I get it?,0
This looks good.,0
This looks good.,0
Do you have it in stock?,0
How soon can I get it?,0
Nice product!,0
Can you show more photos?,0
What’s the price?,0
Nice product!,0
Mail me: heidi42@example.com,1
Nice product!,0
Contact me on Skype: ivan194,1
DM me on Instagram: @grace815,1
This looks good.,0
How soon can I get it?,0
Do you have it in stock?,0
I’m interested in this item.,0
This looks good.,0
Nice product!,0
How soon can I get it?,0
How soon can I get it?,0
Do you have it in stock?,0
Can you show more photos?,0
Hit me up on WhatsApp at 555-170-4403,1
How soon can I get it?,0
Where do you ship from?,0
Do you have it in stock?,0
Nice product!,0
How soon can I get it?,0
How soon can I get it?,0
Can I have your email address?,1
What’s the price?,0
My TikTok: @eve387,1
What’s the price?,0
Can you show more photos?,0
Can you show more photos?,0
Message via email: frank11@example.com,1
What’s the price?,0
This looks good.,0
I’m interested in this item.,0
This looks good.,0
I’m interested in this item.,0
Does it come in other colors?,0
Where do you ship from?,0
hmu @ coolcat184,1
Can I have your email address?,1
This looks good.,0
Can you show more photos?,0
I’m interested in this item.,0
This looks good.,0
Ping me on Telegram: @grace503,1
Nice product!,0
What are the dimensions?,0
Can you show more photos?,0
Nice product!,0
Contact: +1-695-207-2188,1
Connect on LinkedIn (linkedin.com/in/john_doe),1
Please email me at user1075@example.com,1
Nice product!,0
What are the dimensions?,0
Where do you ship from?,0
Can you show more photos?,0
Message me on Snapchat: fashioneer,1
Can you show more photos?,0
How soon can I get it?,0
What are the dimensions?,0
Add me on Facebook (facebook.com/fashionguru),1
I’m interested in this item.,0
This looks good.,0
Here's my email: user2928@example.com,1
Does it come in other colors?,0
Message me on Signal: 6907696842,1
Do you have it in stock?,0
Where do you ship from?,0
I’m interested in this item.,0
Do you have it in stock?,0
Do you have it in stock?,0
How soon can I get it?,0
Does it come in other colors?,0
Can I have your email address?,1
Do you have it in stock?,0
Nice product!,0
Does it come in other colors?,0
I’m interested in this item.,0
What are the dimensions?,0
How soon can I get it?,0
my digits: +1-769-775-2779,1
What’s the price?,0
fb.com/shopper100,1
Does it come in other colors?,0
How soon can I get it?,0
What’s the price?,0
My Snapchat is frank626,1
Text me at +1-500-535-7726,1
Does it come in other colors?,0
Message me on Snapchat: tech_lead,1
What are the dimensions?,0
How soon can I get it?,0
What’s the price?,0
j u d y 1 8 @ t e s t . o r g,1
What’s the price?,0
Do you have it in stock?,0
Can you show more photos?,0
What’s the price?,0
Nice product!,0
What’s the price?,0
Where do you ship from?,0
t e l : +1-950-524-2711,1
How soon can I get it?,0
Do you have it in stock?,0
Where do you ship from?,0
What’s the price?,0
"My contact is 555-811-1258, call me.",1
This looks good.,0
How soon can I get it?,0
Do you have it in stock?,0
What’s the price?,0
This looks good.,0
Email me at frank59@example.com,1
Where do you ship from?,0
Nice product!,0
I’m interested in this item.,0
Where do you ship from?,0
How soon can I get it?,0
My TikTok: @eve143,1
Do you have it in stock?,0
Do you have it in stock?,0
Text me at 555-665-5298 for more info.,1
What’s the price?,0
What are the dimensions?,0
What are the dimensions?,0
Does it come in other colors?,0
Does it come in other colors?,0
Nice product!,0
What’s the price?,0
Nice product!,0
This looks good.,0
Can I have your email address?,1
This looks good.,0
Where do you ship from?,0
I’m interested in this item.,0
What are the dimensions?,0
Does it come in other colors?,0
I’m interested in this item.,0
Do you have it in stock?,0
What are the dimensions?,0
This looks good.,0
Can you share your phone number so I can send you details?,1
Do you have it in stock?,0
Do you have it in stock?,0
Can you show more photos?,0
"My contact is 555-944-5858, call me.",1
Hit me up on WhatsApp at 555-827-1961,1
C o n t a c t :   5 7 5 - 1 4 9 - 8 4 1 7,1
What’s the price?,0
This looks good.,0
Where do you ship from?,0
Send me a DM on Facebook: facebook.com/fashioneer,1
Email me at david62@example.com,1
Do you have it in stock?,0
Nice product!,0
What’s the price?,0
How soon can I get it?,0
How soon can I get it?,0
I’m interested in this item.,0
How soon can I get it?,0
Nice product!,0
I’m interested in this item.,0
What’s the price?,0
Can you show more photos?,0
I’m interested in this item.,0
Let's connect on LinkedIn: https://linkedin.com/in/frank19,1
This looks good.,0
How soon can I get it?,0
Where do you ship from?,0
Can you share your phone number so I can send you details?,1
My number is 1755359808,1
Where do you ship from?,0
My TikTok: @heidi602,1
Can you show more photos?,0
What are the dimensions?,0
Where do you ship from?,0
This looks good.,0
Does it come in other colors?,0
How soon can I get it?,0
What’s the price?,0
Nice product!,0
Can you show more photos?,0
This looks good.,0
Where do you ship from?,0
Can you show more photos?,0
This looks good.,0
Do you have it in stock?,0
Add me on WhatsApp: 555-766-5226,1
Where do you ship from?,0
This looks good.,0
What’s the price?,0
Can I have your email address?,1
Follow me on Twitter: @grace589,1
I’m interested in this item.,0
Do you have it in stock?,0
Let's connect on LinkedIn: linkedin.com/in/john_doe,1
What’s the price?,0
I’m interested in this item.,0
Does it come in other colors?,0
Where do you ship from?,0
This looks good.,0
How soon can I get it?,0
What are the dimensions?,0
e m a i l m e @ user1898@example.com,1
Can you show more photos?,0
What’s the price?,0
get in touch @ user259@example.com,1
What’s the price?,0
Message me on Snapchat: designer123,1
What are the dimensions?,0
This looks good.,0
Do you have it in stock?,0
Where do you ship from?,0
Can you show more photos?,0
My Snapchat is judy855,1
This looks good.,0
How soon can I get it?,0
Does it come in other colors?,0
DM me on Instagram @tech_lead,1
"My contact is 555-484-7215, call me.",1
Does it come in other colors?,0
Do you have it in stock?,0
What’s the price?,0
I’m interested in this item.,0
Mail me: david69@test.org,1
How soon can I get it?,0
Do you have it in stock?,0
Can you show more photos?,0
Nice product!,0
What’s the price?,0
Contact me on Skype: bob758,1
Do you have it in stock?,0
Do you have it in stock?,0
How soon can I get it?,0
I’m interested in this item.,0
Can you show more photos?,0
How soon can I get it?,0
What’s the price?,0
Nice product!,0
Where do you ship from?,0
Does it come in other colors?,0
Nice product!,0
Nice product!,0
📧 user1607@example.com,1
I’m interested in this item.,0
Can you show more photos?,0
What are the dimensions?,0
Does it come in other colors?,0
What are the dimensions?,0
c o n t a c t : +1-915-522-2644,1
Can you show more photos?,0
What’s the price?,0
c   o   n   t   a   c   t   m   e   3 4 6 - 4 5 0 - 2 2 4 2,1
Do you have it in stock?,0
f r a n k 8 3 @ e m a i l . n e t,1
What are the dimensions?,0
Nice product!,0
Telegram me at 9100040161,1
C o n t a c t :   ( 9 3 7 )   1 5 2 - 8 0 6 5,1
What’s the price?,0
DM me on Instagram: @ivan743,1
Nice product!,0
Nice product!,0
How soon can I get it?,0
I’m interested in this item.,0
What are the dimensions?,0
This looks good.,0
Can you show more photos?,0
Where do you ship from?,0
Do you have it in stock?,0
What’s the price?,0
I’m interested in this item.,0
What’s the price?,0
I’m interested in this item.,0
Do you have it in stock?,0
What’s the price?,0
Where do you ship from?,0
Find me on Facebook: https://facebook.com/judy554,1
Message me on Snapchat: shopper99,1
Where do you ship from?,0
This looks good.,0
This looks good.,0
I’m interested in this item.,0
What are the dimensions?,0
Where do you ship from?,0
How soon can I get it?,0
hmu @ coolcat307,1
Do you have it in stock?,0
Nice product!,0
Do you have it in stock?,0
What’s the price?,0
This looks good.,0
I’m interested in this item.,0
My TikTok: @eve517,1
You can reach me at 555-713-4987,1
I’m interested in this item.,0
DM me on Facebook: facebook.com/fashionista833,1
Where do you ship from?,0
Nice product!,0
Nice product!,0
Here is my email: user5410@example.com,1
How soon can I get it?,0
Nice product!,0
How soon can I get it?,0
Where do you ship from?,0
This looks good.,0
This looks good.,0
Where do you ship from?,0
How soon can I get it?,0
What’s the price?,0
What’s the price?,0
Can you show more photos?,0
What are the dimensions?,0
How soon can I get it?,0
This looks good.,0
Do you have it in stock?,0
wanna chat? +1-339-860-5228,1
Do you have it in stock?,0
📱 +1-335-575-5463,1
snap me at s-n-a-p devguy828,1
Does it come in other colors?,0
Do you have it in stock?,0
Does it come in other colors?,0
Nice product!,0
What are the dimensions?,0
I’m interested in this item.,0
What are the dimensions?,0
Where do you ship from?,0
I’m interested in this item.,0
My WeChat ID is shop_owner,1
Nice product!,0
What are the dimensions?,0
Nice product!,0
Nice product!,0
What are the dimensions?,0
What are the dimensions?,0
Can you show more photos?,0
Contact: +1-608-262-9655,1
reach at t w o o o @example.com,1
Where do you ship from?,0
What’s the price?,0
Can you show more photos?,0
Where do you ship from?,0
I’m interested in this item.,0
Here is my email: user3469@example.com,1
Where do you ship from?,0
Nice product!,0
Can you show more photos?,0
Can you show more photos?,0
How soon can I get it?,0
Nice product!,0
Does it come in other colors?,0
This looks good.,0
You can reach me at 555-839-3705,1
I’m interested in this item.,0
Where do you ship from?,0
What are the dimensions?,0
Where do you ship from?,0
Where do you ship from?,0
Do you have it in stock?,0
Nice product!,0
What’s the price?,0
What’s the price?,0
C a l l   m e :   1 2 9 - 2 5 6 - 8 7 1 8,1
What’s the price?,0
Does it come in other colors?,0
Reach out on WhatsApp at +1-274-754-6478,1
Where do you ship from?,0
Text me at 555-652-7297 for more info.,1
This looks good.,0
Can you show more photos?,0
t e l : +1-784-676-8025,1
Do you have it in stock?,0
Nice product!,0
Email me at user3272@example.com,1
I’m interested in this item.,0
Do you have it in stock?,0
Can you show more photos?,0
Nice product!,0
Do you have it in stock?,0
Contact me via Telegram: @coolguy42,1
What’s the price?,0
Nice product!,0
I’m interested in this item.,0
Do you have it in stock?,0
📧 user451@example.com,1
hmu @ coolcat171,1
How soon can I get it?,0
Does it come in other colors?,0
What are the dimensions?,0
Where do you ship from?,0
What’s the price?,0
Does it come in other colors?,0
I’m interested in this item.,0
C o n t a c t :   + 1   2 2 8   8 7 6   4 9 7 8,1
Does it come in other colors?,0
Does it come in other colors?,0
What are the dimensions?,0
This looks good.,0
Does it come in other colors?,0
Nice product!,0
Can you show more photos?,0
Can you show more photos?,0
I’m interested in this item.,0
I’m interested in this item.,0
What’s the price?,0
Mail me: bob83@mail.com,1
This looks good.,0
Add me on WhatsApp: 555-167-9416,1
Message me on Signal: (275) 255-3198,1
Can you show more photos?,0
Send me a DM on Facebook: facebook.com/coolguy42,1
DM me on Instagram @designer123,1
What’s the price?,0
Add me on Facebook (facebook.com/best_pizza),1
This looks good.,0
Hit me up on WhatsApp at 555-953-7588,1
Can you show more photos?,0
Snapchat me @ coolcat113,1
Can you show more photos?,0
What are the dimensions?,0
Where do you ship from?,0
I’m interested in this item.,0
Do you have it in stock?,0
What are the dimensions?,0
My WeChat ID is best_pizza,1
What are the dimensions?,0
How soon can I get it?,0
I’m interested in this item.,0
Do you have it in stock?,0
Nice product!,0
Does it come in other colors?,0
What’s the price?,0
This looks good.,0
Can you show more photos?,0
c o n t a c t : +1-283-270-2935,1
Hit me up on WhatsApp at 555-879-5966,1
Where do you ship from?,0
Do you have it in stock?,0
What’s the price?,0
Where do you ship from?,0
This looks good.,0
Do you have it in stock?,0
Reach me at +1 164 404 5891,1
Where do you ship from?,0
What’s the price?,0
What’s the price?,0
Does it come in other colors?,0
How soon can I get it?,0
How soon can I get it?,0
This looks good.,0
My Snapchat is alice101,1
Nice product!,0
What are the dimensions?,0
Message me at user9072@example.com,1
What are the dimensions?,0
Do you have it in stock?,0
Does it come in other colors?,0
Where do you ship from?,0
Can you show more photos?,0
Does it come in other colors?,0
Can you show more photos?,0
Does it come in other colors?,0
Can you show more photos?,0
Can you show more photos?,0
Where do you ship from?,0
Connect on LinkedIn (linkedin.com/in/coolguy42),1
Send me a DM on Facebook: facebook.com/john_doe,1
What’s the price?,0
Can you show more photos?,0
Do you have it in stock?,0
This looks good.,0
Nice product!,0
Let's connect on LinkedIn: linkedin.com/in/fashionguru,1
How soon can I get it?,0
Nice product!,0
My number is (600) 755-1823,1
Does it come in other colors?,0
Can you show more photos?,0
This looks good.,0
Contact me via Telegram: @fashioneer,1
This looks good.,0
How soon can I get it?,0
Where do you ship from?,0
Can you show more photos?,0
How soon can I get it?,0
Can you show more photos?,0
Message me on Snapchat: designer123,1
Can you show more photos?,0
Can you show more photos?,0
I’m interested in this item.,0
This looks good.,0
This looks good.,0
How soon can I get it?,0
Does it come in other colors?,0
This looks good.,0
Does it come in other colors?,0
Can you show more photos?,0
What are the dimensions?,0
Does it come in other colors?,0
This looks good.,0
I’m interested in this item.,0
c o n t a c t : +1-152-376-3702,1
Mail me: eve63@mail.com,1
Nice product!,0
Do you have it in stock?,0
Hit me up on WhatsApp at +1-907-264-4301,1
What’s the price?,0
This looks good.,0
I’m interested in this item.,0
Let's connect on LinkedIn: linkedin.com/in/john_doe,1
What are the dimensions?,0
Where do you ship from?,0
I’m interested in this item.,0
How soon can I get it?,0
What are the dimensions?,0
Send me a DM on Facebook: facebook.com/best_pizza,1
Does it come in other colors?,0
Can I have your email address?,1
Here is my email: user3786@example.com,1
Does it come in other colors?,0
This looks good.,0
How soon can I get it?,0
📧 user5870@example.com,1
my digits: +1-947-480-2292,1
What are the dimensions?,0
Does it come in other colors?,0
Nice product!,0
Can you show more photos?,0
Do you have it in stock?,0
How soon can I get it?,0
This looks good.,0
I’m interested in this item.,0
I’m interested in this item.,0
How soon can I get it?,0
Do you have it in stock?,0
How soon can I get it?,0
Can you show more photos?,0
What’s the price?,0
Does it come in other colors?,0
Add me on WhatsApp: 800-580-0231,1
What are the dimensions?,0
Where do you ship from?,0
Nice product!,0
Does it come in other colors?,0
Nice product!,0
Does it come in other colors?,0
What’s the price?,0
Do you have it in stock?,0
Does it come in other colors?,0
Can you show more photos?,0
Does it come in other colors?,0
I’m interested in this item.,0
Nice product!,0
How soon can I get it?,0
Contact me on Skype: charlie396,1
This looks good.,0
What’s the price?,0
This looks good.,0
I’m interested in this item.,0
What’s the price?,0
Connect on LinkedIn (linkedin.com/in/fashionguru),1
Do you have it in stock?,0
How soon can I get it?,0
This looks good.,0
What’s the price?,0
Does it come in other colors?,0
Where do you ship from?,0
Contact via email: ivan64@email.net,1
Where do you ship from?,0
Does it come in other colors?,0
What are the dimensions?,0
My Snapchat is judy263,1
fb.com/shopper814,1
How soon can I get it?,0
What are the dimensions?,0
My WeChat ID is tech_lead,1
C a l l   m e :   ( 4 0 5 )   2 9 0 - 1 4 2 2,1
Does it come in other colors?,0
Nice product!,0
How soon can I get it?,0
Nice product!,0
Mail me: grace50@example.com,1
Do you have it in stock?,0
Does it come in other colors?,0
Do you have it in stock?,0
Ping me on Telegram: @judy277,1
What’s the price?,0
wanna chat? +1-614-242-7792,1
Nice product!,0
What’s the price?,0
This looks good.,0
Nice product!,0
C a l l   m e :   9 8 6 - 0 7 9 - 2 0 4 5,1
Does it come in other colors?,0
Where do you ship from?,0
What’s the price?,0
What’s the price?,0
I’m interested in this item.,0
Where do you ship from?,0
Do you have it in stock?,0
What are the dimensions?,0
telegram: t dot me slash devguy829,1
snap me at s-n-a-p shopper806,1
Can you show more photos?,0
What’s the price?,0
find me at user7990@example.com 😉,1
What are the dimensions?,0
Nice product!,0
How soon can I get it?,0
Does it come in other colors?,0
Can you show more photos?,0
What’s the price?,0
Please email me at user6783@example.com,1
What are the dimensions?,0
How soon can I get it?,0
Where do you ship from?,0
Does it come in other colors?,0
Can you show more photos?,0
Do you have it in stock?,0
How soon can I get it?,0
Mail me: alice82@mail.com,1
What’s the price?,0
Nice product!,0
What are the dimensions?,0
Does it come in other colors?,0
Contact me via Telegram: @tech_lead,1
Message via email: bob3@mail.com,1
Where do you ship from?,0
Add me on Facebook (facebook.com/fashioneer),1
c o n t a c t : +1-302-317-2738,1
Can you show more photos?,0
How soon can I get it?,0
Ping me on Telegram: @judy550,1
Nice product!,0
"Email is user2730@example.com, reach out anytime.",1
I’m interested in this item.,0
This looks good.,0
Do you have it in stock?,0
How soon can I get it?,0
Connect on LinkedIn (linkedin.com/in/coolguy42),1
📱 +1-246-213-7937,1
Nice product!,0
Do you have it in stock?,0
Add me on WhatsApp: (841) 179-7973,1
Do you have it in stock?,0
Where do you ship from?,0
Where do you ship from?,0
Do you have it in stock?,0
Nice product!,0
Does it come in other colors?,0
What are the dimensions?,0
My TikTok: @charlie565,1
Do you have it in stock?,0
Do you have it in stock?,0
What are the dimensions?,0
Do you have it in stock?,0
Do you have it in stock?,0
I’m interested in this item.,0
What’s the price?,0
How soon can I get it?,0
Where do you ship from?,0
My WeChat ID is shop_owner,1
This looks good.,0
Do you have it in stock?,0
Where do you ship from?,0
WhatsApp me at +1-555-582-7066,1
Can you show more photos?,0
I’m interested in this item.,0
How soon can I get it?,0
How soon can I get it?,0
Nice product!,0
hmu @ shopper970,1
Nice product!,0
Text me at 555-865-5479 for more info.,1
What’s the price?,0
Nice product!,0
Can you show more photos?,0
What’s the price?,0
What’s the price?,0
Message me on Snapchat: jane.smith,1
What’s the price?,0
wanna chat? +1-796-237-2146,1
My number is +1 707 962 9365,1
Can you show more photos?,0
my email id is user6693@example.com,1
Do you have it in stock?,0
Nice product!,0
Email me at user5069@example.com,1
What’s the price?,0
wanna chat? +1-341-576-8638,1
Nice product!,0
Nice product!,0
This looks good.,0
Connect on LinkedIn (linkedin.com/in/fashionguru),1
Can you show more photos?,0
Message me on Snapchat: john_doe,1
Add me on WhatsApp: 997-184-7406,1
I’m interested in this item.,0
How soon can I get it?,0
Mail me: frank6@mail.com,1
Does it come in other colors?,0
I’m interested in this item.,0
What are the dimensions?,0
Text me at 3588929431,1
This looks good.,0
This looks good.,0
Do you have it in stock?,0
Can I have your email address?,1
What’s the price?,0
What’s the price?,0
I’m interested in this item.,0
What are the dimensions?,0
My Snapchat is ivan899,1
What are the dimensions?,0
How soon can I get it?,0
What’s the price?,0
snap me at s-n-a-p shopper237,1
Can you show more photos?,0
Does it come in other colors?,0
Where do you ship from?,0
Does it come in other colors?,0
Do you have it in stock?,0
Contact me via Telegram: @fashioneer,1
Nice product!,0
I’m interested in this item.,0
Email me at frank65@example.com,1
Can you show more photos?,0
How soon can I get it?,0
How soon can I get it?,0
How soon can I get it?,0
How soon can I get it?,0
What’s the price?,0
What’s the price?,0
Connect on LinkedIn (linkedin.com/in/best_pizza),1
My Snapchat is judy943,1
I’m interested in this item.,0
c   o   n   t   a   c   t   m   e   + 1   1 6 0   9 7 1   7 3 1 3,1
Does it come in other colors?,0
What are the dimensions?,0
How soon can I get it?,0
Do you have it in stock?,0
I’m interested in this item.,0
What’s the price?,0
Does it come in other colors?,0
How soon can I get it?,0
Snapchat me @ devguy441,1
Where do you ship from?,0
Where do you ship from?,0
Do you have it in stock?,0
Do you have it in stock?,0
What are the dimensions?,0
wanna chat? +1-561-895-7090,1
This looks good.,0
I’m interested in this item.,0
I’m interested in this item.,0
What are the dimensions?,0
What’s the price?,0
Does it come in other colors?,0
Where do you ship from?,0
Do you have it in stock?,0
This looks good.,0
What’s the price?,0
I’m interested in this item.,0
Can you show more photos?,0
Does it come in other colors?,0
How soon can I get it?,0
Do you have it in stock?,0
Where do you ship from?,0
Connect on LinkedIn (linkedin.com/in/coolcat537),1
You can reach me at +1-200-680-4315,1
Can you show more photos?,0
Can you show more photos?,0
Where do you ship from?,0
fb.com/fashionista881,1
How soon can I get it?,0
Can you show more photos?,0
What’s the price?,0
What’s the price?,0
Where do you ship from?,0
What’s the price?,0
How soon can I get it?,0
Contact: +1-799-587-5611,1
Can you show more photos?,0
What’s the price?,0
I’m interested in this item.,0
Nice product!,0
I’m interested in this item.,0
Does it come in other colors?,0
Send me a DM on Facebook: facebook.com/coolguy42,1
Can you show more photos?,0
This looks good.,0
What’s the price?,0
Send me a DM on Facebook: facebook.com/tech_lead,1
Does it come in other colors?,0
Do you have it in stock?,0
Contact me via Telegram: @coolguy42,1
How soon can I get it?,0
What’s the price?,0
This looks good.,0
Send me a DM on Facebook: facebook.com/jane.smith,1
This looks good.,0
Nice product!,0
Where do you ship from?,0
Can you show more photos?,0
What are the dimensions?,0
Where do you ship from?,0
Can you show more photos?,0
You can reach me at +1-190-396-8137,1
"My contact is 555-669-7956, call me.",1
What’s the price?,0
What’s the price?,0
Does it come in other colors?,0
Nice product!,0
How soon can I get it?,0
Nice product!,0
What are the dimensions?,0
What’s the price?,0
Does it come in other colors?,0
What’s the price?,0
What’s the price?,0
This looks good.,0
Where do you ship from?,0
Message me on Signal: +1 620 653 7021,1
Does it come in other colors?,0
Nice product!,0
My TikTok: @eve147,1
How soon can I get it?,0
Nice product!,0
What are the dimensions?,0
I’m interested in this item.,0
Where do you ship from?,0
My TikTok: @david25,1
Do you have it in stock?,0
My Snapchat is charlie823,1
I’m interested in this item.,0
What’s the price?,0
Do you have it in stock?,0
What are the dimensions?,0
Where do you ship from?,0
What are the dimensions?,0
📱 +1-719-737-5293,1
Nice product!,0
This looks good.,0
I’m interested in this item.,0
What’s the price?,0
I’m interested in this item.,0
e m a i l m e @ user3697@example.com,1
Nice product!,0
What’s the price?,0
How soon can I get it?,0
Does it come in other colors?,0
What are the dimensions?,0
Text me at +1-186-650-2253,1
This looks good.,0
Where do you ship from?,0
Where do you ship from?,0
Does it come in other colors?,0
Does it come in other colors?,0
Can you show more photos?,0
What are the dimensions?,0
What’s the price?,0
Message me on Snapchat: john_doe,1
What’s the price?,0
What are the dimensions?,0
Can you show more photos?,0
Let's connect on LinkedIn: https://linkedin.com/in/eve793,1
Do you have it in stock?,0
Message me on Signal: +1 678 321 5043,1
What are the dimensions?,0
What’s the price?,0
What are the dimensions?,0
Where do you ship from?,0
Nice product!,0
Can you show more photos?,0
Can you show more photos?,0
I’m interested in this item.,0
Where do you ship from?,0
Where do you ship from?,0
Do you have it in stock?,0
Does it come in other colors?,0
How soon can I get it?,0
This looks good.,0
Do you have it in stock?,0
g r a c e 7 8 @ t e s t . o r g,1
My WeChat ID is jane.smith,1
Message me on Signal: 0930033110,1
Nice product!,0
Where do you ship from?,0
Can you show more photos?,0
I’m interested in this item.,0
snap me at s-n-a-p shopper257,1
c   o   n   t   a   c   t   m   e   ( 4 2 5 )   5 6 4 - 1 9 3 0,1
Nice product!,0
snap me at s-n-a-p devguy654,1
Does it come in other colors?,0
This looks good.,0
Contact me via Telegram: @tech_lead,1
DM me on Instagram @shopper99,1
Can you show more photos?,0
Let's connect on LinkedIn: linkedin.com/in/shopper99,1
What are the dimensions?,0
You can reach me at 555-257-6007,1
Message me at user4468@example.com,1
What are the dimensions?,0
What’s the price?,0
What are the dimensions?,0
What’s the price?,0
This looks good.,0
This looks good.,0
Can you show more photos?,0
Can I have your email address?,1
What’s the price?,0
I’m interested in this item.,0
What’s the price?,0
Does it come in other colors?,0
What’s the price?,0
What are the dimensions?,0
Where do you ship from?,0
Do you have it in stock?,0
Where do you ship from?,0
Do you have it in stock?,0
Let's connect on LinkedIn: linkedin.com/in/shopper99,1
Nice product!,0
What’s the price?,0
Do you have it in stock?,0
Contact me via Telegram: @fashioneer,1
I’m interested in this item.,0
Do you have it in stock?,0
Where do you ship from?,0
Nice product!,0
Do you have it in stock?,0
I’m interested in this item.,0
Nice product!,0
Follow me on Instagram @fashioneer and DM.,1
WhatsApp me at +1-555-759-3661,1
This looks good.,0
Where do you ship from?,0
How soon can I get it?,0
Where do you ship from?,0
Reach me at 389-421-6419,1
Do you have it in stock?,0
Does it come in other colors?,0
Does it come in other colors?,0
Do you have it in stock?,0
What’s the price?,0
reach at t w o o o @example.com,1
What are the dimensions?,0
Nice product!,0
Can you show more photos?,0
Can I have your email address?,1
How soon can I get it?,0
Does it come in other colors?,0
Nice product!,0
Message me at user4890@example.com,1
Nice product!,0
How soon can I get it?,0
What are the dimensions?,0
Do you have it in stock?,0
Do you have it in stock?,0
What are the dimensions?,0
This looks good.,0
Do you have it in stock?,0
What’s the price?,0
Nice product!,0
Message me on Signal: 0326298995,1
DM me on Instagram @coolguy42,1
Connect on LinkedIn (linkedin.com/in/designer123),1
Add me on Facebook (facebook.com/shop_owner),1
Text me at 555-182-5782 for more info.,1
telegram: t dot me slash shopper588,1
How soon can I get it?,0
Can you show more photos?,0
Text me at 555-405-7212 for more info.,1
I’m interested in this item.,0
"My contact is 555-916-9270, call me.",1
Can you show more photos?,0
Reach out on WhatsApp at +1-555-598-8544,1
Do you have it in stock?,0
Does it come in other colors?,0
Let's connect on LinkedIn: linkedin.com/in/john_doe,1
This looks good.,0
Can you show more photos?,0
Nice product!,0
This looks good.,0
I’m interested in this item.,0
What’s the price?,0
Can you show more photos?,0
Does it come in other colors?,0
wanna chat? +1-274-699-3479,1
How soon can I get it?,0
Add me on WhatsApp: 555-222-2441,1
Do you have it in stock?,0
Nice product!,0
Email me at user5830@example.com,1
This looks good.,0
Nice product!,0
I’m interested in this item.,0
Do you have it in stock?,0
C o n t a c t :   5 5 1 - 0 9 5 - 7 8 8 8,1
I’m interested in this item.,0
I’m interested in this item.,0
Mail me: ivan76@email.net,1
I’m interested in this item.,0
What’s the price?,0
Where do you ship from?,0
This looks good.,0
Where do you ship from?,0
What are the dimensions?,0
Where do you ship from?,0
Do you have it in stock?,0
How soon can I get it?,0
Do you have it in stock?,0
Nice product!,0
Nice product!,0
Where do you ship from?,0
Please email me at user2657@example.com,1
This looks good.,0
Can you show more photos?,0
Nice product!,0
What are the dimensions?,0
Can you show more photos?,0
This looks good.,0
Let's connect on LinkedIn: https://linkedin.com/in/heidi263,1
Here's my email: user3849@example.com,1
Do you have it in stock?,0
This looks good.,0
Nice product!,0
This looks good.,0
This looks good.,0
Nice product!,0
Does it come in other colors?,0
Snapchat me @ fashionista667,1
Where do you ship from?,0
Nice product!,0
Email me at david95@mail.com,1
I’m interested in this item.,0
Follow me on Instagram @coolguy42 and DM.,1
What are the dimensions?,0
Do you have it in stock?,0
I’m interested in this item.,0
My WeChat ID is jane.smith,1
What’s the price?,0
Send me a DM on Facebook: facebook.com/tech_lead,1
Where do you ship from?,0
I’m interested in this item.,0
I’m interested in this item.,0
Do you have it in stock?,0
Do you have it in stock?,0
Mail me: grace34@example.com,1
What are the dimensions?,0
Does it come in other colors?,0
Where do you ship from?,0
Can you show more photos?,0
Do you have it in stock?,0
Nice product!,0
Mail me: grace18@test.org,1
Does it come in other colors?,0
Where do you ship from?,0
Where do you ship from?,0
Here's my email: user2470@example.com,1
What are the dimensions?,0
t e l : +1-256-418-1672,1
What’s the price?,0
What are the dimensions?,0
How soon can I get it?,0
How soon can I get it?,0
What are the dimensions?,0
This looks good.,0
This looks good.,0
What’s the price?,0
c o n t a c t : +1-350-802-7809,1
I’m interested in this item.,0
Do you have it in stock?,0
Where do you ship from?,0
telegram: t dot me slash devguy680,1
This looks good.,0
Nice product!,0
Message me on Snapchat: tech_lead,1
"Email is user9918@example.com, reach out anytime.",1
How soon can I get it?,0
Where do you ship from?,0
I’m interested in this item.,0
Where do you ship from?,0
Does it come in other colors?,0
How soon can I get it?,0
get in touch @ user6984@example.com,1
Where do you ship from?,0
Add me on WhatsApp: 825-199-1741,1
This looks good.,0
What’s the price?,0
Where do you ship from?,0
How soon can I get it?,0
This looks good.,0
This looks good.,0
Do you have it in stock?,0
Can you show more photos?,0
Do you have it in stock?,0
C a l l   m e :   + 1   6 3 9   5 1 6   0 3 8 1,1
I’m interested in this item.,0
Does it come in other colors?,0
What’s the price?,0
Can you show more photos?,0
I’m interested in this item.,0
Nice product!,0
Does it come in other colors?,0
My WeChat ID is fashionguru,1
Nice product!,0
Does it come in other colors?,0
Do you have it in stock?,0
I’m interested in this item.,0
How soon can I get it?,0
My Snapchat is judy588,1
Here is my email: user6914@example.com,1
Text me at +1-174-966-3207,1
This looks good.,0
I’m interested in this item.,0
Can you show more photos?,0
Where do you ship from?,0
How soon can I get it?,0
Where do you ship from?,0
Can you show more photos?,0
What are the dimensions?,0
Do you have it in stock?,0
This looks good.,0
Where do you ship from?,0
How soon can I get it?,0
Can you show more photos?,0
How soon can I get it?,0
Where do you ship from?,0
Where do you ship from?,0
Where do you ship from?,0
Does it come in other colors?,0
Where do you ship from?,0
I’m interested in this item.,0
Where do you ship from?,0
Where do you ship from?,0
Message me at user9570@example.com,1
Can you show more photos?,0
my digits: +1-482-424-1880,1
Nice product!,0
Can you show more photos?,0
What are the dimensions?,0
What are the dimensions?,0
Here's my email: user4990@example.com,1
Connect on LinkedIn (linkedin.com/in/shopper558),1
Contact: +1-556-819-3096,1
What’s the price?,0
Can you show more photos?,0
Where do you ship from?,0
I’m interested in this item.,0
Here is my email: user5582@example.com,1
e m a i l m e @ user796@example.com,1
How soon can I get it?,0
Connect on LinkedIn (linkedin.com/in/fashioneer),1
reach at t w o o o @example.com,1
How soon can I get it?,0
What are the dimensions?,0
What are the dimensions?,0
Nice product!,0
Do you have it in stock?,0
Where do you ship from?,0
Do you have it in stock?,0
Where do you ship from?,0
I’m interested in this item.,0
What are the dimensions?,0
Where do you ship from?,0
Where do you ship from?,0
Can you show more photos?,0
Do you have it in stock?,0
How soon can I get it?,0
Can you show more photos?,0
Does it come in other colors?,0
Skype me at (866) 620-8507,1
C o n t a c t :   2 2 7 3 0 8 5 0 7 8,1
Does it come in other colors?,0
Do you have it in stock?,0
How soon can I get it?,0
This looks good.,0
Can you show more photos?,0
Can you show more photos?,0
What are the dimensions?,0
This looks good.,0
I’m interested in this item.,0
📱 +1-797-355-3618,1
snap me at s-n-a-p shopper327,1
Nice product!,0
This looks good.,0
Nice product!,0
What’s the price?,0
Do you have it in stock?,0
This looks good.,0
What are the dimensions?,0
How soon can I get it?,0
What’s the price?,0
Ping me on Telegram: @david770,1
Does it come in other colors?,0
Can you show more photos?,0
Where do you ship from?,0
my digits: +1-228-976-7780,1
Do you have it in stock?,0
This looks good.,0
Nice product!,0
Do you have it in stock?,0
DM me on Instagram: @judy823,1
Can you show more photos?,0
Does it come in other colors?,0
How soon can I get it?,0
Hit me up on WhatsApp at 555-975-6831,1
Does it come in other colors?,0
DM me on Instagram @coolguy42,1
I’m interested in this item.,0
Where do you ship from?,0
How soon can I get it?,0
Can you show more photos?,0
How soon can I get it?,0
Do you have it in stock?,0
How soon can I get it?,0
I’m interested in this item.,0
I’m interested in this item.,0
"Email is user8436@example.com, reach out anytime.",1
Nice product!,0
Where do you ship from?,0
What’s the price?,0
What are the dimensions?,0
This looks good.,0
Can you show more photos?,0
Connect on LinkedIn (linkedin.com/in/john_doe),1
Where do you ship from?,0
Let's connect on LinkedIn: https://linkedin.com/in/ivan113,1
Does it come in other colors?,0
Connect on LinkedIn (linkedin.com/in/shopper134),1
What’s the price?,0
Do you have it in stock?,0
Does it come in other colors?,0
What are the dimensions?,0
reach at t w o o o @example.com,1
Do you have it in stock?,0
Here is my email: user7091@example.com,1
How soon can I get it?,0
What are the dimensions?,0
Do you have it in stock?,0
What are the dimensions?,0
How soon can I get it?,0
What are the dimensions?,0
C o n t a c t :   9 3 8 - 5 2 6 - 3 4 9 3,1
Where do you ship from?,0
Do you have it in stock?,0
I’m interested in this item.,0
Where do you ship from?,0
What’s the price?,0
Where do you ship from?,0
Can you show more photos?,0
How soon can I get it?,0
This looks good.,0
Message via email: bob20@example.com,1
Does it come in other colors?,0
What are the dimensions?,0
Can you show more photos?,0
📧 user746@example.com,1
Nice product!,0
Does it come in other colors?,0
t e l : +1-602-402-5820,1
Do you have it in stock?,0
This looks good.,0
Where do you ship from?,0
Where do you ship from?,0
Does it come in other colors?,0
This looks good.,0
Mail me: eve36@example.com,1
How soon can I get it?,0
What’s the price?,0
"My contact is 555-578-9686, call me.",1
Nice product!,0
What are the dimensions?,0
Can you show more photos?,0
Email me at alice49@email.net,1
Let's connect on LinkedIn: linkedin.com/in/coolguy42,1
Where do you ship from?,0
What are the dimensions?,0
telegram: t dot me slash coolcat870,1
This looks good.,0
Can you show more photos?,0
📧 user971@example.com,1
Nice product!,0
Do you have it in stock?,0
I’m interested in this item.,0
Does it come in other colors?,0
Can you share your phone number so I can send you details?,1
What are the dimensions?,0
Do you have it in stock?,0
get in touch @ user5206@example.com,1
What’s the price?,0
Can you show more photos?,0
Let's connect on LinkedIn: https://linkedin.com/in/eve415,1
Where do you ship from?,0
How soon can I get it?,0
I’m interested in this item.,0
Does it come in other colors?,0
I’m interested in this item.,0
What are the dimensions?,0
What are the dimensions?,0
Message me on Snapchat: best_pizza,1
This looks good.,0
Messenger me at 4802244187,1
Does it come in other colors?,0
Does it come in other colors?,0
How soon can I get it?,0
Message me at user3299@example.com,1
What are the dimensions?,0
How soon can I get it?,0
Reach me at +1 956 113 2602,1
Email me at user296@example.com,1
Here is my email: user9579@example.com,1
DM me on Facebook: facebook.com/coolcat188,1
How soon can I get it?,0
"My contact is 555-404-5715, call me.",1
Nice product!,0
Can you show more photos?,0
Can you show more photos?,0
Can you show more photos?,0
This looks good.,0
Can I have your email address?,1
How soon can I get it?,0
Where do you ship from?,0
I’m interested in this item.,0
What are the dimensions?,0
Where do you ship from?,0
DM me on Facebook: facebook.com/coolcat495,1
I’m interested in this item.,0
What are the dimensions?,0
Let's connect on LinkedIn: linkedin.com/in/jane.smith,1
You can reach me at +1-887-564-5616,1
What are the dimensions?,0
What’s the price?,0
I’m interested in this item.,0
Here is my email: user5249@example.com,1
What are the dimensions?,0
Does it come in other colors?,0
Can you show more photos?,0
What are the dimensions?,0
Where do you ship from?,0
Can you show more photos?,0
Where do you ship from?,0
This looks good.,0
Where do you ship from?,0
Do you have it in stock?,0
Nice product!,0
Does it come in other colors?,0
Where do you ship from?,0
This looks good.,0
Can I have your email address?,1
Nice product!,0
Do you have it in stock?,0
message me via g m a i l at user4074@example.com,1
My Snapchat is bob256,1
What’s the price?,0
Nice product!,0
📱 +1-391-339-5500,1
This looks good.,0
This looks good.,0
Text me at +1-853-413-8004,1
Do you have it in stock?,0
Call me at 1386516386,1
Contact via email: eve7@test.org,1
This looks good.,0
How soon can I get it?,0
How soon can I get it?,0
t e l : +1-308-572-4140,1
I’m interested in this item.,0
Does it come in other colors?,0
Does it come in other colors?,0
I’m interested in this item.,0
What’s the price?,0
This looks good.,0
Nice product!,0
I’m interested in this item.,0
Reach me at 731-121-8563,1
Connect on LinkedIn (linkedin.com/in/coolcat611),1
How soon can I get it?,0
What’s the price?,0
This looks good.,0
This looks good.,0
Nice product!,0
How soon can I get it?,0
I’m interested in this item.,0
This looks good.,0
Where do you ship from?,0
This looks good.,0
Reach me at (859) 042-0712,1
Can you show more photos?,0
Where do you ship from?,0
I’m interested in this item.,0
This looks good.,0
Do you have it in stock?,0
Where do you ship from?,0
Does it come in other colors?,0
What are the dimensions?,0
Contact via email: judy34@mail.com,1
Where do you ship from?,0
Can you show more photos?,0
My WeChat ID is shop_owner,1
Do you have it in stock?,0
This looks good.,0
Hit me up on WhatsApp at +1-723-113-9299,1
What’s the price?,0
What are the dimensions?,0
C o n t a c t :   7 0 9 0 5 4 0 0 7 3,1
What’s the price?,0
This looks good.,0
Do you have it in stock?,0
How soon can I get it?,0
Can you show more photos?,0
Nice product!,0
What’s the price?,0
Nice product!,0
Message me at user5097@example.com,1
Can you show more photos?,0
Do you have it in stock?,0
What are the dimensions?,0
This looks good.,0
Can you show more photos?,0
Where do you ship from?,0
Does it come in other colors?,0
Follow me on Instagram @tech_lead and DM.,1
What are the dimensions?,0
Does it come in other colors?,0
Nice product!,0
📱 +1-105-751-2186,1
Nice product!,0
Nice product!,0
What’s the price?,0
My number is 0654067552,1
Do you have it in stock?,0
Message me on Snapchat: tech_lead,1
Can you show more photos?,0
fb.com/fashionista776,1
Contact me on Skype: eve760,1
Does it come in other colors?,0
Do you have it in stock?,0
What’s the price?,0
Does it come in other colors?,0
How soon can I get it?,0
Reach out on WhatsApp at +1-310-774-3696,1
This looks good.,0
Does it come in other colors?,0
How soon can I get it?,0
c o n t a c t : +1-100-666-1200,1
Can you show more photos?,0
How soon can I get it?,0
Nice product!,0
How soon can I get it?,0
Nice product!,0
Where do you ship from?,0
Nice product!,0
Where do you ship from?,0
Does it come in other colors?,0
Can you show more photos?,0
Does it come in other colors?,0
📧 user9910@example.com,1
What’s the price?,0
Do you have it in stock?,0
Does it come in other colors?,0
Does it come in other colors?,0
Nice product!,0
Nice product!,0
How soon can I get it?,0
Can you show more photos?,0
Nice product!,0
Can you show more photos?,0
How soon can I get it?,0
What are the dimensions?,0
What are the dimensions?,0
What’s the price?,0
Do you have it in stock?,0
What are the dimensions?,0
Let's connect on LinkedIn: https://linkedin.com/in/ivan64,1
wanna chat? +1-686-531-2818,1
I’m interested in this item.,0
What are the dimensions?,0
Do you have it in stock?,0
Where do you ship from?,0
Nice product!,0
Message me on Snapchat: jane.smith,1
How soon can I get it?,0
This looks good.,0
Does it come in other colors?,0
Nice product!,0
How soon can I get it?,0
Does it come in other colors?,0
Do you have it in stock?,0
What are the dimensions?,0
DM me on Facebook: facebook.com/devguy333,1
Nice product!,0
Can you show more photos?,0
Do you have it in stock?,0
How soon can I get it?,0
I’m interested in this item.,0
Does it come in other colors?,0
What’s the price?,0
What’s the price?,0
What’s the price?,0
What are the dimensions?,0
Do you have it in stock?,0
This looks good.,0
I’m interested in this item.,0
Where do you ship from?,0
I’m interested in this item.,0
Where do you ship from?,0
Can you show more photos?,0
Can you show more photos?,0
How soon can I get it?,0
Nice product!,0
Does it come in other colors?,0
c   o   n   t   a   c   t   m   e   + 1   9 0 0   7 1 5   4 2 0 5,1
This looks good.,0
How soon can I get it?,0
What’s the price?,0
What are the dimensions?,0
Can you show more photos?,0
What are the dimensions?,0
How soon can I get it?,0
Where do you ship from?,0
I’m interested in this item.,0
Does it come in other colors?,0
What’s the price?,0
What are the dimensions?,0
What’s the price?,0
📱 +1-558-373-2219,1
Let's connect on LinkedIn: https://linkedin.com/in/judy900,1
Where do you ship from?,0
This looks good.,0
This looks good.,0
Find me on Facebook: https://facebook.com/heidi426,1
What are the dimensions?,0
Nice product!,0
"Email is user8752@example.com, reach out anytime.",1
Find me on Facebook: https://facebook.com/david145,1
I’m interested in this item.,0
Can you show more photos?,0
This looks good.,0
What are the dimensions?,0
Does it come in other colors?,0
Where do you ship from?,0
Can you show more photos?,0
I’m interested in this item.,0
Do you have it in stock?,0
Nice product!,0
Can I have your email address?,1
Can you show more photos?,0
What’s the price?,0
What are the dimensions?,0
Does it come in other colors?,0
I’m interested in this item.,0
This looks good.,0
t e l : +1-255-517-5871,1
What’s the price?,0
I’m interested in this item.,0
Do you have it in stock?,0
This looks good.,0
Do you have it in stock?,0
Email me at david54@mail.com,1
I’m interested in this item.,0
Where do you ship from?,0
This looks good.,0
What’s the price?,0
Nice product!,0
What are the dimensions?,0
Telegram me at 828-551-1599,1
This looks good.,0
Does it come in other colors?,0
Where do you ship from?,0
How soon can I get it?,0
Does it come in other colors?,0
Hit me up on WhatsApp at 555-693-9953,1
What are the dimensions?,0
Send me a DM on Facebook: facebook.com/jane.smith,1
Message via email: judy38@email.net,1
This looks good.,0
What’s the price?,0
Do you have it in stock?,0
Follow me on Twitter: @ivan34,1
Nice product!,0
Where do you ship from?,0
WhatsApp me at +1-555-696-4908,1
Can you show more photos?,0
What’s the price?,0
Do you have it in stock?,0
Does it come in other colors?,0
Reach out on WhatsApp at +1-103-782-6449,1
Do you have it in stock?,0
Connect on LinkedIn (linkedin.com/in/jane.smith),1
Follow me on Instagram @john_doe and DM.,1
Can you show more photos?,0
Ping me on Telegram: @judy216,1
Where do you ship from?,0
How soon can I get it?,0
I’m interested in this item.,0
What’s the price?,0
This looks good.,0
What are the dimensions?,0
Nice product!,0
C o n t a c t :   ( 7 9 1 )   7 1 1 - 1 6 0 0,1
Nice product!,0
I’m interested in this item.,0
What are the dimensions?,0
Can you show more photos?,0
my email id is user5856@example.com,1
What are the dimensions?,0
This looks good.,0
Does it come in other colors?,0
What are the dimensions?,0
What are the dimensions?,0
Can you show more photos?,0
What’s the price?,0
Where do you ship from?,0
What are the dimensions?,0
c   o   n   t   a   c   t   m   e   5 3 9 - 4 5 0 - 2 5 8 3,1
How soon can I get it?,0
Can you show more photos?,0
Here is my email: user1824@example.com,1
This looks good.,0
How soon can I get it?,0
Email me at charlie20@test.org,1
What’s the price?,0
What’s the price?,0
How soon can I get it?,0
Do you have it in stock?,0
How soon can I get it?,0
Where do you ship from?,0
Nice product!,0
Where do you ship from?,0
Does it come in other colors?,0
Where do you ship from?,0
How soon can I get it?,0
"My contact is 555-331-8583, call me.",1
How soon can I get it?,0
c o n t a c t : +1-601-537-2268,1
What’s the price?,0
This looks good.,0
Can you show more photos?,0
What are the dimensions?,0
Does it come in other colors?,0
What are the dimensions?,0
Nice product!,0
This looks good.,0
Do you have it in stock?,0
WhatsApp me at +1-555-697-6718,1
What’s the price?,0
Nice product!,0
You can reach me at 555-414-7949,1
How soon can I get it?,0
Follow me on Instagram @designer123 and DM.,1
Call me at (381) 030-0759,1
Do you have it in stock?,0
WhatsApp me at +1-555-431-9210,1
Can you show more photos?,0
What are the dimensions?,0
Do you have it in stock?,0
This looks good.,0
Where do you ship from?,0
Reach me at +1 418 383 4652,1
Do you have it in stock?,0
Snapchat me @ fashionista207,1
This looks good.,0
Nice product!,0
Nice product!,0
wanna chat? +1-539-546-7221,1
Nice product!,0
Does it come in other colors?,0
Send me a DM on Facebook: facebook.com/john_doe,1
Can you show more photos?,0
Follow me on Instagram @shop_owner and DM.,1
How soon can I get it?,0
This looks good.,0
Email me at user6829@example.com,1
📱 +1-525-654-4149,1
I’m interested in this item.,0
Can you show more photos?,0
How soon can I get it?,0
Does it come in other colors?,0
How soon can I get it?,0
This looks good.,0
Do you have it in stock?,0
What’s the price?,0
Do you have it in stock?,0
Where do you ship from?,0
Can I have your email address?,1
Where do you ship from?,0
I’m interested in this item.,0
Connect on LinkedIn (linkedin.com/in/shopper99),1
Does it come in other colors?,0
Can you show more photos?,0
Where do you ship from?,0
e m a i l m e @ user1078@example.com,1
Can you show more photos?,0
This looks good.,0
Add me on WhatsApp: 555-926-3212,1
This looks good.,0
Nice product!,0
Does it come in other colors?,0
Where do you ship from?,0
Connect on LinkedIn (linkedin.com/in/coolguy42),1
I’m interested in this item.,0
Text me at +1-421-637-5205,1
What are the dimensions?,0
What’s the price?,0
This looks good.,0
This looks good.,0
Where do you ship from?,0
Nice product!,0
Email me at heidi57@test.org,1
Can you show more photos?,0
I’m interested in this item.,0
Contact me via Telegram: @fashioneer,1
Does it come in other colors?,0
Ping me on Telegram: @charlie374,1
Can I have your email address?,1
Can you show more photos?,0
Does it come in other colors?,0
I’m interested in this item.,0
What’s the price?,0
Let's connect on LinkedIn: https://linkedin.com/in/charlie449,1
How soon can I get it?,0
Do you have it in stock?,0
I’m interested in this item.,0
Does it come in other colors?,0
Can you show more photos?,0
Add me on WhatsApp: +1 689 842 5247,1
fb.com/fashionista880,1
Do you have it in stock?,0
I’m interested in this item.,0
Nice product!,0
This looks good.,0
Where do you ship from?,0
Where do you ship from?,0
📱 +1-157-689-5353,1
Does it come in other colors?,0
What are the dimensions?,0
What are the dimensions?,0
I’m interested in this item.,0
How soon can I get it?,0
DM me on Instagram @tech_lead,1
Does it come in other colors?,0
Where do you ship from?,0
Contact me via Telegram: @best_pizza,1
b o b 3 7 @ m a i l . c o m,1
WhatsApp me at +1-555-207-3867,1
Reach me at +1 073 495 0947,1
Can you show more photos?,0
This looks good.,0
wanna chat? +1-782-590-1589,1
I’m interested in this item.,0
Where do you ship from?,0
Does it come in other colors?,0
What’s the price?,0
This looks good.,0
I’m interested in this item.,0
What’s the price?,0
Reach me at 3502151311,1
Nice product!,0
Where do you ship from?,0
Can you show more photos?,0
Where do you ship from?,0
Do you have it in stock?,0
DM me on Instagram: @ivan744,1
Where do you ship from?,0
How soon can I get it?,0
Where do you ship from?,0
e m a i l m e @ user1354@example.com,1
wanna chat? +1-316-684-8892,1
Here's my email: user2580@example.com,1
Nice product!,0
Does it come in other colors?,0
What are the dimensions?,0
What’s the price?,0
Does it come in other colors?,0
Where do you ship from?,0
Find me on Facebook: https://facebook.com/charlie416,1
find me at user9914@example.com 😉,1
What’s the price?,0
Snapchat me @ fashionista515,1
What are the dimensions?,0
Where do you ship from?,0
What are the dimensions?,0
Let's connect on LinkedIn: linkedin.com/in/fashionguru,1
Nice product!,0
C a l l   m e :   ( 4 7 3 )   1 5 8 - 0 0 5 9,1
WhatsApp me at +1-555-699-9423,1
What are the dimensions?,0
My WeChat ID is shop_owner,1
Does it come in other colors?,0
Can I have your email address?,1
Can you show more photos?,0
Do you have it in stock?,0
Nice product!,0
Can you show more photos?,0
What are the dimensions?,0
What’s the price?,0
Nice product!,0
Where do you ship from?,0
I’m interested in this item.,0
What are the dimensions?,0
📱 +1-919-710-1588,1
What’s the price?,0
How soon can I get it?,0
My Snapchat is frank579,1
Can you show more photos?,0
Does it come in other colors?,0
Does it come in other colors?,0
This looks good.,0
How soon can I get it?,0
wanna chat? +1-114-100-6935,1
Where do you ship from?,0
Can you show more photos?,0
Ping me on Telegram: @judy70,1
Do you have it in stock?,0
What are the dimensions?,0
I’m interested in this item.,0
Connect on LinkedIn (linkedin.com/in/fashioneer),1
Here's my email: user3567@example.com,1
Does it come in other colors?,0
Do you have it in stock?,0
How soon can I get it?,0
Do you have it in stock?,0
I’m interested in this item.,0
Nice product!,0
Does it come in other colors?,0
What are the dimensions?,0
How soon can I get it?,0
"My contact is 555-216-8113, call me.",1
Let's connect on LinkedIn: linkedin.com/in/john_doe,1
This looks good.,0
Where do you ship from?,0
Can you show more photos?,0
Does it come in other colors?,0
Where do you ship from?,0
Do you have it in stock?,0
Message me on Snapchat: jane.smith,1
What’s the price?,0
Can you show more photos?,0
find me at user6049@example.com 😉,1
message me via g m a i l at user6554@example.com,1
Where do you ship from?,0
How soon can I get it?,0
Message me at user3784@example.com,1
t e l : +1-517-779-8595,1
Do you have it in stock?,0
Nice product!,0
Does it come in other colors?,0
This looks good.,0
Where do you ship from?,0
Nice product!,0
WhatsApp me at (490) 182-1629,1
WhatsApp me at +1-555-646-5740,1
Nice product!,0
Does it come in other colors?,0
How soon can I get it?,0
Snapchat me @ fashionista173,1
Can you show more photos?,0
Follow me on Twitter: @eve304,1
Follow me on Instagram @coolguy42 and DM.,1
Here is my email: user1559@example.com,1
I’m interested in this item.,0
Does it come in other colors?,0
Do you have it in stock?,0
Can you show more photos?,0
My Snapchat is grace359,1
"Email is user5062@example.com, reach out anytime.",1
Text me at (993) 795-6060,1
fb.com/shopper391,1
Can you show more photos?,0
My TikTok: @heidi609,1
Nice product!,0
How soon can I get it?,0
Can you show more photos?,0
Reach me at (004) 152-2542,1
Can you show more photos?,0
Nice product!,0
Nice product!,0
I’m interested in this item.,0
Where do you ship from?,0
Connect on LinkedIn (linkedin.com/in/coolcat709),1
I’m interested in this item.,0
What’s the price?,0
What are the dimensions?,0
Does it come in other colors?,0
reach at t w o o o @example.com,1
This looks good.,0
Can you show more photos?,0
Add me on Facebook (facebook.com/shop_owner),1
This looks good.,0
I’m interested in this item.,0
I’m interested in this item.,0
This looks good.,0
What’s the price?,0
Reach out on WhatsApp at +1-560-687-5047,1
Can you show more photos?,0
Does it come in other colors?,0
Does it come in other colors?,0
C a l l   m e :   0 5 0 0 4 0 4 7 1 0,1
How soon can I get it?,0
"Email is user8709@example.com, reach out anytime.",1
Can you show more photos?,0
Do you have it in stock?,0
DM me on Instagram @coolguy42,1
Nice product!,0
Nice product!,0
This looks good.,0
Does it come in other colors?,0
Do you have it in stock?,0
This looks good.,0
I’m interested in this item.,0
My number is (417) 401-8372,1
Nice product!,0
How soon can I get it?,0
How soon can I get it?,0
What are the dimensions?,0
Do you have it in stock?,0
Does it come in other colors?,0
Contact me via Telegram: @jane.smith,1
📱 +1-400-163-9922,1
Where do you ship from?,0
Can you show more photos?,0
Can you show more photos?,0
How soon can I get it?,0
Can you show more photos?,0
I’m interested in this item.,0
How soon can I get it?,0
What are the dimensions?,0
Nice product!,0
How soon can I get it?,0
I’m interested in this item.,0
I’m interested in this item.,0
My TikTok: @judy934,1
How soon can I get it?,0
Nice product!,0
Nice product!,0
Does it come in other colors?,0
How soon can I get it?,0
What are the dimensions?,0
This looks good.,0
Does it come in other colors?,0
How soon can I get it?,0
Nice product!,0
This looks good.,0
What’s the price?,0
I’m interested in this item.,0
Can you show more photos?,0
Nice product!,0
Follow me on Twitter: @david296,1
Nice product!,0
Where do you ship from?,0
Hit me up on WhatsApp at 555-732-3825,1
DM me on Instagram @shop_owner,1
Does it come in other colors?,0
Nice product!,0
This looks good.,0
I’m interested in this item.,0
What’s the price?,0
Add me on WhatsApp: 297-147-5263,1
t e l : +1-843-583-4171,1
Do you have it in stock?,0
This looks good.,0
What are the dimensions?,0
"My contact is 555-789-3026, call me.",1
What’s the price?,0
Where do you ship from?,0
Do you have it in stock?,0
This looks good.,0
Does it come in other colors?,0
Where do you ship from?,0
How soon can I get it?,0
Do you have it in stock?,0
Can you show more photos?,0
Nice product!,0
Nice product!,0
Where do you ship from?,0
How soon can I get it?,0
Does it come in other colors?,0
DM me on Instagram @best_pizza,1
Can you show more photos?,0
What’s the price?,0
This looks good.,0
Does it come in other colors?,0
Message me on Signal: 460-737-2044,1
What’s the price?,0
Nice product!,0
Nice product!,0
Send me a DM on Facebook: facebook.com/coolguy42,1
What are the dimensions?,0
Where do you ship from?,0
How soon can I get it?,0
Nice product!,0
Send me a DM on Facebook: facebook.com/fashioneer,1
Add me on Facebook (facebook.com/shopper99),1
How soon can I get it?,0
What are the dimensions?,0
How soon can I get it?,0
Does it come in other colors?,0
Does it come in other colors?,0
Does it come in other colors?,0
Where do you ship from?,0
Connect on LinkedIn (linkedin.com/in/fashionguru),1
Do you have it in stock?,0
I’m interested in this item.,0
Does it come in other colors?,0
Where do you ship from?,0
I’m interested in this item.,0
What are the dimensions?,0
Can you show more photos?,0
Where do you ship from?,0
This looks good.,0
What’s the price?,0
My Snapchat is eve785,1
Connect on LinkedIn (linkedin.com/in/shopper364),1
This looks good.,0
Does it come in other colors?,0
Follow me on Instagram @designer123 and DM.,1
"Email is user9504@example.com, reach out anytime.",1
Does it come in other colors?,0
Here's my email: user1038@example.com,1
Does it come in other colors?,0
This looks good.,0
Does it come in other colors?,0
What’s the price?,0
This looks good.,0
📧 user1048@example.com,1
What are the dimensions?,0
How soon can I get it?,0
Do you have it in stock?,0
My TikTok: @bob38,1
How soon can I get it?,0
Where do you ship from?,0
e m a i l m e @ user1195@example.com,1
Message me on Signal: 3511301927,1
What’s the price?,0
Do you have it in stock?,0
h e i d i 7 @ e m a i l . n e t,1
Do you have it in stock?,0
Nice product!,0
Can you show more photos?,0
This looks good.,0
This looks good.,0
"Email is user4970@example.com, reach out anytime.",1
How soon can I get it?,0
Hit me up on WhatsApp at 555-120-2125,1
Does it come in other colors?,0
Message me at user507@example.com,1
What are the dimensions?,0
What are the dimensions?,0
reach at t w o o o @example.com,1
Do you have it in stock?,0
Does it come in other colors?,0
I’m interested in this item.,0
Reach me at (726) 906-7222,1
I’m interested in this item.,0
my digits: +1-555-328-1537,1
Do you have it in stock?,0
What are the dimensions?,0
Nice product!,0
e m a i l m e @ user6525@example.com,1
Can you show more photos?,0
What’s the price?,0
What’s the price?,0
DM me on Instagram @designer123,1
Do you have it in stock?,0
Can you show more photos?,0
What’s the price?,0
I’m interested in this item.,0
How soon can I get it?,0
Do you have it in stock?,0
t e l : +1-440-794-9957,1
Does it come in other colors?,0
📧 user9004@example.com,1
Nice product!,0
How soon can I get it?,0
What are the dimensions?,0
Mail me: ivan99@email.net,1
Hit me up on WhatsApp at 555-648-2059,1
I’m interested in this item.,0
I’m interested in this item.,0
Do you have it in stock?,0
DM me on Facebook: facebook.com/shopper866,1
What’s the price?,0
I’m interested in this item.,0
Can you show more photos?,0
Where do you ship from?,0
Do you have it in stock?,0
Can you show more photos?,0
e m a i l m e @ user4951@example.com,1
What are the dimensions?,0
Where do you ship from?,0
"My contact is 555-767-9031, call me.",1
Nice product!,0
This looks good.,0
What are the dimensions?,0
What are the dimensions?,0
I’m interested in this item.,0
What are the dimensions?,0
This looks good.,0
Add me on Facebook (facebook.com/coolguy42),1
Does it come in other colors?,0
Where do you ship from?,0
Nice product!,0
Do you have it in stock?,0
Hit me up on WhatsApp at 555-221-7896,1
This looks good.,0
Do you have it in stock?,0
Where do you ship from?,0
This looks good.,0
Can I have your email address?,1
Text me at +1-849-727-3332,1
Ping me on Telegram: @judy877,1
Message me on Snapchat: john_doe,1
I’m interested in this item.,0
This looks good.,0
Does it come in other colors?,0
What are the dimensions?,0
Can you show more photos?,0
Where do you ship from?,0
What are the dimensions?,0
Does it come in other colors?,0
Nice product!,0
This looks good.,0
Do you have it in stock?,0
Can you show more photos?,0
Mail me: david93@mail.com,1
What’s the price?,0
This looks good.,0
I’m interested in this item.,0
I’m interested in this item.,0
c o n t a c t : +1-216-942-5375,1
Hit me up on WhatsApp at 555-665-9112,1
Do you have it in stock?,0
Where do you ship from?,0
What’s the price?,0
How soon can I get it?,0
Do you have it in stock?,0
How soon can I get it?,0
Does it come in other colors?,0
Where do you ship from?,0
Connect on LinkedIn (linkedin.com/in/devguy847),1
Can you show more photos?,0
This looks good.,0
Can you show more photos?,0
I’m interested in this item.,0
Where do you ship from?,0
You can reach me at 555-646-5969,1
How soon can I get it?,0
Nice product!,0
What are the dimensions?,0
What’s the price?,0
Where do you ship from?,0
Do you have it in stock?,0
Where do you ship from?,0
I’m interested in this item.,0
Let's connect on LinkedIn: https://linkedin.com/in/eve131,1
What’s the price?,0
Where do you ship from?,0
How soon can I get it?,0
Nice product!,0
Nice product!,0
What’s the price?,0
My WeChat ID is shopper99,1
I’m interested in this item.,0
Do you have it in stock?,0
This looks good.,0
How soon can I get it?,0
How soon can I get it?,0
How soon can I get it?,0
How soon can I get it?,0
What’s the price?,0
Nice product!,0
C a l l   m e :   7 0 3 - 4 2 4 - 8 9 8 6,1
Can you show more photos?,0
Do you have it in stock?,0
This looks good.,0
What’s the price?,0
Where do you ship from?,0
What are the dimensions?,0
What are the dimensions?,0
Send me a DM on Facebook: facebook.com/fashioneer,1
What’s the price?,0
Does it come in other colors?,0
What’s the price?,0
What’s the price?,0
Do you have it in stock?,0
How soon can I get it?,0
This looks good.,0
Where do you ship from?,0
This looks good.,0
Where do you ship from?,0
What’s the price?,0
Does it come in other colors?,0
What are the dimensions?,0
Message me at user4009@example.com,1
Can you show more photos?,0
My number is 687-454-6785,1
"My contact is 555-282-7747, call me.",1
What’s the price?,0
What are the dimensions?,0
Can you show more photos?,0
Where do you ship from?,0
What are the dimensions?,0
Where do you ship from?,0
How soon can I get it?,0
Do you have it in stock?,0
Do you have it in stock?,0
I’m interested in this item.,0
I’m interested in this item.,0
Hit me up on WhatsApp at 555-584-1188,1
Where do you ship from?,0
This looks good.,0
How soon can I get it?,0
Hit me up on WhatsApp at 555-412-6560,1
Does it come in other colors?,0
Nice product!,0
What are the dimensions?,0
"My contact is 555-770-7661, call me.",1
Do you have it in stock?,0
Find me on Facebook: https://facebook.com/bob235,1
Follow me on Twitter: @heidi429,1
What are the dimensions?,0
What’s the price?,0
This looks good.,0
How soon can I get it?,0
Nice product!,0
This looks good.,0
Ping me on Telegram: @david845,1
How soon can I get it?,0
This looks good.,0
What are the dimensions?,0
Do you have it in stock?,0
What are the dimensions?,0
Where do you ship from?,0
Can you show more photos?,0
This looks good.,0
Do you have it in stock?,0
Do you have it in stock?,0
Does it come in other colors?,0
I’m interested in this item.,0
Follow me on Instagram @designer123 and DM.,1
DM me on Instagram @coolguy42,1
Does it come in other colors?,0
Add me on Facebook (facebook.com/coolguy42),1
Where do you ship from?,0
Does it come in other colors?,0
I’m interested in this item.,0
Does it come in other colors?,0
DM me on Instagram @best_pizza,1
I’m interested in this item.,0
This looks good.,0
Does it come in other colors?,0
Nice product!,0
Add me on WhatsApp: (597) 256-6024,1
Email me at user9856@example.com,1
Do you have it in stock?,0
Nice product!,0
What’s the price?,0
Where do you ship from?,0
Do you have it in stock?,0
What are the dimensions?,0
How soon can I get it?,0
Contact me on Skype: bob804,1
Follow me on Twitter: @eve786,1
This looks good.,0
Do you have it in stock?,0
Do you have it in stock?,0
Can you show more photos?,0
Where do you ship from?,0
Does it come in other colors?,0
Ping me on Telegram: @frank637,1
Where do you ship from?,0
telegram: t dot me slash fashionista905,1
Does it come in other colors?,0
How soon can I get it?,0
Where do you ship from?,0
Do you have it in stock?,0
What are the dimensions?,0
Reach me at 4894571983,1
I’m interested in this item.,0
Reach out on WhatsApp at +1-296-717-9500,1
Can you show more photos?,0
Do you have it in stock?,0
Where do you ship from?,0
This looks good.,0
e m a i l m e @ user9686@example.com,1
DM me on Instagram @tech_lead,1
Nice product!,0
e v e 6 0 @ e m a i l . n e t,1
Can you show more photos?,0
This looks good.,0
Do you have it in stock?,0
This looks good.,0
"My contact is 555-969-5005, call me.",1
Can you show more photos?,0
Text me at 977-167-1902,1
This looks good.,0
Can you show more photos?,0
How soon can I get it?,0
Do you have it in stock?,0
Connect on LinkedIn (linkedin.com/in/shopper313),1
This looks good.,0
This looks good.,0
Here's my email: user8143@example.com,1
get in touch @ user7143@example.com,1
How soon can I get it?,0
Can you show more photos?,0
Can you show more photos?,0
How soon can I get it?,0
What are the dimensions?,0
Can you show more photos?,0
Does it come in other colors?,0
message me via g m a i l at user4539@example.com,1
Nice product!,0
Where do you ship from?,0
Nice product!,0
Where do you ship from?,0
Does it come in other colors?,0
Where do you ship from?,0
What’s the price?,0
What are the dimensions?,0
How soon can I get it?,0
Nice product!,0
Does it come in other colors?,0
Do you have it in stock?,0
Here's my email: user2987@example.com,1
Does it come in other colors?,0
What are the dimensions?,0
How soon can I get it?,0
What’s the price?,0
Email me at frank30@mail.com,1
This looks good.,0
This looks good.,0
Do you have it in stock?,0
Do you have it in stock?,0
I’m interested in this item.,0
I’m interested in this item.,0
Do you have it in stock?,0
Can you show more photos?,0
📧 user4985@example.com,1
What’s the price?,0
What’s the price?,0
telegram: t dot me slash shopper399,1
I’m interested in this item.,0
How soon can I get it?,0
Message me on Signal: 909-401-2473,1
What’s the price?,0
How soon can I get it?,0
Can you show more photos?,0
What are the dimensions?,0
Does it come in other colors?,0
Let's connect on LinkedIn: https://linkedin.com/in/david879,1
How soon can I get it?,0
I’m interested in this item.,0
I’m interested in this item.,0
I’m interested in this item.,0
Where do you ship from?,0
This looks good.,0
Nice product!,0
This looks good.,0
wanna chat? +1-739-601-4992,1
Ping me on Telegram: @ivan226,1
Does it come in other colors?,0
This looks good.,0
Do you have it in stock?,0
Contact via email: david62@test.org,1
What’s the price?,0
Does it come in other colors?,0
What’s the price?,0
How soon can I get it?,0
I’m interested in this item.,0
Do you have it in stock?,0
How soon can I get it?,0
I’m interested in this item.,0
How soon can I get it?,0
Does it come in other colors?,0
What’s the price?,0
Contact via email: alice37@test.org,1
Hit me up on WhatsApp at 555-628-9828,1
Where do you ship from?,0
Find me on Facebook: https://facebook.com/grace575,1
Can you show more photos?,0
wanna chat? +1-746-734-5571,1
This looks good.,0
This looks good.,0
Nice product!,0
Do you have it in stock?,0
Does it come in other colors?,0
Does it come in other colors?,0
Contact via email: grace75@example.com,1
How soon can I get it?,0
This looks good.,0
Nice product!,0
Where do you ship from?,0
This looks good.,0
Nice product!,0
What’s the price?,0
Nice product!,0
You can reach me at 555-791-3736,1
Email me at frank12@email.net,1
Reach me at 7075818809,1
What’s the price?,0
What are the dimensions?,0
What are the dimensions?,0
I’m interested in this item.,0
fb.com/devguy427,1
What are the dimensions?,0
Here is my email: user3009@example.com,1
What’s the price?,0
How soon can I get it?,0
I’m interested in this item.,0
What’s the price?,0
What are the dimensions?,0
Does it come in other colors?,0
Reach out on WhatsApp at +1-419-977-9498,1
Find me on Facebook: https://facebook.com/bob832,1
Does it come in other colors?,0
Where do you ship from?,0
my digits: +1-952-110-2166,1
What are the dimensions?,0
This looks good.,0
Where do you ship from?,0
Can you show more photos?,0
What’s the price?,0
What’s the price?,0
Do you have it in stock?,0
Do you have it in stock?,0
Does it come in other colors?,0
Nice product!,0
Do you have it in stock?,0
Text me at 555-837-5393 for more info.,1
How soon can I get it?,0
My WeChat ID is jane.smith,1
I’m interested in this item.,0
Where do you ship from?,0
What are the dimensions?,0
What’s the price?,0
What’s the price?,0
What’s the price?,0
What’s the price?,0
Contact me on Skype: david824,1
Nice product!,0
Call me at 644-337-7450,1
What’s the price?,0
I’m interested in this item.,0
Do you have it in stock?,0
This looks good.,0
Can you show more photos?,0
I’m interested in this item.,0
Connect on LinkedIn (linkedin.com/in/coolcat697),1
What are the dimensions?,0
Ping me on Telegram: @heidi227,1
Email me at user1568@example.com,1
Nice product!,0
You can reach me at +1-456-612-4922,1
Do you have it in stock?,0
Send me a DM on Facebook: facebook.com/tech_lead,1
I’m interested in this item.,0
This looks good.,0
I’m interested in this item.,0
Please email me at user4409@example.com,1
"My contact is 555-959-8671, call me.",1
Can you show more photos?,0
Reach out on WhatsApp at +1-166-309-1584,1
This looks good.,0
Does it come in other colors?,0
Where do you ship from?,0
Call me at (123) 791-8371,1
I’m interested in this item.,0
What’s the price?,0
hmu @ coolcat228,1
Can you show more photos?,0
Email me at user3586@example.com,1
Can you show more photos?,0
I’m interested in this item.,0
This looks good.,0
What’s the price?,0
I’m interested in this item.,0
I’m interested in this item.,0
Does it come in other colors?,0
What are the dimensions?,0
Does it come in other colors?,0
Does it come in other colors?,0
Follow me on Twitter: @heidi872,1
What are the dimensions?,0
What’s the price?,0
What are the dimensions?,0
Can you show more photos?,0
"Email is user8251@example.com, reach out anytime.",1
Do you have it in stock?,0
You can reach me at +1-697-383-2703,1
What’s the price?,0
Do you have it in stock?,0
Do you have it in stock?,0
Do you have it in stock?,0
Nice product!,0
How soon can I get it?,0
DM me on Facebook: facebook.com/shopper293,1
I’m interested in this item.,0
This looks good.,0
Can you show more photos?,0
You can reach me at +1-725-360-2059,1
Does it come in other colors?,0
Do you have it in stock?,0
Can you show more photos?,0
Let's connect on LinkedIn: linkedin.com/in/john_doe,1
This looks good.,0
How soon can I get it?,0
Can you show more photos?,0
C a l l   m e :   ( 3 2 1 )   3 7 5 - 4 4 2 0,1
This looks good.,0
Do you have it in stock?,0
I’m interested in this item.,0
You can reach me at 555-973-2866,1
Where do you ship from?,0
Can you show more photos?,0
Does it come in other colors?,0
Do you have it in stock?,0
What are the dimensions?,0
e m a i l m e @ user5979@example.com,1
Can you show more photos?,0
Where do you ship from?,0
Where do you ship from?,0
What are the dimensions?,0
Does it come in other colors?,0
What’s the price?,0
Where do you ship from?,0
I’m interested in this item.,0
my digits: +1-857-268-4514,1
Does it come in other colors?,0
This looks good.,0
Does it come in other colors?,0
What are the dimensions?,0
Does it come in other colors?,0
c o n t a c t : +1-492-525-5534,1
This looks good.,0
What are the dimensions?,0
Where do you ship from?,0
snap me at s-n-a-p shopper410,1
Add me on Facebook (facebook.com/coolguy42),1
Add me on Facebook (facebook.com/coolguy42),1
What are the dimensions?,0
What are the dimensions?,0
Can you show more photos?,0
Does it come in other colors?,0
I’m interested in this item.,0
How soon can I get it?,0
What are the dimensions?,0
Text me at +1 809 099 7287,1
Nice product!,0
This looks good.,0
Nice product!,0
wanna chat? +1-858-963-8252,1
Nice product!,0
I’m interested in this item.,0
Can you show more photos?,0
Here's my email: user5399@example.com,1
Message me at user2983@example.com,1
Do you have it in stock?,0
This looks good.,0
I’m interested in this item.,0
What are the dimensions?,0
"My contact is 555-286-7492, call me.",1
Do you have it in stock?,0
How soon can I get it?,0
Ping me on Telegram: @charlie551,1
Does it come in other colors?,0
What are the dimensions?,0
📧 user9320@example.com,1
Can you show more photos?,0
What’s the price?,0
my email id is user7518@example.com,1
This looks good.,0
What’s the price?,0
What are the dimensions?,0
Do you have it in stock?,0
Does it come in other colors?,0
Here is my email: user7557@example.com,1
How soon can I get it?,0
Can you show more photos?,0
Do you have it in stock?,0
Does it come in other colors?,0
Does it come in other colors?,0
Does it come in other colors?,0
Does it come in other colors?,0
This looks good.,0
Message me at user9945@example.com,1
Add me on WhatsApp: 555-496-8698,1
Do you have it in stock?,0
I’m interested in this item.,0
I’m interested in this item.,0
Can you show more photos?,0
Where do you ship from?,0
What are the dimensions?,0
Message via email: judy9@example.com,1
Can you show more photos?,0
How soon can I get it?,0
What’s the price?,0
This looks good.,0
Email me at user5223@example.com,1
How soon can I get it?,0
What’s the price?,0
What are the dimensions?,0
Nice product!,0
telegram: t dot me slash devguy442,1
How soon can I get it?,0
Nice product!,0
I’m interested in this item.,0
📧 user1591@example.com,1
What’s the price?,0
What’s the price?,0
Where do you ship from?,0
I’m interested in this item.,0
Do you have it in stock?,0
I’m interested in this item.,0
How soon can I get it?,0
Can you show more photos?,0
Does it come in other colors?,0
Text me at 377-990-1936,1
Follow me on Instagram @coolguy42 and DM.,1
Do you have it in stock?,0
Do you have it in stock?,0
What are the dimensions?,0
Does it come in other colors?,0
Do you have it in stock?,0
Let's connect on LinkedIn: https://linkedin.com/in/grace822,1
How soon can I get it?,0
How soon can I get it?,0
Please email me at user3784@example.com,1
b o b 9 8 @ e m a i l . n e t,1
Where do you ship from?,0
my email id is user964@example.com,1
Do you have it in stock?,0
This looks good.,0
Where do you ship from?,0
c o n t a c t : +1-143-969-5887,1
What are the dimensions?,0
Nice product!,0
What are the dimensions?,0
I’m interested in this item.,0
I’m interested in this item.,0
Do you have it in stock?,0
This looks good.,0
I’m interested in this item.,0
Let's connect on LinkedIn: https://linkedin.com/in/grace747,1
This looks good.,0
Nice product!,0
Send me a DM on Facebook: facebook.com/best_pizza,1
📱 +1-750-417-6403,1
Text me at 955-274-6598,1
Do you have it in stock?,0
How soon can I get it?,0
Does it come in other colors?,0
This looks good.,0
How soon can I get it?,0
This looks good.,0
Nice product!,0
What’s the price?,0
You can reach me at 555-913-4884,1
Reach out on WhatsApp at +1-652-143-2962,1
Can you show more photos?,0
Can you show more photos?,0
Can you share your phone number so I can send you details?,1
This looks good.,0
I’m interested in this item.,0
My TikTok: @ivan478,1
Nice product!,0
This looks good.,0
Nice product!,0
Where do you ship from?,0
What’s the price?,0
Do you have it in stock?,0
Send me a DM on Facebook: facebook.com/coolguy42,1
you can DM me at shopper134 on Insta,1
Does it come in other colors?,0
What’s the price?,0
What’s the price?,0
What’s the price?,0
Where do you ship from?,0
Nice product!,0
Do you have it in stock?,0
Do you have it in stock?,0
Does it come in other colors?,0
What are the dimensions?,0
Do you have it in stock?,0
Does it come in other colors?,0
wanna chat? +1-549-869-6877,1
Reach me at 349-689-7471,1
I’m interested in this item.,0
How soon can I get it?,0
Where do you ship from?,0
Can you show more photos?,0
Can you show more photos?,0
Nice product!,0
What’s the price?,0
Does it come in other colors?,0
Nice product!,0
Nice product!,0
Does it come in other colors?,0
find me at user7144@example.com 😉,1
Hit me up on WhatsApp at 555-266-2796,1
Nice product!,0
Where do you ship from?,0
How soon can I get it?,0
You can reach me at +1-308-886-5010,1
How soon can I get it?,0
Can you show more photos?,0
Nice product!,0
I’m interested in this item.,0
Add me on Facebook (facebook.com/fashionguru),1
Nice product!,0
Where do you ship from?,0
Do you have it in stock?,0
What are the dimensions?,0
Please email me at user1951@example.com,1
What are the dimensions?,0
c o n t a c t : +1-333-331-9435,1
Reach out on WhatsApp at +1-800-708-9079,1
Do you have it in stock?,0
Nice product!,0
How soon can I get it?,0
What’s the price?,0
find me at user3627@example.com 😉,1
How soon can I get it?,0
What are the dimensions?,0
Does it come in other colors?,0
C a l l   m e :   2 4 4 - 0 9 1 - 8 0 8 1,1
Nice product!,0
I’m interested in this item.,0
t e l : +1-110-263-3947,1
Where do you ship from?,0
You can reach me at 555-945-3534,1
Can you show more photos?,0
Hit me up on WhatsApp at 555-507-8640,1
Where do you ship from?,0
Message me at user2081@example.com,1
Contact: +1-334-861-3181,1
Does it come in other colors?,0
Can you show more photos?,0
I’m interested in this item.,0
I’m interested in this item.,0
How soon can I get it?,0
Nice product!,0
I’m interested in this item.,0
This looks good.,0
Can you show more photos?,0
Nice product!,0
What’s the price?,0
Does it come in other colors?,0
This looks good.,0
Do you have it in stock?,0
Can you share your phone number so I can send you details?,1
message me via g m a i l at user282@example.com,1
Do you have it in stock?,0
Does it come in other colors?,0
Do you have it in stock?,0
Where do you ship from?,0
How soon can I get it?,0
Do you have it in stock?,0
Do you have it in stock?,0
Message me at user6801@example.com,1
I’m interested in this item.,0
Text me at +1-877-180-5477,1
This looks good.,0
How soon can I get it?,0
Nice product!,0
Can you show more photos?,0
Reach me at +1 950 045 6177,1
What’s the price?,0
Can you show more photos?,0
📧 user590@example.com,1
Contact: +1-126-793-4289,1
c   o   n   t   a   c   t   m   e   6 7 6 0 0 8 8 1 9 3,1
Can you show more photos?,0
Let's connect on LinkedIn: linkedin.com/in/shopper99,1
My TikTok: @alice568,1
What are the dimensions?,0
Can you show more photos?,0
What are the dimensions?,0
Nice product!,0
What are the dimensions?,0
Message via email: ivan9@email.net,1
This looks good.,0
Does it come in other colors?,0
get in touch @ user1821@example.com,1
Can you show more photos?,0
This looks good.,0
Can you show more photos?,0
fb.com/shopper297,1
Where do you ship from?,0
Message me on Snapchat: john_doe,1
Where do you ship from?,0
Nice product!,0
Can you show more photos?,0
Where do you ship from?,0
How soon can I get it?,0
This looks good.,0
Can you show more photos?,0
Follow me on Twitter: @judy774,1
Contact me via Telegram: @designer123,1
Where do you ship from?,0
This looks good.,0
I’m interested in this item.,0
How soon can I get it?,0
My Snapchat is grace287,1
What’s the price?,0
Reach out on WhatsApp at +1-923-793-9567,1
Nice product!,0
My TikTok: @heidi469,1
Can you show more photos?,0
Connect on LinkedIn (linkedin.com/in/john_doe),1
How soon can I get it?,0
What’s the price?,0
Does it come in other colors?,0
My number is (272) 232-9906,1
Add me on WhatsApp: 555-844-5997,1
I’m interested in this item.,0
What’s the price?,0
I’m interested in this item.,0
Do you have it in stock?,0
Nice product!,0
DM me on Instagram: @david247,1
Where do you ship from?,0
Nice product!,0
Does it come in other colors?,0
Nice product!,0
Nice product!,0
message me via g m a i l at user3464@example.com,1
Nice product!,0
Where do you ship from?,0
hmu @ shopper588,1
Can you show more photos?,0
Can you show more photos?,0
What are the dimensions?,0
You can reach me at 555-802-4419,1
Where do you ship from?,0
How soon can I get it?,0
What’s the price?,0
Where do you ship from?,0
My number is +1 562 927 2616,1
How soon can I get it?,0
How soon can I get it?,0
What’s the price?,0
Message me at user2250@example.com,1
This looks good.,0
Can you show more photos?,0
Where do you ship from?,0
How soon can I get it?,0
Can you show more photos?,0
"My contact is 555-585-9084, call me.",1
I’m interested in this item.,0
Can you show more photos?,0
Mail me: heidi92@mail.com,1
Where do you ship from?,0
Does it come in other colors?,0
I’m interested in this item.,0
My TikTok: @alice488,1
Where do you ship from?,0
How soon can I get it?,0
Does it come in other colors?,0
Follow me on Instagram @coolguy42 and DM.,1
What’s the price?,0
I’m interested in this item.,0
Here is my email: user5560@example.com,1
Can you show more photos?,0
Can you show more photos?,0
This looks good.,0
Connect on LinkedIn (linkedin.com/in/designer123),1
Message via email: heidi50@mail.com,1
Message me on Snapchat: designer123,1
Nice product!,0
Here is my email: user2047@example.com,1
Does it come in other colors?,0
Add me on Facebook (facebook.com/tech_lead),1
What’s the price?,0
How soon can I get it?,0
Nice product!,0
Can you show more photos?,0
Do you have it in stock?,0
What’s the price?,0
Can you show more photos?,0
Can you show more photos?,0
Ping me on Telegram: @david496,1
My TikTok: @eve847,1
C a l l   m e :   6 9 3 8 4 0 3 1 3 8,1
I’m interested in this item.,0
Where do you ship from?,0
What are the dimensions?,0
How soon can I get it?,0
Where do you ship from?,0
Nice product!,0
What are the dimensions?,0
Nice product!,0
Do you have it in stock?,0
e m a i l m e @ user1699@example.com,1
Nice product!,0
How soon can I get it?,0
I’m interested in this item.,0
My number is +1 757 836 3676,1
Where do you ship from?,0
What are the dimensions?,0
I’m interested in this item.,0
Connect on LinkedIn (linkedin.com/in/coolcat803),1
Where do you ship from?,0
What’s the price?,0
How soon can I get it?,0
Where do you ship from?,0
C o n t a c t :   ( 6 5 5 )   3 7 0 - 1 3 1 0,1
Connect on LinkedIn (linkedin.com/in/designer123),1
This looks good.,0
What’s the price?,0
How soon can I get it?,0
Can you show more photos?,0
This looks good.,0
How soon can I get it?,0
Nice product!,0
How soon can I get it?,0
What are the dimensions?,0
Do you have it in stock?,0
You can reach me at +1-982-438-1175,1
I’m interested in this item.,0
This looks good.,0
Can you show more photos?,0
Does it come in other colors?,0
This looks good.,0
What are the dimensions?,0
Nice product!,0
What’s the price?,0
This looks good.,0
How soon can I get it?,0
I’m interested in this item.,0
I’m interested in this item.,0
Can I have your email address?,1
This looks good.,0
I’m interested in this item.,0
This looks good.,0
This looks good.,0
Does it come in other colors?,0
Can you show more photos?,0
You can reach me at 555-467-3667,1
What’s the price?,0
Nice product!,0
How soon can I get it?,0
Can you show more photos?,0
Where do you ship from?,0
Can you show more photos?,0
Snapchat me @ devguy513,1
Nice product!,0
Does it come in other colors?,0
Where do you ship from?,0
Does it come in other colors?,0
Message via email: eve32@email.net,1
How soon can I get it?,0
I’m interested in this item.,0
How soon can I get it?,0
Where do you ship from?,0
Nice product!,0
What are the dimensions?,0
I’m interested in this item.,0
Does it come in other colors?,0
What’s the price?,0
What are the dimensions?,0
How soon can I get it?,0
Nice product!,0
How soon can I get it?,0
This looks good.,0
Where do you ship from?,0
Do you have it in stock?,0
Follow me on Twitter: @ivan774,1
Here is my email: user3942@example.com,1
Text me at +1 939 182 3429,1
find me at user5881@example.com 😉,1
Do you have it in stock?,0
Do you have it in stock?,0
Can you show more photos?,0
Does it come in other colors?,0
This looks good.,0
Where do you ship from?,0
Does it come in other colors?,0
This looks good.,0
Where do you ship from?,0
Can you show more photos?,0
What are the dimensions?,0
What are the dimensions?,0
Does it come in other colors?,0
I’m interested in this item.,0
Does it come in other colors?,0
What’s the price?,0
I’m interested in this item.,0
I’m interested in this item.,0
Can you show more photos?,0
What’s the price?,0
This looks good.,0
I’m interested in this item.,0
How soon can I get it?,0
Message me on Snapchat: john_doe,1
Can you show more photos?,0
What are the dimensions?,0
This looks good.,0
How soon can I get it?,0
I’m interested in this item.,0
Can you show more photos?,0
Can you show more photos?,0
Let's connect on LinkedIn: linkedin.com/in/jane.smith,1
Do you have it in stock?,0
What’s the price?,0
Snapchat me @ shopper633,1
Does it come in other colors?,0
How soon can I get it?,0
Does it come in other colors?,0
find me at user1647@example.com 😉,1
Can you show more photos?,0
Nice product!,0
Does it come in other colors?,0
Nice product!,0
I’m interested in this item.,0
What’s the price?,0
How soon can I get it?,0
What’s the price?,0
How soon can I get it?,0
Where do you ship from?,0
How soon can I get it?,0
Nice product!,0
Does it come in other colors?,0
Nice product!,0
DM me on Instagram: @ivan5,1
Email me at user686@example.com,1
How soon can I get it?,0
Does it come in other colors?,0
Nice product!,0
What are the dimensions?,0
This looks good.,0
This looks good.,0
fb.com/shopper247,1
What are the dimensions?,0
How soon can I get it?,0
Does it come in other colors?,0
Nice product!,0
How soon can I get it?,0
Can you show more photos?,0
What’s the price?,0
Ping me on Telegram: @grace210,1
This looks good.,0
Call me at (233) 220-1301,1
Does it come in other colors?,0
This looks good.,0
I’m interested in this item.,0
What’s the price?,0
Can you show more photos?,0
Where do you ship from?,0
This looks good.,0
Where do you ship from?,0
Nice product!,0
Connect on LinkedIn (linkedin.com/in/shop_owner),1
Do you have it in stock?,0
Does it come in other colors?,0
Can you show more photos?,0
Where do you ship from?,0
Can you show more photos?,0
telegram: t dot me slash shopper897,1
DM me on Instagram: @david179,1
What are the dimensions?,0
Where do you ship from?,0
Nice product!,0
I’m interested in this item.,0
Does it come in other colors?,0
e m a i l m e @ user1254@example.com,1
This looks good.,0
Does it come in other colors?,0
Where do you ship from?,0
I’m interested in this item.,0
Do you have it in stock?,0
You can reach me at +1-798-186-5983,1
Message me on Snapchat: designer123,1
Do you have it in stock?,0
Where do you ship from?,0
What’s the price?,0
Where do you ship from?,0
Text me at +1-480-126-8239,1
This looks good.,0
How soon can I get it?,0
Can you share your phone number so I can send you details?,1
Do you have it in stock?,0
get in touch @ user1110@example.com,1
What are the dimensions?,0
What are the dimensions?,0
Do you have it in stock?,0
I’m interested in this item.,0
Nice product!,0
What are the dimensions?,0
Nice product!,0
How soon can I get it?,0
Does it come in other colors?,0
Let's connect on LinkedIn: linkedin.com/in/shopper99,1
Do you have it in stock?,0
I’m interested in this item.,0
Can you show more photos?,0
Nice product!,0
Do you have it in stock?,0
Do you have it in stock?,0
How soon can I get it?,0
Can I have your email address?,1
How soon can I get it?,0
I’m interested in this item.,0
hmu @ coolcat926,1
This looks good.,0
reach at t w o o o @example.com,1
I’m interested in this item.,0
How soon can I get it?,0
I’m interested in this item.,0
What are the dimensions?,0
What are the dimensions?,0
Do you have it in stock?,0
Can you show more photos?,0
What’s the price?,0
Does it come in other colors?,0
Message me on Snapchat: shop_owner,1
DM me on Instagram @jane.smith,1
I’m interested in this item.,0
Where do you ship from?,0
What are the dimensions?,0
DM me on Instagram @fashioneer,1
Does it come in other colors?,0
Nice product!,0
Where do you ship from?,0
Nice product!,0
This looks good.,0
How soon can I get it?,0
📧 user3622@example.com,1
Nice product!,0
Let's connect on LinkedIn: https://linkedin.com/in/bob772,1
DM me on Facebook: facebook.com/fashionista585,1
Where do you ship from?,0
What’s the price?,0
Email me at user8962@example.com,1
What are the dimensions?,0
Nice product!,0
What’s the price?,0
DM me on Instagram @fashionguru,1
Contact via email: grace82@test.org,1
Nice product!,0
I’m interested in this item.,0
Nice product!,0
Can you show more photos?,0
How soon can I get it?,0
snap me at s-n-a-p coolcat807,1
Follow me on Twitter: @charlie220,1
Nice product!,0
Can you show more photos?,0
What’s the price?,0
Add me on WhatsApp: 255-812-5751,1
Where do you ship from?,0
How soon can I get it?,0
Where do you ship from?,0
Message via email: david18@example.com,1
Nice product!,0
Nice product!,0
This looks good.,0
I’m interested in this item.,0
This looks good.,0
Can you show more photos?,0
Do you have it in stock?,0
Contact me via Telegram: @fashioneer,1
Contact: +1-492-492-8343,1
What’s the price?,0
What’s the price?,0
I’m interested in this item.,0
telegram: t dot me slash coolcat36,1
Where do you ship from?,0
Does it come in other colors?,0
Contact me via Telegram: @fashioneer,1
Let's connect on LinkedIn: linkedin.com/in/best_pizza,1
Do you have it in stock?,0
What are the dimensions?,0
Do you have it in stock?,0
This looks good.,0
Can you show more photos?,0
Do you have it in stock?,0
Nice product!,0
How soon can I get it?,0
Reach out on WhatsApp at +1-237-149-7686,1
Does it come in other colors?,0
What are the dimensions?,0
What’s the price?,0
What are the dimensions?,0
Do you have it in stock?,0
Contact via email: grace93@email.net,1
How soon can I get it?,0
"Email is user7894@example.com, reach out anytime.",1
What’s the price?,0
This looks good.,0
How soon can I get it?,0
t e l : +1-750-827-9647,1
Nice product!,0
snap me at s-n-a-p shopper718,1
What’s the price?,0
What are the dimensions?,0
Email me at frank78@test.org,1
Ping me on Telegram: @alice836,1
Can you show more photos?,0
Where do you ship from?,0
Nice product!,0
How soon can I get it?,0
I’m interested in this item.,0
I’m interested in this item.,0
Where do you ship from?,0
What’s the price?,0
Can you show more photos?,0
Do you have it in stock?,0
Where do you ship from?,0
Can you show more photos?,0
Can you show more photos?,0
My Snapchat is eve650,1
I’m interested in this item.,0
Can you show more photos?,0
What are the dimensions?,0
Reach me at 220-717-0434,1
Add me on WhatsApp: 555-431-3240,1
Nice product!,0
This looks good.,0
Nice product!,0
Can you show more photos?,0
Snapchat me @ shopper201,1
Email me at frank22@email.net,1
WhatsApp me at +1-555-400-2418,1
Does it come in other colors?,0
Can you show more photos?,0
I’m interested in this item.,0
What are the dimensions?,0
Nice product!,0
Where do you ship from?,0
Can you share your phone number so I can send you details?,1
Contact me on Skype: alice190,1
Do you have it in stock?,0
How soon can I get it?,0
Does it come in other colors?,0
This looks good.,0
Where do you ship from?,0
What are the dimensions?,0
Where do you ship from?,0
hmu @ shopper943,1
Nice product!,0
Do you have it in stock?,0
What’s the price?,0
Where do you ship from?,0
Does it come in other colors?,0
Contact me on Skype: frank724,1
Reach out on WhatsApp at +1-581-247-6585,1
This looks good.,0
What’s the price?,0
What are the dimensions?,0
My number is 320-079-4753,1
What’s the price?,0
How soon can I get it?,0
I’m interested in this item.,0
Where do you ship from?,0
What are the dimensions?,0
How soon can I get it?,0
Do you have it in stock?,0
Contact me via Telegram: @coolguy42,1
I’m interested in this item.,0
Let's connect on LinkedIn: https://linkedin.com/in/bob406,1
Add me on Facebook (facebook.com/designer123),1
My number is +1 715 508 5272,1
Does it come in other colors?,0
How soon can I get it?,0
What are the dimensions?,0
Can you show more photos?,0
Can you show more photos?,0
Where do you ship from?,0
Nice product!,0
DM me on Instagram @fashionguru,1
Connect on LinkedIn (linkedin.com/in/tech_lead),1
I’m interested in this item.,0
you can DM me at shopper601 on Insta,1
DM me on Instagram: @judy68,1
Can you show more photos?,0
find me at user9935@example.com 😉,1
Do you have it in stock?,0
What are the dimensions?,0
I’m interested in this item.,0
I’m interested in this item.,0
hmu @ shopper790,1
message me via g m a i l at user7696@example.com,1
Do you have it in stock?,0
Where do you ship from?,0
What’s the price?,0
Where do you ship from?,0
Can you show more photos?,0
How soon can I get it?,0
My Snapchat is bob654,1
This looks good.,0
snap me at s-n-a-p fashionista809,1
fb.com/coolcat927,1
This looks good.,0
Can you show more photos?,0
Can you share your phone number so I can send you details?,1
Nice product!,0
Add me on WhatsApp: 555-622-1399,1
How soon can I get it?,0
Where do you ship from?,0
What are the dimensions?,0
This looks good.,0
I’m interested in this item.,0
get in touch @ user3168@example.com,1
What are the dimensions?,0
g r a c e 7 0 @ t e s t . o r g,1
Does it come in other colors?,0
I’m interested in this item.,0
Nice product!,0
Does it come in other colors?,0
What’s the price?,0
Where do you ship from?,0
Can you show more photos?,0
This looks good.,0
Can you show more photos?,0
Does it come in other colors?,0
Does it come in other colors?,0
snap me at s-n-a-p devguy138,1
Let's connect on LinkedIn: https://linkedin.com/in/alice789,1
Does it come in other colors?,0
How soon can I get it?,0
Contact me on Skype: alice888,1
Nice product!,0
This looks good.,0
What’s the price?,0
Does it come in other colors?,0
Do you have it in stock?,0
My Snapchat is eve926,1
Signal me at +1 058 970 8768,1
Where do you ship from?,0
What are the dimensions?,0
This looks good.,0
What’s the price?,0
Does it come in other colors?,0
Do you have it in stock?,0
Does it come in other colors?,0
Contact me via Telegram: @best_pizza,1
Nice product!,0
Nice product!,0
Message via email: bob55@email.net,1
What’s the price?,0
Does it come in other colors?,0
What are the dimensions?,0
Where do you ship from?,0
What’s the price?,0
Where do you ship from?,0
I’m interested in this item.,0
Can you show more photos?,0
Does it come in other colors?,0
What are the dimensions?,0
What are the dimensions?,0
Can you show more photos?,0
Here is my email: user6847@example.com,1
snap me at s-n-a-p devguy392,1
Can you show more photos?,0
What are the dimensions?,0
I’m interested in this item.,0
I’m interested in this item.,0
I’m interested in this item.,0
Can you show more photos?,0
Here is my email: user6429@example.com,1
Does it come in other colors?,0
How soon can I get it?,0
Contact me via Telegram: @fashioneer,1
Can you show more photos?,0
How soon can I get it?,0
Does it come in other colors?,0
Mail me: eve70@example.com,1
Does it come in other colors?,0
Can you show more photos?,0
Here is my email: user7815@example.com,1
Do you have it in stock?,0
📧 user6739@example.com,1
This looks good.,0
Nice product!,0
Nice product!,0
You can reach me at +1-448-211-4834,1
What’s the price?,0
I’m interested in this item.,0
Nice product!,0
C o n t a c t :   + 1   1 6 6   8 4 2   2 5 3 7,1
Nice product!,0
I’m interested in this item.,0
Let's connect on LinkedIn: linkedin.com/in/tech_lead,1
What’s the price?,0
How soon can I get it?,0
Can you show more photos?,0
Does it come in other colors?,0
Nice product!,0
Can you show more photos?,0
What are the dimensions?,0
Add me on WhatsApp: (189) 780-3951,1
my digits: +1-857-624-6389,1
Can you show more photos?,0
How soon can I get it?,0
Do you have it in stock?,0
Add me on Facebook (facebook.com/fashioneer),1
Here is my email: user8343@example.com,1
e m a i l m e @ user3916@example.com,1
Nice product!,0
This looks good.,0
Nice product!,0
Contact: +1-372-150-5667,1
This looks good.,0
This looks good.,0
What are the dimensions?,0
Where do you ship from?,0
I’m interested in this item.,0
Where do you ship from?,0
Can you show more photos?,0
Does it come in other colors?,0
Where do you ship from?,0
Hit me up on WhatsApp at 555-893-4701,1
Nice product!,0
Can you show more photos?,0
Here's my email: user6749@example.com,1
t e l : +1-149-231-5410,1
What are the dimensions?,0
What are the dimensions?,0
What are the dimensions?,0
Can you show more photos?,0
What’s the price?,0
What are the dimensions?,0
Nice product!,0
How soon can I get it?,0
Follow me on Twitter: @heidi878,1
Do you have it in stock?,0
Find me on Facebook: https://facebook.com/judy596,1
Where do you ship from?,0
I’m interested in this item.,0
This looks good.,0
Where do you ship from?,0
Follow me on Twitter: @judy681,1
This looks good.,0
I’m interested in this item.,0
Can you show more photos?,0
Where do you ship from?,0
How soon can I get it?,0
get in touch @ user7083@example.com,1
Can you show more photos?,0
t e l : +1-590-677-5279,1
I’m interested in this item.,0
I’m interested in this item.,0
Can you show more photos?,0
This looks good.,0
h e i d i 2 7 @ e m a i l . n e t,1
Does it come in other colors?,0
Contact: +1-526-967-6823,1
Where do you ship from?,0
message me via g m a i l at user8606@example.com,1
What’s the price?,0
Do you have it in stock?,0
Does it come in other colors?,0
Can you show more photos?,0
Does it come in other colors?,0
What’s the price?,0
Do you have it in stock?,0
This looks good.,0
c   o   n   t   a   c   t   m   e   1 9 4 6 5 8 6 9 1 4,1
How soon can I get it?,0
This looks good.,0
Reach out on WhatsApp at +1-718-746-5825,1
How soon can I get it?,0
Does it come in other colors?,0
Does it come in other colors?,0
Does it come in other colors?,0
I’m interested in this item.,0
I’m interested in this item.,0
How soon can I get it?,0
This looks good.,0
You can reach me at +1-718-203-7852,1
Does it come in other colors?,0
What are the dimensions?,0
Can you show more photos?,0
message me via g m a i l at user8903@example.com,1
What’s the price?,0
What’s the price?,0
Can you share your phone number so I can send you details?,1
This looks good.,0
What are the dimensions?,0
What’s the price?,0
Does it come in other colors?,0
Does it come in other colors?,0
I’m interested in this item.,0
Do you have it in stock?,0
I’m interested in this item.,0
Here's my email: user4202@example.com,1
Where do you ship from?,0
Where do you ship from?,0
Contact me via Telegram: @fashionguru,1
message me via g m a i l at user3717@example.com,1
Hit me up on WhatsApp at +1-663-133-7937,1
Can you show more photos?,0
This looks good.,0
Message me at user6396@example.com,1
Send me a DM on Facebook: facebook.com/tech_lead,1
wanna chat? +1-937-654-2148,1
Does it come in other colors?,0
I’m interested in this item.,0
Nice product!,0
Send me a DM on Facebook: facebook.com/fashioneer,1
c o n t a c t : +1-830-192-8384,1
Can you show more photos?,0
Can you share your phone number so I can send you details?,1
Here's my email: user2602@example.com,1
Do you have it in stock?,0
This looks good.,0
Message via email: ivan95@email.net,1
How soon can I get it?,0
Where do you ship from?,0
Please email me at user5576@example.com,1
What’s the price?,0
Add me on WhatsApp: 555-470-7823,1
Do you have it in stock?,0
Text me at 555-276-8145 for more info.,1
Does it come in other colors?,0
What’s the price?,0
Do you have it in stock?,0
This looks good.,0
Email me at user3314@example.com,1
Nice product!,0
Where do you ship from?,0
What are the dimensions?,0
What are the dimensions?,0
C o n t a c t :   1 6 6 - 3 3 3 - 5 1 9 9,1
What’s the price?,0
wanna chat? +1-336-635-7724,1
Does it come in other colors?,0
What’s the price?,0
How soon can I get it?,0
Does it come in other colors?,0
Hit me up on WhatsApp at 555-120-2125,1
my email id is user961@example.com,1
Nice product!,0
How soon can I get it?,0
What are the dimensions?,0
Where do you ship from?,0
Where do you ship from?,0
Can you show more photos?,0
Do you have it in stock?,0
How soon can I get it?,0
Send me a DM on Facebook: facebook.com/shopper99,1
Can you show more photos?,0
Do you have it in stock?,0
Can you show more photos?,0
This looks good.,0
Do you have it in stock?,0
Does it come in other colors?,0
Can you show more photos?,0
c   o   n   t   a   c   t   m   e   + 1   0 0 1   6 2 4   9 9 5 3,1
Can you show more photos?,0
Message via email: ivan71@example.com,1
Text me at +1 032 887 3917,1
Where do you ship from?,0
Where do you ship from?,0
Where do you ship from?,0
This looks good.,0
Nice product!,0
Can you show more photos?,0
This looks good.,0
"My contact is 555-762-8326, call me.",1
WhatsApp me at +1-555-312-2869,1
What are the dimensions?,0
How soon can I get it?,0
This looks good.,0
Nice product!,0
Can you show more photos?,0
C o n t a c t :   1 0 1 6 4 1 9 8 9 1,1
e m a i l m e @ user7734@example.com,1
This looks good.,0
How soon can I get it?,0
Email me at grace47@email.net,1
Do you have it in stock?,0
Hit me up on WhatsApp at 555-805-9245,1
What’s the price?,0
Contact me on Skype: ivan531,1
This looks good.,0
C o n t a c t :   ( 1 9 9 )   0 7 0 - 7 8 4 2,1
Message me on Snapchat: fashioneer,1
I’m interested in this item.,0
Where do you ship from?,0
What’s the price?,0
snap me at s-n-a-p shopper441,1
Text me at 555-686-9707 for more info.,1
message me via g m a i l at user6828@example.com,1
Do you have it in stock?,0
Does it come in other colors?,0
What are the dimensions?,0
Reach out on WhatsApp at +1-352-442-8634,1
hmu @ coolcat405,1
Can you show more photos?,0
What’s the price?,0
Does it come in other colors?,0
Does it come in other colors?,0
I’m interested in this item.,0
Nice product!,0
This looks good.,0
reach at t w o o o @example.com,1
Nice product!,0
Do you have it in stock?,0
Do you have it in stock?,0
This looks good.,0
Can you share your phone number so I can send you details?,1
Can you show more photos?,0
Nice product!,0
How soon can I get it?,0
Can you show more photos?,0
my digits: +1-607-796-1490,1
What are the dimensions?,0
Does it come in other colors?,0
Hit me up on WhatsApp at +1-158-581-5019,1
Where do you ship from?,0
What are the dimensions?,0
Hit me up on WhatsApp at +1-512-629-7286,1
c o n t a c t : +1-149-316-8629,1
How soon can I get it?,0
Where do you ship from?,0
Hit me up on WhatsApp at 555-231-2140,1
What’s the price?,0
"Email is user7511@example.com, reach out anytime.",1
Nice product!,0
C a l l   m e :   3 2 2 2 1 1 4 0 4 2,1
I’m interested in this item.,0
Add me on WhatsApp: 555-246-7046,1
Please email me at user4968@example.com,1
Text me at 555-163-9016 for more info.,1
Can you show more photos?,0
Do you have it in stock?,0
What’s the price?,0
find me at user3321@example.com 😉,1
What’s the price?,0
How soon can I get it?,0
Can you show more photos?,0
e v e 4 3 @ e m a i l . n e t,1
What are the dimensions?,0
Where do you ship from?,0
How soon can I get it?,0
Do you have it in stock?,0
What’s the price?,0
Where do you ship from?,0
Nice product!,0
Ping me on Telegram: @judy815,1
fb.com/coolcat715,1
📱 +1-914-124-3429,1
Does it come in other colors?,0
Hit me up on WhatsApp at +1-966-307-5750,1
What’s the price?,0
Nice product!,0
What are the dimensions?,0
I’m interested in this item.,0
Do you have it in stock?,0
I’m interested in this item.,0
I’m interested in this item.,0
Can you show more photos?,0
Reach out on WhatsApp at +1-565-941-5461,1
c o n t a c t : +1-954-783-2911,1
"My contact is 555-496-7587, call me.",1
What are the dimensions?,0
Do you have it in stock?,0
What are the dimensions?,0
t e l : +1-185-581-7920,1
Does it come in other colors?,0
Do you have it in stock?,0
Does it come in other colors?,0
I’m interested in this item.,0
Where do you ship from?,0
Can I have your email address?,1
Can you show more photos?,0
Where do you ship from?,0
Where do you ship from?,0
This looks good.,0
What’s the price?,0
Nice product!,0
How soon can I get it?,0
How soon can I get it?,0
What’s the price?,0
Does it come in other colors?,0
Do you have it in stock?,0
How soon can I get it?,0
Do you have it in stock?,0
What’s the price?,0
I’m interested in this item.,0
I’m interested in this item.,0
Snapchat me @ devguy841,1
Add me on Facebook (facebook.com/shop_owner),1
My WeChat ID is shopper99,1
Nice product!,0
Ping me on Telegram: @ivan764,1
How soon can I get it?,0
Does it come in other colors?,0
Do you have it in stock?,0
Nice product!,0
Nice product!,0
What’s the price?,0
Where do you ship from?,0
Add me on WhatsApp: 555-867-9233,1
Nice product!,0
telegram: t dot me slash shopper470,1
What are the dimensions?,0
What are the dimensions?,0
Nice product!,0
What’s the price?,0
snap me at s-n-a-p fashionista306,1
Does it come in other colors?,0
Here is my email: user4134@example.com,1
Can you show more photos?,0
I’m interested in this item.,0
Does it come in other colors?,0
This looks good.,0
Nice product!,0
DM me on Facebook: facebook.com/devguy253,1
How soon can I get it?,0
Where do you ship from?,0
What are the dimensions?,0
Nice product!,0
I’m interested in this item.,0
Nice product!,0
I’m interested in this item.,0
This looks good.,0
Nice product!,0
my email id is user80@example.com,1
DM me on Instagram @john_doe,1
Does it come in other colors?,0
Where do you ship from?,0
I’m interested in this item.,0
wanna chat? +1-304-332-9423,1
What are the dimensions?,0
This looks good.,0
What are the dimensions?,0
Nice product!,0
Do you have it in stock?,0
Do you have it in stock?,0
Message me at user3597@example.com,1
reach at t w o o o @example.com,1
Do you have it in stock?,0
What’s the price?,0
Where do you ship from?,0
I’m interested in this item.,0
Can you show more photos?,0
Can you show more photos?,0
Does it come in other colors?,0
How soon can I get it?,0
Does it come in other colors?,0
"Email is user7217@example.com, reach out anytime.",1
I’m interested in this item.,0
How soon can I get it?,0
Do you have it in stock?,0
Do you have it in stock?,0
What’s the price?,0
Where do you ship from?,0
What are the dimensions?,0
Do you have it in stock?,0
Do you have it in stock?,0
How soon can I get it?,0
Does it come in other colors?,0
You can reach me at 555-426-1517,1
What are the dimensions?,0
Nice product!,0
Can you show more photos?,0
What’s the price?,0
Text me at 555-455-2390 for more info.,1
I’m interested in this item.,0
Let's connect on LinkedIn: https://linkedin.com/in/david951,1
I’m interested in this item.,0
Here's my email: user5766@example.com,1
This looks good.,0
What’s the price?,0
Please email me at user6515@example.com,1
What’s the price?,0
Does it come in other colors?,0
What are the dimensions?,0
My number is 8520748938,1
Can you show more photos?,0
hmu @ devguy810,1
Does it come in other colors?,0
I’m interested in this item.,0
How soon can I get it?,0
What’s the price?,0
I’m interested in this item.,0
I’m interested in this item.,0
I’m interested in this item.,0
my digits: +1-302-757-2274,1
I’m interested in this item.,0
Do you have it in stock?,0
Can you show more photos?,0
Nice product!,0
I’m interested in this item.,0
What’s the price?,0
Please email me at user4533@example.com,1
Does it come in other colors?,0
My number is (913) 612-0674,1
Does it come in other colors?,0
What’s the price?,0
Does it come in other colors?,0
C o n t a c t :   1 8 5 9 6 4 5 9 2 1,1
How soon can I get it?,0
I’m interested in this item.,0
How soon can I get it?,0
Does it come in other colors?,0
How soon can I get it?,0
What’s the price?,0
I’m interested in this item.,0
Can you share your phone number so I can send you details?,1
Connect on LinkedIn (linkedin.com/in/shopper916),1
Does it come in other colors?,0
How soon can I get it?,0
This looks good.,0
This looks good.,0
This looks good.,0
Do you have it in stock?,0
get in touch @ user6544@example.com,1
What are the dimensions?,0
How soon can I get it?,0
📧 user6625@example.com,1
Here is my email: user4158@example.com,1
This looks good.,0
Do you have it in stock?,0
I’m interested in this item.,0
Can I have your email address?,1
Here is my email: user5710@example.com,1
Does it come in other colors?,0
Do you have it in stock?,0
Can you show more photos?,0
I’m interested in this item.,0
What’s the price?,0
This looks good.,0
Can you show more photos?,0
How soon can I get it?,0
Nice product!,0
Where do you ship from?,0
What are the dimensions?,0
Message via email: ivan89@email.net,1
I’m interested in this item.,0
What’s the price?,0
How soon can I get it?,0
How soon can I get it?,0
Can you show more photos?,0
How soon can I get it?,0
Nice product!,0
Can you show more photos?,0
I’m interested in this item.,0
my digits: +1-726-760-9989,1
Can you show more photos?,0
fb.com/devguy139,1
Snapchat me @ devguy635,1
What’s the price?,0
Here is my email: user3834@example.com,1
This looks good.,0
I’m interested in this item.,0
What are the dimensions?,0
Where do you ship from?,0
This looks good.,0
Let's connect on LinkedIn: linkedin.com/in/jane.smith,1
What are the dimensions?,0
Text me at (164) 848-9523,1
What are the dimensions?,0
Can you show more photos?,0
Signal me at +1 902 365 4733,1
What’s the price?,0
I’m interested in this item.,0
I’m interested in this item.,0
Nice product!,0
Do you have it in stock?,0
How soon can I get it?,0
Does it come in other colors?,0
This looks good.,0
This looks good.,0
Can you show more photos?,0
Nice product!,0
Do you have it in stock?,0
Can you show more photos?,0
This looks good.,0
This looks good.,0
What are the dimensions?,0
I’m interested in this item.,0
Message me on Snapchat: shopper99,1
Can you show more photos?,0
How soon can I get it?,0
Can you show more photos?,0
C a l l   m e :   ( 8 7 6 )   9 1 3 - 3 3 7 1,1
Snapchat me @ coolcat427,1
I’m interested in this item.,0
DM me on Instagram @fashioneer,1
Does it come in other colors?,0
This looks good.,0
Does it come in other colors?,0
What are the dimensions?,0
Nice product!,0
wanna chat? +1-261-944-7047,1
What are the dimensions?,0
What’s the price?,0
What’s the price?,0
What’s the price?,0
I’m interested in this item.,0
Do you have it in stock?,0
How soon can I get it?,0
This looks good.,0
DM me on Instagram: @david31,1
What are the dimensions?,0
How soon can I get it?,0
How soon can I get it?,0
What are the dimensions?,0
Where do you ship from?,0
Connect on LinkedIn (linkedin.com/in/fashionista135),1
Can you show more photos?,0
How soon can I get it?,0
Where do you ship from?,0
Do you have it in stock?,0
Does it come in other colors?,0
How soon can I get it?,0
You can reach me at 555-383-1929,1
I’m interested in this item.,0
How soon can I get it?,0
I’m interested in this item.,0
Where do you ship from?,0
Where do you ship from?,0
Can you show more photos?,0
What are the dimensions?,0
What are the dimensions?,0
I’m interested in this item.,0
Do you have it in stock?,0
What are the dimensions?,0
Where do you ship from?,0
Nice product!,0
telegram: t dot me slash shopper39,1
How soon can I get it?,0
Can you show more photos?,0
Does it come in other colors?,0
How soon can I get it?,0
Where do you ship from?,0
DM me on Instagram @jane.smith,1
What’s the price?,0
Do you have it in stock?,0
Nice product!,0
Do you have it in stock?,0
What are the dimensions?,0
This looks good.,0
You can reach me at 555-382-6988,1
What are the dimensions?,0
DM me on Instagram @jane.smith,1
What are the dimensions?,0
What’s the price?,0
This looks good.,0
Nice product!,0
How soon can I get it?,0
You can reach me at 555-476-4188,1
How soon can I get it?,0
How soon can I get it?,0
How soon can I get it?,0
Does it come in other colors?,0
This looks good.,0
What are the dimensions?,0
Do you have it in stock?,0
message me via g m a i l at user6752@example.com,1
My Snapchat is charlie664,1
Does it come in other colors?,0
Twitter me at 274-858-6823,1
Do you have it in stock?,0
This looks good.,0
What are the dimensions?,0
This looks good.,0
Nice product!,0
Ping me on Telegram: @judy629,1
I’m interested in this item.,0
Contact via email: david86@mail.com,1
Can you show more photos?,0
t e l : +1-797-985-8045,1
Please email me at user6999@example.com,1
How soon can I get it?,0
What’s the price?,0
Here is my email: user5249@example.com,1
Where do you ship from?,0
Can you show more photos?,0
Text me at +1 782 253 6695,1
What are the dimensions?,0
This looks good.,0
Mail me: frank8@example.com,1
Do you have it in stock?,0
Do you have it in stock?,0
Can you share your phone number so I can send you details?,1
Nice product!,0
Where do you ship from?,0
Can you show more photos?,0
I’m interested in this item.,0
Nice product!,0
Email me at eve14@mail.com,1
Nice product!,0
You can reach me at +1-932-751-6878,1
How soon can I get it?,0
What’s the price?,0
Can you show more photos?,0
Snapchat me @ coolcat30,1
C a l l   m e :   2 1 7 9 2 6 0 8 7 2,1
You can reach me at +1-396-577-1741,1
What are the dimensions?,0
Can you show more photos?,0
Nice product!,0
Message via email: bob3@example.com,1
What are the dimensions?,0
Can you show more photos?,0
Nice product!,0
This looks good.,0
How soon can I get it?,0
Find me on Facebook: https://facebook.com/heidi983,1
What are the dimensions?,0
Nice product!,0
Contact me via Telegram: @coolguy42,1
How soon can I get it?,0
Can you show more photos?,0
This looks good.,0
Do you have it in stock?,0
I’m interested in this item.,0
Here is my email: user4505@example.com,1
This looks good.,0
What’s the price?,0
Nice product!,0
Where do you ship from?,0
This looks good.,0
Can you show more photos?,0
Does it come in other colors?,0
Do you have it in stock?,0
Message me on Snapchat: shopper99,1
Can you show more photos?,0
Does it come in other colors?,0
What are the dimensions?,0
Can you show more photos?,0
What are the dimensions?,0
Where do you ship from?,0
What are the dimensions?,0
What’s the price?,0
Here is my email: user2352@example.com,1
How soon can I get it?,0
I’m interested in this item.,0
snap me at s-n-a-p shopper188,1
Where do you ship from?,0
Do you have it in stock?,0
Do you have it in stock?,0
Where do you ship from?,0
wanna chat? +1-508-269-5403,1
How soon can I get it?,0
I’m interested in this item.,0
Nice product!,0
WhatsApp me at +1-555-150-8920,1
Can you show more photos?,0
Does it come in other colors?,0
get in touch @ user7952@example.com,1
Nice product!,0
Can you show more photos?,0
Nice product!,0
Nice product!,0
Text me at 555-519-2728 for more info.,1
Add me on WhatsApp: 555-520-6602,1
How soon can I get it?,0
Does it come in other colors?,0
I’m interested in this item.,0
Do you have it in stock?,0
I’m interested in this item.,0
Can you show more photos?,0
Do you have it in stock?,0
Let's connect on LinkedIn: linkedin.com/in/shopper99,1
How soon can I get it?,0
I’m interested in this item.,0
What’s the price?,0
Add me on WhatsApp: 6019105100,1
Do you have it in stock?,0
Where do you ship from?,0
Can I have your email address?,1
telegram: t dot me slash coolcat688,1
This looks good.,0
Where do you ship from?,0
e m a i l m e @ user9757@example.com,1
Call me at +1 360 653 8589,1
my email id is user7686@example.com,1
How soon can I get it?,0
I’m interested in this item.,0
What’s the price?,0
Where do you ship from?,0
What’s the price?,0
This looks good.,0
Nice product!,0
Does it come in other colors?,0
Do you have it in stock?,0
What’s the price?,0
Does it come in other colors?,0
Where do you ship from?,0
Does it come in other colors?,0
Send me a DM on Facebook: facebook.com/best_pizza,1
How soon can I get it?,0
Add me on Facebook (facebook.com/tech_lead),1
This looks good.,0
I’m interested in this item.,0
My WeChat ID is best_pizza,1
This looks good.,0
What are the dimensions?,0
WhatsApp me at +1-555-672-2672,1
Where do you ship from?,0
Where do you ship from?,0
This looks good.,0
Does it come in other colors?,0
How soon can I get it?,0
Does it come in other colors?,0
Does it come in other colors?,0
What are the dimensions?,0
Text me at 555-955-8467 for more info.,1
This looks good.,0
Can you show more photos?,0
This looks good.,0
What are the dimensions?,0
Contact me via Telegram: @tech_lead,1
How soon can I get it?,0
Can you show more photos?,0
Send me a DM on Facebook: facebook.com/fashionguru,1
What’s the price?,0
What’s the price?,0
Add me on WhatsApp: 8400264038,1
Can you show more photos?,0
C o n t a c t :   + 1   3 3 9   7 4 4   0 0 3 7,1
I’m interested in this item.,0
What’s the price?,0
Message me on Snapchat: fashioneer,1
you can DM me at fashionista119 on Insta,1
Can you show more photos?,0
wanna chat? +1-473-807-1017,1
Nice product!,0
Do you have it in stock?,0
Can you show more photos?,0
I’m interested in this item.,0
Does it come in other colors?,0
Please email me at user8974@example.com,1
How soon can I get it?,0
Does it come in other colors?,0
I’m interested in this item.,0
Do you have it in stock?,0
I’m interested in this item.,0
I’m interested in this item.,0
This looks good.,0
DM me on Facebook: facebook.com/coolcat533,1
This looks good.,0
Do you have it in stock?,0
DM me on Instagram @jane.smith,1
How soon can I get it?,0
DM me on Facebook: facebook.com/devguy511,1
I’m interested in this item.,0
What’s the price?,0
Message me on Signal: +1 123 206 1928,1
Does it come in other colors?,0
you can DM me at devguy965 on Insta,1
This looks good.,0
Nice product!,0
Where do you ship from?,0
Nice product!,0
How soon can I get it?,0
Message me on Snapchat: john_doe,1
Where do you ship from?,0
How soon can I get it?,0
Nice product!,0
Please email me at user2203@example.com,1
Where do you ship from?,0
Find me on Facebook: https://facebook.com/eve959,1
Let's connect on LinkedIn: linkedin.com/in/coolguy42,1
Where do you ship from?,0
c o n t a c t : +1-516-578-1759,1
Can you show more photos?,0
This looks good.,0
Can you show more photos?,0
What are the dimensions?,0
Find me on Facebook: https://facebook.com/ivan192,1
I’m interested in this item.,0
Please email me at user6355@example.com,1
Message via email: david33@example.com,1
find me at user8862@example.com 😉,1
You can reach me at 555-193-4039,1
My TikTok: @ivan879,1
Do you have it in stock?,0
How soon can I get it?,0
Email me at grace23@email.net,1
Ping me on Telegram: @eve155,1
What are the dimensions?,0
What are the dimensions?,0
Can you show more photos?,0
How soon can I get it?,0
This looks good.,0
Where do you ship from?,0
Add me on WhatsApp: 555-574-7302,1
This looks good.,0
Where do you ship from?,0
I’m interested in this item.,0
What are the dimensions?,0
Nice product!,0
What are the dimensions?,0
Hit me up on WhatsApp at 555-581-9923,1
Nice product!,0
My TikTok: @charlie582,1
Reach me at +1 728 083 0696,1
telegram: t dot me slash fashionista85,1
Do you have it in stock?,0
Does it come in other colors?,0
message me via g m a i l at user6732@example.com,1
Where do you ship from?,0
Does it come in other colors?,0
Connect on LinkedIn (linkedin.com/in/shop_owner),1
Does it come in other colors?,0
Can you show more photos?,0
What’s the price?,0
Connect on LinkedIn (linkedin.com/in/fashionista952),1
What are the dimensions?,0
Where do you ship from?,0
Can you show more photos?,0
Where do you ship from?,0
This looks good.,0
What are the dimensions?,0
Nice product!,0
How soon can I get it?,0
Let's connect on LinkedIn: linkedin.com/in/fashionguru,1
Do you have it in stock?,0
Can I have your email address?,1
I’m interested in this item.,0
I’m interested in this item.,0
Can you show more photos?,0
Do you have it in stock?,0
Where do you ship from?,0
Nice product!,0
Nice product!,0
What’s the price?,0
Can you share your phone number so I can send you details?,1
Can you show more photos?,0
Does it come in other colors?,0
Can you show more photos?,0
I’m interested in this item.,0
What’s the price?,0
Can you show more photos?,0
My WeChat ID is coolguy42,1
Does it come in other colors?,0
What are the dimensions?,0
What are the dimensions?,0
How soon can I get it?,0
Hit me up on WhatsApp at 555-124-9317,1
What’s the price?,0
Can you show more photos?,0
What are the dimensions?,0
How soon can I get it?,0
Let's connect on LinkedIn: linkedin.com/in/jane.smith,1
I’m interested in this item.,0
Does it come in other colors?,0
This looks good.,0
Can you show more photos?,0
Can you show more photos?,0
Can you show more photos?,0
Where do you ship from?,0
Do you have it in stock?,0
Where do you ship from?,0
Where do you ship from?,0
What’s the price?,0
What are the dimensions?,0
reach at t w o o o @example.com,1
Follow me on Twitter: @judy143,1
Where do you ship from?,0
Does it come in other colors?,0
Add me on WhatsApp: 555-706-4497,1
Where do you ship from?,0
Add me on WhatsApp: 555-624-7117,1
What are the dimensions?,0
This looks good.,0
This looks good.,0
What’s the price?,0
How soon can I get it?,0
Does it come in other colors?,0
This looks good.,0
What are the dimensions?,0
Hit me up on WhatsApp at +1-968-183-7958,1
Does it come in other colors?,0
Where do you ship from?,0
Do you have it in stock?,0
wanna chat? +1-764-962-4572,1
I’m interested in this item.,0
I’m interested in this item.,0
Do you have it in stock?,0
What are the dimensions?,0
Where do you ship from?,0
Message via email: eve89@email.net,1
Where do you ship from?,0
Message me on Signal: (349) 162-9795,1
Nice product!,0
Do you have it in stock?,0
Reach me at 6159210243,1
Do you have it in stock?,0
Where do you ship from?,0
Connect on LinkedIn (linkedin.com/in/tech_lead),1
What’s the price?,0
e m a i l m e @ user7217@example.com,1
Nice product!,0
Do you have it in stock?,0
Where do you ship from?,0
Do you have it in stock?,0
Does it come in other colors?,0
Send me a DM on Facebook: facebook.com/shopper99,1
Can you show more photos?,0
What are the dimensions?,0
I’m interested in this item.,0
Do you have it in stock?,0
Can you show more photos?,0
Does it come in other colors?,0
Does it come in other colors?,0
Can you show more photos?,0
Connect on LinkedIn (linkedin.com/in/best_pizza),1
Contact me on Skype: heidi468,1
What are the dimensions?,0
Contact via email: bob12@example.com,1
I’m interested in this item.,0
This looks good.,0
What’s the price?,0
Do you have it in stock?,0
Do you have it in stock?,0
Can you show more photos?,0
Do you have it in stock?,0
This looks good.,0
I’m interested in this item.,0
What’s the price?,0
My TikTok: @heidi129,1
message me via g m a i l at user1268@example.com,1
How soon can I get it?,0
How soon can I get it?,0
I’m interested in this item.,0
How soon can I get it?,0
Can you share your phone number so I can send you details?,1
my email id is user2564@example.com,1
Where do you ship from?,0
What are the dimensions?,0
Can you show more photos?,0
WhatsApp me at +1-555-715-8515,1
Can you show more photos?,0
Where do you ship from?,0
Follow me on Instagram @jane.smith and DM.,1
I’m interested in this item.,0
Ping me on Telegram: @charlie332,1
Message me on Signal: 5810653700,1
fb.com/devguy401,1
What’s the price?,0
I’m interested in this item.,0
What’s the price?,0
Does it come in other colors?,0
Reach me at +1 241 673 9439,1
Let's connect on LinkedIn: linkedin.com/in/shop_owner,1
What are the dimensions?,0
What are the dimensions?,0
Connect on LinkedIn (linkedin.com/in/shopper278),1
I’m interested in this item.,0
Nice product!,0
I’m interested in this item.,0
I’m interested in this item.,0
Where do you ship from?,0
Where do you ship from?,0
Can you show more photos?,0
Does it come in other colors?,0
I’m interested in this item.,0
This looks good.,0
How soon can I get it?,0
my digits: +1-322-442-7067,1
Does it come in other colors?,0
Can you show more photos?,0
Nice product!,0
What’s the price?,0
Nice product!,0
Can you show more photos?,0
Can you show more photos?,0
How soon can I get it?,0
C o n t a c t :   + 1   0 3 7   6 3 0   0 0 0 9,1
Nice product!,0
hmu @ fashionista239,1
C a l l   m e :   9 9 3 1 9 4 3 5 5 7,1
Contact: +1-456-928-3874,1
What are the dimensions?,0
Do you have it in stock?,0
Can you show more photos?,0
Let's connect on LinkedIn: linkedin.com/in/fashionguru,1
Let's connect on LinkedIn: https://linkedin.com/in/david558,1
What are the dimensions?,0
Message via email: david53@email.net,1
Can you show more photos?,0
What are the dimensions?,0
Where do you ship from?,0
Let's connect on LinkedIn: linkedin.com/in/designer123,1
I’m interested in this item.,0
This looks good.,0
Does it come in other colors?,0
Nice product!,0
Do you have it in stock?,0
e m a i l m e @ user9261@example.com,1
This looks good.,0
Where do you ship from?,0
Nice product!,0
How soon can I get it?,0
Does it come in other colors?,0
How soon can I get it?,0
Do you have it in stock?,0
Where do you ship from?,0
Nice product!,0
Does it come in other colors?,0
Does it come in other colors?,0
What’s the price?,0
I’m interested in this item.,0
Do you have it in stock?,0
Can you show more photos?,0
What’s the price?,0
I’m interested in this item.,0
Nice product!,0
Can you show more photos?,0
Add me on Facebook (facebook.com/jane.smith),1
What are the dimensions?,0
Can you show more photos?,0
Add me on Facebook (facebook.com/fashioneer),1
Where do you ship from?,0
I’m interested in this item.,0
Let's connect on LinkedIn: https://linkedin.com/in/frank124,1
How soon can I get it?,0
Can you show more photos?,0
Can you show more photos?,0
I’m interested in this item.,0
What are the dimensions?,0
Nice product!,0
Where do you ship from?,0
Can you show more photos?,0
Nice product!,0
you can DM me at coolcat704 on Insta,1
Can you show more photos?,0
Where do you ship from?,0
What are the dimensions?,0
Where do you ship from?,0
Can you show more photos?,0
This looks good.,0
What are the dimensions?,0
Do you have it in stock?,0
Does it come in other colors?,0
Where do you ship from?,0
I’m interested in this item.,0
What are the dimensions?,0
What are the dimensions?,0
What are the dimensions?,0
This looks good.,0
Can you show more photos?,0
c o n t a c t : +1-761-985-9976,1
Where do you ship from?,0
This looks good.,0
Nice product!,0
What are the dimensions?,0
I’m interested in this item.,0
This looks good.,0
Where do you ship from?,0
I’m interested in this item.,0
Do you have it in stock?,0
What are the dimensions?,0
Contact: +1-354-440-2037,1
Do you have it in stock?,0
Does it come in other colors?,0
Let's connect on LinkedIn: https://linkedin.com/in/ivan960,1
WhatsApp me at +1-555-104-1995,1
This looks good.,0
DM me on Facebook: facebook.com/devguy408,1
This looks good.,0
Contact via email: ivan99@email.net,1
What are the dimensions?,0
How soon can I get it?,0
Does it come in other colors?,0
You can reach me at +1-563-618-9293,1
Where do you ship from?,0
This looks good.,0
Where do you ship from?,0
Do you have it in stock?,0
This looks good.,0
DM me on Instagram: @heidi694,1
This looks good.,0
Does it come in other colors?,0
g r a c e 3 1 @ e m a i l . n e t,1
Text me at +1-716-709-2426,1
Text me at 1919802217,1
Can you share your phone number so I can send you details?,1
Message via email: alice49@test.org,1
This looks good.,0
Does it come in other colors?,0
What are the dimensions?,0
Nice product!,0
e m a i l m e @ user8643@example.com,1
Can you show more photos?,0
Nice product!,0
Nice product!,0
C a l l   m e :   0 4 7 - 3 0 9 - 5 7 2 5,1
Add me on Facebook (facebook.com/jane.smith),1
This looks good.,0
DM me on Instagram: @ivan574,1
How soon can I get it?,0
Let's connect on LinkedIn: linkedin.com/in/fashioneer,1
Can you share your phone number so I can send you details?,1
My number is 5582104382,1
Reach me at +1 358 751 3488,1
What are the dimensions?,0
I’m interested in this item.,0
Does it come in other colors?,0
How soon can I get it?,0
What are the dimensions?,0
Does it come in other colors?,0
Nice product!,0
Does it come in other colors?,0
Can you show more photos?,0
Let's connect on LinkedIn: https://linkedin.com/in/heidi42,1
Do you have it in stock?,0
What’s the price?,0
Can you share your phone number so I can send you details?,1
This looks good.,0
Does it come in other colors?,0
My TikTok: @frank14,1
Does it come in other colors?,0
This looks good.,0
Email me at frank70@example.com,1
"Email is user5702@example.com, reach out anytime.",1
telegram: t dot me slash coolcat954,1
This looks good.,0
I’m interested in this item.,0
What’s the price?,0
Add me on WhatsApp: +1 289 930 8369,1
Do you have it in stock?,0
This looks good.,0
How soon can I get it?,0
My WeChat ID is fashionguru,1
What are the dimensions?,0
What are the dimensions?,0
Does it come in other colors?,0
This looks good.,0
my digits: +1-856-516-3856,1
Where do you ship from?,0
Nice product!,0
DM me on Instagram @tech_lead,1
This looks good.,0
Nice product!,0
My Snapchat is ivan631,1
Where do you ship from?,0
Do you have it in stock?,0
How soon can I get it?,0
How soon can I get it?,0
I’m interested in this item.,0
Reach me at 3330600164,1
Can you show more photos?,0
What are the dimensions?,0
Contact me on Skype: eve660,1
Call me at 265-546-7368,1
How soon can I get it?,0
Can you show more photos?,0
How soon can I get it?,0
C a l l   m e :   ( 8 2 9 )   9 6 8 - 8 8 3 2,1
Find me on Facebook: https://facebook.com/judy136,1
Can you show more photos?,0
Does it come in other colors?,0
This looks good.,0
I’m interested in this item.,0
This looks good.,0
I’m interested in this item.,0
Where do you ship from?,0
Does it come in other colors?,0
This looks good.,0
Can you show more photos?,0
Where do you ship from?,0
This looks good.,0
you can DM me at shopper527 on Insta,1
Call me at (961) 610-3645,1
What’s the price?,0
Does it come in other colors?,0
Nice product!,0
📱 +1-952-326-8906,1
What are the dimensions?,0
Where do you ship from?,0
Do you have it in stock?,0
What are the dimensions?,0
find me at user5646@example.com 😉,1
Nice product!,0
Does it come in other colors?,0
Nice product!,0
Where do you ship from?,0
This looks good.,0
Nice product!,0
Nice product!,0
Does it come in other colors?,0
Where do you ship from?,0
Follow me on Twitter: @bob743,1
Do you have it in stock?,0
Nice product!,0
Do you have it in stock?,0
I’m interested in this item.,0
I’m interested in this item.,0
DM me on Instagram: @david848,1
Does it come in other colors?,0
Does it come in other colors?,0
Add me on Facebook (facebook.com/john_doe),1
Where do you ship from?,0
📧 user4087@example.com,1
Nice product!,0
Nice product!,0
What are the dimensions?,0
Follow me on Instagram @shop_owner and DM.,1
Here's my email: user8641@example.com,1
This looks good.,0
Can you share your phone number so I can send you details?,1
Where do you ship from?,0
Where do you ship from?,0
Does it come in other colors?,0
my email id is user6975@example.com,1
Does it come in other colors?,0
Can I have your email address?,1
You can reach me at +1-493-719-5263,1
Does it come in other colors?,0
Do you have it in stock?,0
my digits: +1-147-218-1173,1
fb.com/fashionista532,1
I’m interested in this item.,0
Does it come in other colors?,0
Nice product!,0
Do you have it in stock?,0
What’s the price?,0
I’m interested in this item.,0
Follow me on Twitter: @alice583,1
Hit me up on WhatsApp at +1-986-353-4926,1
What are the dimensions?,0
find me at user8696@example.com 😉,1
I’m interested in this item.,0
Do you have it in stock?,0
This looks good.,0
Where do you ship from?,0
Follow me on Instagram @john_doe and DM.,1
This looks good.,0
Hit me up on WhatsApp at +1-227-276-9518,1
my email id is user2099@example.com,1
Do you have it in stock?,0
Can you show more photos?,0
I’m interested in this item.,0
Where do you ship from?,0
Where do you ship from?,0
What are the dimensions?,0
How soon can I get it?,0
Does it come in other colors?,0
How soon can I get it?,0
Mail me: judy47@test.org,1
What’s the price?,0
Find me on Facebook: https://facebook.com/grace291,1
Can you show more photos?,0
DM me on Instagram: @heidi944,1
Can you show more photos?,0
What’s the price?,0
What’s the price?,0
Can you show more photos?,0
"Email is user6373@example.com, reach out anytime.",1
c   o   n   t   a   c   t   m   e   7 0 9 8 0 4 2 4 9 9,1
How soon can I get it?,0
Does it come in other colors?,0
Does it come in other colors?,0
DM me on Instagram: @heidi998,1
How soon can I get it?,0
Do you have it in stock?,0
You can reach me at +1-171-832-1288,1
What’s the price?,0
Do you have it in stock?,0
Nice product!,0
Let's connect on LinkedIn: linkedin.com/in/best_pizza,1
Where do you ship from?,0
Can you show more photos?,0
Can you show more photos?,0
Nice product!,0
Where do you ship from?,0
I’m interested in this item.,0
Add me on Facebook (facebook.com/jane.smith),1
Can you show more photos?,0
How soon can I get it?,0
This looks good.,0
What’s the price?,0
How soon can I get it?,0
What are the dimensions?,0
This looks good.,0
This looks good.,0
Does it come in other colors?,0
What’s the price?,0
Can you show more photos?,0
Can you show more photos?,0
My WeChat ID is best_pizza,1
I’m interested in this item.,0
"My contact is 555-676-1528, call me.",1
Where do you ship from?,0
Mail me: judy72@mail.com,1
How soon can I get it?,0
How soon can I get it?,0
This looks good.,0
Hit me up on WhatsApp at +1-120-787-6467,1
i v a n 5 8 @ e m a i l . n e t,1
Ping me on Telegram: @ivan362,1
How soon can I get it?,0
Follow me on Instagram @shop_owner and DM.,1
📧 user6939@example.com,1
Message me on Signal: (834) 313-3656,1
Contact: +1-601-872-2421,1
wanna chat? +1-733-649-3339,1
DM me on Instagram @best_pizza,1
This looks good.,0
my digits: +1-313-952-7629,1
This looks good.,0
I’m interested in this item.,0
Contact: +1-316-835-5024,1
"Email is user7327@example.com, reach out anytime.",1
Does it come in other colors?,0
This looks good.,0
message me via g m a i l at user6815@example.com,1
Hit me up on WhatsApp at 555-396-1346,1
What are the dimensions?,0
Text me at (527) 998-7072,1
Does it come in other colors?,0
This looks good.,0
What’s the price?,0
e m a i l m e @ user2885@example.com,1
Where do you ship from?,0
Do you have it in stock?,0
What are the dimensions?,0
Does it come in other colors?,0
What’s the price?,0
Add me on WhatsApp: (101) 689-6847,1
What’s the price?,0
Nice product!,0
Send me a DM on Facebook: facebook.com/coolguy42,1
My number is (868) 583-4739,1
Can you show more photos?,0
Does it come in other colors?,0
What are the dimensions?,0
Nice product!,0
Does it come in other colors?,0
What’s the price?,0
Do you have it in stock?,0
Email me at bob32@email.net,1
Does it come in other colors?,0
Does it come in other colors?,0
I’m interested in this item.,0
Do you have it in stock?,0
Nice product!,0
Does it come in other colors?,0
What are the dimensions?,0
What’s the price?,0
Do you have it in stock?,0
I’m interested in this item.,0
How soon can I get it?,0
Do you have it in stock?,0
This looks good.,0
Connect on LinkedIn (linkedin.com/in/devguy698),1
c   o   n   t   a   c   t   m   e   6 2 9 0 7 2 5 5 2 4,1
Nice product!,0
Where do you ship from?,0
Where do you ship from?,0
What’s the price?,0
This looks good.,0
This looks good.,0
reach at t w o o o @example.com,1
Do you have it in stock?,0
"My contact is 555-951-7291, call me.",1
What are the dimensions?,0
Do you have it in stock?,0
Do you have it in stock?,0
This looks good.,0
📧 user9221@example.com,1
This looks good.,0
How soon can I get it?,0
Text me at 555-227-9328 for more info.,1
How soon can I get it?,0
Do you have it in stock?,0
I’m interested in this item.,0
Can you show more photos?,0
Does it come in other colors?,0
What’s the price?,0
Does it come in other colors?,0
What are the dimensions?,0
What are the dimensions?,0
I’m interested in this item.,0
I’m interested in this item.,0
Can you show more photos?,0
c   o   n   t   a   c   t   m   e   ( 2 4 3 )   3 5 9 - 9 6 5 5,1
I’m interested in this item.,0
Hit me up on WhatsApp at +1-296-289-6332,1
Can you show more photos?,0
Nice product!,0
I’m interested in this item.,0
Where do you ship from?,0
What are the dimensions?,0
Reach out on WhatsApp at +1-201-565-4680,1
This looks good.,0
Do you have it in stock?,0
Nice product!,0
Where do you ship from?,0
What are the dimensions?,0
This looks good.,0
How soon can I get it?,0
Does it come in other colors?,0
Nice product!,0
Do you have it in stock?,0
Can you show more photos?,0
Does it come in other colors?,0
Hit me up on WhatsApp at 555-693-9953,1
Can you show more photos?,0
Do you have it in stock?,0
I’m interested in this item.,0
Does it come in other colors?,0
How soon can I get it?,0
Does it come in other colors?,0
C a l l   m e :   9 9 1 - 7 8 5 - 2 5 8 4,1
Do you have it in stock?,0
Do you have it in stock?,0
Where do you ship from?,0
Connect on LinkedIn (linkedin.com/in/best_pizza),1
Where do you ship from?,0
e m a i l m e @ user1137@example.com,1
you can DM me at shopper135 on Insta,1
This looks good.,0
How soon can I get it?,0
You can reach me at 555-963-9698,1
Text me at +1 765 307 2286,1
How soon can I get it?,0
Nice product!,0
This looks good.,0
Does it come in other colors?,0
I’m interested in this item.,0
This looks good.,0
Here is my email: user5108@example.com,1
What are the dimensions?,0
How soon can I get it?,0
How soon can I get it?,0
telegram: t dot me slash devguy496,1
Message me on Signal: 5380495595,1
Does it come in other colors?,0
How soon can I get it?,0
Does it come in other colors?,0
Contact me on Skype: bob483,1
Does it come in other colors?,0
c   o   n   t   a   c   t   m   e   9 7 7 3 4 1 8 4 0 9,1
Reach me at +1 967 308 9806,1
What are the dimensions?,0
I’m interested in this item.,0
How soon can I get it?,0
Message me at user7064@example.com,1
Can you show more photos?,0
"Email is user2466@example.com, reach out anytime.",1
Do you have it in stock?,0
Nice product!,0
Does it come in other colors?,0
Do you have it in stock?,0
Can you show more photos?,0
This looks good.,0
I’m interested in this item.,0
What are the dimensions?,0
What are the dimensions?,0
Does it come in other colors?,0
I’m interested in this item.,0
What’s the price?,0
Nice product!,0
What’s the price?,0
Can you show more photos?,0
Can you show more photos?,0
Nice product!,0
Can you show more photos?,0
This looks good.,0
Nice product!,0
Reach out on WhatsApp at +1-384-735-9771,1
Where do you ship from?,0
📱 +1-676-901-7417,1
Where do you ship from?,0
What’s the price?,0
This looks good.,0
Connect on LinkedIn (linkedin.com/in/devguy802),1
Do you have it in stock?,0
Text me at 555-701-8974 for more info.,1
Does it come in other colors?,0
Nice product!,0
Where do you ship from?,0
Can you show more photos?,0
Where do you ship from?,0
Can you show more photos?,0
Where do you ship from?,0
Can you show more photos?,0
Reach me at +1 018 496 1826,1
Does it come in other colors?,0
Add me on WhatsApp: (062) 591-4931,1
Where do you ship from?,0
This looks good.,0
Where do you ship from?,0
Follow me on Twitter: @alice924,1
C a l l   m e :   9 7 5 2 7 2 1 3 6 3,1
What are the dimensions?,0
What are the dimensions?,0
Does it come in other colors?,0
How soon can I get it?,0
My WeChat ID is jane.smith,1
My WeChat ID is shop_owner,1
get in touch @ user7580@example.com,1
Mail me: grace5@test.org,1
Message me on Snapchat: tech_lead,1
Nice product!,0
What’s the price?,0
Here is my email: user6776@example.com,1
Do you have it in stock?,0
WhatsApp me at +1-555-295-5612,1
Where do you ship from?,0
This looks good.,0
I’m interested in this item.,0
C o n t a c t :   1 5 4 9 4 1 1 4 7 5,1
How soon can I get it?,0
Can I have your email address?,1
Contact via email: eve94@mail.com,1
Can you show more photos?,0
I’m interested in this item.,0
This looks good.,0
How soon can I get it?,0
Where do you ship from?,0
my email id is user26@example.com,1
Here is my email: user7944@example.com,1
Nice product!,0
Nice product!,0
What are the dimensions?,0
Do you have it in stock?,0
Nice product!,0
WhatsApp me at +1-555-313-9841,1
What’s the price?,0
What are the dimensions?,0
I’m interested in this item.,0
What’s the price?,0
Can you show more photos?,0
Nice product!,0
This looks good.,0
Add me on Facebook (facebook.com/jane.smith),1
C a l l   m e :   0 9 3 - 1 6 4 - 5 2 9 2,1
I’m interested in this item.,0
Nice product!,0
Do you have it in stock?,0
Email me at judy62@test.org,1
Nice product!,0
Do you have it in stock?,0
you can DM me at devguy548 on Insta,1
This looks good.,0
Does it come in other colors?,0
This looks good.,0
This looks good.,0
I’m interested in this item.,0
Send me a DM on Facebook: facebook.com/tech_lead,1
Send me a DM on Facebook: facebook.com/fashionguru,1
Do you have it in stock?,0
How soon can I get it?,0
Nice product!,0
DM me on Instagram: @alice391,1
Where do you ship from?,0
What’s the price?,0
How soon can I get it?,0
What are the dimensions?,0
my digits: +1-329-589-3034,1
Where do you ship from?,0
Does it come in other colors?,0
I’m interested in this item.,0
How soon can I get it?,0
Can you show more photos?,0
This looks good.,0
I’m interested in this item.,0
Does it come in other colors?,0
I’m interested in this item.,0
I’m interested in this item.,0
What are the dimensions?,0
find me at user3944@example.com 😉,1
Nice product!,0
What are the dimensions?,0
I’m interested in this item.,0
This looks good.,0
Nice product!,0
Can you show more photos?,0
I’m interested in this item.,0
Message me at user1405@example.com,1
Does it come in other colors?,0
"My contact is 555-466-4332, call me.",1
I’m interested in this item.,0
Contact via email: heidi92@example.com,1
Where do you ship from?,0
What are the dimensions?,0
Can you show more photos?,0
Does it come in other colors?,0
I’m interested in this item.,0
This looks good.,0
Do you have it in stock?,0
"My contact is 555-673-9000, call me.",1
Send me a DM on Facebook: facebook.com/coolguy42,1
What’s the price?,0
Does it come in other colors?,0
How soon can I get it?,0
Nice product!,0
What are the dimensions?,0
I’m interested in this item.,0
Where do you ship from?,0
find me at user5487@example.com 😉,1
Do you have it in stock?,0
I’m interested in this item.,0
Can you show more photos?,0
This looks good.,0
Do you have it in stock?,0
Does it come in other colors?,0
What’s the price?,0
Where do you ship from?,0
Nice product!,0
What are the dimensions?,0
This looks good.,0
Does it come in other colors?,0
Can you show more photos?,0
What’s the price?,0
I’m interested in this item.,0
What are the dimensions?,0
What’s the price?,0
This looks good.,0
Do you have it in stock?,0
I’m interested in this item.,0
This looks good.,0
message me via g m a i l at user1453@example.com,1
"My contact is 555-571-7710, call me.",1
I’m interested in this item.,0
Do you have it in stock?,0
Please email me at user6431@example.com,1
This looks good.,0
Where do you ship from?,0
Add me on Facebook (facebook.com/coolguy42),1
Nice product!,0
How soon can I get it?,0
What are the dimensions?,0
Nice product!,0
Nice product!,0
This looks good.,0
Do you have it in stock?,0
c o n t a c t : +1-352-507-4812,1
Does it come in other colors?,0
How soon can I get it?,0
Can you show more photos?,0
Contact me via Telegram: @best_pizza,1
I’m interested in this item.,0
Do you have it in stock?,0
Mail me: judy41@example.com,1
Does it come in other colors?,0
What’s the price?,0
Nice product!,0
c   o   n   t   a   c   t   m   e   3 8 0 - 8 7 2 - 5 6 4 8,1
Where do you ship from?,0
I’m interested in this item.,0
c   o   n   t   a   c   t   m   e   + 1   6 6 2   9 1 3   0 9 6 3,1
How soon can I get it?,0
Ping me on Telegram: @frank337,1
Does it come in other colors?,0
Do you have it in stock?,0
Where do you ship from?,0
Does it come in other colors?,0
What are the dimensions?,0
"My contact is 555-855-6108, call me.",1
What are the dimensions?,0
This looks good.,0
Does it come in other colors?,0
Nice product!,0
Does it come in other colors?,0
Email me at user5003@example.com,1
My Snapchat is david726,1
Do you have it in stock?,0
Where do you ship from?,0
What’s the price?,0
I’m interested in this item.,0
Where do you ship from?,0
I’m interested in this item.,0
Add me on WhatsApp: 3339509650,1
This looks good.,0
What’s the price?,0
Add me on WhatsApp: 555-593-1524,1
What’s the price?,0
Can you show more photos?,0
I’m interested in this item.,0
Does it come in other colors?,0
Ping me on Telegram: @ivan813,1
Can you show more photos?,0
Does it come in other colors?,0
I’m interested in this item.,0
This looks good.,0
Does it come in other colors?,0
Do you have it in stock?,0
Does it come in other colors?,0
Nice product!,0
C o n t a c t :   0 7 9 - 7 7 5 - 2 5 0 6,1
Add me on WhatsApp: 555-446-8876,1
Nice product!,0
Does it come in other colors?,0
What are the dimensions?,0
Nice product!,0
Nice product!,0
What are the dimensions?,0
Nice product!,0
DM me on Instagram: @grace539,1
What are the dimensions?,0
Nice product!,0
My number is +1 155 473 0967,1
Does it come in other colors?,0
I’m interested in this item.,0
I’m interested in this item.,0
My number is 2052611457,1
Can you show more photos?,0
Can you show more photos?,0
My Snapchat is charlie684,1
Nice product!,0
How soon can I get it?,0
Does it come in other colors?,0
What’s the price?,0
Here is my email: user6807@example.com,1
What are the dimensions?,0
What’s the price?,0
Does it come in other colors?,0
How soon can I get it?,0
Nice product!,0
What are the dimensions?,0
What are the dimensions?,0
Can you show more photos?,0
What’s the price?,0
t e l : +1-848-678-4610,1
Does it come in other colors?,0
This looks good.,0
Does it come in other colors?,0
What are the dimensions?,0
Nice product!,0
Reach me at 8392561984,1
Nice product!,0
telegram: t dot me slash fashionista958,1
c o n t a c t : +1-267-245-8726,1
Where do you ship from?,0
How soon can I get it?,0
Find me on Facebook: https://facebook.com/grace953,1
Find me on Facebook: https://facebook.com/charlie695,1
What’s the price?,0
Contact me on Skype: ivan456,1
How soon can I get it?,0
Message me on Signal: 268-336-2170,1
Nice product!,0
What are the dimensions?,0
I’m interested in this item.,0
I’m interested in this item.,0
How soon can I get it?,0
Find me on Facebook: https://facebook.com/eve224,1
I’m interested in this item.,0
What are the dimensions?,0
Add me on Facebook (facebook.com/tech_lead),1
This looks good.,0
Can you show more photos?,0
I’m interested in this item.,0
Nice product!,0
Where do you ship from?,0
Where do you ship from?,0
Can you show more photos?,0
c h a r l i e 2 3 @ e x a m p l e . c o m,1
Where do you ship from?,0
Can you show more photos?,0
How soon can I get it?,0
Let's connect on LinkedIn: linkedin.com/in/shopper99,1
How soon can I get it?,0
Where do you ship from?,0
Can you show more photos?,0
Nice product!,0
How soon can I get it?,0
What are the dimensions?,0
Where do you ship from?,0
How soon can I get it?,0
Does it come in other colors?,0
Nice product!,0
Add me on Facebook (facebook.com/fashionguru),1
How soon can I get it?,0
Do you have it in stock?,0
Where do you ship from?,0
What are the dimensions?,0
Where do you ship from?,0
Where do you ship from?,0
Nice product!,0
Message me on Signal: (417) 857-5390,1
Can you show more photos?,0
Nice product!,0
Do you have it in stock?,0
What’s the price?,0
This looks good.,0
Nice product!,0
How soon can I get it?,0
What are the dimensions?,0
Do you have it in stock?,0
Do you have it in stock?,0
How soon can I get it?,0
Does it come in other colors?,0
Do you have it in stock?,0
Nice product!,0
I’m interested in this item.,0
📱 +1-662-787-4573,1
Text me at 555-424-3841 for more info.,1
Nice product!,0
My number is 8047112176,1
Where do you ship from?,0
This looks good.,0
Do you have it in stock?,0
Nice product!,0
Do you have it in stock?,0
Where do you ship from?,0
Connect on LinkedIn (linkedin.com/in/coolguy42),1
Nice product!,0
How soon can I get it?,0
Message me on Snapchat: shop_owner,1
Do you have it in stock?,0
Do you have it in stock?,0
What’s the price?,0
What’s the price?,0
You can reach me at +1-317-273-4152,1
How soon can I get it?,0
What are the dimensions?,0
How soon can I get it?,0
What’s the price?,0
my email id is user8532@example.com,1
My WeChat ID is best_pizza,1
Nice product!,0
This looks good.,0
Can you show more photos?,0
What’s the price?,0
Text me at +1-920-460-7645,1
What are the dimensions?,0
Message me on Snapchat: john_doe,1
Where do you ship from?,0
Where do you ship from?,0
Do you have it in stock?,0
What’s the price?,0
Text me at 851-935-9721,1
How soon can I get it?,0
What are the dimensions?,0
Nice product!,0
📱 +1-933-864-2829,1
Can you show more photos?,0
How soon can I get it?,0
Can you show more photos?,0
Where do you ship from?,0
Hit me up on WhatsApp at 555-604-5972,1
Nice product!,0
What’s the price?,0
Message me at user1209@example.com,1
C o n t a c t :   + 1   6 2 5   9 1 1   3 0 0 0,1
What are the dimensions?,0
Does it come in other colors?,0
What’s the price?,0
Can you show more photos?,0
Do you have it in stock?,0
Does it come in other colors?,0
Do you have it in stock?,0
Nice product!,0
I’m interested in this item.,0
My WeChat ID is coolguy42,1
How soon can I get it?,0
My TikTok: @judy690,1
Let's connect on LinkedIn: linkedin.com/in/designer123,1
Where do you ship from?,0
Nice product!,0
How soon can I get it?,0
Does it come in other colors?,0
What’s the price?,0
How soon can I get it?,0
Can you show more photos?,0
message me via g m a i l at user478@example.com,1
DM me on Instagram @jane.smith,1
You can reach me at +1-962-981-1019,1
C o n t a c t :   7 6 2 5 6 8 1 3 8 0,1
I’m interested in this item.,0
This looks good.,0
Can you show more photos?,0
Let's connect on LinkedIn: linkedin.com/in/fashionguru,1
How soon can I get it?,0
How soon can I get it?,0
How soon can I get it?,0
Hit me up on WhatsApp at 555-123-4449,1
Do you have it in stock?,0
I’m interested in this item.,0
Do you have it in stock?,0
What are the dimensions?,0
reach at t w o o o @example.com,1
I’m interested in this item.,0
Nice product!,0
How soon can I get it?,0
I’m interested in this item.,0
What’s the price?,0
Does it come in other colors?,0
Can you show more photos?,0
Does it come in other colors?,0
Nice product!,0
"Email is user8072@example.com, reach out anytime.",1
Please email me at user6580@example.com,1
Does it come in other colors?,0
Ping me on Telegram: @eve127,1
My number is +1 032 195 9611,1
What’s the price?,0
Where do you ship from?,0
What are the dimensions?,0
Nice product!,0
How soon can I get it?,0
Here's my email: user1893@example.com,1
"Email is user4017@example.com, reach out anytime.",1
Ping me on Telegram: @frank236,1
What’s the price?,0
Do you have it in stock?,0
Does it come in other colors?,0
Does it come in other colors?,0
This looks good.,0
Where do you ship from?,0
I’m interested in this item.,0
Do you have it in stock?,0
This looks good.,0
How soon can I get it?,0
I’m interested in this item.,0
What are the dimensions?,0
I’m interested in this item.,0
Do you have it in stock?,0
Where do you ship from?,0
Nice product!,0
Follow me on Instagram @fashioneer and DM.,1
Contact me on Skype: david571,1
What are the dimensions?,0
Do you have it in stock?,0
What are the dimensions?,0
Do you have it in stock?,0
What’s the price?,0
How soon can I get it?,0
Do you have it in stock?,0
Hit me up on WhatsApp at 555-674-5447,1
This looks good.,0
Where do you ship from?,0
Nice product!,0
Email me at eve42@test.org,1
Let's connect on LinkedIn: linkedin.com/in/designer123,1
I’m interested in this item.,0
What are the dimensions?,0
Do you have it in stock?,0
Where do you ship from?,0
C a l l   m e :   + 1   2 2 9   4 3 4   8 7 6 7,1
Where do you ship from?,0
How soon can I get it?,0
Can you show more photos?,0
How soon can I get it?,0
What’s the price?,0
Contact me on Skype: eve680,1
What’s the price?,0
Do you have it in stock?,0
What are the dimensions?,0
This looks good.,0
Message me on Snapchat: tech_lead,1
Can you show more photos?,0
Reach out on WhatsApp at +1-828-672-2957,1
Snapchat me @ coolcat465,1
Do you have it in stock?,0
Where do you ship from?,0
Does it come in other colors?,0
Does it come in other colors?,0
I’m interested in this item.,0
Nice product!,0
c   o   n   t   a   c   t   m   e   8 0 0 3 7 8 3 9 7 5,1
get in touch @ user4209@example.com,1
Can you show more photos?,0
Where do you ship from?,0
Can you show more photos?,0
Do you have it in stock?,0
Text me at +1-334-376-9372,1
Does it come in other colors?,0
What’s the price?,0
Does it come in other colors?,0
What are the dimensions?,0
How soon can I get it?,0
What’s the price?,0
Follow me on Instagram @jane.smith and DM.,1
Does it come in other colors?,0
Can you show more photos?,0
What are the dimensions?,0
This looks good.,0
What’s the price?,0
Hit me up on WhatsApp at 555-356-1509,1
How soon can I get it?,0
What are the dimensions?,0
What are the dimensions?,0
This looks good.,0
Does it come in other colors?,0
Nice product!,0
Nice product!,0
Where do you ship from?,0
Where do you ship from?,0
I’m interested in this item.,0
you can DM me at fashionista560 on Insta,1
What are the dimensions?,0
Can you show more photos?,0
Can you show more photos?,0
What are the dimensions?,0
Can you show more photos?,0
This looks good.,0
Where do you ship from?,0
Does it come in other colors?,0
This looks good.,0
t e l : +1-779-980-8365,1
I’m interested in this item.,0
Follow me on Twitter: @alice649,1
Can you show more photos?,0
How soon can I get it?,0
My TikTok: @grace979,1
Can you show more photos?,0
What are the dimensions?,0
You can reach me at 555-722-8064,1
Can you show more photos?,0
This looks good.,0
Do you have it in stock?,0
Do you have it in stock?,0
This looks good.,0
C o n t a c t :   + 1   6 0 2   5 1 7   0 0 5 0,1
I’m interested in this item.,0
Message me at user4851@example.com,1
Does it come in other colors?,0
Does it come in other colors?,0
Can I have your email address?,1
Can you show more photos?,0
Can you show more photos?,0
Reach out on WhatsApp at +1-818-459-6128,1
Does it come in other colors?,0
Mail me: eve92@mail.com,1
Nice product!,0
Where do you ship from?,0
Do you have it in stock?,0
What’s the price?,0
Nice product!,0
Where do you ship from?,0
Nice product!,0
Nice product!,0
How soon can I get it?,0
I’m interested in this item.,0
What are the dimensions?,0
Does it come in other colors?,0
I’m interested in this item.,0
Message me at user2723@example.com,1
Contact via email: charlie41@mail.com,1
What’s the price?,0
Can you show more photos?,0
Do you have it in stock?,0
Can I have your email address?,1
I’m interested in this item.,0
I’m interested in this item.,0
WhatsApp me at +1-555-616-2289,1
DM me on Instagram @best_pizza,1
WhatsApp me at +1-555-696-4908,1
My number is (331) 426-7664,1
c o n t a c t : +1-786-601-9226,1
Does it come in other colors?,0
This looks good.,0
What’s the price?,0
Where do you ship from?,0
Add me on WhatsApp: 555-288-5055,1
Can you show more photos?,0
This looks good.,0
"Email is user2103@example.com, reach out anytime.",1
Does it come in other colors?,0
This looks good.,0
This looks good.,0
Where do you ship from?,0
t e l : +1-408-502-9604,1
"Email is user3206@example.com, reach out anytime.",1
fb.com/devguy745,1
Where do you ship from?,0
This looks good.,0
Hit me up on WhatsApp at 555-911-1711,1
Can you show more photos?,0
This looks good.,0
Can you show more photos?,0
What’s the price?,0
Can you show more photos?,0
This looks good.,0
wanna chat? +1-982-874-9447,1
My TikTok: @david827,1
Where do you ship from?,0
What are the dimensions?,0
What’s the price?,0
How soon can I get it?,0
Nice product!,0
What’s the price?,0
Where do you ship from?,0
Do you have it in stock?,0
How soon can I get it?,0
Where do you ship from?,0
Message me on Snapchat: fashioneer,1
Where do you ship from?,0
📱 +1-912-988-7769,1
Do you have it in stock?,0
Can you show more photos?,0
What’s the price?,0
Do you have it in stock?,0
What are the dimensions?,0
My WeChat ID is fashioneer,1
Text me at 555-508-5398 for more info.,1
Hit me up on WhatsApp at 555-893-9778,1
Does it come in other colors?,0
I’m interested in this item.,0
Do you have it in stock?,0
I’m interested in this item.,0
Where do you ship from?,0
Do you have it in stock?,0
Where do you ship from?,0
Do you have it in stock?,0
DM me on Instagram @designer123,1
What are the dimensions?,0
What are the dimensions?,0
Does it come in other colors?,0
Does it come in other colors?,0
Do you have it in stock?,0
Please email me at user7954@example.com,1
I’m interested in this item.,0
My Snapchat is frank867,1
Hit me up on WhatsApp at 555-653-8184,1
Does it come in other colors?,0
Email me at user6336@example.com,1
I’m interested in this item.,0
My Snapchat is david231,1
📧 user3723@example.com,1
DM me on Instagram @shopper99,1
Nice product!,0
Contact me on Skype: alice55,1
You can reach me at 555-229-4346,1
Nice product!,0
Connect on LinkedIn (linkedin.com/in/jane.smith),1
Text me at 555-773-3184 for more info.,1
Do you have it in stock?,0
Can you show more photos?,0
What’s the price?,0
Nice product!,0
DM me on Instagram: @david41,1
Text me at +1-475-279-9685,1
Where do you ship from?,0
Does it come in other colors?,0
c   o   n   t   a   c   t   m   e   + 1   7 1 1   7 3 1   9 0 0 3,1
I’m interested in this item.,0
Does it come in other colors?,0
Where do you ship from?,0
This looks good.,0
Can you show more photos?,0
Nice product!,0
I’m interested in this item.,0
What’s the price?,0
How soon can I get it?,0
Nice product!,0
What are the dimensions?,0
Nice product!,0
Connect on LinkedIn (linkedin.com/in/shop_owner),1
What are the dimensions?,0
Does it come in other colors?,0
I’m interested in this item.,0
Does it come in other colors?,0
I’m interested in this item.,0
Text me at 2559343155,1
This looks good.,0
This looks good.,0
Where do you ship from?,0
Can you show more photos?,0
I’m interested in this item.,0
C o n t a c t :   + 1   9 5 1   7 3 5   5 4 4 8,1
Do you have it in stock?,0
Email me at user5118@example.com,1
What are the dimensions?,0
Nice product!,0
Here is my email: user9631@example.com,1
Mail me: heidi78@mail.com,1
Add me on WhatsApp: 044-294-9430,1
I’m interested in this item.,0
Message me on Snapchat: shopper99,1
Nice product!,0
What’s the price?,0
This looks good.,0
Where do you ship from?,0
Where do you ship from?,0
This looks good.,0
Can you show more photos?,0
Where do you ship from?,0
Do you have it in stock?,0
What’s the price?,0
What’s the price?,0
Where do you ship from?,0
Contact me via Telegram: @coolguy42,1
Nice product!,0
Let's connect on LinkedIn: linkedin.com/in/john_doe,1
How soon can I get it?,0
Nice product!,0
I’m interested in this item.,0
Snapchat me @ shopper885,1
DM me on Instagram: @eve873,1
Do you have it in stock?,0
Nice product!,0
How soon can I get it?,0
Can you share your phone number so I can send you details?,1
This looks good.,0
This looks good.,0
Reach out on WhatsApp at +1-519-273-2978,1
What are the dimensions?,0
Does it come in other colors?,0
What’s the price?,0
Can you show more photos?,0
This looks good.,0
Can you share your phone number so I can send you details?,1
This looks good.,0
Do you have it in stock?,0
Do you have it in stock?,0
This looks good.,0
This looks good.,0
Can you show more photos?,0
Do you have it in stock?,0
Nice product!,0
What are the dimensions?,0
This looks good.,0
What are the dimensions?,0
Does it come in other colors?,0
Does it come in other colors?,0
Add me on Facebook (facebook.com/fashionguru),1
Message me on Signal: 8154545628,1
Does it come in other colors?,0
What are the dimensions?,0
What’s the price?,0
I’m interested in this item.,0
c o n t a c t : +1-112-768-1023,1
I’m interested in this item.,0
Please email me at user1217@example.com,1
C o n t a c t :   1 3 8 7 8 9 7 4 8 8,1
How soon can I get it?,0
This looks good.,0
This looks good.,0
My WeChat ID is shop_owner,1
Can you show more photos?,0
Do you have it in stock?,0
What’s the price?,0
Where do you ship from?,0
Where do you ship from?,0
Nice product!,0
Reach out on WhatsApp at +1-369-873-6729,1
Let's connect on LinkedIn: https://linkedin.com/in/frank250,1
Where do you ship from?,0
Connect on LinkedIn (linkedin.com/in/jane.smith),1
This looks good.,0
This looks good.,0
Do you have it in stock?,0
I’m interested in this item.,0
Do you have it in stock?,0
Do you have it in stock?,0
Nice product!,0
Can you show more photos?,0
I’m interested in this item.,0
Add me on WhatsApp: 555-679-6926,1
This looks good.,0
Reach me at 9116935159,1
What are the dimensions?,0
What’s the price?,0
DM me on Facebook: facebook.com/fashionista685,1
Can you show more photos?,0
Does it come in other colors?,0
Where do you ship from?,0
Does it come in other colors?,0
What are the dimensions?,0
This looks good.,0
Do you have it in stock?,0
Where do you ship from?,0
What’s the price?,0
Can you show more photos?,0
What are the dimensions?,0
telegram: t dot me slash shopper382,1
You can reach me at 555-846-9450,1
This looks good.,0
I’m interested in this item.,0
I’m interested in this item.,0
Follow me on Twitter: @charlie135,1
Message me at user1438@example.com,1
Nice product!,0
DM me on Instagram @best_pizza,1
What are the dimensions?,0
Do you have it in stock?,0
Can I have your email address?,1
This looks good.,0
c   o   n   t   a   c   t   m   e   3 3 2 5 8 3 8 7 1 7,1
I’m interested in this item.,0
Contact me on Skype: ivan116,1
Where do you ship from?,0
This looks good.,0
What’s the price?,0
Let's connect on LinkedIn: linkedin.com/in/fashioneer,1
I’m interested in this item.,0
Nice product!,0
What are the dimensions?,0
This looks good.,0
Nice product!,0
Do you have it in stock?,0
📧 user9297@example.com,1
Text me at 555-296-8617 for more info.,1
Can you show more photos?,0
What are the dimensions?,0
Where do you ship from?,0
DM me on Instagram: @david268,1
My Snapchat is eve1,1
Add me on WhatsApp: 555-673-8332,1
This looks good.,0
"Email is user7841@example.com, reach out anytime.",1
Does it come in other colors?,0
Do you have it in stock?,0
What are the dimensions?,0
Where do you ship from?,0
Does it come in other colors?,0
What are the dimensions?,0
Do you have it in stock?,0
What are the dimensions?,0
This looks good.,0
Where do you ship from?,0
Does it come in other colors?,0
Can you show more photos?,0
Nice product!,0
Nice product!,0
Nice product!,0
Does it come in other colors?,0
Do you have it in stock?,0
Where do you ship from?,0
You can reach me at +1-430-570-6234,1
"My contact is 555-691-5698, call me.",1
How soon can I get it?,0
This looks good.,0
I’m interested in this item.,0
How soon can I get it?,0
Can you show more photos?,0
C o n t a c t :   9 6 7 - 1 9 2 - 3 3 3 6,1
How soon can I get it?,0
Does it come in other colors?,0
Where do you ship from?,0
Can you show more photos?,0
Follow me on Twitter: @eve463,1
What are the dimensions?,0
I’m interested in this item.,0
How soon can I get it?,0
Nice product!,0
This looks good.,0
Add me on WhatsApp: 555-905-1988,1
Can you show more photos?,0
What’s the price?,0
Do you have it in stock?,0
Does it come in other colors?,0
This looks good.,0
How soon can I get it?,0
What’s the price?,0
Can you show more photos?,0
Can you share your phone number so I can send you details?,1
Can you show more photos?,0
Where do you ship from?,0
Does it come in other colors?,0
You can reach me at 555-851-3429,1
How soon can I get it?,0
What’s the price?,0
Connect on LinkedIn (linkedin.com/in/fashioneer),1
Do you have it in stock?,0
What’s the price?,0
Where do you ship from?,0
Can you show more photos?,0
Do you have it in stock?,0
What’s the price?,0
Can you show more photos?,0
"Email is user4339@example.com, reach out anytime.",1
Contact me via Telegram: @designer123,1
Here is my email: user9431@example.com,1
What are the dimensions?,0
Do you have it in stock?,0
What are the dimensions?,0
What’s the price?,0
Nice product!,0
Can you show more photos?,0
How soon can I get it?,0
Can you show more photos?,0
How soon can I get it?,0
I’m interested in this item.,0
Does it come in other colors?,0
I’m interested in this item.,0
📱 +1-625-244-8504,1
Nice product!,0
How soon can I get it?,0
Text me at 9352462499,1
Nice product!,0
This looks good.,0
Can you show more photos?,0
What’s the price?,0
Contact me on Skype: judy617,1
Does it come in other colors?,0
What are the dimensions?,0
This looks good.,0
DM me on Instagram @coolguy42,1
Where do you ship from?,0
Nice product!,0
How soon can I get it?,0
Can you show more photos?,0
Can you show more photos?,0
telegram: t dot me slash shopper645,1
WhatsApp me at +1 849 371 2540,1
I’m interested in this item.,0
Nice product!,0
What’s the price?,0
I’m interested in this item.,0
Can you show more photos?,0
I’m interested in this item.,0
Does it come in other colors?,0
What’s the price?,0
What are the dimensions?,0
What’s the price?,0
This looks good.,0
What’s the price?,0
Where do you ship from?,0
Can you show more photos?,0
What’s the price?,0
Does it come in other colors?,0
Do you have it in stock?,0
You can reach me at +1-689-805-6570,1
e m a i l m e @ user4379@example.com,1
Can I have your email address?,1
Where do you ship from?,0
Add me on WhatsApp: +1 125 294 7417,1
Does it come in other colors?,0
How soon can I get it?,0
Can you show more photos?,0
Where do you ship from?,0
What’s the price?,0
How soon can I get it?,0
c   o   n   t   a   c   t   m   e   + 1   4 7 1   3 8 1   0 2 8 9,1
Does it come in other colors?,0
Can you share your phone number so I can send you details?,1
What are the dimensions?,0
My TikTok: @david829,1
Send me a DM on Facebook: facebook.com/shop_owner,1
Does it come in other colors?,0
Nice product!,0
What’s the price?,0
my digits: +1-126-775-5470,1
This looks good.,0
What are the dimensions?,0
What’s the price?,0
C o n t a c t :   ( 3 3 6 )   7 3 1 - 6 4 8 3,1
What’s the price?,0
I’m interested in this item.,0
snap me at s-n-a-p shopper395,1
Does it come in other colors?,0
I’m interested in this item.,0
You can reach me at +1-167-537-9791,1
This looks good.,0
Do you have it in stock?,0
fb.com/coolcat103,1
Message me on Snapchat: tech_lead,1
I’m interested in this item.,0
Does it come in other colors?,0
This looks good.,0
Find me on Facebook: https://facebook.com/eve874,1
Where do you ship from?,0
I’m interested in this item.,0
Can you show more photos?,0
What’s the price?,0
What’s the price?,0
Message me at user333@example.com,1
Can you show more photos?,0
Where do you ship from?,0
What’s the price?,0
I’m interested in this item.,0
Where do you ship from?,0
Text me at 4508242598,1
How soon can I get it?,0
Where do you ship from?,0
This looks good.,0
This looks good.,0
Can you show more photos?,0
What’s the price?,0
Ping me on Telegram: @ivan859,1
Does it come in other colors?,0
What’s the price?,0
Do you have it in stock?,0
Do you have it in stock?,0
Where do you ship from?,0
Nice product!,0
How soon can I get it?,0
This looks good.,0
Does it come in other colors?,0
How soon can I get it?,0
What are the dimensions?,0
Text me at 1051170583,1
How soon can I get it?,0
Can you show more photos?,0
What are the dimensions?,0
Does it come in other colors?,0
How soon can I get it?,0
c   o   n   t   a   c   t   m   e   ( 0 6 6 )   0 9 8 - 9 8 0 9,1
I’m interested in this item.,0
Here is my email: user2366@example.com,1
What are the dimensions?,0
Text me at 555-725-6189 for more info.,1
What’s the price?,0
Where do you ship from?,0
What’s the price?,0
Can you share your phone number so I can send you details?,1
Does it come in other colors?,0
What are the dimensions?,0
Where do you ship from?,0
Does it come in other colors?,0
Does it come in other colors?,0
Nice product!,0
This looks good.,0
What’s the price?,0
Can you show more photos?,0
What are the dimensions?,0
Do you have it in stock?,0
My TikTok: @grace551,1
What’s the price?,0
What are the dimensions?,0
Does it come in other colors?,0
This looks good.,0
Can you show more photos?,0
This looks good.,0
Do you have it in stock?,0
This looks good.,0
Can you show more photos?,0
What are the dimensions?,0
Do you have it in stock?,0
Does it come in other colors?,0
Can you show more photos?,0
I’m interested in this item.,0
Let's connect on LinkedIn: https://linkedin.com/in/heidi110,1
hmu @ coolcat848,1
t e l : +1-600-985-2670,1
Hit me up on WhatsApp at +1-318-811-4200,1
This looks good.,0
This looks good.,0
What are the dimensions?,0
Does it come in other colors?,0
My Snapchat is charlie346,1
How soon can I get it?,0
Where do you ship from?,0
I’m interested in this item.,0
I’m interested in this item.,0
DM me on Instagram @coolguy42,1
Does it come in other colors?,0
Find me on Facebook: https://facebook.com/heidi696,1
snap me at s-n-a-p shopper210,1
This looks good.,0
How soon can I get it?,0
Do you have it in stock?,0
Do you have it in stock?,0
Can you show more photos?,0
I’m interested in this item.,0
Where do you ship from?,0
Does it come in other colors?,0
Contact me on Skype: grace865,1
Here is my email: user2618@example.com,1
Where do you ship from?,0
C o n t a c t :   1 5 2 4 4 3 7 0 4 9,1
Nice product!,0
I’m interested in this item.,0
I’m interested in this item.,0
📧 user2124@example.com,1
I’m interested in this item.,0
How soon can I get it?,0
Nice product!,0
What’s the price?,0
What are the dimensions?,0
j u d y 3 2 @ m a i l . c o m,1
This looks good.,0
C a l l   m e :   + 1   2 9 9   1 1 0   4 7 0 0,1
This looks good.,0
Can you show more photos?,0
Do you have it in stock?,0
How soon can I get it?,0
message me via g m a i l at user1677@example.com,1
c   o   n   t   a   c   t   m   e   3 1 2 6 4 3 0 5 1 9,1
What are the dimensions?,0
Do you have it in stock?,0
Does it come in other colors?,0
fb.com/coolcat280,1
What’s the price?,0
📧 user7066@example.com,1
Do you have it in stock?,0
DM me on Instagram @jane.smith,1
This looks good.,0
Can you show more photos?,0
Does it come in other colors?,0
Email me at user6102@example.com,1
Does it come in other colors?,0
Does it come in other colors?,0
Do you have it in stock?,0
How soon can I get it?,0
Let's connect on LinkedIn: linkedin.com/in/jane.smith,1
This looks good.,0
Can you show more photos?,0
Reach out on WhatsApp at +1-330-997-5942,1
Message me on Snapchat: designer123,1
Can I have your email address?,1
What’s the price?,0
Where do you ship from?,0
How soon can I get it?,0
Nice product!,0
Skype me at (901) 444-3649,1
Where do you ship from?,0
This looks good.,0
I’m interested in this item.,0
my email id is user9727@example.com,1
Reach me at +1 611 455 6648,1
This looks good.,0
This looks good.,0
Do you have it in stock?,0
Follow me on Twitter: @judy82,1
I’m interested in this item.,0
This looks good.,0
Do you have it in stock?,0
hmu @ fashionista980,1
Do you have it in stock?,0
Here's my email: user2852@example.com,1
Does it come in other colors?,0
What’s the price?,0
Message me on Snapchat: john_doe,1
This looks good.,0
What are the dimensions?,0
Where do you ship from?,0
How soon can I get it?,0
I’m interested in this item.,0
Can you show more photos?,0
I’m interested in this item.,0
This looks good.,0
Nice product!,0
Do you have it in stock?,0
Add me on WhatsApp: 555-381-5333,1
What are the dimensions?,0
Do you have it in stock?,0
What’s the price?,0
How soon can I get it?,0
Do you have it in stock?,0
Do you have it in stock?,0
I’m interested in this item.,0
Can you show more photos?,0
Let's connect on LinkedIn: linkedin.com/in/tech_lead,1
Nice product!,0
I’m interested in this item.,0
Nice product!,0
DM me on Instagram @shopper99,1
How soon can I get it?,0
Where do you ship from?,0
What’s the price?,0
What’s the price?,0
Reach out on WhatsApp at +1-805-329-3887,1
Does it come in other colors?,0
What’s the price?,0
Nice product!,0
Does it come in other colors?,0
my email id is user4185@example.com,1
Follow me on Instagram @coolguy42 and DM.,1
I’m interested in this item.,0
This looks good.,0
"My contact is 555-265-3094, call me.",1
What are the dimensions?,0
This looks good.,0
Can you show more photos?,0
Does it come in other colors?,0
How soon can I get it?,0
Does it come in other colors?,0
Contact via email: alice37@email.net,1
Can you show more photos?,0
Can you show more photos?,0
I’m interested in this item.,0
Do you have it in stock?,0
Hit me up on WhatsApp at 555-348-4836,1
reach at t w o o o @example.com,1
How soon can I get it?,0
Does it come in other colors?,0
Where do you ship from?,0
Email me at frank6@example.com,1
Where do you ship from?,0
Can you show more photos?,0
Nice product!,0
What are the dimensions?,0
Can you show more photos?,0
Do you have it in stock?,0
This looks good.,0
Does it come in other colors?,0
telegram: t dot me slash devguy957,1
Call me at 034-071-4749,1
What are the dimensions?,0
find me at user394@example.com 😉,1
Can you show more photos?,0
Does it come in other colors?,0
Nice product!,0
This looks good.,0
"My contact is 555-306-7366, call me.",1
This looks good.,0
Here is my email: user2429@example.com,1
This looks good.,0
Can you show more photos?,0
Nice product!,0
Can you show more photos?,0
c   o   n   t   a   c   t   m   e   ( 3 6 7 )   7 6 8 - 2 7 4 8,1
Where do you ship from?,0
Does it come in other colors?,0
What are the dimensions?,0
Can you show more photos?,0
What are the dimensions?,0
Where do you ship from?,0
t e l : +1-901-239-5513,1
Mail me: judy95@example.com,1
Where do you ship from?,0
How soon can I get it?,0
This looks good.,0
How soon can I get it?,0
Nice product!,0
What’s the price?,0
Send me a DM on Facebook: facebook.com/shopper99,1
reach at t w o o o @example.com,1
How soon can I get it?,0
reach at t w o o o @example.com,1
This looks good.,0
"Email is user2570@example.com, reach out anytime.",1
Nice product!,0
What are the dimensions?,0
What’s the price?,0
I’m interested in this item.,0
Send me a DM on Facebook: facebook.com/designer123,1
📧 user8060@example.com,1
Do you have it in stock?,0
you can DM me at coolcat880 on Insta,1
📱 +1-801-859-8571,1
Email me at heidi2@test.org,1
Do you have it in stock?,0
📧 user3450@example.com,1
c   o   n   t   a   c   t   m   e   0 4 0 4 6 1 0 3 6 3,1
Do you have it in stock?,0
Does it come in other colors?,0
How soon can I get it?,0
Where do you ship from?,0
Nice product!,0
This looks good.,0
I’m interested in this item.,0
What’s the price?,0
Where do you ship from?,0
Message via email: alice5@test.org,1
Where do you ship from?,0
TikTok me at (740) 028-1135,1
📧 user4541@example.com,1
How soon can I get it?,0
Can you show more photos?,0
Nice product!,0
Where do you ship from?,0
My Snapchat is grace617,1
I’m interested in this item.,0
Here's my email: user9110@example.com,1
Do you have it in stock?,0
Follow me on Instagram @coolguy42 and DM.,1
t e l : +1-279-399-9731,1
This looks good.,0
Do you have it in stock?,0
How soon can I get it?,0
Do you have it in stock?,0
Nice product!,0
Does it come in other colors?,0
What’s the price?,0
What are the dimensions?,0
Follow me on Instagram @john_doe and DM.,1
Hit me up on WhatsApp at 555-300-9453,1
Does it come in other colors?,0
What are the dimensions?,0
Nice product!,0
What’s the price?,0
What’s the price?,0
Connect on LinkedIn (linkedin.com/in/coolguy42),1
What’s the price?,0
How soon can I get it?,0
What’s the price?,0
How soon can I get it?,0
t e l : +1-245-402-4398,1
I’m interested in this item.,0
I’m interested in this item.,0
Can you show more photos?,0
This looks good.,0
Can you show more photos?,0
What are the dimensions?,0
What are the dimensions?,0
Where do you ship from?,0
What’s the price?,0
Do you have it in stock?,0
Nice product!,0
What are the dimensions?,0
Where do you ship from?,0
my email id is user7893@example.com,1
DM me on Instagram @best_pizza,1
This looks good.,0
Nice product!,0
Nice product!,0
Message via email: judy55@email.net,1
Can you show more photos?,0
Do you have it in stock?,0
Can you show more photos?,0
Does it come in other colors?,0
This looks good.,0
Can you share your phone number so I can send you details?,1
What are the dimensions?,0
📱 +1-263-561-9010,1
Where do you ship from?,0
Can you show more photos?,0
What are the dimensions?,0
Message me on Signal: (261) 783-4025,1
Contact me via Telegram: @best_pizza,1
What’s the price?,0
What’s the price?,0
Nice product!,0
What’s the price?,0
This looks good.,0
C a l l   m e :   ( 4 6 2 )   8 0 1 - 9 4 3 6,1
Does it come in other colors?,0
What’s the price?,0
Where do you ship from?,0
I’m interested in this item.,0
DM me on Facebook: facebook.com/shopper218,1
c o n t a c t : +1-196-918-7019,1
Where do you ship from?,0
get in touch @ user8311@example.com,1
Can you show more photos?,0
My TikTok: @grace529,1
Where do you ship from?,0
What are the dimensions?,0
Can you show more photos?,0
This looks good.,0
Call me at +1 476 002 2048,1
Do you have it in stock?,0
Message me on Signal: 2398692530,1
How soon can I get it?,0
How soon can I get it?,0
This looks good.,0
Nice product!,0
My TikTok: @charlie439,1
Do you have it in stock?,0
Does it come in other colors?,0
How soon can I get it?,0
I’m interested in this item.,0
Where do you ship from?,0
Hit me up on WhatsApp at +1-512-943-8414,1
Can you show more photos?,0
Do you have it in stock?,0
Can I have your email address?,1
Where do you ship from?,0
How soon can I get it?,0
Does it come in other colors?,0
How soon can I get it?,0
Do you have it in stock?,0
Text me at 064-385-3666,1
Do you have it in stock?,0
Do you have it in stock?,0
Follow me on Instagram @coolguy42 and DM.,1
How soon can I get it?,0
"Email is user6399@example.com, reach out anytime.",1
Does it come in other colors?,0
Follow me on Twitter: @judy440,1
Can I have your email address?,1
c   o   n   t   a   c   t   m   e   ( 0 6 8 )   0 2 6 - 8 6 2 2,1
I’m interested in this item.,0
Nice product!,0
What are the dimensions?,0
Does it come in other colors?,0
This looks good.,0
Where do you ship from?,0
Can you show more photos?,0
What’s the price?,0
What’s the price?,0
Do you have it in stock?,0
What’s the price?,0
Do you have it in stock?,0
How soon can I get it?,0
This looks good.,0
What are the dimensions?,0
fb.com/fashionista297,1
Text me at +1-870-815-6676,1
This looks good.,0
My Snapchat is frank573,1
This looks good.,0
How soon can I get it?,0
Find me on Facebook: https://facebook.com/ivan961,1
Nice product!,0
Do you have it in stock?,0
How soon can I get it?,0
How soon can I get it?,0
I’m interested in this item.,0
This looks good.,0
I’m interested in this item.,0
t e l : +1-341-748-6365,1
Text me at +1-832-197-9646,1
What are the dimensions?,0
What are the dimensions?,0
Where do you ship from?,0
Do you have it in stock?,0
Do you have it in stock?,0
WhatsApp me at +1-555-673-2440,1
I’m interested in this item.,0
Do you have it in stock?,0
Add me on WhatsApp: +1 564 488 2134,1
Does it come in other colors?,0
Hit me up on WhatsApp at 555-433-2453,1
Can you show more photos?,0
This looks good.,0
Nice product!,0
Nice product!,0
hmu @ coolcat85,1
Do you have it in stock?,0
This looks good.,0
This looks good.,0
How soon can I get it?,0
Does it come in other colors?,0
Contact via email: heidi21@example.com,1
DM me on Facebook: facebook.com/fashionista952,1
This looks good.,0
Follow me on Twitter: @frank727,1
What’s the price?,0
Reach me at +1 484 157 8001,1
Nice product!,0
Nice product!,0
Can you show more photos?,0
Where do you ship from?,0
Connect on LinkedIn (linkedin.com/in/jane.smith),1
Can you show more photos?,0
Can you share your phone number so I can send you details?,1
DM me on Instagram: @alice742,1
Nice product!,0
Can you show more photos?,0
DM me on Instagram: @ivan175,1
Hit me up on WhatsApp at 555-582-4314,1
Where do you ship from?,0
message me via g m a i l at user881@example.com,1
Nice product!,0
I’m interested in this item.,0
Can you show more photos?,0
I’m interested in this item.,0
What’s the price?,0
How soon can I get it?,0
Add me on WhatsApp: 555-838-5113,1
DM me on Instagram @designer123,1
Send me a DM on Facebook: facebook.com/coolguy42,1
Can you show more photos?,0
What’s the price?,0
Where do you ship from?,0
Can you show more photos?,0
Message me on Signal: (602) 223-6689,1
What’s the price?,0
Do you have it in stock?,0
DM me on Facebook: facebook.com/fashionista37,1
Does it come in other colors?,0
Does it come in other colors?,0
Can you show more photos?,0
What are the dimensions?,0
DM me on Facebook: facebook.com/devguy213,1
Where do you ship from?,0
you can DM me at shopper707 on Insta,1
What’s the price?,0
I’m interested in this item.,0
Nice product!,0
How soon can I get it?,0
Nice product!,0
Nice product!,0
My WeChat ID is john_doe,1
Twitter me at (865) 212-2245,1
Nice product!,0
I’m interested in this item.,0
Nice product!,0
Can you show more photos?,0
Can you show more photos?,0
"My contact is 555-127-3019, call me.",1
Message me on Snapchat: shopper99,1
What’s the price?,0
DM me on Instagram: @grace879,1
DM me on Instagram: @ivan881,1
What’s the price?,0
Can you show more photos?,0
Can you show more photos?,0
Nice product!,0
Please email me at user4989@example.com,1
Nice product!,0
snap me at s-n-a-p devguy504,1
Can you show more photos?,0
Where do you ship from?,0
Do you have it in stock?,0
What’s the price?,0
Nice product!,0
Where do you ship from?,0
This looks good.,0
Can you show more photos?,0
What’s the price?,0
What’s the price?,0
I’m interested in this item.,0
My Snapchat is judy363,1
You can reach me at +1-850-867-3214,1
Does it come in other colors?,0
I’m interested in this item.,0
Where do you ship from?,0
What are the dimensions?,0
DM me on Instagram @shopper99,1
Can you show more photos?,0
Add me on Facebook (facebook.com/shop_owner),1
Does it come in other colors?,0
What’s the price?,0
Do you have it in stock?,0
Nice product!,0
Mail me: judy95@example.com,1
This looks good.,0
hmu @ devguy14,1
Can you show more photos?,0
How soon can I get it?,0
I’m interested in this item.,0
Do you have it in stock?,0
I’m interested in this item.,0
Can you show more photos?,0
What are the dimensions?,0
Nice product!,0
Nice product!,0
Here is my email: user8300@example.com,1
Follow me on Instagram @fashioneer and DM.,1
I’m interested in this item.,0
Follow me on Instagram @john_doe and DM.,1
Do you have it in stock?,0
my digits: +1-363-706-6863,1
I’m interested in this item.,0
What are the dimensions?,0
DM me on Instagram @designer123,1
My TikTok: @ivan628,1
What’s the price?,0
Can you show more photos?,0
My Snapchat is grace328,1
I’m interested in this item.,0
What are the dimensions?,0
What’s the price?,0
Where do you ship from?,0
Nice product!,0
Where do you ship from?,0
How soon can I get it?,0
Hit me up on WhatsApp at +1-325-524-8932,1
What’s the price?,0
WhatsApp me at +1-555-699-7237,1
Where do you ship from?,0
This looks good.,0
Nice product!,0
Can you show more photos?,0
I’m interested in this item.,0
Does it come in other colors?,0
Nice product!,0
Nice product!,0
Where do you ship from?,0
find me at user3715@example.com 😉,1
What’s the price?,0
Can you show more photos?,0
What are the dimensions?,0
What’s the price?,0
I’m interested in this item.,0
Do you have it in stock?,0
Where do you ship from?,0
t e l : +1-226-274-5770,1
hmu @ shopper955,1
Where do you ship from?,0
Nice product!,0
Does it come in other colors?,0
Do you have it in stock?,0
What are the dimensions?,0
I’m interested in this item.,0
Nice product!,0
Ping me on Telegram: @ivan545,1
Does it come in other colors?,0
Does it come in other colors?,0
Email me at eve47@example.com,1
How soon can I get it?,0
Email me at user596@example.com,1
Can you show more photos?,0
How soon can I get it?,0
Contact me on Skype: bob188,1
Message me on Snapchat: coolguy42,1
This looks good.,0
How soon can I get it?,0
Can you show more photos?,0
I’m interested in this item.,0
What’s the price?,0
Hit me up on WhatsApp at 555-179-8089,1
I’m interested in this item.,0
What are the dimensions?,0
Where do you ship from?,0
What’s the price?,0
This looks good.,0
How soon can I get it?,0
I’m interested in this item.,0
Mail me: bob10@mail.com,1
Email me at eve50@test.org,1
Do you have it in stock?,0
How soon can I get it?,0
What are the dimensions?,0
Can you show more photos?,0
What’s the price?,0
Can you show more photos?,0
Message via email: heidi73@example.com,1
Nice product!,0
Let's connect on LinkedIn: linkedin.com/in/john_doe,1
Can you show more photos?,0
you can DM me at fashionista201 on Insta,1
Message me at user3868@example.com,1
Nice product!,0
What’s the price?,0
I’m interested in this item.,0
Nice product!,0
t e l : +1-903-908-4771,1
Nice product!,0
You can reach me at 555-979-6411,1
Nice product!,0
I’m interested in this item.,0
This looks good.,0
How soon can I get it?,0
You can reach me at 555-436-6456,1
What are the dimensions?,0
"My contact is 555-550-9636, call me.",1
This looks good.,0
What’s the price?,0
How soon can I get it?,0
Do you have it in stock?,0
What’s the price?,0
Does it come in other colors?,0
Send me a DM on Facebook: facebook.com/shop_owner,1
Can you show more photos?,0
Do you have it in stock?,0
DM me on Instagram @coolguy42,1
What’s the price?,0
This looks good.,0
📱 +1-999-759-6480,1
Contact me on Skype: eve773,1
Where do you ship from?,0
Nice product!,0
Can you show more photos?,0
Does it come in other colors?,0
Connect on LinkedIn (linkedin.com/in/fashioneer),1
What’s the price?,0
Where do you ship from?,0
Where do you ship from?,0
Do you have it in stock?,0
Do you have it in stock?,0
Nice product!,0
How soon can I get it?,0
Message me on Signal: 067-368-2741,1
How soon can I get it?,0
📧 user941@example.com,1
DM me on Instagram: @david410,1
Does it come in other colors?,0
get in touch @ user5751@example.com,1
This looks good.,0
Can you show more photos?,0
I’m interested in this item.,0
Do you have it in stock?,0
Where do you ship from?,0
Where do you ship from?,0
How soon can I get it?,0
This looks good.,0
What are the dimensions?,0
Add me on Facebook (facebook.com/john_doe),1
Nice product!,0
a l i c e 1 7 @ t e s t . o r g,1
Can you show more photos?,0
What are the dimensions?,0
Nice product!,0
Nice product!,0
Can you show more photos?,0
you can DM me at coolcat992 on Insta,1
How soon can I get it?,0
I’m interested in this item.,0
Nice product!,0
Where do you ship from?,0
How soon can I get it?,0
I’m interested in this item.,0
Nice product!,0
What are the dimensions?,0
What are the dimensions?,0
Nice product!,0
Do you have it in stock?,0
Call me at +1 359 537 5789,1
Does it come in other colors?,0
Call me at +1 257 910 9853,1
Add me on WhatsApp: 555-562-1437,1
What’s the price?,0
What are the dimensions?,0
find me at user3608@example.com 😉,1
What’s the price?,0
What’s the price?,0
message me via g m a i l at user7071@example.com,1
How soon can I get it?,0
DM me on Instagram: @bob555,1
This looks good.,0
"Email is user1212@example.com, reach out anytime.",1
get in touch @ user2307@example.com,1
I’m interested in this item.,0
My WeChat ID is designer123,1
What are the dimensions?,0
What’s the price?,0
What’s the price?,0
Do you have it in stock?,0
Where do you ship from?,0
I’m interested in this item.,0
What’s the price?,0
Where do you ship from?,0
Nice product!,0
Follow me on Instagram @fashionguru and DM.,1
Do you have it in stock?,0
Where do you ship from?,0
reach at t w o o o @example.com,1
I’m interested in this item.,0
What are the dimensions?,0
Does it come in other colors?,0
Can you show more photos?,0
How soon can I get it?,0
Can you show more photos?,0
Nice product!,0
How soon can I get it?,0
Can you show more photos?,0
Does it come in other colors?,0
This looks good.,0
How soon can I get it?,0
Follow me on Instagram @tech_lead and DM.,1
Does it come in other colors?,0
Here's my email: user5310@example.com,1
I’m interested in this item.,0
What’s the price?,0
Can you show more photos?,0
Does it come in other colors?,0
I’m interested in this item.,0
Can you show more photos?,0
This looks good.,0
What’s the price?,0
Does it come in other colors?,0
My number is +1 578 943 4465,1
What are the dimensions?,0
DM me on Instagram: @grace445,1
My TikTok: @frank510,1
This looks good.,0
My WeChat ID is shop_owner,1
I’m interested in this item.,0
Does it come in other colors?,0
How soon can I get it?,0
Nice product!,0
How soon can I get it?,0
Can you show more photos?,0
I’m interested in this item.,0
How soon can I get it?,0
Do you have it in stock?,0
My WeChat ID is coolguy42,1
What are the dimensions?,0
Do you have it in stock?,0
Add me on Facebook (facebook.com/tech_lead),1
What are the dimensions?,0
This looks good.,0
I’m interested in this item.,0
Let's connect on LinkedIn: https://linkedin.com/in/charlie432,1
Do you have it in stock?,0
Does it come in other colors?,0
Nice product!,0
What are the dimensions?,0
This looks good.,0
C o n t a c t :   6 5 9 - 8 3 5 - 5 6 7 4,1
I’m interested in this item.,0
How soon can I get it?,0
Where do you ship from?,0
How soon can I get it?,0
Nice product!,0
Do you have it in stock?,0
"My contact is 555-697-1134, call me.",1
Can you show more photos?,0
This looks good.,0
Nice product!,0
Where do you ship from?,0
Does it come in other colors?,0
Do you have it in stock?,0
Do you have it in stock?,0
Where do you ship from?,0
Message me at user5192@example.com,1
This looks good.,0
Does it come in other colors?,0
Email me at ivan32@email.net,1
What’s the price?,0
Where do you ship from?,0
Snapchat me @ coolcat339,1
Follow me on Twitter: @david908,1
Where do you ship from?,0
Connect on LinkedIn (linkedin.com/in/devguy603),1
I’m interested in this item.,0
Do you have it in stock?,0
Can you show more photos?,0
Can I have your email address?,1
This looks good.,0
I’m interested in this item.,0
📧 user5480@example.com,1
Where do you ship from?,0
Can you show more photos?,0
What are the dimensions?,0
Does it come in other colors?,0
Text me at +1-825-366-1490,1
Where do you ship from?,0
Nice product!,0
Nice product!,0
Nice product!,0
Can you show more photos?,0
Does it come in other colors?,0
Nice product!,0
What are the dimensions?,0
C o n t a c t :   1 2 9 1 2 7 4 5 6 7,1
Nice product!,0
What are the dimensions?,0
Where do you ship from?,0
Does it come in other colors?,0
Here's my email: user1782@example.com,1
Message me on Signal: (315) 979-8553,1
Nice product!,0
Find me on Facebook: https://facebook.com/judy386,1
Nice product!,0
Where do you ship from?,0
Where do you ship from?,0
What are the dimensions?,0
Can you show more photos?,0
What’s the price?,0
My number is 108-664-6679,1
Contact me via Telegram: @fashionguru,1
Nice product!,0
My TikTok: @charlie117,1
What are the dimensions?,0
Connect on LinkedIn (linkedin.com/in/shopper658),1
What are the dimensions?,0
This looks good.,0
How soon can I get it?,0
Can I have your email address?,1
How soon can I get it?,0
WhatsApp me at +1-555-666-4744,1
Where do you ship from?,0
Reach out on WhatsApp at +1-484-593-7592,1
Where do you ship from?,0
Add me on Facebook (facebook.com/john_doe),1
What are the dimensions?,0
Where do you ship from?,0
I’m interested in this item.,0
Mail me: david67@email.net,1
How soon can I get it?,0
Message me on Signal: +1 993 789 6507,1
C o n t a c t :   ( 6 7 6 )   5 6 0 - 3 5 9 5,1
What’s the price?,0
my digits: +1-474-336-1348,1
Does it come in other colors?,0
What are the dimensions?,0
What are the dimensions?,0
Find me on Facebook: https://facebook.com/frank748,1
Nice product!,0
What’s the price?,0
This looks good.,0
Let's connect on LinkedIn: https://linkedin.com/in/charlie734,1
What are the dimensions?,0
What are the dimensions?,0
Do you have it in stock?,0
Where do you ship from?,0
Where do you ship from?,0
How soon can I get it?,0
Do you have it in stock?,0
What’s the price?,0
Nice product!,0
Add me on Facebook (facebook.com/fashionguru),1
Does it come in other colors?,0
I’m interested in this item.,0
What are the dimensions?,0
I’m interested in this item.,0
This looks good.,0
This looks good.,0
snap me at s-n-a-p devguy639,1
I’m interested in this item.,0
How soon can I get it?,0
Can you show more photos?,0
I’m interested in this item.,0
I’m interested in this item.,0
This looks good.,0
Nice product!,0
Let's connect on LinkedIn: linkedin.com/in/designer123,1
What are the dimensions?,0
Let's connect on LinkedIn: https://linkedin.com/in/ivan607,1
Does it come in other colors?,0
c   o   n   t   a   c   t   m   e   + 1   5 4 0   6 3 1   0 7 0 0,1
Nice product!,0
How soon can I get it?,0
What are the dimensions?,0
How soon can I get it?,0
Nice product!,0
What’s the price?,0
Do you have it in stock?,0
my digits: +1-347-649-6805,1
Where do you ship from?,0
This looks good.,0
Does it come in other colors?,0
How soon can I get it?,0
I’m interested in this item.,0
Where do you ship from?,0
How soon can I get it?,0
I’m interested in this item.,0
Snapchat me @ coolcat620,1
Where do you ship from?,0
I’m interested in this item.,0
telegram: t dot me slash coolcat466,1
How soon can I get it?,0
Nice product!,0
Does it come in other colors?,0
Add me on Facebook (facebook.com/designer123),1
e m a i l m e @ user1135@example.com,1
Where do you ship from?,0
Does it come in other colors?,0
Does it come in other colors?,0
How soon can I get it?,0
I’m interested in this item.,0
Do you have it in stock?,0
Does it come in other colors?,0
Send me a DM on Facebook: facebook.com/john_doe,1
Does it come in other colors?,0
What’s the price?,0
Does it come in other colors?,0
my digits: +1-157-131-9561,1
What’s the price?,0
📱 +1-927-621-6134,1
Nice product!,0
How soon can I get it?,0
Do you have it in stock?,0
Do you have it in stock?,0
Let's connect on LinkedIn: https://linkedin.com/in/judy781,1
Do you have it in stock?,0
Nice product!,0
How soon can I get it?,0
Message me on Signal: 842-244-2485,1
Does it come in other colors?,0
my email id is user1567@example.com,1
What are the dimensions?,0
What’s the price?,0
Do you have it in stock?,0
What are the dimensions?,0
Nice product!,0
What’s the price?,0
This looks good.,0
Nice product!,0
Nice product!,0
This looks good.,0
Can you show more photos?,0
Where do you ship from?,0
Nice product!,0
You can reach me at 555-827-5543,1
How soon can I get it?,0
I’m interested in this item.,0
What’s the price?,0
Where do you ship from?,0
Can you show more photos?,0
What’s the price?,0
How soon can I get it?,0
How soon can I get it?,0
What are the dimensions?,0
What’s the price?,0
This looks good.,0
How soon can I get it?,0
Snapchat me @ shopper897,1
Here is my email: user2364@example.com,1
Contact: +1-206-927-1290,1
Do you have it in stock?,0
Where do you ship from?,0
What’s the price?,0
What are the dimensions?,0
Follow me on Twitter: @ivan661,1
Text me at +1-584-195-7273,1
Hit me up on WhatsApp at 555-954-4246,1
Does it come in other colors?,0
I’m interested in this item.,0
Nice product!,0
Follow me on Twitter: @grace114,1
I’m interested in this item.,0
Where do you ship from?,0
How soon can I get it?,0
Does it come in other colors?,0
Can you show more photos?,0
This looks good.,0
Can you show more photos?,0
"My contact is 555-943-9654, call me.",1
Where do you ship from?,0
Does it come in other colors?,0
What’s the price?,0
How soon can I get it?,0
This looks good.,0
Where do you ship from?,0
This looks good.,0
Here is my email: user6776@example.com,1
Where do you ship from?,0
This looks good.,0
This looks good.,0
What are the dimensions?,0
I’m interested in this item.,0
Does it come in other colors?,0
I’m interested in this item.,0
Nice product!,0
Where do you ship from?,0
This looks good.,0
Do you have it in stock?,0
Reach me at 9268679141,1
Can you show more photos?,0
Nice product!,0
c   o   n   t   a   c   t   m   e   7 9 8 3 5 0 6 5 8 0,1
Nice product!,0
Nice product!,0
I’m interested in this item.,0
I’m interested in this item.,0
Can you show more photos?,0
Where do you ship from?,0
Where do you ship from?,0
Where do you ship from?,0
This looks good.,0
C a l l   m e :   6 2 3 - 9 6 9 - 6 8 5 1,1
What’s the price?,0
Where do you ship from?,0
This looks good.,0
Does it come in other colors?,0
I’m interested in this item.,0
What are the dimensions?,0
What’s the price?,0
How soon can I get it?,0
Do you have it in stock?,0
Do you have it in stock?,0
C a l l   m e :   + 1   9 2 8   9 9 3   7 1 9 5,1
Nice product!,0
Do you have it in stock?,0
Where do you ship from?,0
you can DM me at devguy624 on Insta,1
Find me on Facebook: https://facebook.com/grace82,1
Please email me at user4880@example.com,1
telegram: t dot me slash devguy760,1
What’s the price?,0
Where do you ship from?,0
Does it come in other colors?,0
Does it come in other colors?,0
How soon can I get it?,0
Nice product!,0
This looks good.,0
This looks good.,0
Follow me on Twitter: @david883,1
Do you have it in stock?,0
This looks good.,0
How soon can I get it?,0
Follow me on Instagram @fashionguru and DM.,1
Can you show more photos?,0
What’s the price?,0
Message via email: eve7@test.org,1
How soon can I get it?,0
How soon can I get it?,0
What are the dimensions?,0
Nice product!,0
Reach me at 624-228-4456,1
Do you have it in stock?,0
What’s the price?,0
Connect on LinkedIn (linkedin.com/in/john_doe),1
Where do you ship from?,0
I’m interested in this item.,0
This looks good.,0
What’s the price?,0
Do you have it in stock?,0
Where do you ship from?,0
Where do you ship from?,0
Connect on LinkedIn (linkedin.com/in/designer123),1
Email me at eve58@mail.com,1
Snapchat me @ shopper879,1
What are the dimensions?,0
Where do you ship from?,0
Contact me via Telegram: @designer123,1
Nice product!,0
This looks good.,0
My WeChat ID is shop_owner,1
Nice product!,0
What’s the price?,0
Message me on Snapchat: tech_lead,1
I’m interested in this item.,0
How soon can I get it?,0
What’s the price?,0
Can you show more photos?,0
What’s the price?,0
What’s the price?,0
I’m interested in this item.,0
What’s the price?,0
Does it come in other colors?,0
t e l : +1-247-733-4475,1
Nice product!,0
Where do you ship from?,0
Do you have it in stock?,0
Do you have it in stock?,0
How soon can I get it?,0
What are the dimensions?,0
This looks good.,0
Where do you ship from?,0
Message via email: grace87@mail.com,1
I’m interested in this item.,0
Does it come in other colors?,0
Can you show more photos?,0
Nice product!,0
Does it come in other colors?,0
Where do you ship from?,0
This looks good.,0
Do you have it in stock?,0
I’m interested in this item.,0
Does it come in other colors?,0
This looks good.,0
Does it come in other colors?,0
This looks good.,0
Do you have it in stock?,0
Connect on LinkedIn (linkedin.com/in/fashioneer),1
How soon can I get it?,0
Snapchat me at (652) 961-1999,1
Nice product!,0
Can I have your email address?,1
Does it come in other colors?,0
I’m interested in this item.,0
What’s the price?,0
Nice product!,0
C a l l   m e :   + 1   7 5 8   6 1 1   2 0 4 5,1
I’m interested in this item.,0
How soon can I get it?,0
What are the dimensions?,0
Message me at user422@example.com,1
What are the dimensions?,0
Where do you ship from?,0
Where do you ship from?,0
What are the dimensions?,0
DM me on Facebook: facebook.com/coolcat727,1
📧 user898@example.com,1
Does it come in other colors?,0
How soon can I get it?,0
Can you show more photos?,0
What’s the price?,0
I’m interested in this item.,0
Do you have it in stock?,0
Where do you ship from?,0
This looks good.,0
How soon can I get it?,0
Nice product!,0
Contact via email: bob1@example.com,1
How soon can I get it?,0
Where do you ship from?,0
Where do you ship from?,0
fb.com/fashionista12,1
I’m interested in this item.,0
Nice product!,0
I’m interested in this item.,0
Where do you ship from?,0
What’s the price?,0
Does it come in other colors?,0
Contact me on Skype: grace281,1
telegram: t dot me slash fashionista143,1
Can you show more photos?,0
Nice product!,0
What’s the price?,0
Does it come in other colors?,0
This looks good.,0
Skype me at 1692198163,1
Does it come in other colors?,0
How soon can I get it?,0
I’m interested in this item.,0
Does it come in other colors?,0
Contact me via Telegram: @fashionguru,1
I’m interested in this item.,0
Where do you ship from?,0
Does it come in other colors?,0
Does it come in other colors?,0
What are the dimensions?,0
Do you have it in stock?,0
What are the dimensions?,0
How soon can I get it?,0
Nice product!,0
Can you show more photos?,0
Can you show more photos?,0
Can you show more photos?,0
What’s the price?,0
Add me on Facebook (facebook.com/tech_lead),1
You can reach me at 555-313-8291,1
This looks good.,0
I’m interested in this item.,0
This looks good.,0
Here's my email: user6333@example.com,1
Contact me via Telegram: @john_doe,1
This looks good.,0
How soon can I get it?,0
What’s the price?,0
Where do you ship from?,0
Do you have it in stock?,0
I’m interested in this item.,0
I’m interested in this item.,0
What are the dimensions?,0
What are the dimensions?,0
Do you have it in stock?,0
How soon can I get it?,0
Follow me on Instagram @designer123 and DM.,1
Here's my email: user875@example.com,1
What are the dimensions?,0
Do you have it in stock?,0
This looks good.,0
I’m interested in this item.,0
How soon can I get it?,0
C o n t a c t :   + 1   2 4 9   1 9 3   2 2 6 0,1
Can you show more photos?,0
WhatsApp me at +1-555-747-9483,1
Does it come in other colors?,0
Nice product!,0
I’m interested in this item.,0
DM me on Facebook: facebook.com/coolcat391,1
Do you have it in stock?,0
I’m interested in this item.,0
Does it come in other colors?,0
What’s the price?,0
my digits: +1-500-892-7607,1
Nice product!,0
How soon can I get it?,0
Follow me on Instagram @john_doe and DM.,1
What are the dimensions?,0
Where do you ship from?,0
How soon can I get it?,0
How soon can I get it?,0
Where do you ship from?,0
What are the dimensions?,0
Do you have it in stock?,0
hmu @ shopper288,1
Where do you ship from?,0
c o n t a c t : +1-763-308-3659,1
This looks good.,0
How soon can I get it?,0
What’s the price?,0
What are the dimensions?,0
You can reach me at 555-230-7140,1
Do you have it in stock?,0
I’m interested in this item.,0
I’m interested in this item.,0
This looks good.,0
Let's connect on LinkedIn: linkedin.com/in/coolguy42,1
reach at t w o o o @example.com,1
Nice product!,0
You can reach me at 555-240-9261,1
What are the dimensions?,0
Can you show more photos?,0
Find me on Facebook: https://facebook.com/eve180,1
I’m interested in this item.,0
Where do you ship from?,0
Telegram me at +1 338 011 5658,1
Contact me via Telegram: @coolguy42,1
Where do you ship from?,0
What are the dimensions?,0
What are the dimensions?,0
Does it come in other colors?,0
Email me at user7924@example.com,1
Do you have it in stock?,0
Where do you ship from?,0
I’m interested in this item.,0
What’s the price?,0
What’s the price?,0
Nice product!,0
Do you have it in stock?,0
What are the dimensions?,0
Where do you ship from?,0
This looks good.,0
This looks good.,0
How soon can I get it?,0
my email id is user7588@example.com,1
What are the dimensions?,0
I’m interested in this item.,0
Nice product!,0
wanna chat? +1-982-331-1813,1
Text me at +1-279-666-3962,1
This looks good.,0
Do you have it in stock?,0
message me via g m a i l at user9529@example.com,1
What’s the price?,0
Nice product!,0
Does it come in other colors?,0
What are the dimensions?,0
What’s the price?,0
Nice product!,0
Nice product!,0
What’s the price?,0
Does it come in other colors?,0
Does it come in other colors?,0
Can you show more photos?,0
What’s the price?,0
Call me at (131) 074-6648,1
Contact via email: charlie23@example.com,1
This looks good.,0
Does it come in other colors?,0
Do you have it in stock?,0
Does it come in other colors?,0
Nice product!,0
This looks good.,0
I’m interested in this item.,0
Let's connect on LinkedIn: linkedin.com/in/shop_owner,1
This looks good.,0
Mail me: david28@example.com,1
Can you show more photos?,0
This looks good.,0
Connect on LinkedIn (linkedin.com/in/best_pizza),1
Find me on Facebook: https://facebook.com/frank730,1
reach at t w o o o @example.com,1
c   o   n   t   a   c   t   m   e   + 1   9 1 7   7 2 1   3 2 5 2,1
Does it come in other colors?,0
This looks good.,0
What are the dimensions?,0
I’m interested in this item.,0
This looks good.,0
What are the dimensions?,0
Can you show more photos?,0
Email me at user1242@example.com,1
What’s the price?,0
Can you show more photos?,0
Where do you ship from?,0
Do you have it in stock?,0
How soon can I get it?,0
telegram: t dot me slash shopper319,1
This looks good.,0
Where do you ship from?,0
I’m interested in this item.,0
What’s the price?,0
Can I have your email address?,1
What are the dimensions?,0
What are the dimensions?,0
Where do you ship from?,0
Can you show more photos?,0
Nice product!,0
What’s the price?,0
"My contact is 555-767-9031, call me.",1
What’s the price?,0
wanna chat? +1-587-635-5793,1
This looks good.,0
Do you have it in stock?,0
I’m interested in this item.,0
Does it come in other colors?,0
Can you show more photos?,0
Do you have it in stock?,0
Where do you ship from?,0
What’s the price?,0
What are the dimensions?,0
Can you show more photos?,0
Does it come in other colors?,0
Where do you ship from?,0
I’m interested in this item.,0
Message via email: david95@mail.com,1
What are the dimensions?,0
What’s the price?,0
"My contact is 555-363-6527, call me.",1
Nice product!,0
Where do you ship from?,0
Where do you ship from?,0
Nice product!,0
What are the dimensions?,0
Does it come in other colors?,0
Do you have it in stock?,0
Snapchat me @ shopper793,1
Do you have it in stock?,0
snap me at s-n-a-p coolcat570,1
What’s the price?,0
Where do you ship from?,0
Does it come in other colors?,0
Nice product!,0
Do you have it in stock?,0
Call me at (803) 513-4218,1
"My contact is 555-280-6474, call me.",1
What are the dimensions?,0
Can you show more photos?,0
How soon can I get it?,0
Where do you ship from?,0
How soon can I get it?,0
You can reach me at +1-244-622-6271,1
Can you show more photos?,0
What are the dimensions?,0
Here's my email: user561@example.com,1
b o b 4 4 @ t e s t . o r g,1
What are the dimensions?,0
Do you have it in stock?,0
hmu @ fashionista693,1
How soon can I get it?,0
This looks good.,0
My Snapchat is frank79,1
Nice product!,0
What’s the price?,0
Where do you ship from?,0
Does it come in other colors?,0
I’m interested in this item.,0
Do you have it in stock?,0
What’s the price?,0
Where do you ship from?,0
Can you show more photos?,0
Where do you ship from?,0
Do you have it in stock?,0
How soon can I get it?,0
Hit me up on WhatsApp at 555-938-4350,1
This looks good.,0
Nice product!,0
Does it come in other colors?,0
This looks good.,0
Where do you ship from?,0
I’m interested in this item.,0
Can you show more photos?,0
How soon can I get it?,0
This looks good.,0
Can you show more photos?,0
What are the dimensions?,0
What are the dimensions?,0
Can you show more photos?,0
C a l l   m e :   3 8 7 - 9 4 5 - 1 3 9 0,1
Can you show more photos?,0
Where do you ship from?,0
This looks good.,0
Where do you ship from?,0
I’m interested in this item.,0
Nice product!,0
What’s the price?,0
Let's connect on LinkedIn: linkedin.com/in/jane.smith,1
Do you have it in stock?,0
Can you show more photos?,0
Contact: +1-856-244-6778,1
This looks good.,0
Where do you ship from?,0
Can you show more photos?,0
Nice product!,0
c   o   n   t   a   c   t   m   e   ( 9 5 9 )   6 6 8 - 6 6 0 3,1
Connect on LinkedIn (linkedin.com/in/shopper374),1
c   o   n   t   a   c   t   m   e   9 9 6 2 5 8 9 0 2 1,1
Send me a DM on Facebook: facebook.com/fashioneer,1
How soon can I get it?,0
Does it come in other colors?,0
"Email is user2971@example.com, reach out anytime.",1
I’m interested in this item.,0
What’s the price?,0
What’s the price?,0
hmu @ coolcat738,1
DM me on Instagram: @david318,1
What’s the price?,0
Here is my email: user8234@example.com,1
How soon can I get it?,0
What are the dimensions?,0
Can you show more photos?,0
This looks good.,0
You can reach me at +1-265-269-7525,1
What are the dimensions?,0
This looks good.,0
Contact me via Telegram: @jane.smith,1
Text me at +1-120-794-3170,1
"My contact is 555-306-7366, call me.",1
Contact me on Skype: bob605,1
Does it come in other colors?,0
Does it come in other colors?,0
I’m interested in this item.,0
Where do you ship from?,0
Nice product!,0
Do you have it in stock?,0
How soon can I get it?,0
Does it come in other colors?,0
What’s the price?,0
reach at t w o o o @example.com,1
Nice product!,0
How soon can I get it?,0
This looks good.,0
Email me at heidi70@test.org,1
What are the dimensions?,0
This looks good.,0
Does it come in other colors?,0
This looks good.,0
Nice product!,0
Do you have it in stock?,0
What’s the price?,0
Do you have it in stock?,0
snap me at s-n-a-p fashionista837,1
How soon can I get it?,0
What are the dimensions?,0
I’m interested in this item.,0
Nice product!,0
Where do you ship from?,0
Can I have your email address?,1
Let's connect on LinkedIn: https://linkedin.com/in/ivan872,1
I’m interested in this item.,0
Does it come in other colors?,0
What are the dimensions?,0
Can you show more photos?,0
Can you show more photos?,0
Nice product!,0
How soon can I get it?,0
Call me at 9770057706,1
This looks good.,0
What’s the price?,0
What are the dimensions?,0
What are the dimensions?,0
What’s the price?,0
Where do you ship from?,0
Can you show more photos?,0
How soon can I get it?,0
I’m interested in this item.,0
How soon can I get it?,0
Can you show more photos?,0
Send me a DM on Facebook: facebook.com/jane.smith,1
Can you show more photos?,0
I’m interested in this item.,0
"Email is user2484@example.com, reach out anytime.",1
I’m interested in this item.,0
Where do you ship from?,0
Here's my email: user8639@example.com,1
Let's connect on LinkedIn: https://linkedin.com/in/alice240,1
This looks good.,0
What are the dimensions?,0
I’m interested in this item.,0
📧 user684@example.com,1
Does it come in other colors?,0
What are the dimensions?,0
Nice product!,0
What’s the price?,0
Nice product!,0
Does it come in other colors?,0
I’m interested in this item.,0
Where do you ship from?,0
Where do you ship from?,0
Do you have it in stock?,0
What are the dimensions?,0
Connect on LinkedIn (linkedin.com/in/shop_owner),1
Does it come in other colors?,0
I’m interested in this item.,0
Hit me up on WhatsApp at +1-998-506-4914,1
Where do you ship from?,0
This looks good.,0
Where do you ship from?,0
Where do you ship from?,0
Contact me via Telegram: @fashioneer,1
Where do you ship from?,0
Can you show more photos?,0
I’m interested in this item.,0
What’s the price?,0
What’s the price?,0
Do you have it in stock?,0
Can you show more photos?,0
What’s the price?,0
This looks good.,0
wanna chat? +1-245-333-2469,1
Nice product!,0
What’s the price?,0
Nice product!,0
Can you show more photos?,0
Does it come in other colors?,0
How soon can I get it?,0
What are the dimensions?,0
I’m interested in this item.,0
How soon can I get it?,0
How soon can I get it?,0
I’m interested in this item.,0
Can you share your phone number so I can send you details?,1
Do you have it in stock?,0
Where do you ship from?,0
Does it come in other colors?,0
Where do you ship from?,0
Follow me on Twitter: @eve730,1
This looks good.,0
Connect on LinkedIn (linkedin.com/in/devguy132),1
Nice product!,0
Connect on LinkedIn (linkedin.com/in/designer123),1
Do you have it in stock?,0
Does it come in other colors?,0
Does it come in other colors?,0
I’m interested in this item.,0
DM me on Instagram: @heidi229,1
Do you have it in stock?,0
Can I have your email address?,1
Where do you ship from?,0
Add me on WhatsApp: 555-807-6696,1
What’s the price?,0
Can you show more photos?,0
Can you show more photos?,0
Do you have it in stock?,0
Where do you ship from?,0
Nice product!,0
Follow me on Twitter: @frank719,1
What’s the price?,0
Can you show more photos?,0
You can reach me at +1-967-765-1521,1
What are the dimensions?,0
Here is my email: user7594@example.com,1
Does it come in other colors?,0
How soon can I get it?,0
"Email is user7214@example.com, reach out anytime.",1
c o n t a c t : +1-449-407-2413,1
Nice product!,0
Nice product!,0
Snapchat me @ fashionista127,1
My WeChat ID is shop_owner,1
This looks good.,0
This looks good.,0
This looks good.,0
I’m interested in this item.,0
What’s the price?,0
I’m interested in this item.,0
telegram: t dot me slash shopper800,1
Does it come in other colors?,0
I’m interested in this item.,0
This looks good.,0
Do you have it in stock?,0
Follow me on Twitter: @eve804,1
This looks good.,0
Do you have it in stock?,0
What’s the price?,0
This looks good.,0
This looks good.,0
Can you show more photos?,0
Nice product!,0
What are the dimensions?,0
Nice product!,0
Nice product!,0
What are the dimensions?,0
Nice product!,0
What’s the price?,0
This looks good.,0
Can you show more photos?,0
I’m interested in this item.,0
Please email me at user6835@example.com,1
C a l l   m e :   ( 6 7 8 )   5 6 6 - 2 2 2 4,1
I’m interested in this item.,0
My number is +1 862 204 0940,1
C a l l   m e :   ( 4 4 4 )   9 1 3 - 9 1 5 1,1
I’m interested in this item.,0
"My contact is 555-120-4186, call me.",1
Where do you ship from?,0
What are the dimensions?,0
What’s the price?,0
Let's connect on LinkedIn: linkedin.com/in/shop_owner,1
DM me on Instagram: @grace740,1
Contact: +1-453-171-7092,1
h e i d i 4 6 @ e x a m p l e . c o m,1
Nice product!,0
Let's connect on LinkedIn: linkedin.com/in/john_doe,1
I’m interested in this item.,0
Where do you ship from?,0
Where do you ship from?,0
What’s the price?,0
Mail me: grace13@test.org,1
What are the dimensions?,0
Can you show more photos?,0
WhatsApp me at +1-555-618-9039,1
This looks good.,0
What’s the price?,0
Here's my email: user5513@example.com,1
Nice product!,0
Does it come in other colors?,0
DM me on Instagram: @charlie227,1
This looks good.,0
Do you have it in stock?,0
Add me on Facebook (facebook.com/shop_owner),1
I’m interested in this item.,0
This looks good.,0
How soon can I get it?,0
Do you have it in stock?,0
Does it come in other colors?,0
Nice product!,0
Does it come in other colors?,0
hmu @ devguy988,1
Here's my email: user6716@example.com,1
Does it come in other colors?,0
Contact me on Skype: eve452,1
c   o   n   t   a   c   t   m   e   ( 6 4 9 )   0 9 2 - 0 3 2 1,1
C o n t a c t :   0 3 7 4 8 4 5 1 6 0,1
Where do you ship from?,0
What’s the price?,0
Please email me at user2997@example.com,1
Can you show more photos?,0
Hit me up on WhatsApp at 555-591-1201,1
What’s the price?,0
Does it come in other colors?,0
Nice product!,0
Hit me up on WhatsApp at 555-247-3389,1
fb.com/devguy55,1
Does it come in other colors?,0
Connect on LinkedIn (linkedin.com/in/john_doe),1
What are the dimensions?,0
Can you show more photos?,0
Where do you ship from?,0
Nice product!,0
Do you have it in stock?,0
Call me at 815-740-4890,1
Can you show more photos?,0
What’s the price?,0
What are the dimensions?,0
How soon can I get it?,0
My TikTok: @charlie662,1
Do you have it in stock?,0
What are the dimensions?,0
Nice product!,0
What are the dimensions?,0
This looks good.,0
c o n t a c t : +1-810-281-3437,1
This looks good.,0
Can you show more photos?,0
This looks good.,0
Do you have it in stock?,0
How soon can I get it?,0
Can you show more photos?,0
What are the dimensions?,0
Do you have it in stock?,0
Does it come in other colors?,0
This looks good.,0
This looks good.,0
Does it come in other colors?,0
What are the dimensions?,0
fb.com/shopper921,1
C a l l   m e :   + 1   8 8 2   7 0 3   1 0 6 6,1
Can you show more photos?,0
How soon can I get it?,0
you can DM me at coolcat29 on Insta,1
Nice product!,0
Do you have it in stock?,0
Nice product!,0
This looks good.,0
Do you have it in stock?,0
Can you show more photos?,0
What’s the price?,0
Find me on Facebook: https://facebook.com/frank799,1
Can you share your phone number so I can send you details?,1
you can DM me at fashionista331 on Insta,1
Where do you ship from?,0
What are the dimensions?,0
Nice product!,0
Where do you ship from?,0
Can you show more photos?,0
Where do you ship from?,0
What are the dimensions?,0
Can you show more photos?,0
my email id is user501@example.com,1
How soon can I get it?,0
Does it come in other colors?,0
"Email is user7954@example.com, reach out anytime.",1
Can you share your phone number so I can send you details?,1
Nice product!,0
Connect on LinkedIn (linkedin.com/in/jane.smith),1
How soon can I get it?,0
What’s the price?,0
What’s the price?,0
Do you have it in stock?,0
Where do you ship from?,0
Can you show more photos?,0
Can you show more photos?,0
I’m interested in this item.,0
C o n t a c t :   8 2 2 - 5 2 3 - 7 0 2 2,1
Call me at +1 258 386 6851,1
How soon can I get it?,0
Where do you ship from?,0
I’m interested in this item.,0
Can you show more photos?,0
Does it come in other colors?,0
Nice product!,0
Nice product!,0
This looks good.,0
What are the dimensions?,0
telegram: t dot me slash fashionista174,1
This looks good.,0
What are the dimensions?,0
Text me at +1-699-343-8846,1
Nice product!,0
Does it come in other colors?,0
This looks good.,0
What are the dimensions?,0
How soon can I get it?,0
What’s the price?,0
WhatsApp me at +1-555-773-6013,1
I’m interested in this item.,0
How soon can I get it?,0
What’s the price?,0
I’m interested in this item.,0
You can reach me at +1-948-833-4439,1
Does it come in other colors?,0
I’m interested in this item.,0
Follow me on Twitter: @eve878,1
Can you show more photos?,0
I’m interested in this item.,0
How soon can I get it?,0
What’s the price?,0
What are the dimensions?,0
I’m interested in this item.,0
Nice product!,0
Nice product!,0
Where do you ship from?,0
I’m interested in this item.,0
Nice product!,0
Do you have it in stock?,0
What are the dimensions?,0
Let's connect on LinkedIn: https://linkedin.com/in/eve72,1
Can you show more photos?,0
What are the dimensions?,0
Does it come in other colors?,0
Can you show more photos?,0
Where do you ship from?,0
What’s the price?,0
telegram: t dot me slash coolcat244,1
How soon can I get it?,0
Do you have it in stock?,0
How soon can I get it?,0
Can you show more photos?,0
reach at t w o o o @example.com,1
find me at user3716@example.com 😉,1
My Snapchat is eve777,1
Message me at user1994@example.com,1
Can you show more photos?,0
How soon can I get it?,0
I’m interested in this item.,0
What are the dimensions?,0
"My contact is 555-640-1212, call me.",1
Does it come in other colors?,0
Contact via email: grace32@test.org,1
What’s the price?,0
This looks good.,0
I’m interested in this item.,0
How soon can I get it?,0
What are the dimensions?,0
This looks good.,0
What’s the price?,0
What’s the price?,0
Does it come in other colors?,0
find me at user8266@example.com 😉,1
Where do you ship from?,0
Nice product!,0
How soon can I get it?,0
Can you show more photos?,0
Do you have it in stock?,0
c   o   n   t   a   c   t   m   e   + 1   4 6 6   8 6 3   8 8 8 3,1
Where do you ship from?,0
Contact via email: ivan95@mail.com,1
What are the dimensions?,0
What are the dimensions?,0
WhatsApp me at +1-555-570-7459,1
What’s the price?,0
Please email me at user3370@example.com,1
Can you show more photos?,0
What are the dimensions?,0
What’s the price?,0
I’m interested in this item.,0
Where do you ship from?,0
This looks good.,0
What are the dimensions?,0
Can I have your email address?,1
Do you have it in stock?,0
This looks good.,0
Does it come in other colors?,0
Does it come in other colors?,0
How soon can I get it?,0
Can you show more photos?,0
Where do you ship from?,0
Please email me at user9026@example.com,1
What are the dimensions?,0
Can you show more photos?,0
I’m interested in this item.,0
What’s the price?,0
What’s the price?,0
t e l : +1-524-107-5653,1
What’s the price?,0
What are the dimensions?,0
What’s the price?,0
Does it come in other colors?,0
Does it come in other colors?,0
I’m interested in this item.,0
This looks good.,0
Add me on Facebook (facebook.com/designer123),1
How soon can I get it?,0
"Email is user2733@example.com, reach out anytime.",1
Do you have it in stock?,0
How soon can I get it?,0
Does it come in other colors?,0
Does it come in other colors?,0
"Email is user2542@example.com, reach out anytime.",1
Nice product!,0
What’s the price?,0
Can I have your email address?,1
What’s the price?,0
Where do you ship from?,0
Can you show more photos?,0
Can you show more photos?,0
Where do you ship from?,0
What’s the price?,0
I’m interested in this item.,0
I’m interested in this item.,0
I’m interested in this item.,0
Can you show more photos?,0
What’s the price?,0
You can reach me at 555-402-1313,1
Do you have it in stock?,0
Where do you ship from?,0
Does it come in other colors?,0
What are the dimensions?,0
Text me at +1-453-712-7039,1
What are the dimensions?,0
Where do you ship from?,0
Nice product!,0
Where do you ship from?,0
Hit me up on WhatsApp at +1-959-555-4167,1
What’s the price?,0
How soon can I get it?,0
This looks good.,0
What’s the price?,0
Where do you ship from?,0
Where do you ship from?,0
This looks good.,0
DM me on Instagram: @judy685,1
Do you have it in stock?,0
Nice product!,0
Do you have it in stock?,0
How soon can I get it?,0
How soon can I get it?,0
Send me a DM on Facebook: facebook.com/designer123,1
What are the dimensions?,0
How soon can I get it?,0
What are the dimensions?,0
What are the dimensions?,0
Where do you ship from?,0
Do you have it in stock?,0
How soon can I get it?,0
Nice product!,0
You can reach me at 555-371-5873,1
reach at t w o o o @example.com,1
Where do you ship from?,0
Nice product!,0
Message via email: heidi61@test.org,1
Does it come in other colors?,0
What are the dimensions?,0
What are the dimensions?,0
📱 +1-172-259-7262,1
Nice product!,0
How soon can I get it?,0
What are the dimensions?,0
What are the dimensions?,0
What’s the price?,0
Nice product!,0
I’m interested in this item.,0
What’s the price?,0
Does it come in other colors?,0
What’s the price?,0
Do you have it in stock?,0
Does it come in other colors?,0
Do you have it in stock?,0
What are the dimensions?,0
This looks good.,0
Hit me up on WhatsApp at 555-815-6121,1
Can you show more photos?,0
Can you show more photos?,0
How soon can I get it?,0
How soon can I get it?,0
Message via email: grace24@mail.com,1
Do you have it in stock?,0
I’m interested in this item.,0
Do you have it in stock?,0
Do you have it in stock?,0
This looks good.,0
How soon can I get it?,0
What’s the price?,0
How soon can I get it?,0
Can you show more photos?,0
I’m interested in this item.,0
What’s the price?,0
Find me on Facebook: https://facebook.com/judy390,1
What are the dimensions?,0
My number is 7741424933,1
f r a n k 7 3 @ m a i l . c o m,1
Where do you ship from?,0
I’m interested in this item.,0
Can you show more photos?,0
Nice product!,0
What are the dimensions?,0
Where do you ship from?,0
What’s the price?,0
Does it come in other colors?,0
Does it come in other colors?,0
Call me at +1 963 679 0329,1
Do you have it in stock?,0
What’s the price?,0
Does it come in other colors?,0
Nice product!,0
How soon can I get it?,0
I’m interested in this item.,0
Do you have it in stock?,0
What’s the price?,0
Nice product!,0
Can you show more photos?,0
Does it come in other colors?,0
Does it come in other colors?,0
Do you have it in stock?,0
Nice product!,0
I’m interested in this item.,0
Do you have it in stock?,0
How soon can I get it?,0
What are the dimensions?,0
Can you show more photos?,0
Do you have it in stock?,0
Where do you ship from?,0
What are the dimensions?,0
Nice product!,0
Where do you ship from?,0
Can you show more photos?,0
Nice product!,0
Where do you ship from?,0
Where do you ship from?,0
Text me at 555-688-9429 for more info.,1
I’m interested in this item.,0
What are the dimensions?,0
What are the dimensions?,0
Message me on Signal: +1 313 333 4021,1
Do you have it in stock?,0
Can you show more photos?,0
I’m interested in this item.,0
This looks good.,0
What’s the price?,0
What’s the price?,0
Where do you ship from?,0
My Snapchat is charlie745,1
How soon can I get it?,0
Can you show more photos?,0
Contact me via Telegram: @john_doe,1
This looks good.,0
Can you show more photos?,0
Nice product!,0
What are the dimensions?,0
Where do you ship from?,0
What are the dimensions?,0
How soon can I get it?,0
What’s the price?,0
What’s the price?,0
I’m interested in this item.,0
telegram: t dot me slash coolcat353,1
How soon can I get it?,0
WhatsApp me at +1-555-150-8920,1
Do you have it in stock?,0
This looks good.,0
Do you have it in stock?,0
Add me on WhatsApp: 157-220-3821,1
What are the dimensions?,0
I’m interested in this item.,0
I’m interested in this item.,0
Can you show more photos?,0
What’s the price?,0
How soon can I get it?,0
Can you show more photos?,0
What’s the price?,0
Can you show more photos?,0
I’m interested in this item.,0
Do you have it in stock?,0
Where do you ship from?,0
Where do you ship from?,0
reach at t w o o o @example.com,1
Nice product!,0
Does it come in other colors?,0
What’s the price?,0
Nice product!,0
Does it come in other colors?,0
Can you share your phone number so I can send you details?,1
Add me on WhatsApp: 555-974-3034,1
I’m interested in this item.,0
Do you have it in stock?,0
Where do you ship from?,0
Can you show more photos?,0
How soon can I get it?,0
fb.com/shopper540,1
How soon can I get it?,0
My Snapchat is grace149,1
Do you have it in stock?,0
How soon can I get it?,0
Send me a DM on Facebook: facebook.com/coolguy42,1
Snapchat me @ shopper824,1
This looks good.,0
How soon can I get it?,0
This looks good.,0
📱 +1-146-248-2412,1
What’s the price?,0
Can you show more photos?,0
Contact: +1-256-602-7699,1
You can reach me at 555-735-1524,1
Reach out on WhatsApp at +1-942-242-9182,1
What are the dimensions?,0
Does it come in other colors?,0
What’s the price?,0
This looks good.,0
Facebook me at 365-962-6912,1
I’m interested in this item.,0
I’m interested in this item.,0
I’m interested in this item.,0
I’m interested in this item.,0
Nice product!,0
How soon can I get it?,0
Where do you ship from?,0
Does it come in other colors?,0
Here's my email: user2671@example.com,1
e m a i l m e @ user8126@example.com,1
How soon can I get it?,0
Where do you ship from?,0
What’s the price?,0
How soon can I get it?,0
What’s the price?,0
How soon can I get it?,0
Message me on Signal: 2221114175,1
Nice product!,0
Connect on LinkedIn (linkedin.com/in/john_doe),1
Hit me up on WhatsApp at 555-271-4378,1
This looks good.,0
This looks good.,0
What’s the price?,0
Can you show more photos?,0
Can you show more photos?,0
Do you have it in stock?,0
Does it come in other colors?,0
I’m interested in this item.,0
Can you show more photos?,0
Where do you ship from?,0
How soon can I get it?,0
Do you have it in stock?,0
Do you have it in stock?,0
telegram: t dot me slash devguy824,1
What’s the price?,0
Does it come in other colors?,0
Do you have it in stock?,0
wanna chat? +1-240-742-7923,1
Contact me on Skype: david279,1
Where do you ship from?,0
Can I have your email address?,1
Does it come in other colors?,0
What’s the price?,0
What are the dimensions?,0
Do you have it in stock?,0
What are the dimensions?,0
How soon can I get it?,0
Does it come in other colors?,0
Can you show more photos?,0
I’m interested in this item.,0
message me via g m a i l at user8088@example.com,1
This looks good.,0
Nice product!,0
Can you show more photos?,0
Where do you ship from?,0
How soon can I get it?,0
Does it come in other colors?,0
How soon can I get it?,0
What are the dimensions?,0
What are the dimensions?,0
What’s the price?,0
Do you have it in stock?,0
I’m interested in this item.,0
What are the dimensions?,0
Nice product!,0
This looks good.,0
Can you show more photos?,0
Do you have it in stock?,0
What’s the price?,0
Text me at 555-306-6827 for more info.,1
What are the dimensions?,0
Where do you ship from?,0
What are the dimensions?,0
Contact: +1-596-229-1509,1
reach at t w o o o @example.com,1
I’m interested in this item.,0
Can you share your phone number so I can send you details?,1
I’m interested in this item.,0
Where do you ship from?,0
Does it come in other colors?,0
This looks good.,0
Do you have it in stock?,0
hmu @ fashionista347,1
Call me at (017) 783-8444,1
Do you have it in stock?,0
Where do you ship from?,0
What are the dimensions?,0
Can you share your phone number so I can send you details?,1
Does it come in other colors?,0
What’s the price?,0
Do you have it in stock?,0
Nice product!,0
Where do you ship from?,0
Where do you ship from?,0
I’m interested in this item.,0
Does it come in other colors?,0
How soon can I get it?,0
Please email me at user2780@example.com,1
Does it come in other colors?,0
Here is my email: user8127@example.com,1
How soon can I get it?,0
This looks good.,0
Do you have it in stock?,0
What’s the price?,0
This looks good.,0
Can you show more photos?,0
find me at user6590@example.com 😉,1
"Email is user7778@example.com, reach out anytime.",1
This looks good.,0
Nice product!,0
What’s the price?,0
My WeChat ID is best_pizza,1
This looks good.,0
Where do you ship from?,0
Where do you ship from?,0
What’s the price?,0
d a v i d 6 3 @ e m a i l . n e t,1
Can I have your email address?,1
Does it come in other colors?,0
Does it come in other colors?,0
How soon can I get it?,0
What are the dimensions?,0
Messenger me at 186-417-2831,1
What’s the price?,0
Does it come in other colors?,0
Does it come in other colors?,0
e m a i l m e @ user1412@example.com,1
Contact me on Skype: frank170,1
get in touch @ user6485@example.com,1
How soon can I get it?,0
This looks good.,0
Nice product!,0
Do you have it in stock?,0
Nice product!,0
Nice product!,0
What are the dimensions?,0
Do you have it in stock?,0
Where do you ship from?,0
What are the dimensions?,0
Where do you ship from?,0
What’s the price?,0
Can you show more photos?,0
Does it come in other colors?,0
Where do you ship from?,0
I’m interested in this item.,0
How soon can I get it?,0
Where do you ship from?,0
Can you show more photos?,0
What’s the price?,0
Does it come in other colors?,0
Where do you ship from?,0
Does it come in other colors?,0
What’s the price?,0
Do you have it in stock?,0
I’m interested in this item.,0
Can you show more photos?,0
What are the dimensions?,0
How soon can I get it?,0
Can you show more photos?,0
This looks good.,0
Does it come in other colors?,0
Can you show more photos?,0
Hit me up on WhatsApp at 555-366-3277,1
Does it come in other colors?,0
This looks good.,0
What are the dimensions?,0
wanna chat? +1-336-666-7557,1
My WeChat ID is fashioneer,1
Does it come in other colors?,0
Can you show more photos?,0
This looks good.,0
How soon can I get it?,0
Follow me on Instagram @best_pizza and DM.,1
How soon can I get it?,0
How soon can I get it?,0
Contact via email: heidi4@example.com,1
This looks good.,0
Does it come in other colors?,0
Reach me at 832-442-5829,1
Can you show more photos?,0
Can you show more photos?,0
Let's connect on LinkedIn: https://linkedin.com/in/eve744,1
Where do you ship from?,0
This looks good.,0
Can you show more photos?,0
What’s the price?,0
Do you have it in stock?,0
Can you show more photos?,0
How soon can I get it?,0
What are the dimensions?,0
How soon can I get it?,0
Does it come in other colors?,0
What are the dimensions?,0
This looks good.,0
Do you have it in stock?,0
Can you show more photos?,0
I’m interested in this item.,0
This looks good.,0
you can DM me at devguy791 on Insta,1
Add me on Facebook (facebook.com/jane.smith),1
What are the dimensions?,0
What’s the price?,0
Where do you ship from?,0
c h a r l i e 5 8 @ e m a i l . n e t,1
I’m interested in this item.,0
c   o   n   t   a   c   t   m   e   0 1 9 - 3 0 7 - 4 1 2 9,1
Can you show more photos?,0
Do you have it in stock?,0
Hit me up on WhatsApp at 555-124-9317,1
Send me a DM on Facebook: facebook.com/coolguy42,1
I’m interested in this item.,0
fb.com/fashionista914,1
my email id is user3672@example.com,1
Where do you ship from?,0
Do you have it in stock?,0
What are the dimensions?,0
Where do you ship from?,0
I’m interested in this item.,0
What are the dimensions?,0
Where do you ship from?,0
What are the dimensions?,0
fb.com/devguy763,1
What are the dimensions?,0
Where do you ship from?,0
Connect on LinkedIn (linkedin.com/in/fashionista177),1
Do you have it in stock?,0
find me at user9215@example.com 😉,1
DM me on Facebook: facebook.com/devguy740,1
Nice product!,0
Nice product!,0
Can you show more photos?,0
Does it come in other colors?,0
This looks good.,0
What are the dimensions?,0
What are the dimensions?,0
My WeChat ID is fashioneer,1
Does it come in other colors?,0
Where do you ship from?,0
Add me on WhatsApp: 0150207618,1
Hit me up on WhatsApp at +1-325-879-6143,1
I’m interested in this item.,0
This looks good.,0
Does it come in other colors?,0
Nice product!,0
Does it come in other colors?,0
Does it come in other colors?,0
I’m interested in this item.,0
Can you show more photos?,0
I’m interested in this item.,0
Do you have it in stock?,0
Can you show more photos?,0
hmu @ fashionista386,1
How soon can I get it?,0
Follow me on Twitter: @charlie926,1
Nice product!,0
Add me on Facebook (facebook.com/fashioneer),1
Does it come in other colors?,0
My WeChat ID is best_pizza,1
telegram: t dot me slash shopper814,1
Send me a DM on Facebook: facebook.com/john_doe,1
What’s the price?,0
What’s the price?,0
Can you show more photos?,0
Nice product!,0
What’s the price?,0
Nice product!,0
What are the dimensions?,0
This looks good.,0
Does it come in other colors?,0
Does it come in other colors?,0
telegram: t dot me slash devguy381,1
Nice product!,0
What are the dimensions?,0
Do you have it in stock?,0
Add me on Facebook (facebook.com/fashioneer),1
How soon can I get it?,0
How soon can I get it?,0
This looks good.,0
What’s the price?,0
What’s the price?,0
Can you show more photos?,0
Please email me at user4533@example.com,1
Where do you ship from?,0
What are the dimensions?,0
Does it come in other colors?,0
Do you have it in stock?,0
This looks good.,0
I’m interested in this item.,0
Where do you ship from?,0
Contact me via Telegram: @shop_owner,1
Do you have it in stock?,0
Does it come in other colors?,0
Do you have it in stock?,0
Nice product!,0
fb.com/shopper942,1
What are the dimensions?,0
How soon can I get it?,0
This looks good.,0
How soon can I get it?,0
What’s the price?,0
Reach me at +1 343 495 1951,1
What are the dimensions?,0
Where do you ship from?,0
Where do you ship from?,0
What’s the price?,0
What are the dimensions?,0
Nice product!,0
Where do you ship from?,0
I’m interested in this item.,0
Where do you ship from?,0
Nice product!,0
e m a i l m e @ user6513@example.com,1
You can reach me at 555-855-7276,1
I’m interested in this item.,0
Nice product!,0
LinkedIn me at (268) 876-3208,1
Add me on WhatsApp: 179-208-7886,1
What are the dimensions?,0
Nice product!,0
Messenger me at 8733081706,1
Text me at 555-976-1798 for more info.,1
Hit me up on WhatsApp at +1-358-885-5275,1
Nice product!,0
Can you show more photos?,0
How soon can I get it?,0
Does it come in other colors?,0
My WeChat ID is tech_lead,1
How soon can I get it?,0
What are the dimensions?,0
Can you show more photos?,0
Nice product!,0
What are the dimensions?,0
Does it come in other colors?,0
Can you show more photos?,0
What are the dimensions?,0
What are the dimensions?,0
Hit me up on WhatsApp at 555-890-6080,1
Connect on LinkedIn (linkedin.com/in/shopper436),1
Contact: +1-918-274-4889,1
This looks good.,0
Can you show more photos?,0
Can you show more photos?,0
Can you show more photos?,0
Can you show more photos?,0
This looks good.,0
What are the dimensions?,0
This looks good.,0
Can you share your phone number so I can send you details?,1
Does it come in other colors?,0
Where do you ship from?,0
Nice product!,0
What are the dimensions?,0
Snapchat me @ shopper301,1
This looks good.,0
Can you show more photos?,0
Do you have it in stock?,0
Add me on WhatsApp: 555-488-4519,1
Where do you ship from?,0
What’s the price?,0
What are the dimensions?,0
Does it come in other colors?,0
Where do you ship from?,0
What’s the price?,0
How soon can I get it?,0
I’m interested in this item.,0
What’s the price?,0
Does it come in other colors?,0
Does it come in other colors?,0
Where do you ship from?,0
What’s the price?,0
This looks good.,0
Can you show more photos?,0
Do you have it in stock?,0
Can you show more photos?,0
I’m interested in this item.,0
How soon can I get it?,0
Do you have it in stock?,0
How soon can I get it?,0
Where do you ship from?,0
How soon can I get it?,0
This looks good.,0
What are the dimensions?,0
Nice product!,0
📧 user1261@example.com,1
Can you show more photos?,0
Can you show more photos?,0
This looks good.,0
snap me at s-n-a-p coolcat244,1
Hit me up on WhatsApp at 555-230-5606,1
Nice product!,0
Can you show more photos?,0
How soon can I get it?,0
What are the dimensions?,0
This looks good.,0
telegram: t dot me slash fashionista694,1
Message me on Signal: (963) 906-5588,1
Nice product!,0
Message me on Snapchat: john_doe,1
Does it come in other colors?,0
Contact via email: bob50@example.com,1
Follow me on Twitter: @bob758,1
📧 user9899@example.com,1
I’m interested in this item.,0
What are the dimensions?,0
Text me at +1-703-597-1552,1
How soon can I get it?,0
Nice product!,0
Does it come in other colors?,0
Does it come in other colors?,0
Nice product!,0
Nice product!,0
Where do you ship from?,0
What’s the price?,0
What are the dimensions?,0
Let's connect on LinkedIn: https://linkedin.com/in/bob609,1
How soon can I get it?,0
This looks good.,0
I’m interested in this item.,0
Where do you ship from?,0
Can you show more photos?,0
This looks good.,0
Can you show more photos?,0
Does it come in other colors?,0
Snapchat me @ shopper170,1
What’s the price?,0
Nice product!,0
I’m interested in this item.,0
Does it come in other colors?,0
This looks good.,0
Where do you ship from?,0
Message me on Snapchat: coolguy42,1
Where do you ship from?,0
Connect on LinkedIn (linkedin.com/in/devguy987),1
Does it come in other colors?,0
Can you show more photos?,0
Does it come in other colors?,0
This looks good.,0
Where do you ship from?,0
How soon can I get it?,0
message me via g m a i l at user1500@example.com,1
Do you have it in stock?,0
Does it come in other colors?,0
What’s the price?,0
I’m interested in this item.,0
Let's connect on LinkedIn: linkedin.com/in/designer123,1
Where do you ship from?,0
Where do you ship from?,0
Nice product!,0
Does it come in other colors?,0
What are the dimensions?,0
Can you show more photos?,0
Do you have it in stock?,0
What are the dimensions?,0
Skype me at 8638986050,1
Does it come in other colors?,0
Ping me on Telegram: @heidi204,1
Snapchat me @ coolcat990,1
How soon can I get it?,0
Where do you ship from?,0
This looks good.,0
This looks good.,0
What’s the price?,0
Follow me on Twitter: @alice64,1
What are the dimensions?,0
Does it come in other colors?,0
Do you have it in stock?,0
Call me at 066-860-5205,1
Can you show more photos?,0
Does it come in other colors?,0
My TikTok: @david121,1
Where do you ship from?,0
Does it come in other colors?,0
What are the dimensions?,0
How soon can I get it?,0
Do you have it in stock?,0
TikTok me at +1 543 780 4939,1
This looks good.,0
I’m interested in this item.,0
How soon can I get it?,0
This looks good.,0
What’s the price?,0
Follow me on Instagram @tech_lead and DM.,1
Can I have your email address?,1
What’s the price?,0
Do you have it in stock?,0
Do you have it in stock?,0
What are the dimensions?,0
Nice product!,0
snap me at s-n-a-p shopper925,1
Can you show more photos?,0
This looks good.,0
Does it come in other colors?,0
Mail me: bob15@email.net,1
DM me on Instagram @designer123,1
Nice product!,0
What’s the price?,0
What’s the price?,0
I’m interested in this item.,0
What are the dimensions?,0
my digits: +1-973-318-8636,1
Nice product!,0
You can reach me at 555-958-4720,1
Can you show more photos?,0
Connect on LinkedIn (linkedin.com/in/designer123),1
What are the dimensions?,0
telegram: t dot me slash coolcat354,1
Where do you ship from?,0
Message me on Snapchat: designer123,1
Contact me via Telegram: @fashioneer,1
I’m interested in this item.,0
This looks good.,0
Add me on WhatsApp: 555-899-1377,1
What’s the price?,0
Where do you ship from?,0
What’s the price?,0
Where do you ship from?,0
Message me on Signal: (403) 448-6398,1
My TikTok: @heidi806,1
C o n t a c t :   ( 9 1 5 )   4 1 3 - 2 7 8 1,1
Can you show more photos?,0
Where do you ship from?,0
Nice product!,0
What’s the price?,0
I’m interested in this item.,0
Does it come in other colors?,0
Does it come in other colors?,0
Can you show more photos?,0
What’s the price?,0
Can you show more photos?,0
What’s the price?,0
Where do you ship from?,0
Do you have it in stock?,0
Does it come in other colors?,0
Email me at grace25@example.com,1
Nice product!,0
Nice product!,0
Message me at user1598@example.com,1
This looks good.,0
This looks good.,0
I’m interested in this item.,0
This looks good.,0
Do you have it in stock?,0
I’m interested in this item.,0
This looks good.,0
Can you show more photos?,0
Do you have it in stock?,0
Nice product!,0
C o n t a c t :   + 1   7 9 2   0 0 0   5 1 8 5,1
I’m interested in this item.,0
Can you show more photos?,0
Does it come in other colors?,0
What are the dimensions?,0
Send me a DM on Facebook: facebook.com/fashionguru,1
"My contact is 555-828-5751, call me.",1
t e l : +1-934-570-7469,1
Do you have it in stock?,0
What are the dimensions?,0
Hit me up on WhatsApp at +1-576-533-7748,1
Where do you ship from?,0
Do you have it in stock?,0
How soon can I get it?,0
How soon can I get it?,0
Nice product!,0
What’s the price?,0
Do you have it in stock?,0
my email id is user157@example.com,1
Do you have it in stock?,0
What are the dimensions?,0
Nice product!,0
you can DM me at fashionista477 on Insta,1
I’m interested in this item.,0
What’s the price?,0
C o n t a c t :   5 0 0 - 1 8 3 - 6 0 3 7,1
Do you have it in stock?,0
Do you have it in stock?,0
DM me on Instagram: @grace716,1
Do you have it in stock?,0
My Snapchat is alice693,1
What’s the price?,0
This looks good.,0
Where do you ship from?,0
Where do you ship from?,0
How soon can I get it?,0
This looks good.,0
Nice product!,0
Here is my email: user1041@example.com,1
I’m interested in this item.,0
Nice product!,0
find me at user9595@example.com 😉,1
Does it come in other colors?,0
Do you have it in stock?,0
Does it come in other colors?,0
Hit me up on WhatsApp at 555-582-4314,1
How soon can I get it?,0
Text me at (525) 740-2147,1
Do you have it in stock?,0
This looks good.,0
Reach out on WhatsApp at +1-253-335-4396,1
How soon can I get it?,0
Can you show more photos?,0
I’m interested in this item.,0
WhatsApp me at +1-555-179-2109,1
How soon can I get it?,0
Follow me on Instagram @fashionguru and DM.,1
Where do you ship from?,0
What are the dimensions?,0
My number is +1 566 682 0064,1
This looks good.,0
Do you have it in stock?,0
Can you show more photos?,0
What are the dimensions?,0
How soon can I get it?,0
What are the dimensions?,0
Does it come in other colors?,0
What’s the price?,0
Where do you ship from?,0
Email me at eve56@test.org,1
Can you show more photos?,0
Does it come in other colors?,0
e m a i l m e @ user6379@example.com,1
Can you show more photos?,0
I’m interested in this item.,0
Nice product!,0
Do you have it in stock?,0
What are the dimensions?,0
Here is my email: user1638@example.com,1
What are the dimensions?,0
What are the dimensions?,0
Nice product!,0
I’m interested in this item.,0
Can you show more photos?,0
What are the dimensions?,0
DM me on Instagram @shop_owner,1
Does it come in other colors?,0
Does it come in other colors?,0
Do you have it in stock?,0
DM me on Instagram: @charlie554,1
Nice product!,0
I’m interested in this item.,0
Follow me on Instagram @designer123 and DM.,1
Does it come in other colors?,0
📧 user4007@example.com,1
Do you have it in stock?,0
Can you show more photos?,0
DM me on Instagram: @heidi331,1
Do you have it in stock?,0
My Snapchat is eve313,1
DM me on Instagram: @alice335,1
Does it come in other colors?,0
I’m interested in this item.,0
Does it come in other colors?,0
Can I have your email address?,1
You can reach me at +1-830-147-5020,1
Connect on LinkedIn (linkedin.com/in/coolcat951),1
Nice product!,0
Nice product!,0
My number is 735-020-6932,1
WhatsApp me at +1-555-537-8147,1
Do you have it in stock?,0
Where do you ship from?,0
This looks good.,0
I’m interested in this item.,0
Can you show more photos?,0
Does it come in other colors?,0
Nice product!,0
Do you have it in stock?,0
What are the dimensions?,0
Let's connect on LinkedIn: https://linkedin.com/in/heidi798,1
Where do you ship from?,0
What’s the price?,0
Can you show more photos?,0
Can you show more photos?,0
This looks good.,0
fb.com/devguy456,1
Contact me via Telegram: @fashionguru,1
This looks good.,0
e m a i l m e @ user9981@example.com,1
Contact via email: bob13@test.org,1
Where do you ship from?,0
I’m interested in this item.,0
What are the dimensions?,0
How soon can I get it?,0
What’s the price?,0
How soon can I get it?,0
Where do you ship from?,0
What’s the price?,0
What are the dimensions?,0
I’m interested in this item.,0
I’m interested in this item.,0
Message me on Snapchat: shopper99,1
Does it come in other colors?,0
Does it come in other colors?,0
c   o   n   t   a   c   t   m   e   9 0 2 4 5 6 6 4 8 0,1
This looks good.,0
How soon can I get it?,0
Does it come in other colors?,0
Can you show more photos?,0
I’m interested in this item.,0
"Email is user3282@example.com, reach out anytime.",1
This looks good.,0
Ping me on Telegram: @heidi89,1
Can I have your email address?,1
What’s the price?,0
What are the dimensions?,0
I’m interested in this item.,0
I’m interested in this item.,0
Can you show more photos?,0
I’m interested in this item.,0
How soon can I get it?,0
Do you have it in stock?,0
I’m interested in this item.,0
reach at t w o o o @example.com,1
Email me at david42@example.com,1
Message via email: heidi91@email.net,1
How soon can I get it?,0
What’s the price?,0
Do you have it in stock?,0
Can you show more photos?,0
Add me on Facebook (facebook.com/fashioneer),1
What’s the price?,0
Nice product!,0
message me via g m a i l at user2540@example.com,1
This looks good.,0
Nice product!,0
Nice product!,0
"Email is user8966@example.com, reach out anytime.",1
What are the dimensions?,0
This looks good.,0
What are the dimensions?,0
wanna chat? +1-296-454-4262,1
How soon can I get it?,0
This looks good.,0
Can you show more photos?,0
Reach me at 0308738356,1
Contact via email: alice34@mail.com,1
My number is +1 889 866 3964,1
i v a n 1 @ e x a m p l e . c o m,1
What’s the price?,0
How soon can I get it?,0
DM me on Facebook: facebook.com/fashionista810,1
DM me on Instagram: @david434,1
Can you show more photos?,0
Nice product!,0
What’s the price?,0
Can you show more photos?,0
I’m interested in this item.,0
Do you have it in stock?,0
I’m interested in this item.,0
my digits: +1-119-762-7419,1
What’s the price?,0
Do you have it in stock?,0
Does it come in other colors?,0
What’s the price?,0
How soon can I get it?,0
Nice product!,0
Nice product!,0
Does it come in other colors?,0
Does it come in other colors?,0
I’m interested in this item.,0
Can you show more photos?,0
What’s the price?,0
What’s the price?,0
📱 +1-598-579-7979,1
Where do you ship from?,0
Call me at +1 547 870 6284,1
Does it come in other colors?,0
Instagram me at +1 007 005 2341,1
Can you share your phone number so I can send you details?,1
Do you have it in stock?,0
What’s the price?,0
Where do you ship from?,0
This looks good.,0
Where do you ship from?,0
This looks good.,0
What’s the price?,0
I’m interested in this item.,0
Can you show more photos?,0
Add me on WhatsApp: 227-763-5032,1
Can you show more photos?,0
Where do you ship from?,0
Where do you ship from?,0
What are the dimensions?,0
What are the dimensions?,0
How soon can I get it?,0
Nice product!,0
How soon can I get it?,0
Does it come in other colors?,0
Nice product!,0
Please email me at user8867@example.com,1
How soon can I get it?,0
What’s the price?,0
Does it come in other colors?,0
This looks good.,0
Message me on Signal: 868-068-5548,1
Can you show more photos?,0
Does it come in other colors?,0
Does it come in other colors?,0
This looks good.,0
Can you show more photos?,0
Message me on Signal: +1 484 852 2899,1
Do you have it in stock?,0
I’m interested in this item.,0
What are the dimensions?,0
I’m interested in this item.,0
I’m interested in this item.,0
Can you show more photos?,0
Find me on Facebook: https://facebook.com/alice588,1
Nice product!,0
find me at user3043@example.com 😉,1
I’m interested in this item.,0
Can you show more photos?,0
Email me at david39@test.org,1
Does it come in other colors?,0
Nice product!,0
This looks good.,0
Where do you ship from?,0
How soon can I get it?,0
What are the dimensions?,0
Follow me on Instagram @tech_lead and DM.,1
Does it come in other colors?,0
Nice product!,0
Can you share your phone number so I can send you details?,1
C a l l   m e :   8 7 4 9 6 5 3 2 4 7,1
Text me at 555-496-8766 for more info.,1
Where do you ship from?,0
What’s the price?,0
Do you have it in stock?,0
What are the dimensions?,0
Does it come in other colors?,0
What’s the price?,0
Reach me at +1 748 740 8255,1
"My contact is 555-774-1715, call me.",1
Nice product!,0
Where do you ship from?,0
Where do you ship from?,0
Can you show more photos?,0
How soon can I get it?,0
Can you share your phone number so I can send you details?,1
Where do you ship from?,0
Nice product!,0
Nice product!,0
I’m interested in this item.,0
Can you show more photos?,0
Connect on LinkedIn (linkedin.com/in/devguy245),1
Where do you ship from?,0
Can you show more photos?,0
This looks good.,0
Can you show more photos?,0
What’s the price?,0
What are the dimensions?,0
Where do you ship from?,0
What are the dimensions?,0
Does it come in other colors?,0
This looks good.,0
This looks good.,0
How soon can I get it?,0
My number is 666-907-5046,1
Add me on Facebook (facebook.com/tech_lead),1
Do you have it in stock?,0
Nice product!,0
How soon can I get it?,0
What are the dimensions?,0
Can you show more photos?,0
Do you have it in stock?,0
I’m interested in this item.,0
Where do you ship from?,0
This looks good.,0
Where do you ship from?,0
Can you show more photos?,0
What’s the price?,0
Can you show more photos?,0
I’m interested in this item.,0
Reach out on WhatsApp at +1-437-704-8424,1
Do you have it in stock?,0
Nice product!,0
Does it come in other colors?,0
Where do you ship from?,0
DM me on Facebook: facebook.com/coolcat497,1
Let's connect on LinkedIn: https://linkedin.com/in/judy630,1
What’s the price?,0
Do you have it in stock?,0
DM me on Facebook: facebook.com/devguy76,1
Can you show more photos?,0
Nice product!,0
Message via email: alice23@email.net,1
How soon can I get it?,0
Please email me at user2444@example.com,1
Send me a DM on Facebook: facebook.com/john_doe,1
you can DM me at coolcat279 on Insta,1
Where do you ship from?,0
What are the dimensions?,0
Do you have it in stock?,0
Does it come in other colors?,0
Email me at eve20@email.net,1
This looks good.,0
snap me at s-n-a-p devguy189,1
you can DM me at coolcat823 on Insta,1
Nice product!,0
Nice product!,0
What are the dimensions?,0
Here is my email: user7982@example.com,1
I’m interested in this item.,0
Can you show more photos?,0
Message me at user3748@example.com,1
telegram: t dot me slash fashionista294,1
I’m interested in this item.,0
Does it come in other colors?,0
Can you show more photos?,0
Do you have it in stock?,0
Does it come in other colors?,0
Do you have it in stock?,0
What are the dimensions?,0
Connect on LinkedIn (linkedin.com/in/designer123),1
This looks good.,0
Nice product!,0
Where do you ship from?,0
Nice product!,0
Where do you ship from?,0
Can you show more photos?,0
Nice product!,0
Do you have it in stock?,0
What’s the price?,0
Does it come in other colors?,0
I’m interested in this item.,0
Does it come in other colors?,0
Do you have it in stock?,0
Nice product!,0
What’s the price?,0
Do you have it in stock?,0
Where do you ship from?,0
Nice product!,0
What are the dimensions?,0
What’s the price?,0
Nice product!,0
This looks good.,0
This looks good.,0
Can you show more photos?,0
Hit me up on WhatsApp at +1-536-243-9042,1
Where do you ship from?,0
What’s the price?,0
Nice product!,0
Does it come in other colors?,0
Hit me up on WhatsApp at +1-405-617-7257,1
What are the dimensions?,0
Does it come in other colors?,0
Text me at 726-619-5829,1
Nice product!,0
Can you show more photos?,0
Where do you ship from?,0
Do you have it in stock?,0
This looks good.,0
Please email me at user8609@example.com,1
📱 +1-763-925-3150,1
How soon can I get it?,0
How soon can I get it?,0
Where do you ship from?,0
Text me at (864) 057-8587,1
Where do you ship from?,0
Do you have it in stock?,0
Can you show more photos?,0
Do you have it in stock?,0
My Snapchat is charlie382,1
Connect on LinkedIn (linkedin.com/in/coolguy42),1
Does it come in other colors?,0
I’m interested in this item.,0
Can you show more photos?,0
What are the dimensions?,0
What’s the price?,0
What’s the price?,0
How soon can I get it?,0
I’m interested in this item.,0
What’s the price?,0
What are the dimensions?,0
Contact me via Telegram: @tech_lead,1
What are the dimensions?,0
Can you show more photos?,0
Where do you ship from?,0
I’m interested in this item.,0
Nice product!,0
What’s the price?,0
What are the dimensions?,0
wanna chat? +1-721-468-2724,1
Where do you ship from?,0
Can you show more photos?,0
Can you show more photos?,0
Where do you ship from?,0
Can you show more photos?,0
Does it come in other colors?,0
What are the dimensions?,0
Does it come in other colors?,0
Do you have it in stock?,0
Can you show more photos?,0
What are the dimensions?,0
What are the dimensions?,0
Send me a DM on Facebook: facebook.com/shop_owner,1
Nice product!,0
I’m interested in this item.,0
What’s the price?,0
How soon can I get it?,0
Can you show more photos?,0
How soon can I get it?,0
c   o   n   t   a   c   t   m   e   1 8 2 4 2 6 3 0 1 8,1
Do you have it in stock?,0
Nice product!,0
Can you show more photos?,0
Nice product!,0
Does it come in other colors?,0
How soon can I get it?,0
Does it come in other colors?,0
Let's connect on LinkedIn: https://linkedin.com/in/david64,1
This looks good.,0
How soon can I get it?,0
What are the dimensions?,0
What are the dimensions?,0
Send me a DM on Facebook: facebook.com/designer123,1
What are the dimensions?,0
Can you show more photos?,0
Nice product!,0
This looks good.,0
you can DM me at devguy942 on Insta,1
How soon can I get it?,0
How soon can I get it?,0
What’s the price?,0
Can you show more photos?,0
Can you show more photos?,0
Do you have it in stock?,0
What are the dimensions?,0
My TikTok: @heidi296,1
Nice product!,0
Text me at +1-712-742-2373,1
I’m interested in this item.,0
This looks good.,0
Where do you ship from?,0
I’m interested in this item.,0
reach at t w o o o @example.com,1
Can you show more photos?,0
t e l : +1-416-508-4060,1
Here is my email: user1108@example.com,1
Where do you ship from?,0
Nice product!,0
Can you show more photos?,0
Message via email: charlie73@mail.com,1
Can you show more photos?,0
Contact via email: grace29@mail.com,1
Call me at 1384773904,1
Do you have it in stock?,0
e m a i l m e @ user1623@example.com,1
How soon can I get it?,0
C o n t a c t :   + 1   3 5 5   5 8 3   3 7 6 3,1
How soon can I get it?,0
This looks good.,0
Do you have it in stock?,0
Text me at 555-576-2228 for more info.,1
Nice product!,0
Nice product!,0
How soon can I get it?,0
How soon can I get it?,0
Where do you ship from?,0
Where do you ship from?,0
Message me at user8366@example.com,1
I’m interested in this item.,0
Can you show more photos?,0
What are the dimensions?,0
Does it come in other colors?,0
What are the dimensions?,0
Contact me via Telegram: @tech_lead,1
What are the dimensions?,0
Can you share your phone number so I can send you details?,1
hmu @ devguy867,1
Message me on Snapchat: designer123,1
I’m interested in this item.,0
Nice product!,0
Where do you ship from?,0
How soon can I get it?,0
Do you have it in stock?,0
Can you show more photos?,0
What are the dimensions?,0
Nice product!,0
Does it come in other colors?,0
Does it come in other colors?,0
What’s the price?,0
This looks good.,0
Does it come in other colors?,0
Where do you ship from?,0
Do you have it in stock?,0
Can you show more photos?,0
This looks good.,0
Does it come in other colors?,0
I’m interested in this item.,0
Where do you ship from?,0
What are the dimensions?,0
Where do you ship from?,0
How soon can I get it?,0
I’m interested in this item.,0
How soon can I get it?,0
get in touch @ user1005@example.com,1
This looks good.,0
Nice product!,0
I’m interested in this item.,0
Message me on Snapchat: shop_owner,1
I’m interested in this item.,0
WhatsApp me at +1-555-809-4372,1
Here's my email: user7824@example.com,1
Do you have it in stock?,0
Do you have it in stock?,0
Message me at user1692@example.com,1
I’m interested in this item.,0
📧 user6453@example.com,1
How soon can I get it?,0
What’s the price?,0
What’s the price?,0
Message me on Signal: +1 579 352 9342,1
Can you show more photos?,0
What’s the price?,0
This looks good.,0
Snapchat me @ devguy68,1
How soon can I get it?,0
Hit me up on WhatsApp at 555-413-8188,1
Message me at user7982@example.com,1
Can you show more photos?,0
What’s the price?,0
This looks good.,0
Nice product!,0
How soon can I get it?,0
Here is my email: user6824@example.com,1
How soon can I get it?,0
What’s the price?,0
Nice product!,0
I’m interested in this item.,0
What’s the price?,0
What’s the price?,0
This looks good.,0
What are the dimensions?,0
Does it come in other colors?,0
Nice product!,0
Nice product!,0
I’m interested in this item.,0
What are the dimensions?,0
Nice product!,0
Do you have it in stock?,0
I’m interested in this item.,0
Text me at 1405570660,1
Nice product!,0
What are the dimensions?,0
Do you have it in stock?,0
Reach out on WhatsApp at +1-760-873-3400,1
Nice product!,0
Does it come in other colors?,0
Does it come in other colors?,0
Find me on Facebook: https://facebook.com/grace487,1
Where do you ship from?,0
How soon can I get it?,0
c   o   n   t   a   c   t   m   e   + 1   8 1 0   0 1 6   5 5 8 0,1
This looks good.,0
hmu @ shopper822,1
How soon can I get it?,0
How soon can I get it?,0
I’m interested in this item.,0
This looks good.,0
C a l l   m e :   ( 1 6 3 )   4 8 0 - 7 3 3 4,1
Can you show more photos?,0
wanna chat? +1-890-858-1796,1
What’s the price?,0
Message me on Snapchat: coolguy42,1
Nice product!,0
What are the dimensions?,0
This looks good.,0
Does it come in other colors?,0
What’s the price?,0
Does it come in other colors?,0
Where do you ship from?,0
What’s the price?,0
What are the dimensions?,0
This looks good.,0
Does it come in other colors?,0
Can you show more photos?,0
Does it come in other colors?,0
Does it come in other colors?,0
How soon can I get it?,0
Do you have it in stock?,0
Where do you ship from?,0
Nice product!,0
C a l l   m e :   ( 6 1 6 )   8 1 5 - 5 3 8 7,1
I’m interested in this item.,0
Do you have it in stock?,0
fb.com/devguy561,1
I’m interested in this item.,0
I’m interested in this item.,0
How soon can I get it?,0
This looks good.,0
C a l l   m e :   3 5 9 5 2 8 1 5 4 8,1
Where do you ship from?,0
Can you show more photos?,0
my digits: +1-830-604-5681,1
Nice product!,0
What’s the price?,0
Where do you ship from?,0
Do you have it in stock?,0
Can you show more photos?,0
Can you show more photos?,0
Nice product!,0
Can you show more photos?,0
Does it come in other colors?,0
Where do you ship from?,0
Can you show more photos?,0
Nice product!,0
Nice product!,0
Where do you ship from?,0
This looks good.,0
I’m interested in this item.,0
Where do you ship from?,0
What are the dimensions?,0
What’s the price?,0
I’m interested in this item.,0
snap me at s-n-a-p coolcat867,1
What’s the price?,0
Where do you ship from?,0
What’s the price?,0
Can you show more photos?,0
a l i c e 6 7 @ e m a i l . n e t,1
Nice product!,0
What are the dimensions?,0
Does it come in other colors?,0
wanna chat? +1-935-694-1419,1
Does it come in other colors?,0
Do you have it in stock?,0
This looks good.,0
What’s the price?,0
Call me at 9711606758,1
How soon can I get it?,0
Do you have it in stock?,0
you can DM me at fashionista170 on Insta,1
What’s the price?,0
Does it come in other colors?,0
This looks good.,0
What’s the price?,0
Where do you ship from?,0
Contact me via Telegram: @jane.smith,1
Add me on WhatsApp: 555-245-5660,1
Nice product!,0
Nice product!,0
Ping me on Telegram: @eve522,1
Can you show more photos?,0
What’s the price?,0
Do you have it in stock?,0
This looks good.,0
What’s the price?,0
Where do you ship from?,0
Nice product!,0
Does it come in other colors?,0
Do you have it in stock?,0
How soon can I get it?,0
C o n t a c t :   ( 1 3 3 )   8 7 0 - 8 7 9 7,1
How soon can I get it?,0
Can you show more photos?,0
Can you show more photos?,0
Nice product!,0
Where do you ship from?,0
t e l : +1-431-587-6653,1
What are the dimensions?,0
Nice product!,0
This looks good.,0
This looks good.,0
Can you show more photos?,0
Where do you ship from?,0
This looks good.,0
What’s the price?,0
Where do you ship from?,0
How soon can I get it?,0
Where do you ship from?,0
What’s the price?,0
Can you show more photos?,0
How soon can I get it?,0
How soon can I get it?,0
Does it come in other colors?,0
Does it come in other colors?,0
Please email me at user3841@example.com,1
How soon can I get it?,0
Let's connect on LinkedIn: https://linkedin.com/in/judy274,1
Send me a DM on Facebook: facebook.com/shop_owner,1
Nice product!,0
Can I have your email address?,1
Nice product!,0
Here's my email: user4196@example.com,1
Can I have your email address?,1
How soon can I get it?,0
What are the dimensions?,0
What’s the price?,0
Can you show more photos?,0
This looks good.,0
How soon can I get it?,0
Can you show more photos?,0
Where do you ship from?,0
How soon can I get it?,0
Does it come in other colors?,0
Nice product!,0
How soon can I get it?,0
Nice product!,0
Where do you ship from?,0
Where do you ship from?,0
Does it come in other colors?,0
c h a r l i e 5 3 @ t e s t . o r g,1
I’m interested in this item.,0
This looks good.,0
How soon can I get it?,0
What are the dimensions?,0
Does it come in other colors?,0
What’s the price?,0
I’m interested in this item.,0
Nice product!,0
Does it come in other colors?,0
Where do you ship from?,0
Can you show more photos?,0
Does it come in other colors?,0
Can you show more photos?,0
How soon can I get it?,0
Can you show more photos?,0
Where do you ship from?,0
I’m interested in this item.,0
What are the dimensions?,0
What are the dimensions?,0
How soon can I get it?,0
How soon can I get it?,0
Do you have it in stock?,0
This looks good.,0
📱 +1-376-244-7894,1
I’m interested in this item.,0
Hit me up on WhatsApp at 555-549-1895,1
Add me on WhatsApp: 555-672-9572,1
Contact via email: heidi4@email.net,1
I’m interested in this item.,0
How soon can I get it?,0
Do you have it in stock?,0
Telegram me at 0447480739,1
How soon can I get it?,0
Connect on LinkedIn (linkedin.com/in/shopper99),1
Follow me on Twitter: @david404,1
This looks good.,0
What are the dimensions?,0
This looks good.,0
Does it come in other colors?,0
Nice product!,0
Nice product!,0
Where do you ship from?,0
How soon can I get it?,0
Nice product!,0
What’s the price?,0
📧 user3185@example.com,1
Please email me at user6999@example.com,1
Can you show more photos?,0
What are the dimensions?,0
Do you have it in stock?,0
What are the dimensions?,0
Nice product!,0
Do you have it in stock?,0
Can you show more photos?,0
Nice product!,0
I’m interested in this item.,0
Do you have it in stock?,0
Connect on LinkedIn (linkedin.com/in/jane.smith),1
I’m interested in this item.,0
Does it come in other colors?,0
Do you have it in stock?,0
Can you show more photos?,0
Do you have it in stock?,0
Here is my email: user3110@example.com,1
Send me a DM on Facebook: facebook.com/coolguy42,1
Does it come in other colors?,0
Do you have it in stock?,0
Email me at judy18@mail.com,1
Do you have it in stock?,0
This looks good.,0
Does it come in other colors?,0
Can you share your phone number so I can send you details?,1
Message me at user4750@example.com,1
Can you show more photos?,0
Can you show more photos?,0
Nice product!,0
Contact: +1-496-712-9283,1
Nice product!,0
How soon can I get it?,0
Where do you ship from?,0
Can you show more photos?,0
Does it come in other colors?,0
This looks good.,0
Contact me on Skype: grace938,1
Does it come in other colors?,0
Here is my email: user3881@example.com,1
Can you show more photos?,0
My TikTok: @ivan295,1
Nice product!,0
Does it come in other colors?,0
What’s the price?,0
What are the dimensions?,0
I’m interested in this item.,0
Do you have it in stock?,0
I’m interested in this item.,0
Do you have it in stock?,0
I’m interested in this item.,0
Can you show more photos?,0
How soon can I get it?,0
What are the dimensions?,0
Where do you ship from?,0
How soon can I get it?,0
Do you have it in stock?,0
"Email is user8437@example.com, reach out anytime.",1
What’s the price?,0
How soon can I get it?,0
What’s the price?,0
Do you have it in stock?,0
Nice product!,0
Here is my email: user7261@example.com,1
Where do you ship from?,0
I’m interested in this item.,0
Does it come in other colors?,0
Contact me via Telegram: @designer123,1
Where do you ship from?,0
What’s the price?,0
Does it come in other colors?,0
Can you show more photos?,0
Where do you ship from?,0
Does it come in other colors?,0
Ping me on Telegram: @alice755,1
Where do you ship from?,0
Where do you ship from?,0
Do you have it in stock?,0
Does it come in other colors?,0
Where do you ship from?,0
Text me at +1-505-261-2649,1
Add me on WhatsApp: 555-425-1160,1
This looks good.,0
How soon can I get it?,0
What are the dimensions?,0
Follow me on Twitter: @grace718,1
Do you have it in stock?,0
WhatsApp me at +1-555-401-7125,1
What are the dimensions?,0
What’s the price?,0
Does it come in other colors?,0
Where do you ship from?,0
Nice product!,0
Let's connect on LinkedIn: https://linkedin.com/in/frank517,1
What are the dimensions?,0
Do you have it in stock?,0
Do you have it in stock?,0
I’m interested in this item.,0
c   o   n   t   a   c   t   m   e   8 1 6 - 5 7 0 - 1 4 7 6,1
I’m interested in this item.,0
What’s the price?,0
What are the dimensions?,0
DM me on Instagram: @david197,1
Do you have it in stock?,0
Can you share your phone number so I can send you details?,1
e m a i l m e @ user2269@example.com,1
Where do you ship from?,0
Here is my email: user8300@example.com,1
How soon can I get it?,0
Where do you ship from?,0
Nice product!,0
What’s the price?,0
I’m interested in this item.,0
What’s the price?,0
You can reach me at 555-792-1530,1
This looks good.,0
This looks good.,0
Can you show more photos?,0
Ping me on Telegram: @heidi442,1
Can you show more photos?,0
Reach out on WhatsApp at +1-307-982-5265,1
This looks good.,0
Text me at 555-193-9327 for more info.,1
This looks good.,0
Where do you ship from?,0
telegram: t dot me slash coolcat958,1
Does it come in other colors?,0
What’s the price?,0
Where do you ship from?,0
Where do you ship from?,0
How soon can I get it?,0
Let's connect on LinkedIn: linkedin.com/in/shopper99,1
You can reach me at +1-430-863-6700,1
How soon can I get it?,0
Do you have it in stock?,0
What are the dimensions?,0
Can you show more photos?,0
You can reach me at 555-817-2913,1
Here's my email: user9585@example.com,1
Can you show more photos?,0
Text me at +1-298-615-4265,1
How soon can I get it?,0
telegram: t dot me slash fashionista817,1
t e l : +1-410-518-2858,1
I’m interested in this item.,0
my digits: +1-220-542-7669,1
What’s the price?,0
message me via g m a i l at user9160@example.com,1
What are the dimensions?,0
This looks good.,0
What’s the price?,0
Here is my email: user9123@example.com,1
Call me at 597-970-4568,1
This looks good.,0
Can you show more photos?,0
Where do you ship from?,0
Where do you ship from?,0
How soon can I get it?,0
Here's my email: user3541@example.com,1
How soon can I get it?,0
What’s the price?,0
Nice product!,0
I’m interested in this item.,0
Nice product!,0
This looks good.,0
Call me at (260) 971-4705,1
Where do you ship from?,0
WhatsApp me at (312) 908-3796,1
"Email is user3011@example.com, reach out anytime.",1
Email me at alice26@example.com,1
What are the dimensions?,0
Do you have it in stock?,0
Do you have it in stock?,0
How soon can I get it?,0
Send me a DM on Facebook: facebook.com/john_doe,1
What’s the price?,0
What’s the price?,0
What are the dimensions?,0
Can you show more photos?,0
I’m interested in this item.,0
Where do you ship from?,0
I’m interested in this item.,0
Nice product!,0
Can you show more photos?,0
c   o   n   t   a   c   t   m   e   9 4 7 2 9 9 0 8 4 7,1
Nice product!,0
How soon can I get it?,0
How soon can I get it?,0
Contact me via Telegram: @shopper99,1
How soon can I get it?,0
Nice product!,0
Where do you ship from?,0
Nice product!,0
Do you have it in stock?,0
How soon can I get it?,0
Where do you ship from?,0
What are the dimensions?,0
I’m interested in this item.,0
Do you have it in stock?,0
Text me at +1-189-295-5554,1
Where do you ship from?,0
"Email is user7034@example.com, reach out anytime.",1
I’m interested in this item.,0
This looks good.,0
This looks good.,0
Send me a DM on Facebook: facebook.com/tech_lead,1
What’s the price?,0
Where do you ship from?,0
This looks good.,0
I’m interested in this item.,0
How soon can I get it?,0
What are the dimensions?,0
Can you show more photos?,0
Do you have it in stock?,0
t e l : +1-615-690-8576,1
Can you show more photos?,0
This looks good.,0
Does it come in other colors?,0
Hit me up on WhatsApp at 555-736-8886,1
What are the dimensions?,0
Nice product!,0
Can you show more photos?,0
Can you show more photos?,0
Can you show more photos?,0
Nice product!,0
How soon can I get it?,0
Do you have it in stock?,0
Can you show more photos?,0
Do you have it in stock?,0
Follow me on Instagram @fashionguru and DM.,1
snap me at s-n-a-p fashionista362,1
Where do you ship from?,0
snap me at s-n-a-p fashionista292,1
Here is my email: user9585@example.com,1
What are the dimensions?,0
Where do you ship from?,0
Can you show more photos?,0
How soon can I get it?,0
How soon can I get it?,0
Nice product!,0
I’m interested in this item.,0
Can you show more photos?,0
I’m interested in this item.,0
Do you have it in stock?,0
Text me at 555-648-5969 for more info.,1
Can you show more photos?,0
This looks good.,0
How soon can I get it?,0
Let's connect on LinkedIn: linkedin.com/in/fashioneer,1
Can you show more photos?,0
This looks good.,0
Do you have it in stock?,0
What are the dimensions?,0
Do you have it in stock?,0
I’m interested in this item.,0
"Email is user8739@example.com, reach out anytime.",1
Message me on Signal: (984) 588-4749,1
How soon can I get it?,0
Can you show more photos?,0
Where do you ship from?,0
Where do you ship from?,0
I’m interested in this item.,0
Contact me via Telegram: @jane.smith,1
This looks good.,0
What’s the price?,0
Where do you ship from?,0
Can you show more photos?,0
This looks good.,0
What are the dimensions?,0
Where do you ship from?,0
Does it come in other colors?,0
Do you have it in stock?,0
Nice product!,0
Text me at 4868834976,1
Where do you ship from?,0
How soon can I get it?,0
Where do you ship from?,0
Does it come in other colors?,0
Can you show more photos?,0
What are the dimensions?,0
Nice product!,0
Can you show more photos?,0
What’s the price?,0
How soon can I get it?,0
Do you have it in stock?,0
This looks good.,0
Message me on Snapchat: john_doe,1
Can you show more photos?,0
What are the dimensions?,0
Where do you ship from?,0
Do you have it in stock?,0
Where do you ship from?,0
What are the dimensions?,0
This looks good.,0
Can you show more photos?,0
What’s the price?,0
Can you show more photos?,0
How soon can I get it?,0
j u d y 3 7 @ e m a i l . n e t,1
Does it come in other colors?,0
my email id is user3199@example.com,1
Follow me on Instagram @coolguy42 and DM.,1
I’m interested in this item.,0
Do you have it in stock?,0
Where do you ship from?,0
My TikTok: @ivan975,1
Nice product!,0
Nice product!,0
Can you show more photos?,0
Add me on WhatsApp: 555-588-1461,1
What’s the price?,0
Where do you ship from?,0
Can you show more photos?,0
Can you show more photos?,0
Can you show more photos?,0
This looks good.,0
What are the dimensions?,0
What’s the price?,0
What’s the price?,0
Does it come in other colors?,0
Can you show more photos?,0
Find me on Facebook: https://facebook.com/grace780,1
Does it come in other colors?,0
This looks good.,0
Do you have it in stock?,0
Does it come in other colors?,0
What are the dimensions?,0
What’s the price?,0
What are the dimensions?,0
How soon can I get it?,0
Can you share your phone number so I can send you details?,1
What’s the price?,0
My number is 697-850-2376,1
What are the dimensions?,0
Contact me via Telegram: @shopper99,1
What are the dimensions?,0
Nice product!,0
Where do you ship from?,0
What’s the price?,0
snap me at s-n-a-p shopper803,1
"Email is user6010@example.com, reach out anytime.",1
Do you have it in stock?,0
What’s the price?,0
This looks good.,0
Can you show more photos?,0
Ping me on Telegram: @ivan286,1
What’s the price?,0
This looks good.,0
This looks good.,0
Where do you ship from?,0
hmu @ coolcat955,1
Can you show more photos?,0
This looks good.,0
Do you have it in stock?,0
Does it come in other colors?,0
Do you have it in stock?,0
Do you have it in stock?,0
c o n t a c t : +1-651-849-7313,1
This looks good.,0
I’m interested in this item.,0
I’m interested in this item.,0
hmu @ fashionista962,1
Can you show more photos?,0
Can you show more photos?,0
Please email me at user2794@example.com,1
What’s the price?,0
How soon can I get it?,0
Can you show more photos?,0
What’s the price?,0
What’s the price?,0
You can reach me at 555-196-7246,1
How soon can I get it?,0
What’s the price?,0
Message me on Signal: 353-902-9907,1
What are the dimensions?,0
Call me at (865) 384-3237,1
Can you show more photos?,0
Where do you ship from?,0
message me via g m a i l at user7118@example.com,1
I’m interested in this item.,0
Where do you ship from?,0
How soon can I get it?,0
Contact via email: alice11@mail.com,1
What are the dimensions?,0
How soon can I get it?,0
What’s the price?,0
C a l l   m e :   ( 1 9 8 )   6 4 8 - 1 8 0 2,1
Do you have it in stock?,0
This looks good.,0
How soon can I get it?,0
What are the dimensions?,0
I’m interested in this item.,0
What’s the price?,0
What’s the price?,0
Contact me on Skype: grace436,1
Add me on Facebook (facebook.com/shopper99),1
I’m interested in this item.,0
What are the dimensions?,0
Where do you ship from?,0
How soon can I get it?,0
Contact me on Skype: alice920,1
Nice product!,0
Can you show more photos?,0
What are the dimensions?,0
Nice product!,0
I’m interested in this item.,0
Nice product!,0
What are the dimensions?,0
get in touch @ user4134@example.com,1
I’m interested in this item.,0
DM me on Instagram @designer123,1
What are the dimensions?,0
Where do you ship from?,0
What are the dimensions?,0
How soon can I get it?,0
My WeChat ID is fashioneer,1
Connect on LinkedIn (linkedin.com/in/tech_lead),1
I’m interested in this item.,0
What are the dimensions?,0
Can you show more photos?,0
Nice product!,0
This looks good.,0
Where do you ship from?,0
My Snapchat is david872,1
hmu @ devguy374,1
This looks good.,0
Can you show more photos?,0
Does it come in other colors?,0
I’m interested in this item.,0
Do you have it in stock?,0
Does it come in other colors?,0
Message me on Snapchat: best_pizza,1
Hit me up on WhatsApp at 555-605-9625,1
This looks good.,0
Follow me on Twitter: @judy885,1
Can you show more photos?,0
Can you show more photos?,0
I’m interested in this item.,0
My number is +1 824 476 9867,1
Does it come in other colors?,0
How soon can I get it?,0
you can DM me at shopper186 on Insta,1
This looks good.,0
Connect on LinkedIn (linkedin.com/in/coolcat328),1
Can you show more photos?,0
Text me at (903) 779-1409,1
Where do you ship from?,0
Can you show more photos?,0
Do you have it in stock?,0
Message me on Signal: (585) 826-0653,1
Nice product!,0
What’s the price?,0
reach at t w o o o @example.com,1
Do you have it in stock?,0
What’s the price?,0
Where do you ship from?,0
What’s the price?,0
Does it come in other colors?,0
fb.com/devguy408,1
What are the dimensions?,0
Nice product!,0
Nice product!,0
What’s the price?,0
I’m interested in this item.,0
Can you show more photos?,0
What are the dimensions?,0
Does it come in other colors?,0
Where do you ship from?,0
How soon can I get it?,0
"Email is user3113@example.com, reach out anytime.",1
Does it come in other colors?,0
What are the dimensions?,0
What’s the price?,0
I’m interested in this item.,0
You can reach me at 555-842-1224,1
I’m interested in this item.,0
How soon can I get it?,0
Can you show more photos?,0
What’s the price?,0
Can you share your phone number so I can send you details?,1
What’s the price?,0
Can you show more photos?,0
Mail me: charlie68@test.org,1
Does it come in other colors?,0
"My contact is 555-874-4045, call me.",1
Nice product!,0
What are the dimensions?,0
Snapchat me @ devguy58,1
What’s the price?,0
Does it come in other colors?,0
How soon can I get it?,0
Can you show more photos?,0
Does it come in other colors?,0
I’m interested in this item.,0
I’m interested in this item.,0
How soon can I get it?,0
Do you have it in stock?,0
Can I have your email address?,1
Do you have it in stock?,0
What are the dimensions?,0
What’s the price?,0
Can I have your email address?,1
This looks good.,0
What are the dimensions?,0
I’m interested in this item.,0
Does it come in other colors?,0
How soon can I get it?,0
I’m interested in this item.,0
Nice product!,0
Where do you ship from?,0
Where do you ship from?,0
Do you have it in stock?,0
Mail me: eve25@test.org,1
Nice product!,0
Does it come in other colors?,0
Does it come in other colors?,0
DM me on Instagram @designer123,1
Can you show more photos?,0
Does it come in other colors?,0
This looks good.,0
Where do you ship from?,0
What are the dimensions?,0
Text me at 256-674-2066,1
Connect on LinkedIn (linkedin.com/in/devguy396),1
Where do you ship from?,0
Does it come in other colors?,0
How soon can I get it?,0
Where do you ship from?,0
Can you show more photos?,0
Do you have it in stock?,0
t e l : +1-955-328-2765,1
My number is (910) 222-8096,1
my email id is user9353@example.com,1
What’s the price?,0
What are the dimensions?,0
You can reach me at 555-272-1647,1
I’m interested in this item.,0
What are the dimensions?,0
Nice product!,0
Can you show more photos?,0
Ping me on Telegram: @bob280,1
What are the dimensions?,0
How soon can I get it?,0
Where do you ship from?,0
This looks good.,0
Please email me at user7302@example.com,1
Do you have it in stock?,0
Where do you ship from?,0
Does it come in other colors?,0
Nice product!,0
Do you have it in stock?,0
What are the dimensions?,0
What are the dimensions?,0
Do you have it in stock?,0
How soon can I get it?,0
wanna chat? +1-984-559-6994,1
Do you have it in stock?,0
This looks good.,0
Where do you ship from?,0
I’m interested in this item.,0
What are the dimensions?,0
"Email is user2360@example.com, reach out anytime.",1
Nice product!,0
What are the dimensions?,0
Where do you ship from?,0
Do you have it in stock?,0
Can you show more photos?,0
Does it come in other colors?,0
What are the dimensions?,0
Nice product!,0
Where do you ship from?,0
Where do you ship from?,0
Does it come in other colors?,0
Reach out on WhatsApp at +1-439-674-9232,1
Where do you ship from?,0
Ping me on Telegram: @bob759,1
What are the dimensions?,0
This looks good.,0
Do you have it in stock?,0
I’m interested in this item.,0
Message me on Signal: (528) 897-5036,1
Does it come in other colors?,0
Nice product!,0
Does it come in other colors?,0
WhatsApp me at +1-555-750-6146,1
Can you show more photos?,0
Nice product!,0
Where do you ship from?,0
What’s the price?,0
Does it come in other colors?,0
Where do you ship from?,0
I’m interested in this item.,0
Here is my email: user8566@example.com,1
Mail me: alice95@example.com,1
Do you have it in stock?,0
Where do you ship from?,0
How soon can I get it?,0
This looks good.,0
Where do you ship from?,0
What’s the price?,0
What are the dimensions?,0
Can you show more photos?,0
What’s the price?,0
Mail me: frank99@email.net,1
This looks good.,0
C o n t a c t :   ( 3 0 6 )   0 5 5 - 4 8 5 5,1
Where do you ship from?,0
This looks good.,0
Reach me at 423-177-5526,1
How soon can I get it?,0
Contact: +1-239-389-2348,1
Where do you ship from?,0
What are the dimensions?,0
Where do you ship from?,0
Can you show more photos?,0
Can you show more photos?,0
Email me at user9293@example.com,1
Nice product!,0
Can you share your phone number so I can send you details?,1
What are the dimensions?,0
Text me at 555-790-7372 for more info.,1
I’m interested in this item.,0
Snapchat me @ shopper919,1
Nice product!,0
Do you have it in stock?,0
Where do you ship from?,0
Where do you ship from?,0
What are the dimensions?,0
Follow me on Twitter: @frank2,1
Do you have it in stock?,0
What’s the price?,0
c   o   n   t   a   c   t   m   e   7 8 5 - 7 8 0 - 1 6 1 2,1
Where do you ship from?,0
Where do you ship from?,0
What are the dimensions?,0
Where do you ship from?,0
What are the dimensions?,0
Do you have it in stock?,0
Can you show more photos?,0
DM me on Instagram @shop_owner,1
I’m interested in this item.,0
Where do you ship from?,0
What are the dimensions?,0
Does it come in other colors?,0
Does it come in other colors?,0
This looks good.,0
Do you have it in stock?,0
What’s the price?,0
How soon can I get it?,0
This looks good.,0
Can you show more photos?,0
This looks good.,0
Where do you ship from?,0
Can I have your email address?,1
This looks good.,0
Message me at user9629@example.com,1
This looks good.,0
Does it come in other colors?,0
How soon can I get it?,0
What’s the price?,0
Message me at user1430@example.com,1
Email me at grace11@mail.com,1
Reach me at +1 394 397 6670,1
Does it come in other colors?,0
Do you have it in stock?,0
I’m interested in this item.,0
Can you show more photos?,0
What’s the price?,0
"My contact is 555-904-2943, call me.",1
Nice product!,0
Do you have it in stock?,0
What are the dimensions?,0
Where do you ship from?,0
What’s the price?,0
How soon can I get it?,0
Send me a DM on Facebook: facebook.com/coolguy42,1
Can you show more photos?,0
Where do you ship from?,0
Nice product!,0
c   o   n   t   a   c   t   m   e   ( 1 2 9 )   5 6 6 - 1 3 4 1,1
This looks good.,0
What’s the price?,0
This looks good.,0
What are the dimensions?,0
I’m interested in this item.,0
Connect on LinkedIn (linkedin.com/in/designer123),1
This looks good.,0
What’s the price?,0
Does it come in other colors?,0
I’m interested in this item.,0
I’m interested in this item.,0
How soon can I get it?,0
Nice product!,0
This looks good.,0
c o n t a c t : +1-821-965-4926,1
Does it come in other colors?,0
What are the dimensions?,0
What’s the price?,0
Nice product!,0
This looks good.,0
This looks good.,0
How soon can I get it?,0
What are the dimensions?,0
Nice product!,0
Does it come in other colors?,0
C a l l   m e :   6 4 8 3 7 0 5 3 7 4,1
Where do you ship from?,0
Connect on LinkedIn (linkedin.com/in/shop_owner),1
WhatsApp me at +1-555-867-6353,1
What are the dimensions?,0
What’s the price?,0
Do you have it in stock?,0
Nice product!,0
Follow me on Instagram @tech_lead and DM.,1
Can you show more photos?,0
This looks good.,0
Message me on Signal: 7867278175,1
How soon can I get it?,0
What’s the price?,0
This looks good.,0
Where do you ship from?,0
Where do you ship from?,0
Can I have your email address?,1
Call me at 1730410889,1
Do you have it in stock?,0
What’s the price?,0
How soon can I get it?,0
What are the dimensions?,0
How soon can I get it?,0
Nice product!,0
How soon can I get it?,0
Does it come in other colors?,0
Send me a DM on Facebook: facebook.com/jane.smith,1
Follow me on Instagram @designer123 and DM.,1
Does it come in other colors?,0
This looks good.,0
Do you have it in stock?,0
DM me on Facebook: facebook.com/devguy63,1
What’s the price?,0
This looks good.,0
Add me on Facebook (facebook.com/john_doe),1
What are the dimensions?,0
This looks good.,0
Where do you ship from?,0
Can you show more photos?,0
c   o   n   t   a   c   t   m   e   1 9 8 9 1 0 6 0 5 4,1
I’m interested in this item.,0
Does it come in other colors?,0
I’m interested in this item.,0
my digits: +1-744-980-8707,1
c   o   n   t   a   c   t   m   e   3 4 9 3 4 4 7 0 9 1,1
Nice product!,0
I’m interested in this item.,0
Where do you ship from?,0
Do you have it in stock?,0
c   o   n   t   a   c   t   m   e   2 3 2 - 6 4 0 - 0 8 5 8,1
What’s the price?,0
DM me on Instagram @jane.smith,1
I’m interested in this item.,0
Nice product!,0
Does it come in other colors?,0
What’s the price?,0
This looks good.,0
How soon can I get it?,0
What’s the price?,0
"My contact is 555-311-2667, call me.",1
I’m interested in this item.,0
Where do you ship from?,0
How soon can I get it?,0
How soon can I get it?,0
d a v i d 7 @ t e s t . o r g,1
snap me at s-n-a-p devguy553,1
How soon can I get it?,0
Nice product!,0
Nice product!,0
Nice product!,0
Do you have it in stock?,0
I’m interested in this item.,0
What are the dimensions?,0
What’s the price?,0
I’m interested in this item.,0
What’s the price?,0
Nice product!,0
t e l : +1-579-777-1870,1
Can you show more photos?,0
Can you show more photos?,0
Do you have it in stock?,0
Where do you ship from?,0
Where do you ship from?,0
Nice product!,0
You can reach me at 555-313-8291,1
Does it come in other colors?,0
How soon can I get it?,0
Can you show more photos?,0
How soon can I get it?,0
Can you show more photos?,0
Nice product!,0
Can you show more photos?,0
Do you have it in stock?,0
This looks good.,0
This looks good.,0
Does it come in other colors?,0
Send me a DM on Facebook: facebook.com/shop_owner,1
Message me at user6788@example.com,1
Where do you ship from?,0
find me at user6443@example.com 😉,1
What are the dimensions?,0
WhatsApp me at 679-337-3325,1
Where do you ship from?,0
📱 +1-416-585-6246,1
fb.com/coolcat495,1
This looks good.,0
What are the dimensions?,0
Nice product!,0
Nice product!,0
This looks good.,0
Can you show more photos?,0
What are the dimensions?,0
get in touch @ user3488@example.com,1
Can you show more photos?,0
Where do you ship from?,0
Do you have it in stock?,0
This looks good.,0
Do you have it in stock?,0
I’m interested in this item.,0
Do you have it in stock?,0
How soon can I get it?,0
I’m interested in this item.,0
"Email is user5338@example.com, reach out anytime.",1
I’m interested in this item.,0
📧 user4078@example.com,1
Can you show more photos?,0
Does it come in other colors?,0
What are the dimensions?,0
Email me at david58@example.com,1
This looks good.,0
Does it come in other colors?,0
Can you show more photos?,0
What are the dimensions?,0
Can you show more photos?,0
you can DM me at coolcat305 on Insta,1
How soon can I get it?,0
Does it come in other colors?,0
Find me on Facebook: https://facebook.com/bob680,1
Does it come in other colors?,0
I’m interested in this item.,0
Contact via email: alice15@example.com,1
Does it come in other colors?,0
Can you show more photos?,0
I’m interested in this item.,0
I’m interested in this item.,0
📧 user8826@example.com,1
DM me on Instagram: @bob820,1
Do you have it in stock?,0
What’s the price?,0
What’s the price?,0
Can you show more photos?,0
Does it come in other colors?,0
What are the dimensions?,0
Where do you ship from?,0
Does it come in other colors?,0
I’m interested in this item.,0
What are the dimensions?,0
Do you have it in stock?,0
I’m interested in this item.,0
Can you show more photos?,0
How soon can I get it?,0
This looks good.,0
Nice product!,0
DM me on Instagram: @ivan273,1
Contact me via Telegram: @shop_owner,1
Send me a DM on Facebook: facebook.com/shop_owner,1
What are the dimensions?,0
Do you have it in stock?,0
This looks good.,0
Do you have it in stock?,0
I’m interested in this item.,0
What are the dimensions?,0
Does it come in other colors?,0
Does it come in other colors?,0
How soon can I get it?,0
How soon can I get it?,0
Where do you ship from?,0
What are the dimensions?,0
This looks good.,0
Do you have it in stock?,0
Where do you ship from?,0
Nice product!,0
telegram: t dot me slash coolcat481,1
find me at user4693@example.com 😉,1
I’m interested in this item.,0
Message me on Snapchat: jane.smith,1
How soon can I get it?,0
Can you show more photos?,0
Can you show more photos?,0
Add me on WhatsApp: 555-245-5660,1
How soon can I get it?,0
Where do you ship from?,0
Nice product!,0
What’s the price?,0
my email id is user3039@example.com,1
What are the dimensions?,0
How soon can I get it?,0
Do you have it in stock?,0
Can you show more photos?,0
How soon can I get it?,0
Do you have it in stock?,0
How soon can I get it?,0
What’s the price?,0
Text me at 9884838099,1
What’s the price?,0
Contact me via Telegram: @coolguy42,1
Does it come in other colors?,0
What’s the price?,0
What are the dimensions?,0
Do you have it in stock?,0
This looks good.,0
This looks good.,0
This looks good.,0
What are the dimensions?,0
Can you show more photos?,0
Nice product!,0
Do you have it in stock?,0
What’s the price?,0
What’s the price?,0
Do you have it in stock?,0
DM me on Instagram: @ivan347,1
My Snapchat is alice106,1
Do you have it in stock?,0
How soon can I get it?,0
This looks good.,0
Nice product!,0
What are the dimensions?,0
Call me at 044-673-6347,1
Nice product!,0
Can you show more photos?,0
Can you show more photos?,0
This looks good.,0
How soon can I get it?,0
Can you show more photos?,0
Send me a DM on Facebook: facebook.com/jane.smith,1
wanna chat? +1-149-207-8262,1
What are the dimensions?,0
What are the dimensions?,0
Do you have it in stock?,0
Do you have it in stock?,0
How soon can I get it?,0
Snapchat me @ devguy818,1
Do you have it in stock?,0
Here's my email: user3836@example.com,1
What are the dimensions?,0
my digits: +1-167-376-1665,1
Can you show more photos?,0
What’s the price?,0
Send me a DM on Facebook: facebook.com/john_doe,1
I’m interested in this item.,0
This looks good.,0
Can you show more photos?,0
This looks good.,0
message me via g m a i l at user4803@example.com,1
What are the dimensions?,0
I’m interested in this item.,0
How soon can I get it?,0
I’m interested in this item.,0
C a l l   m e :   7 5 8 - 0 5 8 - 4 6 7 3,1
Do you have it in stock?,0
My TikTok: @alice103,1
This looks good.,0
telegram: t dot me slash fashionista525,1
What’s the price?,0
Can you show more photos?,0
What’s the price?,0
Do you have it in stock?,0
DM me on Facebook: facebook.com/coolcat126,1
Where do you ship from?,0
This looks good.,0
Does it come in other colors?,0
Where do you ship from?,0
Follow me on Instagram @shopper99 and DM.,1
Contact via email: judy37@test.org,1
Does it come in other colors?,0
Where do you ship from?,0
Where do you ship from?,0
Please email me at user1279@example.com,1
What are the dimensions?,0
This looks good.,0
I’m interested in this item.,0
I’m interested in this item.,0
"Email is user4017@example.com, reach out anytime.",1
Message me on Snapchat: fashioneer,1
This looks good.,0
This looks good.,0
How soon can I get it?,0
What are the dimensions?,0
Does it come in other colors?,0
What’s the price?,0
Does it come in other colors?,0
What are the dimensions?,0
What’s the price?,0
Does it come in other colors?,0
Does it come in other colors?,0
Does it come in other colors?,0
How soon can I get it?,0
Nice product!,0
Does it come in other colors?,0
Contact via email: charlie22@example.com,1
Follow me on Twitter: @eve266,1
C a l l   m e :   + 1   5 9 3   8 1 9   0 3 3 9,1
Nice product!,0
Where do you ship from?,0
Text me at 736-588-2358,1
Mail me: ivan40@test.org,1
Where do you ship from?,0
How soon can I get it?,0
I’m interested in this item.,0
Where do you ship from?,0
Text me at 555-113-4901 for more info.,1
Nice product!,0
Does it come in other colors?,0
This looks good.,0
Please email me at user7819@example.com,1
How soon can I get it?,0
Where do you ship from?,0
Where do you ship from?,0
Does it come in other colors?,0
wanna chat? +1-641-686-5330,1
What’s the price?,0
What’s the price?,0
Can you show more photos?,0
I’m interested in this item.,0
Can you show more photos?,0
Does it come in other colors?,0
You can reach me at 555-326-4248,1
How soon can I get it?,0
Do you have it in stock?,0
What’s the price?,0
Where do you ship from?,0
Nice product!,0
What’s the price?,0
How soon can I get it?,0
I’m interested in this item.,0
How soon can I get it?,0
Contact me via Telegram: @designer123,1
Do you have it in stock?,0
Does it come in other colors?,0
What’s the price?,0
Nice product!,0
Nice product!,0
I’m interested in this item.,0
Does it come in other colors?,0
Can you show more photos?,0
DM me on Instagram @best_pizza,1
My WeChat ID is shopper99,1
Where do you ship from?,0
What are the dimensions?,0
Can you show more photos?,0
Where do you ship from?,0
Send me a DM on Facebook: facebook.com/jane.smith,1
How soon can I get it?,0
How soon can I get it?,0
Does it come in other colors?,0
I’m interested in this item.,0
Text me at 555-577-1042 for more info.,1
Does it come in other colors?,0
What’s the price?,0
This looks good.,0
Mail me: alice66@test.org,1
What are the dimensions?,0
Can you show more photos?,0
Does it come in other colors?,0
Can I have your email address?,1
Nice product!,0
Where do you ship from?,0
How soon can I get it?,0
Reach me at (085) 081-5829,1
Do you have it in stock?,0
Call me at (715) 340-0511,1
Does it come in other colors?,0
t e l : +1-736-910-2961,1
Nice product!,0
Do you have it in stock?,0
What’s the price?,0
snap me at s-n-a-p devguy345,1
I’m interested in this item.,0
Do you have it in stock?,0
What are the dimensions?,0
"Email is user5214@example.com, reach out anytime.",1
Can I have your email address?,1
What’s the price?,0
Do you have it in stock?,0
Where do you ship from?,0
Nice product!,0
DM me on Instagram: @bob447,1
hmu @ fashionista896,1
Follow me on Instagram @fashioneer and DM.,1
Where do you ship from?,0
What are the dimensions?,0
This looks good.,0
What’s the price?,0
What’s the price?,0
Nice product!,0
This looks good.,0
What are the dimensions?,0
Add me on WhatsApp: 555-261-1121,1
Where do you ship from?,0
This looks good.,0
Nice product!,0
I’m interested in this item.,0
Nice product!,0
What’s the price?,0
Where do you ship from?,0
Do you have it in stock?,0
Nice product!,0
What are the dimensions?,0
What’s the price?,0
I’m interested in this item.,0
How soon can I get it?,0
Do you have it in stock?,0
Nice product!,0
Can you show more photos?,0
Where do you ship from?,0
snap me at s-n-a-p fashionista423,1
fb.com/fashionista922,1
Where do you ship from?,0
Do you have it in stock?,0
Can you share your phone number so I can send you details?,1
What’s the price?,0
I’m interested in this item.,0
Message me at user5817@example.com,1
What’s the price?,0
How soon can I get it?,0
Where do you ship from?,0
Where do you ship from?,0
How soon can I get it?,0
Text me at (215) 293-7460,1
snap me at s-n-a-p fashionista211,1
Contact me on Skype: frank192,1
What are the dimensions?,0
Nice product!,0
Can you show more photos?,0
Where do you ship from?,0
Where do you ship from?,0
Nice product!,0
Nice product!,0
What are the dimensions?,0
Nice product!,0
Do you have it in stock?,0
Do you have it in stock?,0
Where do you ship from?,0
What are the dimensions?,0
telegram: t dot me slash devguy235,1
This looks good.,0
Where do you ship from?,0
message me via g m a i l at user2371@example.com,1
Does it come in other colors?,0
Does it come in other colors?,0
Where do you ship from?,0
Message me on Snapchat: coolguy42,1
Where do you ship from?,0
TikTok me at (835) 122-6446,1
Do you have it in stock?,0
I’m interested in this item.,0
I’m interested in this item.,0
Does it come in other colors?,0
Does it come in other colors?,0
Here's my email: user864@example.com,1
Where do you ship from?,0
How soon can I get it?,0
I’m interested in this item.,0
i v a n 7 5 @ e x a m p l e . c o m,1
I’m interested in this item.,0
Does it come in other colors?,0
Do you have it in stock?,0
C a l l   m e :   6 5 3 7 7 7 2 8 7 8,1
What are the dimensions?,0
I’m interested in this item.,0
What’s the price?,0
Do you have it in stock?,0
Contact me on Skype: ivan421,1
Nice product!,0
Where do you ship from?,0
Nice product!,0
Where do you ship from?,0
message me via g m a i l at user8263@example.com,1
Where do you ship from?,0
You can reach me at +1-781-437-6969,1
WhatsApp me at +1-555-876-9420,1
Nice product!,0
What are the dimensions?,0
What are the dimensions?,0
How soon can I get it?,0
Can you show more photos?,0
Connect on LinkedIn (linkedin.com/in/jane.smith),1
Can you show more photos?,0
What are the dimensions?,0
Hit me up on WhatsApp at 555-790-6229,1
Send me a DM on Facebook: facebook.com/john_doe,1
you can DM me at coolcat371 on Insta,1
What’s the price?,0
What’s the price?,0
How soon can I get it?,0
Mail me: david41@email.net,1
What’s the price?,0
How soon can I get it?,0
What are the dimensions?,0
How soon can I get it?,0
What are the dimensions?,0
Do you have it in stock?,0
Does it come in other colors?,0
How soon can I get it?,0
Connect on LinkedIn (linkedin.com/in/fashionista638),1
Nice product!,0
What are the dimensions?,0
wanna chat? +1-270-350-9316,1
Send me a DM on Facebook: facebook.com/jane.smith,1
Does it come in other colors?,0
How soon can I get it?,0
Can you show more photos?,0
Does it come in other colors?,0
Hit me up on WhatsApp at +1-406-251-1231,1
Can you show more photos?,0
I’m interested in this item.,0
Where do you ship from?,0
Can you show more photos?,0
Do you have it in stock?,0
You can reach me at 555-689-6793,1
Contact: +1-928-306-2325,1
Can you show more photos?,0
How soon can I get it?,0
Can you show more photos?,0
Does it come in other colors?,0
Reach out on WhatsApp at +1-132-967-4899,1
Connect on LinkedIn (linkedin.com/in/john_doe),1
This looks good.,0
What’s the price?,0
Can you show more photos?,0
Does it come in other colors?,0
What are the dimensions?,0
How soon can I get it?,0
Can you show more photos?,0
Do you have it in stock?,0
What are the dimensions?,0
What are the dimensions?,0
hmu @ shopper898,1
This looks good.,0
What’s the price?,0
Please email me at user5739@example.com,1
What’s the price?,0
How soon can I get it?,0
Do you have it in stock?,0
What’s the price?,0
How soon can I get it?,0
I’m interested in this item.,0
Let's connect on LinkedIn: linkedin.com/in/fashioneer,1
Does it come in other colors?,0
How soon can I get it?,0
How soon can I get it?,0
Does it come in other colors?,0
Do you have it in stock?,0
I’m interested in this item.,0
Message me on Snapchat: jane.smith,1
This looks good.,0
How soon can I get it?,0
Does it come in other colors?,0
get in touch @ user1065@example.com,1
Email me at user2127@example.com,1
📱 +1-935-770-8772,1
Do you have it in stock?,0
Nice product!,0
What’s the price?,0
What’s the price?,0
This looks good.,0
I’m interested in this item.,0
I’m interested in this item.,0
What’s the price?,0
What are the dimensions?,0
This looks good.,0
Nice product!,0
Can you show more photos?,0
Nice product!,0
What’s the price?,0
Here is my email: user7477@example.com,1
C o n t a c t :   ( 9 7 2 )   7 6 8 - 4 0 6 8,1
Can you show more photos?,0
Can you share your phone number so I can send you details?,1
Do you have it in stock?,0
What’s the price?,0
Nice product!,0
Nice product!,0
Where do you ship from?,0
WhatsApp me at +1-555-878-3554,1
Let's connect on LinkedIn: https://linkedin.com/in/david541,1
How soon can I get it?,0
Does it come in other colors?,0
message me via g m a i l at user3595@example.com,1
Do you have it in stock?,0
Reach me at 020-094-0942,1
Nice product!,0
Can you show more photos?,0
Can you show more photos?,0
What are the dimensions?,0
Nice product!,0
Where do you ship from?,0
Do you have it in stock?,0
What’s the price?,0
Where do you ship from?,0
Message via email: charlie21@email.net,1
Does it come in other colors?,0
I’m interested in this item.,0
Nice product!,0
What’s the price?,0
Can you show more photos?,0
Does it come in other colors?,0
This looks good.,0
Do you have it in stock?,0
Where do you ship from?,0
I’m interested in this item.,0
Nice product!,0
Can you show more photos?,0
What are the dimensions?,0
How soon can I get it?,0
Can you show more photos?,0
How soon can I get it?,0
Where do you ship from?,0
Do you have it in stock?,0
This looks good.,0
Where do you ship from?,0
Contact via email: judy26@email.net,1
Where do you ship from?,0
Here's my email: user2129@example.com,1
Connect on LinkedIn (linkedin.com/in/fashionista387),1
What’s the price?,0
Can you share your phone number so I can send you details?,1
Where do you ship from?,0
C o n t a c t :   7 0 4 - 5 2 6 - 3 1 6 1,1
How soon can I get it?,0
Does it come in other colors?,0
Can you show more photos?,0
What’s the price?,0
Can you show more photos?,0
Let's connect on LinkedIn: https://linkedin.com/in/frank592,1
Do you have it in stock?,0
I’m interested in this item.,0
This looks good.,0
DM me on Facebook: facebook.com/devguy52,1
Can you show more photos?,0
Can you show more photos?,0
Does it come in other colors?,0
Do you have it in stock?,0
Can you show more photos?,0
What’s the price?,0
Here is my email: user8547@example.com,1
Where do you ship from?,0
Can you share your phone number so I can send you details?,1
Can you show more photos?,0
This looks good.,0
Follow me on Instagram @designer123 and DM.,1
I’m interested in this item.,0
What’s the price?,0
Do you have it in stock?,0
telegram: t dot me slash coolcat542,1
Nice product!,0
Does it come in other colors?,0
Can you show more photos?,0
Can you show more photos?,0
c o n t a c t : +1-323-969-5759,1
Do you have it in stock?,0
Does it come in other colors?,0
How soon can I get it?,0
📱 +1-662-946-5753,1
Do you have it in stock?,0
Do you have it in stock?,0
Where do you ship from?,0
Connect on LinkedIn (linkedin.com/in/devguy724),1
What are the dimensions?,0
How soon can I get it?,0
Can you show more photos?,0
What’s the price?,0
Find me on Facebook: https://facebook.com/bob648,1
I’m interested in this item.,0
I’m interested in this item.,0
This looks good.,0
get in touch @ user1713@example.com,1
I’m interested in this item.,0
Do you have it in stock?,0
Can I have your email address?,1
Send me a DM on Facebook: facebook.com/fashionguru,1
Does it come in other colors?,0
How soon can I get it?,0
Where do you ship from?,0
How soon can I get it?,0
I’m interested in this item.,0
What’s the price?,0
This looks good.,0
Email me at user7957@example.com,1
This looks good.,0
My TikTok: @david37,1
What’s the price?,0
Does it come in other colors?,0
What’s the price?,0
What are the dimensions?,0
How soon can I get it?,0
Do you have it in stock?,0
"My contact is 555-124-6431, call me.",1
This looks good.,0
Does it come in other colors?,0
I’m interested in this item.,0
How soon can I get it?,0
You can reach me at 555-580-2035,1
What’s the price?,0
I’m interested in this item.,0
Reach me at 7349775026,1
What’s the price?,0
Can you show more photos?,0
I’m interested in this item.,0
How soon can I get it?,0
This looks good.,0
Do you have it in stock?,0
Nice product!,0
Do you have it in stock?,0
What are the dimensions?,0
What are the dimensions?,0
Can you show more photos?,0
Do you have it in stock?,0
Does it come in other colors?,0
How soon can I get it?,0
What’s the price?,0
Do you have it in stock?,0
I’m interested in this item.,0
Send me a DM on Facebook: facebook.com/jane.smith,1
snap me at s-n-a-p shopper65,1
Does it come in other colors?,0
What’s the price?,0
WhatsApp me at +1-555-782-8782,1
What are the dimensions?,0
Contact me via Telegram: @coolguy42,1
C a l l   m e :   5 5 1 8 2 2 4 1 0 2,1
wanna chat? +1-603-907-6324,1
my digits: +1-671-358-4533,1
Where do you ship from?,0
"My contact is 555-912-3372, call me.",1
Hit me up on WhatsApp at +1-835-445-2779,1
Nice product!,0
Does it come in other colors?,0
I’m interested in this item.,0
find me at user3786@example.com 😉,1
WhatsApp me at +1-555-773-2743,1
Can you show more photos?,0
This looks good.,0
Do you have it in stock?,0
What are the dimensions?,0
What’s the price?,0
Snapchat me @ fashionista385,1
Can I have your email address?,1
Nice product!,0
Nice product!,0
Where do you ship from?,0
Message via email: alice21@example.com,1
Do you have it in stock?,0
I’m interested in this item.,0
My number is 344-542-8223,1
Nice product!,0
I’m interested in this item.,0
What’s the price?,0
Does it come in other colors?,0
I’m interested in this item.,0
Do you have it in stock?,0
Nice product!,0
reach at t w o o o @example.com,1
Message me at user4705@example.com,1
Do you have it in stock?,0
Can you show more photos?,0
DM me on Facebook: facebook.com/fashionista434,1
Nice product!,0
Hit me up on WhatsApp at +1-177-658-7413,1
Nice product!,0
Where do you ship from?,0
Does it come in other colors?,0
LinkedIn me at 8335604236,1
What’s the price?,0
Where do you ship from?,0
Add me on WhatsApp: +1 683 892 0296,1
Nice product!,0
Does it come in other colors?,0
Here is my email: user9631@example.com,1
Where do you ship from?,0
find me at user5741@example.com 😉,1
I’m interested in this item.,0
What are the dimensions?,0
Do you have it in stock?,0
Can you show more photos?,0
Signal me at +1 201 443 8964,1
Follow me on Instagram @shopper99 and DM.,1
I’m interested in this item.,0
Do you have it in stock?,0
Can you show more photos?,0
How soon can I get it?,0
How soon can I get it?,0
Does it come in other colors?,0
Where do you ship from?,0
How soon can I get it?,0
I’m interested in this item.,0
reach at t w o o o @example.com,1
Can you show more photos?,0
Message me on Snapchat: shopper99,1
You can reach me at 555-428-2599,1
Do you have it in stock?,0
What’s the price?,0
c o n t a c t : +1-755-438-8706,1
Ping me on Telegram: @heidi2,1
What are the dimensions?,0
📱 +1-290-233-9520,1
How soon can I get it?,0
Can you show more photos?,0
This looks good.,0
Follow me on Twitter: @alice558,1
What are the dimensions?,0
This looks good.,0
Do you have it in stock?,0
How soon can I get it?,0
Contact: +1-239-240-3766,1
What are the dimensions?,0
What are the dimensions?,0
t e l : +1-166-814-2643,1
Where do you ship from?,0
Please email me at user7738@example.com,1
Can you show more photos?,0
What are the dimensions?,0
Where do you ship from?,0
Message me at user2696@example.com,1
my digits: +1-229-403-9248,1
Does it come in other colors?,0
Nice product!,0
What’s the price?,0
What are the dimensions?,0
Where do you ship from?,0
get in touch @ user5128@example.com,1
Where do you ship from?,0
Do you have it in stock?,0
What’s the price?,0
Nice product!,0
What’s the price?,0
Do you have it in stock?,0
Nice product!,0
I’m interested in this item.,0
What’s the price?,0
Nice product!,0
Message me on Signal: +1 887 361 0087,1
Do you have it in stock?,0
Can you show more photos?,0
Reach out on WhatsApp at +1-540-449-4173,1
Nice product!,0
My Snapchat is alice711,1
Do you have it in stock?,0
Reach out on WhatsApp at +1-992-616-3976,1
Does it come in other colors?,0
Contact me on Skype: alice308,1
How soon can I get it?,0
Let's connect on LinkedIn: https://linkedin.com/in/grace635,1
Nice product!,0
What are the dimensions?,0
What are the dimensions?,0
What’s the price?,0
Find me on Facebook: https://facebook.com/frank174,1
I’m interested in this item.,0
Can you show more photos?,0
How soon can I get it?,0
Where do you ship from?,0
reach at t w o o o @example.com,1
Where do you ship from?,0
How soon can I get it?,0
What’s the price?,0
Nice product!,0
Do you have it in stock?,0
DM me on Facebook: facebook.com/fashionista344,1
I’m interested in this item.,0
Can you show more photos?,0
Where do you ship from?,0
Where do you ship from?,0
Send me a DM on Facebook: facebook.com/best_pizza,1
Contact me on Skype: bob793,1
This looks good.,0
Message via email: frank68@example.com,1
Can you show more photos?,0
hmu @ coolcat145,1
Follow me on Instagram @shop_owner and DM.,1
Does it come in other colors?,0
Do you have it in stock?,0
Where do you ship from?,0
Let's connect on LinkedIn: https://linkedin.com/in/charlie640,1
Add me on WhatsApp: 3346709827,1
This looks good.,0
e m a i l m e @ user6266@example.com,1
Where do you ship from?,0
Nice product!,0
This looks good.,0
This looks good.,0
How soon can I get it?,0
I’m interested in this item.,0
What’s the price?,0
What’s the price?,0
Nice product!,0
you can DM me at shopper474 on Insta,1
Nice product!,0
How soon can I get it?,0
Does it come in other colors?,0
Can you show more photos?,0
Add me on WhatsApp: +1 650 426 5250,1
C o n t a c t :   + 1   0 4 5   3 1 2   0 6 8 8,1
Please email me at user1279@example.com,1
I’m interested in this item.,0
Does it come in other colors?,0
C a l l   m e :   1 6 1 - 7 4 0 - 9 1 1 8,1
What’s the price?,0
Text me at 4191560053,1
DM me on Instagram: @grace805,1
What’s the price?,0
Where do you ship from?,0
Message me at user3529@example.com,1
Do you have it in stock?,0
I’m interested in this item.,0
Can you show more photos?,0
Does it come in other colors?,0
This looks good.,0
c   o   n   t   a   c   t   m   e   ( 4 5 6 )   6 6 7 - 3 5 2 1,1
Do you have it in stock?,0
Where do you ship from?,0
What are the dimensions?,0
Here is my email: user9270@example.com,1
This looks good.,0
Connect on LinkedIn (linkedin.com/in/shopper225),1
reach at t w o o o @example.com,1
How soon can I get it?,0
Does it come in other colors?,0
How soon can I get it?,0
Do you have it in stock?,0
wanna chat? +1-880-951-9643,1
How soon can I get it?,0
What are the dimensions?,0
Message me at user1211@example.com,1
I’m interested in this item.,0
Where do you ship from?,0
Nice product!,0
I’m interested in this item.,0
Can you share your phone number so I can send you details?,1
Does it come in other colors?,0
I’m interested in this item.,0
What’s the price?,0
Email me at user2818@example.com,1
Does it come in other colors?,0
"Email is user1389@example.com, reach out anytime.",1
Where do you ship from?,0
Can you share your phone number so I can send you details?,1
You can reach me at +1-166-712-5306,1
What’s the price?,0
This looks good.,0
Text me at 555-720-1236 for more info.,1
Where do you ship from?,0
Where do you ship from?,0
Do you have it in stock?,0
This looks good.,0
How soon can I get it?,0
my email id is user4367@example.com,1
Contact me on Skype: heidi847,1
Contact me via Telegram: @tech_lead,1
Connect on LinkedIn (linkedin.com/in/tech_lead),1
I’m interested in this item.,0
Nice product!,0
Can you show more photos?,0
What are the dimensions?,0
Where do you ship from?,0
Do you have it in stock?,0
What’s the price?,0
How soon can I get it?,0
Does it come in other colors?,0
Do you have it in stock?,0
Nice product!,0
How soon can I get it?,0
Does it come in other colors?,0
I’m interested in this item.,0
Contact me on Skype: eve308,1
Nice product!,0
My WeChat ID is coolguy42,1
Do you have it in stock?,0
What’s the price?,0
Where do you ship from?,0
Mail me: eve17@example.com,1
Do you have it in stock?,0
Can I have your email address?,1
I’m interested in this item.,0
Do you have it in stock?,0
Reach me at 193-135-1118,1
What’s the price?,0
What’s the price?,0
Can you show more photos?,0
What are the dimensions?,0
Can you show more photos?,0
Nice product!,0
Add me on WhatsApp: 555-426-3631,1
What’s the price?,0
How soon can I get it?,0
Message me at user2976@example.com,1
Add me on WhatsApp: +1 479 240 6296,1
snap me at s-n-a-p coolcat768,1
hmu @ fashionista702,1
How soon can I get it?,0
Nice product!,0
Nice product!,0
This looks good.,0
This looks good.,0
How soon can I get it?,0
Does it come in other colors?,0
reach at t w o o o @example.com,1
What are the dimensions?,0
Can you show more photos?,0
Where do you ship from?,0
Nice product!,0
Does it come in other colors?,0
Can you show more photos?,0
This looks good.,0
What are the dimensions?,0
Nice product!,0
Do you have it in stock?,0
Does it come in other colors?,0
Connect on LinkedIn (linkedin.com/in/shop_owner),1
C a l l   m e :   + 1   0 5 4   1 5 7   2 3 9 5,1
Nice product!,0
I’m interested in this item.,0
Add me on Facebook (facebook.com/best_pizza),1
Send me a DM on Facebook: facebook.com/shop_owner,1
What are the dimensions?,0
Where do you ship from?,0
Do you have it in stock?,0
message me via g m a i l at user5827@example.com,1
Nice product!,0
I’m interested in this item.,0
Nice product!,0
c o n t a c t : +1-719-945-6692,1
Do you have it in stock?,0
Nice product!,0
Can you show more photos?,0
My WeChat ID is best_pizza,1
What’s the price?,0
Does it come in other colors?,0
How soon can I get it?,0
I’m interested in this item.,0
This looks good.,0
Can you show more photos?,0
Does it come in other colors?,0
How soon can I get it?,0
What’s the price?,0
"Email is user6561@example.com, reach out anytime.",1
Can you show more photos?,0
c   o   n   t   a   c   t   m   e   6 4 5 1 1 3 8 2 0 7,1
Where do you ship from?,0
message me via g m a i l at user3374@example.com,1
This looks good.,0
What’s the price?,0
Does it come in other colors?,0
What are the dimensions?,0
Does it come in other colors?,0
Can you show more photos?,0
Where do you ship from?,0
Can you show more photos?,0
How soon can I get it?,0
What are the dimensions?,0
Nice product!,0
I’m interested in this item.,0
What are the dimensions?,0
Can you show more photos?,0
I’m interested in this item.,0
Do you have it in stock?,0
Can you show more photos?,0
I’m interested in this item.,0
Nice product!,0
Nice product!,0
e m a i l m e @ user2449@example.com,1
Email me at user3142@example.com,1
Can you show more photos?,0
Can you show more photos?,0
Email me at charlie13@email.net,1
What are the dimensions?,0
Does it come in other colors?,0
Does it come in other colors?,0
What’s the price?,0
Add me on WhatsApp: 555-261-1121,1
Nice product!,0
Follow me on Twitter: @ivan391,1
My number is +1 582 200 0296,1
I’m interested in this item.,0
This looks good.,0
This looks good.,0
Nice product!,0
How soon can I get it?,0
Can you show more photos?,0
Does it come in other colors?,0
What are the dimensions?,0
Text me at +1-512-884-2993,1
How soon can I get it?,0
Can you show more photos?,0
What’s the price?,0
How soon can I get it?,0
I’m interested in this item.,0
What’s the price?,0
Find me on Facebook: https://facebook.com/eve755,1
Hit me up on WhatsApp at 555-348-4836,1
What are the dimensions?,0
What are the dimensions?,0
I’m interested in this item.,0
c   o   n   t   a   c   t   m   e   ( 2 7 1 )   9 7 0 - 0 2 9 3,1
Do you have it in stock?,0
telegram: t dot me slash fashionista999,1
I’m interested in this item.,0
Do you have it in stock?,0
Does it come in other colors?,0
Where do you ship from?,0
Does it come in other colors?,0
Can you show more photos?,0
Can you show more photos?,0
How soon can I get it?,0
I’m interested in this item.,0
Nice product!,0
Can you show more photos?,0
Where do you ship from?,0
I’m interested in this item.,0
Can you show more photos?,0
What are the dimensions?,0
Can you show more photos?,0
Do you have it in stock?,0
Where do you ship from?,0
This looks good.,0
Does it come in other colors?,0
Does it come in other colors?,0
How soon can I get it?,0
Where do you ship from?,0
What’s the price?,0
What’s the price?,0
This looks good.,0
Where do you ship from?,0
Do you have it in stock?,0
Does it come in other colors?,0
What are the dimensions?,0
Does it come in other colors?,0
Can you share your phone number so I can send you details?,1
This looks good.,0
What are the dimensions?,0
You can reach me at +1-234-531-8756,1
Where do you ship from?,0
This looks good.,0
Can you show more photos?,0
snap me at s-n-a-p coolcat817,1
I’m interested in this item.,0
Where do you ship from?,0
Does it come in other colors?,0
My Snapchat is ivan149,1
I’m interested in this item.,0
Hit me up on WhatsApp at +1-163-442-4557,1
This looks good.,0
Follow me on Instagram @tech_lead and DM.,1
hmu @ devguy778,1
What are the dimensions?,0
Can you show more photos?,0
I’m interested in this item.,0
fb.com/devguy48,1
Does it come in other colors?,0
Do you have it in stock?,0
Can you show more photos?,0
My number is +1 849 506 8391,1
Does it come in other colors?,0
I’m interested in this item.,0
wanna chat? +1-171-711-2833,1
What’s the price?,0
What’s the price?,0
What’s the price?,0
I’m interested in this item.,0
This looks good.,0
This looks good.,0
What are the dimensions?,0
This looks good.,0
What’s the price?,0
Can you show more photos?,0
Can you show more photos?,0
Do you have it in stock?,0
Add me on Facebook (facebook.com/best_pizza),1
Does it come in other colors?,0
I’m interested in this item.,0
What are the dimensions?,0
Nice product!,0
Do you have it in stock?,0
Nice product!,0
Where do you ship from?,0
Reach out on WhatsApp at +1-850-331-8117,1
What are the dimensions?,0
What are the dimensions?,0
my email id is user3756@example.com,1
Can you show more photos?,0
Send me a DM on Facebook: facebook.com/shopper99,1
What are the dimensions?,0
Nice product!,0
Where do you ship from?,0
I’m interested in this item.,0
Can you show more photos?,0
Does it come in other colors?,0
Does it come in other colors?,0
Does it come in other colors?,0
Does it come in other colors?,0
My WeChat ID is coolguy42,1
c   o   n   t   a   c   t   m   e   2 9 3 - 8 8 8 - 9 1 6 1,1
Do you have it in stock?,0
Can you show more photos?,0
This looks good.,0
Does it come in other colors?,0
Do you have it in stock?,0
This looks good.,0
Nice product!,0
This looks good.,0
What are the dimensions?,0
My TikTok: @heidi613,1
Do you have it in stock?,0
How soon can I get it?,0
This looks good.,0
Nice product!,0
Where do you ship from?,0
Contact me on Skype: david701,1
How soon can I get it?,0
How soon can I get it?,0
Message me at user6098@example.com,1
Nice product!,0
Where do you ship from?,0
How soon can I get it?,0
This looks good.,0
Where do you ship from?,0
Text me at +1-659-815-6209,1
Can you show more photos?,0
Can you show more photos?,0
Nice product!,0
📧 user3522@example.com,1
Text me at (463) 694-7039,1
Message me on Signal: 571-487-4531,1
What’s the price?,0
This looks good.,0
Do you have it in stock?,0
C o n t a c t :   9 0 1 - 2 1 5 - 2 1 0 9,1
Does it come in other colors?,0
Do you have it in stock?,0
Does it come in other colors?,0
Where do you ship from?,0
This looks good.,0
wanna chat? +1-169-133-9757,1
Where do you ship from?,0
Does it come in other colors?,0
This looks good.,0
Reach me at +1 438 714 6961,1
Nice product!,0
Where do you ship from?,0
Can I have your email address?,1
What are the dimensions?,0
What’s the price?,0
I’m interested in this item.,0
Can you show more photos?,0
Where do you ship from?,0
Do you have it in stock?,0
Text me at 555-903-8840 for more info.,1
Where do you ship from?,0
What are the dimensions?,0
Can you show more photos?,0
What’s the price?,0
Can you show more photos?,0
Do you have it in stock?,0
How soon can I get it?,0
What’s the price?,0
Where do you ship from?,0
Where do you ship from?,0
Can you show more photos?,0
What’s the price?,0
Can you show more photos?,0
Does it come in other colors?,0
Contact via email: ivan90@test.org,1
Does it come in other colors?,0
How soon can I get it?,0
What’s the price?,0
This looks good.,0
Does it come in other colors?,0
Connect on LinkedIn (linkedin.com/in/coolcat604),1
Reach me at 0863848796,1
Do you have it in stock?,0
Text me at 555-554-9923 for more info.,1
Where do you ship from?,0
Where do you ship from?,0
What are the dimensions?,0
This looks good.,0
e m a i l m e @ user9802@example.com,1
my digits: +1-336-619-3399,1
Can I have your email address?,1
This looks good.,0
What are the dimensions?,0
I’m interested in this item.,0
📧 user3634@example.com,1
This looks good.,0
e m a i l m e @ user656@example.com,1
Message via email: eve60@test.org,1
Can you show more photos?,0
Does it come in other colors?,0
What are the dimensions?,0
This looks good.,0
Can you show more photos?,0
Can you show more photos?,0
Can you show more photos?,0
Add me on Facebook (facebook.com/designer123),1
Where do you ship from?,0
Does it come in other colors?,0
wanna chat? +1-569-330-3160,1
I’m interested in this item.,0
my email id is user7282@example.com,1
Can you show more photos?,0
Does it come in other colors?,0
Do you have it in stock?,0
Can I have your email address?,1
Can you show more photos?,0
"Email is user5196@example.com, reach out anytime.",1
Where do you ship from?,0
Where do you ship from?,0
Can you show more photos?,0
Do you have it in stock?,0
find me at user2352@example.com 😉,1
I’m interested in this item.,0
Can you show more photos?,0
What’s the price?,0
I’m interested in this item.,0
Can you show more photos?,0
What’s the price?,0
This looks good.,0
What’s the price?,0
Signal me at (311) 089-5260,1
Reach out on WhatsApp at +1-349-813-8836,1
Nice product!,0
C a l l   m e :   5 4 6 - 7 0 6 - 8 6 2 4,1
What are the dimensions?,0
Can you show more photos?,0
Where do you ship from?,0
What’s the price?,0
Where do you ship from?,0
Follow me on Instagram @fashionguru and DM.,1
What are the dimensions?,0
Nice product!,0
Contact me on Skype: eve62,1
"Email is user8440@example.com, reach out anytime.",1
My Snapchat is eve100,1
How soon can I get it?,0
What’s the price?,0
Can you show more photos?,0
I’m interested in this item.,0
Where do you ship from?,0
Do you have it in stock?,0
Can you show more photos?,0
Nice product!,0
What’s the price?,0
Nice product!,0
Find me on Facebook: https://facebook.com/eve176,1
How soon can I get it?,0
Nice product!,0
Nice product!,0
What’s the price?,0
Where do you ship from?,0
Message via email: charlie36@mail.com,1
What’s the price?,0
"Email is user4455@example.com, reach out anytime.",1
Message me at user6297@example.com,1
This looks good.,0
Does it come in other colors?,0
DM me on Instagram @best_pizza,1
Does it come in other colors?,0
Do you have it in stock?,0
What are the dimensions?,0
What’s the price?,0
Snapchat me @ fashionista747,1
Where do you ship from?,0
Does it come in other colors?,0
What’s the price?,0
Do you have it in stock?,0
How soon can I get it?,0
I’m interested in this item.,0
Here's my email: user987@example.com,1
What’s the price?,0
What’s the price?,0
Nice product!,0
Email me at david53@test.org,1
Can you show more photos?,0
Nice product!,0
Nice product!,0
I’m interested in this item.,0
c o n t a c t : +1-810-166-7449,1
What’s the price?,0
Find me on Facebook: https://facebook.com/heidi745,1
This looks good.,0
What’s the price?,0
How soon can I get it?,0
Can you show more photos?,0
You can reach me at +1-987-866-4590,1
I’m interested in this item.,0
This looks good.,0
How soon can I get it?,0
Do you have it in stock?,0
Does it come in other colors?,0
What’s the price?,0
Can you show more photos?,0
What are the dimensions?,0
Does it come in other colors?,0
What are the dimensions?,0
Nice product!,0
Follow me on Twitter: @charlie424,1
Does it come in other colors?,0
find me at user5173@example.com 😉,1
I’m interested in this item.,0
DM me on Facebook: facebook.com/fashionista294,1
Call me at 1951187929,1
Does it come in other colors?,0
Where do you ship from?,0
Do you have it in stock?,0
Where do you ship from?,0
Can you show more photos?,0
I’m interested in this item.,0
Here is my email: user1266@example.com,1
DM me on Facebook: facebook.com/coolcat628,1
Does it come in other colors?,0
This looks good.,0
Reach me at 497-052-4173,1
Please email me at user3183@example.com,1
Where do you ship from?,0
Contact via email: grace30@example.com,1
What’s the price?,0
Nice product!,0
Here is my email: user7296@example.com,1
"My contact is 555-951-7291, call me.",1
Where do you ship from?,0
Nice product!,0
Can you show more photos?,0
What’s the price?,0
Can you show more photos?,0
What’s the price?,0
telegram: t dot me slash devguy541,1
This looks good.,0
Nice product!,0
Can you show more photos?,0
What’s the price?,0
Does it come in other colors?,0
I’m interested in this item.,0
Can you show more photos?,0
I’m interested in this item.,0
How soon can I get it?,0
Does it come in other colors?,0
How soon can I get it?,0
Follow me on Twitter: @alice20,1
DM me on Facebook: facebook.com/fashionista992,1
This looks good.,0
Where do you ship from?,0
C a l l   m e :   ( 3 9 3 )   1 7 0 - 8 6 9 6,1
My TikTok: @frank364,1
I’m interested in this item.,0
DM me on Instagram @fashioneer,1
How soon can I get it?,0
You can reach me at 555-476-1624,1
TikTok me at +1 231 851 9716,1
C a l l   m e :   + 1   0 6 3   1 5 7   9 0 9 4,1
How soon can I get it?,0
Where do you ship from?,0
What are the dimensions?,0
What are the dimensions?,0
I’m interested in this item.,0
Here is my email: user1923@example.com,1
message me via g m a i l at user6093@example.com,1
This looks good.,0
Can you show more photos?,0
Do you have it in stock?,0
Do you have it in stock?,0
Snapchat me @ shopper370,1
Does it come in other colors?,0
How soon can I get it?,0
Can I have your email address?,1
What’s the price?,0
This looks good.,0
This looks good.,0
How soon can I get it?,0
What are the dimensions?,0
How soon can I get it?,0
Does it come in other colors?,0
Where do you ship from?,0
Do you have it in stock?,0
What are the dimensions?,0
This looks good.,0
Where do you ship from?,0
This looks good.,0
How soon can I get it?,0
Can you show more photos?,0
Do you have it in stock?,0
This looks good.,0
Where do you ship from?,0
This looks good.,0
This looks good.,0
Do you have it in stock?,0
Does it come in other colors?,0
This looks good.,0
Can you share your phone number so I can send you details?,1
Where do you ship from?,0
Where do you ship from?,0
Nice product!,0
Mail me: alice7@email.net,1
What’s the price?,0
Does it come in other colors?,0
e m a i l m e @ user173@example.com,1
I’m interested in this item.,0
Does it come in other colors?,0
This looks good.,0
I’m interested in this item.,0
Do you have it in stock?,0
Does it come in other colors?,0
How soon can I get it?,0
I’m interested in this item.,0
How soon can I get it?,0
Can you show more photos?,0
message me via g m a i l at user6302@example.com,1
Nice product!,0
How soon can I get it?,0
I’m interested in this item.,0
This looks good.,0
I’m interested in this item.,0
What are the dimensions?,0
Add me on Facebook (facebook.com/shop_owner),1
What’s the price?,0
Do you have it in stock?,0
What’s the price?,0
What’s the price?,0
What’s the price?,0
my email id is user939@example.com,1
Can you show more photos?,0
Do you have it in stock?,0
What’s the price?,0
Do you have it in stock?,0
Let's connect on LinkedIn: linkedin.com/in/coolguy42,1
I’m interested in this item.,0
This looks good.,0
What are the dimensions?,0
Where do you ship from?,0
Nice product!,0
This looks good.,0
Can you show more photos?,0
What’s the price?,0
Nice product!,0
Nice product!,0
Can you show more photos?,0
Nice product!,0
This looks good.,0
What are the dimensions?,0
How soon can I get it?,0
How soon can I get it?,0
I’m interested in this item.,0
I’m interested in this item.,0
Message me on Snapchat: designer123,1
What are the dimensions?,0
What’s the price?,0
Text me at +1 209 767 5771,1
Nice product!,0
Message me on Snapchat: fashionguru,1
Does it come in other colors?,0
Does it come in other colors?,0
Where do you ship from?,0
Where do you ship from?,0
Nice product!,0
What are the dimensions?,0
How soon can I get it?,0
Can you show more photos?,0
How soon can I get it?,0
How soon can I get it?,0
Can you show more photos?,0
Add me on Facebook (facebook.com/best_pizza),1
Nice product!,0
Call me at 770-556-0459,1
This looks good.,0
Send me a DM on Facebook: facebook.com/jane.smith,1
Do you have it in stock?,0
What’s the price?,0
What’s the price?,0
Where do you ship from?,0
Does it come in other colors?,0
Does it come in other colors?,0
Does it come in other colors?,0
This looks good.,0
What’s the price?,0
What are the dimensions?,0
Mail me: judy4@test.org,1
What’s the price?,0
I’m interested in this item.,0
Can you show more photos?,0
My WeChat ID is shopper99,1
I’m interested in this item.,0
How soon can I get it?,0
How soon can I get it?,0
What’s the price?,0
Add me on WhatsApp: +1 122 572 8664,1
What are the dimensions?,0
What’s the price?,0
LinkedIn me at +1 255 599 9901,1
What’s the price?,0
Does it come in other colors?,0
I’m interested in this item.,0
Nice product!,0
message me via g m a i l at user2372@example.com,1
Does it come in other colors?,0
What’s the price?,0
What are the dimensions?,0
What are the dimensions?,0
Contact me via Telegram: @designer123,1
I’m interested in this item.,0
Does it come in other colors?,0
Where do you ship from?,0
Do you have it in stock?,0
This looks good.,0
Nice product!,0
Do you have it in stock?,0
Message via email: ivan32@email.net,1
Does it come in other colors?,0
What’s the price?,0
C o n t a c t :   0 8 5 - 5 4 5 - 6 7 1 8,1
What are the dimensions?,0
wanna chat? +1-346-350-1347,1
Where do you ship from?,0
This looks good.,0
Do you have it in stock?,0
Can you show more photos?,0
DM me on Instagram: @frank521,1
Does it come in other colors?,0
I’m interested in this item.,0
Do you have it in stock?,0
Nice product!,0
I’m interested in this item.,0
Call me at 5379285414,1
I’m interested in this item.,0
I’m interested in this item.,0
Nice product!,0
Add me on WhatsApp: 555-229-9153,1
Nice product!,0
Do you have it in stock?,0
Reach out on WhatsApp at +1-475-135-2781,1
What’s the price?,0
What are the dimensions?,0
How soon can I get it?,0
Can you show more photos?,0
What are the dimensions?,0
This looks good.,0
Does it come in other colors?,0
Do you have it in stock?,0
How soon can I get it?,0
Does it come in other colors?,0
Nice product!,0
C a l l   m e :   + 1   2 4 0   1 2 1   4 6 4 2,1
I’m interested in this item.,0
How soon can I get it?,0
What’s the price?,0
What’s the price?,0
telegram: t dot me slash coolcat279,1
Nice product!,0
I’m interested in this item.,0
What are the dimensions?,0
What are the dimensions?,0
I’m interested in this item.,0
This looks good.,0
Connect on LinkedIn (linkedin.com/in/shopper99),1
Find me on Facebook: https://facebook.com/grace643,1
How soon can I get it?,0
What’s the price?,0
What’s the price?,0
What’s the price?,0
What’s the price?,0
Nice product!,0
my email id is user7740@example.com,1
What’s the price?,0
Do you have it in stock?,0
What are the dimensions?,0
c   o   n   t   a   c   t   m   e   + 1   9 8 4   9 5 5   2 6 7 5,1
C a l l   m e :   + 1   1 5 6   6 7 3   0 9 6 8,1
How soon can I get it?,0
What’s the price?,0
Does it come in other colors?,0
Please email me at user5201@example.com,1
Nice product!,0
My WeChat ID is best_pizza,1
What are the dimensions?,0
Call me at 8131808538,1
Do you have it in stock?,0
Nice product!,0
Message me on Signal: 728-384-9614,1
Does it come in other colors?,0
Does it come in other colors?,0
How soon can I get it?,0
Do you have it in stock?,0
Where do you ship from?,0
What are the dimensions?,0
Does it come in other colors?,0
Nice product!,0
Can you show more photos?,0
What are the dimensions?,0
Do you have it in stock?,0
Does it come in other colors?,0
This looks good.,0
This looks good.,0
What’s the price?,0
Nice product!,0
Nice product!,0
What are the dimensions?,0
This looks good.,0
Please email me at user3872@example.com,1
I’m interested in this item.,0
What are the dimensions?,0
How soon can I get it?,0
"My contact is 555-280-8196, call me.",1
Mail me: eve15@test.org,1
Connect on LinkedIn (linkedin.com/in/designer123),1
Can you show more photos?,0
Can you show more photos?,0
What are the dimensions?,0
Do you have it in stock?,0
Add me on Facebook (facebook.com/john_doe),1
Text me at +1-704-825-8785,1
Can you show more photos?,0
What’s the price?,0
find me at user9624@example.com 😉,1
How soon can I get it?,0
Please email me at user8256@example.com,1
Does it come in other colors?,0
Can you show more photos?,0
fb.com/devguy897,1
How soon can I get it?,0
What are the dimensions?,0
📱 +1-382-462-8171,1
Find me on Facebook: https://facebook.com/frank465,1
How soon can I get it?,0
Email me at user8152@example.com,1
Here is my email: user1559@example.com,1
Do you have it in stock?,0
Where do you ship from?,0
How soon can I get it?,0
WhatsApp me at +1-555-476-2686,1
I’m interested in this item.,0
Nice product!,0
This looks good.,0
Do you have it in stock?,0
I’m interested in this item.,0
What are the dimensions?,0
What are the dimensions?,0
What are the dimensions?,0
How soon can I get it?,0
Does it come in other colors?,0
You can reach me at 555-848-6805,1
What are the dimensions?,0
Nice product!,0
Can you show more photos?,0
This looks good.,0
DM me on Instagram @fashionguru,1
c   o   n   t   a   c   t   m   e   ( 3 0 8 )   4 7 6 - 8 0 6 3,1
What are the dimensions?,0
Connect on LinkedIn (linkedin.com/in/shop_owner),1
DM me on Instagram @shopper99,1
How soon can I get it?,0
What’s the price?,0
How soon can I get it?,0
What’s the price?,0
What are the dimensions?,0
What’s the price?,0
Does it come in other colors?,0
Do you have it in stock?,0
Do you have it in stock?,0
Find me on Facebook: https://facebook.com/judy163,1
This looks good.,0
Where do you ship from?,0
Can you show more photos?,0
What’s the price?,0
How soon can I get it?,0
How soon can I get it?,0
Nice product!,0
Where do you ship from?,0
Do you have it in stock?,0
my email id is user5721@example.com,1
Where do you ship from?,0
Can you share your phone number so I can send you details?,1
Does it come in other colors?,0
Where do you ship from?,0
Where do you ship from?,0
What’s the price?,0
Do you have it in stock?,0
Nice product!,0
This looks good.,0
Connect on LinkedIn (linkedin.com/in/best_pizza),1
Send me a DM on Facebook: facebook.com/shop_owner,1
Can you show more photos?,0
How soon can I get it?,0
Can I have your email address?,1
Does it come in other colors?,0
How soon can I get it?,0
Do you have it in stock?,0
Do you have it in stock?,0
Can you show more photos?,0
WhatsApp me at +1-555-747-9483,1
How soon can I get it?,0
Nice product!,0
Message me on Signal: 8637987452,1
Does it come in other colors?,0
Telegram me at +1 637 888 6112,1
Hit me up on WhatsApp at +1-679-628-6696,1
Can you share your phone number so I can send you details?,1
What’s the price?,0
This looks good.,0
How soon can I get it?,0
Where do you ship from?,0
Does it come in other colors?,0
What are the dimensions?,0
Can you show more photos?,0
e m a i l m e @ user1422@example.com,1
Where do you ship from?,0
Where do you ship from?,0
What’s the price?,0
Where do you ship from?,0
Do you have it in stock?,0
Do you have it in stock?,0
Nice product!,0
Can you show more photos?,0
I’m interested in this item.,0
This looks good.,0
Can you show more photos?,0
Where do you ship from?,0
Let's connect on LinkedIn: linkedin.com/in/fashioneer,1
I’m interested in this item.,0
Where do you ship from?,0
c   o   n   t   a   c   t   m   e   + 1   5 5 4   6 3 7   1 3 7 2,1
How soon can I get it?,0
Where do you ship from?,0
What’s the price?,0
Can you show more photos?,0
Nice product!,0
You can reach me at 555-156-3644,1
Can I have your email address?,1
Nice product!,0
Do you have it in stock?,0
Does it come in other colors?,0
Send me a DM on Facebook: facebook.com/jane.smith,1
I’m interested in this item.,0
Does it come in other colors?,0
What’s the price?,0
Does it come in other colors?,0
Does it come in other colors?,0
This looks good.,0
What’s the price?,0
How soon can I get it?,0
This looks good.,0
Does it come in other colors?,0
You can reach me at 555-417-6266,1
Can you show more photos?,0
"Email is user6892@example.com, reach out anytime.",1
Message me on Snapchat: designer123,1
What’s the price?,0
This looks good.,0
Nice product!,0
Does it come in other colors?,0
My TikTok: @judy197,1
I’m interested in this item.,0
How soon can I get it?,0
Where do you ship from?,0
Does it come in other colors?,0
This looks good.,0
Do you have it in stock?,0
This looks good.,0
I’m interested in this item.,0
I’m interested in this item.,0
Can you show more photos?,0
Nice product!,0
Can you show more photos?,0
Connect on LinkedIn (linkedin.com/in/devguy290),1
I’m interested in this item.,0
Contact me on Skype: grace84,1
Nice product!,0
Mail me: judy16@test.org,1
Messenger me at (046) 607-9794,1
What’s the price?,0
Contact via email: grace30@example.com,1
Can you show more photos?,0
What’s the price?,0
Do you have it in stock?,0
Where do you ship from?,0
I’m interested in this item.,0
I’m interested in this item.,0
I’m interested in this item.,0
Can you show more photos?,0
I’m interested in this item.,0
I’m interested in this item.,0
Message me at user4589@example.com,1
Does it come in other colors?,0
This looks good.,0
Nice product!,0
This looks good.,0
How soon can I get it?,0
How soon can I get it?,0
I’m interested in this item.,0
Where do you ship from?,0
This looks good.,0
Can you show more photos?,0
Hit me up on WhatsApp at 555-207-6816,1
Can you show more photos?,0
Does it come in other colors?,0
What’s the price?,0
Nice product!,0
What are the dimensions?,0
Can you show more photos?,0
What are the dimensions?,0
This looks good.,0
How soon can I get it?,0
Do you have it in stock?,0
What are the dimensions?,0
Does it come in other colors?,0
Snapchat me @ coolcat627,1
How soon can I get it?,0
This looks good.,0
Where do you ship from?,0
Nice product!,0
Can you show more photos?,0
Do you have it in stock?,0
What are the dimensions?,0
Here is my email: user7520@example.com,1
This looks good.,0
This looks good.,0
What are the dimensions?,0
Hit me up on WhatsApp at +1-810-760-1609,1
How soon can I get it?,0
What’s the price?,0
Where do you ship from?,0
c   o   n   t   a   c   t   m   e   + 1   4 7 8   0 7 0   8 2 5 3,1
What are the dimensions?,0
I’m interested in this item.,0
What are the dimensions?,0
Message me on Snapchat: designer123,1
What’s the price?,0
Does it come in other colors?,0
Nice product!,0
Contact via email: grace57@test.org,1
Nice product!,0
Email me at charlie4@example.com,1
I’m interested in this item.,0
Reach out on WhatsApp at +1-552-717-1880,1
What’s the price?,0
Text me at 870-477-4621,1
Call me at 557-009-5734,1
Can you show more photos?,0
Does it come in other colors?,0
This looks good.,0
Nice product!,0
This looks good.,0
Can you show more photos?,0
Do you have it in stock?,0
Can you show more photos?,0
Ping me on Telegram: @bob110,1
Does it come in other colors?,0
What are the dimensions?,0
What are the dimensions?,0
This looks good.,0
Does it come in other colors?,0
Nice product!,0
I’m interested in this item.,0
Contact via email: david60@test.org,1
What’s the price?,0
My WeChat ID is designer123,1
What are the dimensions?,0
How soon can I get it?,0
Does it come in other colors?,0
How soon can I get it?,0
Nice product!,0
Does it come in other colors?,0
wanna chat? +1-268-404-1087,1
Nice product!,0
DM me on Instagram @fashionguru,1
This looks good.,0
What are the dimensions?,0
Can you show more photos?,0
Where do you ship from?,0
Reach out on WhatsApp at +1-158-840-6113,1
my digits: +1-955-220-9985,1
I’m interested in this item.,0
What are the dimensions?,0
Where do you ship from?,0
What are the dimensions?,0
What are the dimensions?,0
What are the dimensions?,0
DM me on Instagram: @heidi979,1
Send me a DM on Facebook: facebook.com/fashionguru,1
Snapchat me @ coolcat80,1
Send me a DM on Facebook: facebook.com/coolguy42,1
What are the dimensions?,0
Where do you ship from?,0
Can you show more photos?,0
Can you show more photos?,0
What are the dimensions?,0
telegram: t dot me slash coolcat332,1
Can you show more photos?,0
Nice product!,0
What are the dimensions?,0
Can you show more photos?,0
This looks good.,0
wanna chat? +1-917-154-4093,1
I’m interested in this item.,0
Can you show more photos?,0
What are the dimensions?,0
Can you show more photos?,0
Do you have it in stock?,0
What are the dimensions?,0
This looks good.,0
Message via email: ivan76@email.net,1
How soon can I get it?,0
This looks good.,0
I’m interested in this item.,0
Skype me at +1 974 499 6162,1
fb.com/fashionista992,1
Does it come in other colors?,0
Where do you ship from?,0
Can you show more photos?,0
DM me on Instagram @tech_lead,1
Contact: +1-705-432-7255,1
Add me on WhatsApp: 7831436719,1
Text me at +1-391-559-2180,1
Does it come in other colors?,0
I’m interested in this item.,0
How soon can I get it?,0
What are the dimensions?,0
Do you have it in stock?,0
Can you show more photos?,0
Can you show more photos?,0
Do you have it in stock?,0
What’s the price?,0
This looks good.,0
What are the dimensions?,0
I’m interested in this item.,0
How soon can I get it?,0
What’s the price?,0
Can you show more photos?,0
This looks good.,0
Mail me: grace13@mail.com,1
How soon can I get it?,0
Where do you ship from?,0
Hit me up on WhatsApp at +1-410-441-4428,1
C o n t a c t :   + 1   9 3 0   2 0 6   8 7 7 0,1
Reach out on WhatsApp at +1-139-843-2714,1
Does it come in other colors?,0
Nice product!,0
Do you have it in stock?,0
Do you have it in stock?,0
Does it come in other colors?,0
Do you have it in stock?,0
Where do you ship from?,0
Send me a DM on Facebook: facebook.com/jane.smith,1
find me at user729@example.com 😉,1
How soon can I get it?,0
How soon can I get it?,0
Do you have it in stock?,0
This looks good.,0
Do you have it in stock?,0
"My contact is 555-404-1341, call me.",1
What’s the price?,0
I’m interested in this item.,0
What’s the price?,0
I’m interested in this item.,0
What’s the price?,0
This looks good.,0
I’m interested in this item.,0
What are the dimensions?,0
What’s the price?,0
What are the dimensions?,0
Does it come in other colors?,0
What’s the price?,0
DM me on Facebook: facebook.com/coolcat359,1
What’s the price?,0
Do you have it in stock?,0
Does it come in other colors?,0
Contact me via Telegram: @fashioneer,1
telegram: t dot me slash coolcat786,1
Message via email: frank5@test.org,1
This looks good.,0
hmu @ shopper735,1
Do you have it in stock?,0
Where do you ship from?,0
Nice product!,0
Does it come in other colors?,0
Text me at 7814592423,1
Where do you ship from?,0
Where do you ship from?,0
What’s the price?,0
I’m interested in this item.,0
Can I have your email address?,1
Where do you ship from?,0
This looks good.,0
Nice product!,0
Does it come in other colors?,0
What’s the price?,0
My Snapchat is ivan694,1
How soon can I get it?,0
Follow me on Twitter: @eve756,1
Can you share your phone number so I can send you details?,1
Can you show more photos?,0
Email me at user2008@example.com,1
Where do you ship from?,0
This looks good.,0
Nice product!,0
e m a i l m e @ user6259@example.com,1
I’m interested in this item.,0
Does it come in other colors?,0
How soon can I get it?,0
message me via g m a i l at user1151@example.com,1
hmu @ devguy707,1
What’s the price?,0
c   o   n   t   a   c   t   m   e   2 0 0 - 8 5 4 - 2 3 1 4,1
How soon can I get it?,0
Where do you ship from?,0
Does it come in other colors?,0
Do you have it in stock?,0
Nice product!,0
Where do you ship from?,0
my email id is user4131@example.com,1
I’m interested in this item.,0
I’m interested in this item.,0
I’m interested in this item.,0
Where do you ship from?,0
Can you show more photos?,0
This looks good.,0
Follow me on Twitter: @frank495,1
What’s the price?,0
Nice product!,0
What’s the price?,0
Does it come in other colors?,0
Can you show more photos?,0
I’m interested in this item.,0
Please email me at user7167@example.com,1
Nice product!,0
What are the dimensions?,0
How soon can I get it?,0
Follow me on Twitter: @ivan475,1
Nice product!,0
What’s the price?,0
Where do you ship from?,0
Add me on WhatsApp: +1 957 986 4107,1
What are the dimensions?,0
Nice product!,0
Nice product!,0
What’s the price?,0
Nice product!,0
Can you show more photos?,0
This looks good.,0
Message me on Snapchat: coolguy42,1
I’m interested in this item.,0
I’m interested in this item.,0
Nice product!,0
What are the dimensions?,0
Where do you ship from?,0
Can you show more photos?,0
e m a i l m e @ user3337@example.com,1
Can you show more photos?,0
I’m interested in this item.,0
Nice product!,0
Reach me at 4583620105,1
Where do you ship from?,0
find me at user5802@example.com 😉,1
What are the dimensions?,0
Do you have it in stock?,0
Where do you ship from?,0
Can you show more photos?,0
Nice product!,0
I’m interested in this item.,0
Does it come in other colors?,0
Does it come in other colors?,0
Nice product!,0
📧 user2055@example.com,1
How soon can I get it?,0
I’m interested in this item.,0
Where do you ship from?,0
Nice product!,0
This looks good.,0
fb.com/shopper281,1
reach at t w o o o @example.com,1
This looks good.,0
Can you show more photos?,0
Where do you ship from?,0
What’s the price?,0
I’m interested in this item.,0
What are the dimensions?,0
Do you have it in stock?,0
Nice product!,0
Nice product!,0
Nice product!,0
This looks good.,0
Do you have it in stock?,0
What are the dimensions?,0
I’m interested in this item.,0
What are the dimensions?,0
I’m interested in this item.,0
What are the dimensions?,0
Do you have it in stock?,0
What’s the price?,0
What’s the price?,0
How soon can I get it?,0
DM me on Instagram: @alice197,1
This looks good.,0
Contact via email: david66@mail.com,1
How soon can I get it?,0
Can you show more photos?,0
Nice product!,0
Where do you ship from?,0
Follow me on Twitter: @eve846,1
What are the dimensions?,0
I’m interested in this item.,0
Do you have it in stock?,0
Can I have your email address?,1
I’m interested in this item.,0
How soon can I get it?,0
Hit me up on WhatsApp at 555-642-5584,1
Here is my email: user6082@example.com,1
Can you show more photos?,0
Add me on WhatsApp: +1 365 136 1836,1
This looks good.,0
Do you have it in stock?,0
Nice product!,0
Add me on WhatsApp: (176) 624-0893,1
This looks good.,0
Text me at 519-523-6054,1
Can you show more photos?,0
Where do you ship from?,0
Nice product!,0
I’m interested in this item.,0
How soon can I get it?,0
Nice product!,0
Do you have it in stock?,0
Text me at 348-475-2153,1
Nice product!,0
This looks good.,0
What are the dimensions?,0
How soon can I get it?,0
Follow me on Twitter: @bob340,1
I’m interested in this item.,0
What’s the price?,0
Do you have it in stock?,0
Does it come in other colors?,0
This looks good.,0
c o n t a c t : +1-757-721-1898,1
How soon can I get it?,0
You can reach me at 555-743-1421,1
What are the dimensions?,0
Mail me: judy91@mail.com,1
get in touch @ user7875@example.com,1
What’s the price?,0
I’m interested in this item.,0
This looks good.,0
Do you have it in stock?,0
Let's connect on LinkedIn: https://linkedin.com/in/david511,1
Message me on Snapchat: shopper99,1
What are the dimensions?,0
Nice product!,0
my email id is user1961@example.com,1
How soon can I get it?,0
What are the dimensions?,0
Do you have it in stock?,0
Find me on Facebook: https://facebook.com/bob967,1
What are the dimensions?,0
Hit me up on WhatsApp at +1-750-332-3313,1
Where do you ship from?,0
Does it come in other colors?,0
Do you have it in stock?,0
How soon can I get it?,0
Can you show more photos?,0
How soon can I get it?,0
I’m interested in this item.,0
Nice product!,0
I’m interested in this item.,0
I’m interested in this item.,0
Nice product!,0
Where do you ship from?,0
How soon can I get it?,0
C o n t a c t :   ( 0 7 6 )   9 6 5 - 7 6 3 8,1
my digits: +1-278-815-2513,1
fb.com/devguy691,1
How soon can I get it?,0
get in touch @ user9507@example.com,1
This looks good.,0
"My contact is 555-649-7959, call me.",1
How soon can I get it?,0
What are the dimensions?,0
Does it come in other colors?,0
Can you show more photos?,0
Does it come in other colors?,0
What are the dimensions?,0
WhatsApp me at +1-555-425-3951,1
What’s the price?,0
Where do you ship from?,0
This looks good.,0
What’s the price?,0
Nice product!,0
Contact via email: bob24@example.com,1
telegram: t dot me slash shopper443,1
My number is +1 569 091 4922,1
Do you have it in stock?,0
Where do you ship from?,0
Where do you ship from?,0
Do you have it in stock?,0
DM me on Facebook: facebook.com/shopper117,1
How soon can I get it?,0
Does it come in other colors?,0
What are the dimensions?,0
Where do you ship from?,0
Nice product!,0
What are the dimensions?,0
What are the dimensions?,0
Does it come in other colors?,0
This looks good.,0
What’s the price?,0
This looks good.,0
c   o   n   t   a   c   t   m   e   5 8 4 - 6 8 9 - 1 8 2 5,1
snap me at s-n-a-p fashionista858,1
Do you have it in stock?,0
Where do you ship from?,0
wanna chat? +1-341-139-5549,1
How soon can I get it?,0
message me via g m a i l at user8449@example.com,1
Where do you ship from?,0
Connect on LinkedIn (linkedin.com/in/fashionista37),1
Where do you ship from?,0
This looks good.,0
Can you show more photos?,0
Where do you ship from?,0
Add me on WhatsApp: 555-252-5733,1
Do you have it in stock?,0
Where do you ship from?,0
Does it come in other colors?,0
I’m interested in this item.,0
Do you have it in stock?,0
Does it come in other colors?,0
Does it come in other colors?,0
Where do you ship from?,0
This looks good.,0
Can you show more photos?,0
Nice product!,0
I’m interested in this item.,0
I’m interested in this item.,0
Message via email: david51@example.com,1
What’s the price?,0
Do you have it in stock?,0
What’s the price?,0
Text me at +1-198-433-6731,1
Add me on Facebook (facebook.com/coolguy42),1
Nice product!,0
How soon can I get it?,0
This looks good.,0
Where do you ship from?,0
How soon can I get it?,0
Contact: +1-341-840-6351,1
Can you show more photos?,0
C a l l   m e :   + 1   8 7 1   4 6 7   7 0 2 2,1
Where do you ship from?,0
Can you show more photos?,0
This looks good.,0
Can you show more photos?,0
Nice product!,0
Nice product!,0
c   o   n   t   a   c   t   m   e   0 8 0 - 2 6 5 - 9 8 3 5,1
my email id is user5640@example.com,1
Can you show more photos?,0
This looks good.,0
This looks good.,0
Nice product!,0
Do you have it in stock?,0
How soon can I get it?,0
Do you have it in stock?,0
Do you have it in stock?,0
Can you show more photos?,0
Can you show more photos?,0
Ping me on Telegram: @ivan583,1
Nice product!,0
I’m interested in this item.,0
Send me a DM on Facebook: facebook.com/shop_owner,1
What’s the price?,0
Nice product!,0
What are the dimensions?,0
Do you have it in stock?,0
c   o   n   t   a   c   t   m   e   + 1   6 1 8   6 0 3   8 0 0 8,1
I’m interested in this item.,0
I’m interested in this item.,0
Hit me up on WhatsApp at 555-210-5216,1
telegram: t dot me slash shopper947,1
How soon can I get it?,0
Reach out on WhatsApp at +1-466-168-6432,1
I’m interested in this item.,0
What’s the price?,0
Follow me on Twitter: @heidi891,1
What’s the price?,0
Can you show more photos?,0
How soon can I get it?,0
message me via g m a i l at user9496@example.com,1
Can you show more photos?,0
Ping me on Telegram: @grace554,1
My Snapchat is ivan904,1
How soon can I get it?,0
Message me on Signal: (774) 308-4950,1
Do you have it in stock?,0
Does it come in other colors?,0
How soon can I get it?,0
Does it come in other colors?,0
What are the dimensions?,0
What are the dimensions?,0
Text me at +1-682-624-2183,1
This looks good.,0
Does it come in other colors?,0
Can you show more photos?,0
What are the dimensions?,0
What’s the price?,0
How soon can I get it?,0
Does it come in other colors?,0
Does it come in other colors?,0
How soon can I get it?,0
What’s the price?,0
Let's connect on LinkedIn: https://linkedin.com/in/frank627,1
Does it come in other colors?,0
Can you show more photos?,0
Nice product!,0
Follow me on Twitter: @ivan737,1
Where do you ship from?,0
LinkedIn me at 7490531702,1
Message me on Snapchat: jane.smith,1
This looks good.,0
This looks good.,0
This looks good.,0
Where do you ship from?,0
Where do you ship from?,0
This looks good.,0
Follow me on Twitter: @ivan941,1
Can you show more photos?,0
What are the dimensions?,0
What are the dimensions?,0
I’m interested in this item.,0
Can you show more photos?,0
What’s the price?,0
What are the dimensions?,0
Message via email: eve19@test.org,1
DM me on Instagram: @frank826,1
What’s the price?,0
Can you show more photos?,0
This looks good.,0
Can you show more photos?,0
How soon can I get it?,0
c   o   n   t   a   c   t   m   e   3 2 8 2 3 5 0 2 8 1,1
Does it come in other colors?,0
Do you have it in stock?,0
My WeChat ID is john_doe,1
Do you have it in stock?,0
How soon can I get it?,0
Snapchat me @ fashionista666,1
Reach me at 1956980598,1
How soon can I get it?,0
I’m interested in this item.,0
Nice product!,0
What are the dimensions?,0
Does it come in other colors?,0
Can you share your phone number so I can send you details?,1
Can you show more photos?,0
Nice product!,0
How soon can I get it?,0
What’s the price?,0
Can you show more photos?,0
Send me a DM on Facebook: facebook.com/john_doe,1
What’s the price?,0
Where do you ship from?,0
I’m interested in this item.,0
What are the dimensions?,0
What’s the price?,0
How soon can I get it?,0
Nice product!,0
"Email is user5702@example.com, reach out anytime.",1
Can you show more photos?,0
Where do you ship from?,0
Can you show more photos?,0
What are the dimensions?,0
wanna chat? +1-826-175-1025,1
I’m interested in this item.,0
Where do you ship from?,0
Do you have it in stock?,0
Can you show more photos?,0
What are the dimensions?,0
Nice product!,0
DM me on Instagram @tech_lead,1
This looks good.,0
Add me on Facebook (facebook.com/designer123),1
Let's connect on LinkedIn: https://linkedin.com/in/eve160,1
Can you show more photos?,0
Reach out on WhatsApp at +1-667-732-5112,1
Reach out on WhatsApp at +1-965-907-4978,1
Contact: +1-724-592-5917,1
I’m interested in this item.,0
What’s the price?,0
Nice product!,0
Does it come in other colors?,0
Contact via email: david39@email.net,1
Can you show more photos?,0
I’m interested in this item.,0
Where do you ship from?,0
Where do you ship from?,0
Does it come in other colors?,0
my digits: +1-787-740-6792,1
How soon can I get it?,0
Add me on Facebook (facebook.com/best_pizza),1
What’s the price?,0
Text me at 704-366-7444,1
What are the dimensions?,0
This looks good.,0
What are the dimensions?,0
I’m interested in this item.,0
Let's connect on LinkedIn: linkedin.com/in/best_pizza,1
Nice product!,0
Where do you ship from?,0
This looks good.,0
📱 +1-346-636-4338,1
Message me on Snapchat: john_doe,1
Nice product!,0
Nice product!,0
Connect on LinkedIn (linkedin.com/in/devguy581),1
Do you have it in stock?,0
c o n t a c t : +1-440-839-6283,1
C o n t a c t :   + 1   9 6 1   4 5 3   7 4 3 7,1
Do you have it in stock?,0
snap me at s-n-a-p shopper388,1
Do you have it in stock?,0
What’s the price?,0
What are the dimensions?,0
Hit me up on WhatsApp at +1-162-665-2581,1
Do you have it in stock?,0
📧 user2199@example.com,1
I’m interested in this item.,0
What are the dimensions?,0
Can you show more photos?,0
My TikTok: @david606,1
Let's connect on LinkedIn: linkedin.com/in/best_pizza,1
How soon can I get it?,0
Nice product!,0
How soon can I get it?,0
Snapchat me @ fashionista963,1
I’m interested in this item.,0
Message via email: heidi26@example.com,1
I’m interested in this item.,0
Can you show more photos?,0
This looks good.,0
Does it come in other colors?,0
Where do you ship from?,0
Where do you ship from?,0
Reach out on WhatsApp at +1-669-258-5485,1
Can you show more photos?,0
Can you show more photos?,0
My Snapchat is bob573,1
Text me at 561-600-2963,1
This looks good.,0
Can you show more photos?,0
How soon can I get it?,0
I’m interested in this item.,0
Where do you ship from?,0
Do you have it in stock?,0
Add me on Facebook (facebook.com/fashionguru),1
Nice product!,0
Does it come in other colors?,0
Can you show more photos?,0
Here's my email: user9364@example.com,1
Let's connect on LinkedIn: linkedin.com/in/shopper99,1
Nice product!,0
This looks good.,0
Does it come in other colors?,0
Do you have it in stock?,0
Do you have it in stock?,0
Where do you ship from?,0
How soon can I get it?,0
Let's connect on LinkedIn: linkedin.com/in/shop_owner,1
Contact me via Telegram: @john_doe,1
I’m interested in this item.,0
What are the dimensions?,0
How soon can I get it?,0
Where do you ship from?,0
Where do you ship from?,0
What’s the price?,0
Add me on WhatsApp: +1 142 576 8894,1
Contact me via Telegram: @shop_owner,1
This looks good.,0
Please email me at user5158@example.com,1
Where do you ship from?,0
How soon can I get it?,0
Can you show more photos?,0
What are the dimensions?,0
Ping me on Telegram: @david571,1
Can you show more photos?,0
Can you show more photos?,0
This looks good.,0
Can you show more photos?,0
Do you have it in stock?,0
I’m interested in this item.,0
Can you show more photos?,0
What’s the price?,0
What are the dimensions?,0
Can you show more photos?,0
What’s the price?,0
Connect on LinkedIn (linkedin.com/in/coolcat64),1
Where do you ship from?,0
What are the dimensions?,0
How soon can I get it?,0
I’m interested in this item.,0
What are the dimensions?,0
What are the dimensions?,0
Can you show more photos?,0
Does it come in other colors?,0
telegram: t dot me slash coolcat588,1
Can you show more photos?,0
This looks good.,0
my digits: +1-254-669-7888,1
Text me at +1-901-411-9880,1
Where do you ship from?,0
Where do you ship from?,0
My WeChat ID is designer123,1
Where do you ship from?,0
What’s the price?,0
Call me at 2491778356,1
C a l l   m e :   + 1   4 5 3   5 7 4   0 9 0 1,1
Can you show more photos?,0
Where do you ship from?,0
Nice product!,0
How soon can I get it?,0
Can you show more photos?,0
Do you have it in stock?,0
Do you have it in stock?,0
What’s the price?,0
Contact via email: david44@mail.com,1
Does it come in other colors?,0
Does it come in other colors?,0
Does it come in other colors?,0
What are the dimensions?,0
How soon can I get it?,0
Nice product!,0
Nice product!,0
Can you show more photos?,0
Do you have it in stock?,0
DM me on Instagram: @ivan479,1
Does it come in other colors?,0
Does it come in other colors?,0
What’s the price?,0
My WeChat ID is jane.smith,1
Where do you ship from?,0
Do you have it in stock?,0
I’m interested in this item.,0
I’m interested in this item.,0
Can you show more photos?,0
This looks good.,0
Reach me at (035) 083-5052,1
c   o   n   t   a   c   t   m   e   + 1   3 1 0   8 9 8   5 0 0 2,1
This looks good.,0
Does it come in other colors?,0
What’s the price?,0
Add me on WhatsApp: +1 664 607 5993,1
What’s the price?,0
Do you have it in stock?,0
How soon can I get it?,0
DM me on Instagram: @grace232,1
Here's my email: user4493@example.com,1
Snapchat me @ coolcat487,1
Does it come in other colors?,0
Where do you ship from?,0
This looks good.,0
Nice product!,0
I’m interested in this item.,0
This looks good.,0
wanna chat? +1-446-448-5217,1
Does it come in other colors?,0
Can you show more photos?,0
What’s the price?,0
My WeChat ID is tech_lead,1
Can you show more photos?,0
Can you show more photos?,0
This looks good.,0
Where do you ship from?,0
This looks good.,0
Does it come in other colors?,0
What’s the price?,0
This looks good.,0
What are the dimensions?,0
my email id is user623@example.com,1
Does it come in other colors?,0
How soon can I get it?,0
e m a i l m e @ user3867@example.com,1
Where do you ship from?,0
Can you show more photos?,0
Do you have it in stock?,0
My WeChat ID is best_pizza,1
Do you have it in stock?,0
Do you have it in stock?,0
What’s the price?,0
What’s the price?,0
This looks good.,0
This looks good.,0
wanna chat? +1-573-392-8806,1
This looks good.,0
Do you have it in stock?,0
Do you have it in stock?,0
Nice product!,0
How soon can I get it?,0
Can you show more photos?,0
I’m interested in this item.,0
Does it come in other colors?,0
Reach me at (271) 983-6058,1
C a l l   m e :   ( 2 8 4 )   4 1 4 - 5 7 3 2,1
I’m interested in this item.,0
Where do you ship from?,0
C o n t a c t :   + 1   9 3 3   9 6 5   7 9 4 1,1
Do you have it in stock?,0
This looks good.,0
This looks good.,0
Do you have it in stock?,0
Text me at +1-623-159-5112,1
Where do you ship from?,0
e m a i l m e @ user2738@example.com,1
I’m interested in this item.,0
Contact me via Telegram: @jane.smith,1
Nice product!,0
I’m interested in this item.,0
Message me at user3594@example.com,1
I’m interested in this item.,0
How soon can I get it?,0
Hit me up on WhatsApp at 555-505-5623,1
Does it come in other colors?,0
How soon can I get it?,0
Where do you ship from?,0
What’s the price?,0
What’s the price?,0
What are the dimensions?,0
What’s the price?,0
Nice product!,0
What are the dimensions?,0
This looks good.,0
What are the dimensions?,0
my email id is user959@example.com,1
Facebook me at +1 127 376 9725,1
Do you have it in stock?,0
What’s the price?,0
Where do you ship from?,0
Where do you ship from?,0
What are the dimensions?,0
You can reach me at 555-796-7329,1
My WeChat ID is best_pizza,1
Nice product!,0
What are the dimensions?,0
This looks good.,0
Nice product!,0
How soon can I get it?,0
Contact me on Skype: grace515,1
This looks good.,0
Where do you ship from?,0
Can you show more photos?,0
C a l l   m e :   3 4 8 - 7 3 1 - 1 8 2 5,1
Nice product!,0
What are the dimensions?,0
wanna chat? +1-845-404-1094,1
What are the dimensions?,0
Does it come in other colors?,0
What’s the price?,0
How soon can I get it?,0
How soon can I get it?,0
find me at user354@example.com 😉,1
Does it come in other colors?,0
DM me on Instagram @fashionguru,1
Where do you ship from?,0
My Snapchat is frank656,1
hmu @ coolcat707,1
Hit me up on WhatsApp at +1-855-672-4323,1
Email me at user541@example.com,1
This looks good.,0
Do you have it in stock?,0
Do you have it in stock?,0
How soon can I get it?,0
How soon can I get it?,0
Can you show more photos?,0
Do you have it in stock?,0
What are the dimensions?,0
I’m interested in this item.,0
Does it come in other colors?,0
Does it come in other colors?,0
What’s the price?,0
This looks good.,0
Ping me on Telegram: @judy631,1
Text me at +1-293-126-1286,1
What’s the price?,0
Can you show more photos?,0
Nice product!,0
What are the dimensions?,0
Do you have it in stock?,0
Nice product!,0
How soon can I get it?,0
Message me at user7810@example.com,1
Nice product!,0
Mail me: frank56@email.net,1
Text me at (556) 227-7066,1
Here is my email: user8869@example.com,1
Do you have it in stock?,0
Email me at grace96@example.com,1
This looks good.,0
"My contact is 555-735-7453, call me.",1
Nice product!,0
Where do you ship from?,0
telegram: t dot me slash devguy99,1
How soon can I get it?,0
What are the dimensions?,0
my email id is user9661@example.com,1
Does it come in other colors?,0
This looks good.,0
e m a i l m e @ user3145@example.com,1
Where do you ship from?,0
What’s the price?,0
This looks good.,0
Can you show more photos?,0
Nice product!,0
Can you show more photos?,0
Text me at +1-971-706-3314,1
Nice product!,0
Nice product!,0
How soon can I get it?,0
Nice product!,0
Can you show more photos?,0
I’m interested in this item.,0
Where do you ship from?,0
How soon can I get it?,0
Snapchat me at (109) 250-8956,1
Where do you ship from?,0
What’s the price?,0
This looks good.,0
Does it come in other colors?,0
This looks good.,0
C o n t a c t :   + 1   4 9 8   0 4 4   3 7 5 9,1
This looks good.,0
Does it come in other colors?,0
Can you show more photos?,0
What are the dimensions?,0
Do you have it in stock?,0
Nice product!,0
This looks good.,0
What’s the price?,0
Nice product!,0
Where do you ship from?,0
What’s the price?,0
Telegram me at 503-289-7956,1
Message me on Snapchat: shopper99,1
Does it come in other colors?,0
How soon can I get it?,0
Contact me via Telegram: @designer123,1
This looks good.,0
How soon can I get it?,0
What’s the price?,0
This looks good.,0
DM me on Instagram @fashionguru,1
Can you show more photos?,0
I’m interested in this item.,0
Does it come in other colors?,0
Where do you ship from?,0
How soon can I get it?,0
I’m interested in this item.,0
What are the dimensions?,0
Connect on LinkedIn (linkedin.com/in/designer123),1
What’s the price?,0
Message me at user7860@example.com,1
I’m interested in this item.,0
How soon can I get it?,0
How soon can I get it?,0
You can reach me at 555-982-6251,1
What’s the price?,0
Nice product!,0
Can you share your phone number so I can send you details?,1
I’m interested in this item.,0
Send me a DM on Facebook: facebook.com/tech_lead,1
How soon can I get it?,0
c o n t a c t : +1-251-733-7557,1
Nice product!,0
c   o   n   t   a   c   t   m   e   9 9 3 - 4 6 1 - 5 9 9 7,1
telegram: t dot me slash shopper410,1
Nice product!,0
Does it come in other colors?,0
How soon can I get it?,0
Does it come in other colors?,0
What’s the price?,0
This looks good.,0
I’m interested in this item.,0
Telegram me at (501) 587-5454,1
Where do you ship from?,0
Do you have it in stock?,0
Nice product!,0
Email me at user8108@example.com,1
What are the dimensions?,0
How soon can I get it?,0
What’s the price?,0
DM me on Instagram: @alice745,1
How soon can I get it?,0
What’s the price?,0
How soon can I get it?,0
Do you have it in stock?,0
Nice product!,0
Nice product!,0
What are the dimensions?,0
I’m interested in this item.,0
Nice product!,0
Do you have it in stock?,0
Do you have it in stock?,0
I’m interested in this item.,0
Does it come in other colors?,0
How soon can I get it?,0
📱 +1-159-853-8417,1
Can you show more photos?,0
Find me on Facebook: https://facebook.com/grace629,1
find me at user4281@example.com 😉,1
I’m interested in this item.,0
Does it come in other colors?,0
Can you show more photos?,0
How soon can I get it?,0
hmu @ devguy971,1
Let's connect on LinkedIn: linkedin.com/in/shopper99,1
I’m interested in this item.,0
Do you have it in stock?,0
Where do you ship from?,0
Follow me on Instagram @john_doe and DM.,1
"Email is user6995@example.com, reach out anytime.",1
What are the dimensions?,0
My number is 4738109131,1
What’s the price?,0
message me via g m a i l at user267@example.com,1
Text me at 555-424-3841 for more info.,1
This looks good.,0
Where do you ship from?,0
Do you have it in stock?,0
Nice product!,0
How soon can I get it?,0
What are the dimensions?,0
This looks good.,0
You can reach me at +1-362-588-3825,1
How soon can I get it?,0
I’m interested in this item.,0
Does it come in other colors?,0
Can you show more photos?,0
Nice product!,0
wanna chat? +1-828-150-2210,1
I’m interested in this item.,0
What are the dimensions?,0
Message me on Snapchat: shop_owner,1
My Snapchat is frank365,1
This looks good.,0
What are the dimensions?,0
My Snapchat is judy510,1
Contact me via Telegram: @best_pizza,1
How soon can I get it?,0
"Email is user5214@example.com, reach out anytime.",1
Do you have it in stock?,0
Can you show more photos?,0
What’s the price?,0
How soon can I get it?,0
This looks good.,0
c   o   n   t   a   c   t   m   e   ( 0 0 0 )   9 8 4 - 4 2 6 9,1
Nice product!,0
How soon can I get it?,0
What are the dimensions?,0
Can you show more photos?,0
Do you have it in stock?,0
Where do you ship from?,0
Does it come in other colors?,0
What are the dimensions?,0
You can reach me at 555-966-3121,1
you can DM me at devguy196 on Insta,1
Does it come in other colors?,0
How soon can I get it?,0
I’m interested in this item.,0
Do you have it in stock?,0
What are the dimensions?,0
Does it come in other colors?,0
Can you show more photos?,0
Do you have it in stock?,0
Nice product!,0
What are the dimensions?,0
Does it come in other colors?,0
How soon can I get it?,0
What are the dimensions?,0
Do you have it in stock?,0
What are the dimensions?,0
Can you show more photos?,0
Do you have it in stock?,0
How soon can I get it?,0
I’m interested in this item.,0
Nice product!,0
Can I have your email address?,1
you can DM me at fashionista437 on Insta,1
Nice product!,0
Do you have it in stock?,0
Do you have it in stock?,0
I’m interested in this item.,0
Can you show more photos?,0
How soon can I get it?,0
This looks good.,0
I’m interested in this item.,0
C a l l   m e :   5 8 1 - 3 8 8 - 0 0 8 6,1
Where do you ship from?,0
Does it come in other colors?,0
What are the dimensions?,0
My Snapchat is bob185,1
Do you have it in stock?,0
Does it come in other colors?,0
Where do you ship from?,0
What are the dimensions?,0
How soon can I get it?,0
This looks good.,0
Does it come in other colors?,0
find me at user7245@example.com 😉,1
Do you have it in stock?,0
My TikTok: @judy14,1
Do you have it in stock?,0
Ping me on Telegram: @heidi283,1
Can you show more photos?,0
Hit me up on WhatsApp at +1-122-300-6768,1
Add me on Facebook (facebook.com/fashionguru),1
Does it come in other colors?,0
What are the dimensions?,0
Where do you ship from?,0
Do you have it in stock?,0
Does it come in other colors?,0
How soon can I get it?,0
What’s the price?,0
What are the dimensions?,0
Nice product!,0
Does it come in other colors?,0
Where do you ship from?,0
Let's connect on LinkedIn: https://linkedin.com/in/ivan444,1
You can reach me at 555-614-8146,1
What’s the price?,0
This looks good.,0
This looks good.,0
What are the dimensions?,0
I’m interested in this item.,0
This looks good.,0
Ping me on Telegram: @ivan743,1
Where do you ship from?,0
I’m interested in this item.,0
This looks good.,0
Do you have it in stock?,0
What are the dimensions?,0
How soon can I get it?,0
Message me on Signal: 250-673-7345,1
This looks good.,0
Do you have it in stock?,0
📱 +1-494-994-1392,1
Nice product!,0
What are the dimensions?,0
Does it come in other colors?,0
Do you have it in stock?,0
I’m interested in this item.,0
What are the dimensions?,0
I’m interested in this item.,0
Where do you ship from?,0
Can you show more photos?,0
I’m interested in this item.,0
Can you show more photos?,0
I’m interested in this item.,0
I’m interested in this item.,0
What are the dimensions?,0
Does it come in other colors?,0
Nice product!,0
How soon can I get it?,0
This looks good.,0
I’m interested in this item.,0
I’m interested in this item.,0
Where do you ship from?,0
What’s the price?,0
This looks good.,0
Nice product!,0
Can you show more photos?,0
Does it come in other colors?,0
This looks good.,0
What’s the price?,0
This looks good.,0
Do you have it in stock?,0
What’s the price?,0
Contact me via Telegram: @coolguy42,1
my digits: +1-430-320-6351,1
How soon can I get it?,0
Find me on Facebook: https://facebook.com/charlie952,1
What’s the price?,0
Nice product!,0
Do you have it in stock?,0
Can you show more photos?,0
Does it come in other colors?,0
Can you show more photos?,0
You can reach me at 555-919-8607,1
Do you have it in stock?,0
Do you have it in stock?,0
Follow me on Instagram @best_pizza and DM.,1
Send me a DM on Facebook: facebook.com/best_pizza,1
What are the dimensions?,0
How soon can I get it?,0
What’s the price?,0
My number is 4158584883,1
How soon can I get it?,0
Can you show more photos?,0
What’s the price?,0
What are the dimensions?,0
Nice product!,0
"Email is user5058@example.com, reach out anytime.",1
I’m interested in this item.,0
Can you show more photos?,0
Do you have it in stock?,0
Nice product!,0
How soon can I get it?,0
Does it come in other colors?,0
Do you have it in stock?,0
I’m interested in this item.,0
How soon can I get it?,0
What’s the price?,0
Add me on WhatsApp: 555-174-1856,1
Can you show more photos?,0
Nice product!,0
Email me at charlie66@email.net,1
Does it come in other colors?,0
What’s the price?,0
What’s the price?,0
Where do you ship from?,0
What are the dimensions?,0
I’m interested in this item.,0
Does it come in other colors?,0
Nice product!,0
Can you show more photos?,0
Can you show more photos?,0
Do you have it in stock?,0
Nice product!,0
How soon can I get it?,0
Can you show more photos?,0
Can you show more photos?,0
Reach out on WhatsApp at +1-579-418-3651,1
Where do you ship from?,0
How soon can I get it?,0
Where do you ship from?,0
What are the dimensions?,0
WhatsApp me at +1-555-944-6006,1
What’s the price?,0
I’m interested in this item.,0
Can you show more photos?,0
What are the dimensions?,0
Can you show more photos?,0
What are the dimensions?,0
How soon can I get it?,0
Send me a DM on Facebook: facebook.com/tech_lead,1
Nice product!,0
Do you have it in stock?,0
Call me at 818-052-1150,1
What’s the price?,0
Does it come in other colors?,0
What are the dimensions?,0
Email me at charlie30@mail.com,1
This looks good.,0
This looks good.,0
I’m interested in this item.,0
What are the dimensions?,0
my digits: +1-490-703-7206,1
How soon can I get it?,0
Ping me on Telegram: @alice573,1
Hit me up on WhatsApp at +1-702-639-9697,1
What’s the price?,0
Do you have it in stock?,0
📧 user9908@example.com,1
What are the dimensions?,0
Where do you ship from?,0
Message me on Snapchat: tech_lead,1
Where do you ship from?,0
What are the dimensions?,0
This looks good.,0
This looks good.,0
Do you have it in stock?,0
DM me on Instagram @jane.smith,1
Reach me at (124) 688-8790,1
I’m interested in this item.,0
Do you have it in stock?,0
What are the dimensions?,0
What are the dimensions?,0
Can you show more photos?,0
Contact me via Telegram: @shopper99,1
Mail me: ivan91@example.com,1
This looks good.,0
Do you have it in stock?,0
Can you show more photos?,0
Connect on LinkedIn (linkedin.com/in/best_pizza),1
Does it come in other colors?,0
What’s the price?,0
What’s the price?,0
Does it come in other colors?,0
Where do you ship from?,0
How soon can I get it?,0
Add me on WhatsApp: (375) 786-4314,1
t e l : +1-797-223-6046,1
I’m interested in this item.,0
Where do you ship from?,0
What are the dimensions?,0
Where do you ship from?,0
Message me on Snapchat: best_pizza,1
Does it come in other colors?,0
I’m interested in this item.,0
Nice product!,0
Nice product!,0
Does it come in other colors?,0
Add me on Facebook (facebook.com/shopper99),1
Does it come in other colors?,0
Reach me at 8302967052,1
Nice product!,0
Do you have it in stock?,0
Can you show more photos?,0
I’m interested in this item.,0
C o n t a c t :   8 8 1 1 1 2 6 7 5 0,1
Does it come in other colors?,0
How soon can I get it?,0
What’s the price?,0
What’s the price?,0
Does it come in other colors?,0
Nice product!,0
This looks good.,0
Follow me on Twitter: @bob414,1
Send me a DM on Facebook: facebook.com/tech_lead,1
Nice product!,0
How soon can I get it?,0
Nice product!,0
What’s the price?,0
Can you show more photos?,0
Does it come in other colors?,0
Do you have it in stock?,0
How soon can I get it?,0
I’m interested in this item.,0
This looks good.,0
What are the dimensions?,0
This looks good.,0
Can you show more photos?,0
This looks good.,0
get in touch @ user3268@example.com,1
Where do you ship from?,0
I’m interested in this item.,0
c o n t a c t : +1-636-430-4668,1
My TikTok: @alice895,1
Hit me up on WhatsApp at +1-335-512-5323,1
How soon can I get it?,0
How soon can I get it?,0
DM me on Instagram @fashioneer,1
This looks good.,0
Do you have it in stock?,0
What’s the price?,0
Where do you ship from?,0
Text me at +1-185-922-8942,1
What’s the price?,0
Please email me at user1509@example.com,1
WhatsApp me at +1 232 050 7987,1
c   o   n   t   a   c   t   m   e   0 8 4 9 3 0 4 0 0 6,1
I’m interested in this item.,0
Nice product!,0
Nice product!,0
t e l : +1-243-296-1995,1
You can reach me at +1-320-205-8576,1
What are the dimensions?,0
How soon can I get it?,0
Find me on Facebook: https://facebook.com/grace996,1
Do you have it in stock?,0
What’s the price?,0
Nice product!,0
Please email me at user3094@example.com,1
e m a i l m e @ user9094@example.com,1
Do you have it in stock?,0
Nice product!,0
I’m interested in this item.,0
I’m interested in this item.,0
Nice product!,0
C o n t a c t :   ( 4 6 2 )   9 5 1 - 9 8 3 5,1
Do you have it in stock?,0
telegram: t dot me slash shopper199,1
Does it come in other colors?,0
Nice product!,0
Do you have it in stock?,0
Connect on LinkedIn (linkedin.com/in/coolcat712),1
Where do you ship from?,0
Do you have it in stock?,0
Where do you ship from?,0
What’s the price?,0
Can you show more photos?,0
What are the dimensions?,0
DM me on Instagram @designer123,1
Where do you ship from?,0
📱 +1-942-842-9826,1
My Snapchat is charlie249,1
"My contact is 555-927-1804, call me.",1
Call me at +1 717 543 9958,1
How soon can I get it?,0
Do you have it in stock?,0
Can you show more photos?,0
This looks good.,0
Does it come in other colors?,0
What are the dimensions?,0
Can you show more photos?,0
What are the dimensions?,0
Do you have it in stock?,0
Does it come in other colors?,0
Email me at user9187@example.com,1
Nice product!,0
I’m interested in this item.,0
What are the dimensions?,0
Can you show more photos?,0
📱 +1-615-454-8987,1
This looks good.,0
I’m interested in this item.,0
Nice product!,0
Where do you ship from?,0
Find me on Facebook: https://facebook.com/eve33,1
Do you have it in stock?,0
Can you show more photos?,0
This looks good.,0
What are the dimensions?,0
Mail me: alice2@email.net,1
Nice product!,0
What are the dimensions?,0
What’s the price?,0
📧 user189@example.com,1
Where do you ship from?,0
Where do you ship from?,0
wanna chat? +1-840-454-5476,1
WhatsApp me at +1-555-786-9615,1
Can you share your phone number so I can send you details?,1
What are the dimensions?,0
Follow me on Instagram @shop_owner and DM.,1
Does it come in other colors?,0
This looks good.,0
Where do you ship from?,0
Can you show more photos?,0
snap me at s-n-a-p devguy612,1
I’m interested in this item.,0
What’s the price?,0
What’s the price?,0
You can reach me at 555-706-8311,1
fb.com/coolcat64,1
message me via g m a i l at user4479@example.com,1
This looks good.,0
Text me at +1-547-428-6929,1
My number is 8670187950,1
Does it come in other colors?,0
What are the dimensions?,0
Can you show more photos?,0
What are the dimensions?,0
My WeChat ID is john_doe,1
How soon can I get it?,0
This looks good.,0
Does it come in other colors?,0
DM me on Instagram @shopper99,1
How soon can I get it?,0
Does it come in other colors?,0
What are the dimensions?,0
Nice product!,0
Reach me at (597) 142-5575,1
Message me at user1320@example.com,1
What’s the price?,0
I’m interested in this item.,0
h e i d i 4 @ e x a m p l e . c o m,1
What are the dimensions?,0
I’m interested in this item.,0
What are the dimensions?,0
What are the dimensions?,0
Please email me at user3226@example.com,1
find me at user3393@example.com 😉,1
Nice product!,0
Does it come in other colors?,0
I’m interested in this item.,0
How soon can I get it?,0
Does it come in other colors?,0
C o n t a c t :   2 4 5 - 5 5 6 - 6 1 8 0,1
DM me on Facebook: facebook.com/coolcat635,1
Follow me on Instagram @tech_lead and DM.,1
Reach out on WhatsApp at +1-763-976-1292,1
Do you have it in stock?,0
Can you show more photos?,0
Do you have it in stock?,0
What are the dimensions?,0
How soon can I get it?,0
Nice product!,0
I’m interested in this item.,0
Text me at 555-594-7510 for more info.,1
This looks good.,0
Can you show more photos?,0
Where do you ship from?,0
Where do you ship from?,0
What’s the price?,0
What’s the price?,0
What are the dimensions?,0
What’s the price?,0
Nice product!,0
What’s the price?,0
Can you show more photos?,0
Can you show more photos?,0
Where do you ship from?,0
This looks good.,0
Contact via email: bob61@example.com,1
Can you show more photos?,0
What are the dimensions?,0
Do you have it in stock?,0
I’m interested in this item.,0
What’s the price?,0
Do you have it in stock?,0
What are the dimensions?,0
What’s the price?,0
Can you show more photos?,0
Can you show more photos?,0
c o n t a c t : +1-806-183-7253,1
Where do you ship from?,0
Can you show more photos?,0
c o n t a c t : +1-476-740-5729,1
Nice product!,0
How soon can I get it?,0
Do you have it in stock?,0
Can you share your phone number so I can send you details?,1
I’m interested in this item.,0
This looks good.,0
Contact: +1-762-772-2474,1
What’s the price?,0
Do you have it in stock?,0
Does it come in other colors?,0
Where do you ship from?,0
What are the dimensions?,0
I’m interested in this item.,0
Nice product!,0
Where do you ship from?,0
Does it come in other colors?,0
Does it come in other colors?,0
This looks good.,0
Skype me at +1 256 052 9467,1
What are the dimensions?,0
Message me on Signal: +1 411 813 7876,1
How soon can I get it?,0
Do you have it in stock?,0
This looks good.,0
Do you have it in stock?,0
Do you have it in stock?,0
This looks good.,0
What’s the price?,0
My number is 4399076125,1
Do you have it in stock?,0
Where do you ship from?,0
Connect on LinkedIn (linkedin.com/in/tech_lead),1
Follow me on Instagram @designer123 and DM.,1
Does it come in other colors?,0
Send me a DM on Facebook: facebook.com/coolguy42,1
What are the dimensions?,0
Can you show more photos?,0
How soon can I get it?,0
Can you show more photos?,0
Here's my email: user9158@example.com,1
Do you have it in stock?,0
wanna chat? +1-903-697-7477,1
How soon can I get it?,0
My number is 2316913938,1
Does it come in other colors?,0
Where do you ship from?,0
Can you show more photos?,0
Nice product!,0
WhatsApp me at +1-555-786-9615,1
How soon can I get it?,0
Let's connect on LinkedIn: https://linkedin.com/in/david97,1
What’s the price?,0
Do you have it in stock?,0
Do you have it in stock?,0
This looks good.,0
Do you have it in stock?,0
Can you show more photos?,0
How soon can I get it?,0
find me at user4834@example.com 😉,1
Can I have your email address?,1
How soon can I get it?,0
Does it come in other colors?,0
Does it come in other colors?,0
Nice product!,0
What are the dimensions?,0
Does it come in other colors?,0
I’m interested in this item.,0
Does it come in other colors?,0
This looks good.,0
Message me on Signal: 093-757-3850,1
How soon can I get it?,0
Where do you ship from?,0
Mail me: alice89@email.net,1
What are the dimensions?,0
What’s the price?,0
DM me on Instagram @jane.smith,1
DM me on Instagram: @eve120,1
I’m interested in this item.,0
Does it come in other colors?,0
What’s the price?,0
How soon can I get it?,0
Find me on Facebook: https://facebook.com/judy236,1
I’m interested in this item.,0
Where do you ship from?,0
Contact me on Skype: grace393,1
Nice product!,0
Hit me up on WhatsApp at 555-791-9071,1
What are the dimensions?,0
This looks good.,0
Can you show more photos?,0
What’s the price?,0
Do you have it in stock?,0
Does it come in other colors?,0
Where do you ship from?,0
How soon can I get it?,0
I’m interested in this item.,0
Do you have it in stock?,0
C a l l   m e :   8 0 6 - 9 8 7 - 6 9 5 7,1
This looks good.,0
Does it come in other colors?,0
What are the dimensions?,0
Connect on LinkedIn (linkedin.com/in/shopper632),1
What’s the price?,0
Message me on Snapchat: shopper99,1
Does it come in other colors?,0
C o n t a c t :   5 7 5 5 9 4 9 9 5 6,1
Nice product!,0
Add me on Facebook (facebook.com/tech_lead),1
Does it come in other colors?,0
Does it come in other colors?,0
Can you show more photos?,0
Do you have it in stock?,0
Where do you ship from?,0
How soon can I get it?,0
Do you have it in stock?,0
How soon can I get it?,0
Follow me on Instagram @john_doe and DM.,1
What’s the price?,0
Nice product!,0
Can you show more photos?,0
Does it come in other colors?,0
Nice product!,0
What’s the price?,0
you can DM me at devguy597 on Insta,1
I’m interested in this item.,0
What’s the price?,0
Ping me on Telegram: @charlie36,1
What are the dimensions?,0
Where do you ship from?,0
get in touch @ user6179@example.com,1
Nice product!,0
I’m interested in this item.,0
Can you show more photos?,0
You can reach me at 555-848-6805,1
Does it come in other colors?,0
How soon can I get it?,0
you can DM me at fashionista104 on Insta,1
What’s the price?,0
What’s the price?,0
Can I have your email address?,1
What are the dimensions?,0
What are the dimensions?,0
How soon can I get it?,0
What’s the price?,0
Where do you ship from?,0
get in touch @ user2981@example.com,1
How soon can I get it?,0
Nice product!,0
telegram: t dot me slash coolcat304,1
I’m interested in this item.,0
What are the dimensions?,0
Do you have it in stock?,0
How soon can I get it?,0
Add me on WhatsApp: 555-154-5890,1
Do you have it in stock?,0
This looks good.,0
Where do you ship from?,0
This looks good.,0
Where do you ship from?,0
What’s the price?,0
Nice product!,0
This looks good.,0
I’m interested in this item.,0
Contact me on Skype: ivan679,1
Where do you ship from?,0
I’m interested in this item.,0
This looks good.,0
Can you show more photos?,0
Does it come in other colors?,0
fb.com/devguy802,1
I’m interested in this item.,0
What are the dimensions?,0
I’m interested in this item.,0
Here is my email: user3509@example.com,1
Where do you ship from?,0
How soon can I get it?,0
How soon can I get it?,0
How soon can I get it?,0
What’s the price?,0
I’m interested in this item.,0
Does it come in other colors?,0
How soon can I get it?,0
Can you show more photos?,0
How soon can I get it?,0
How soon can I get it?,0
How soon can I get it?,0
Does it come in other colors?,0
Do you have it in stock?,0
How soon can I get it?,0
Can you show more photos?,0
Message me on Signal: 502-248-9754,1
Do you have it in stock?,0
Can you show more photos?,0
g r a c e 4 7 @ e x a m p l e . c o m,1
This looks good.,0
What are the dimensions?,0
This looks good.,0
I’m interested in this item.,0
What’s the price?,0
Does it come in other colors?,0
📱 +1-463-138-9883,1
Nice product!,0
What are the dimensions?,0
What’s the price?,0
Does it come in other colors?,0
What are the dimensions?,0
What are the dimensions?,0
Do you have it in stock?,0
fb.com/fashionista630,1
Where do you ship from?,0
Contact me on Skype: frank535,1
Can you show more photos?,0
Does it come in other colors?,0
What’s the price?,0
Does it come in other colors?,0
Where do you ship from?,0
Where do you ship from?,0
snap me at s-n-a-p devguy370,1
Can you show more photos?,0
Nice product!,0
Do you have it in stock?,0
Here is my email: user3440@example.com,1
What are the dimensions?,0
This looks good.,0
Please email me at user5158@example.com,1
How soon can I get it?,0
Do you have it in stock?,0
This looks good.,0
Can you show more photos?,0
How soon can I get it?,0
"My contact is 555-774-8285, call me.",1
What are the dimensions?,0
I’m interested in this item.,0
Text me at 628-888-1856,1
How soon can I get it?,0
Can you show more photos?,0
c   o   n   t   a   c   t   m   e   4 9 5 1 8 7 4 4 8 2,1
📧 user2707@example.com,1
Can you show more photos?,0
Nice product!,0
Mail me: ivan10@mail.com,1
reach at t w o o o @example.com,1
Where do you ship from?,0
My number is (321) 082-3278,1
Nice product!,0
This looks good.,0
How soon can I get it?,0
I’m interested in this item.,0
Does it come in other colors?,0
Nice product!,0
Where do you ship from?,0
Can you show more photos?,0
Where do you ship from?,0
Do you have it in stock?,0
Does it come in other colors?,0
How soon can I get it?,0
Nice product!,0
What are the dimensions?,0
📧 user1075@example.com,1
Message me on Signal: 216-395-5474,1
How soon can I get it?,0
Where do you ship from?,0
Does it come in other colors?,0
What are the dimensions?,0
Call me at (874) 992-0838,1
Nice product!,0
Contact via email: eve80@example.com,1
Where do you ship from?,0
My number is +1 245 427 0199,1
This looks good.,0
How soon can I get it?,0
Where do you ship from?,0
This looks good.,0
What’s the price?,0
Nice product!,0
Contact me via Telegram: @shop_owner,1
Where do you ship from?,0
What are the dimensions?,0
How soon can I get it?,0
This looks good.,0
How soon can I get it?,0
Call me at 458-292-5059,1
How soon can I get it?,0
I’m interested in this item.,0
Nice product!,0
Do you have it in stock?,0
Does it come in other colors?,0
Where do you ship from?,0
What’s the price?,0
Add me on Facebook (facebook.com/fashionguru),1
Nice product!,0
Hit me up on WhatsApp at +1-595-313-8027,1
I’m interested in this item.,0
This looks good.,0
How soon can I get it?,0
What are the dimensions?,0
Can you show more photos?,0
Follow me on Instagram @john_doe and DM.,1
How soon can I get it?,0
C a l l   m e :   ( 4 1 2 )   7 0 5 - 1 0 4 8,1
How soon can I get it?,0
How soon can I get it?,0
Where do you ship from?,0
Do you have it in stock?,0
What’s the price?,0
What are the dimensions?,0
e m a i l m e @ user3162@example.com,1
Nice product!,0
What’s the price?,0
Does it come in other colors?,0
I’m interested in this item.,0
Do you have it in stock?,0
Do you have it in stock?,0
Do you have it in stock?,0
I’m interested in this item.,0
Message me at user1906@example.com,1
What are the dimensions?,0
Do you have it in stock?,0
Nice product!,0
Message me on Snapchat: coolguy42,1
DM me on Instagram: @ivan356,1
What are the dimensions?,0
Do you have it in stock?,0
get in touch @ user6697@example.com,1
Where do you ship from?,0
What’s the price?,0
What are the dimensions?,0
Can I have your email address?,1
Message me on Snapchat: best_pizza,1
Nice product!,0
How soon can I get it?,0
Do you have it in stock?,0
Text me at +1-740-470-6386,1
Where do you ship from?,0
Where do you ship from?,0
This looks good.,0
Does it come in other colors?,0
Does it come in other colors?,0
Can you show more photos?,0
My TikTok: @bob659,1
Does it come in other colors?,0
reach at t w o o o @example.com,1
I’m interested in this item.,0
Does it come in other colors?,0
What’s the price?,0
Here is my email: user8343@example.com,1
This looks good.,0
Let's connect on LinkedIn: https://linkedin.com/in/judy440,1
What’s the price?,0
This looks good.,0
This looks good.,0
Hit me up on WhatsApp at 555-260-6423,1
How soon can I get it?,0
I’m interested in this item.,0
Do you have it in stock?,0
Snapchat me @ shopper393,1
How soon can I get it?,0
DM me on Facebook: facebook.com/fashionista642,1
I’m interested in this item.,0
I’m interested in this item.,0
Where do you ship from?,0
Do you have it in stock?,0
I’m interested in this item.,0
Let's connect on LinkedIn: https://linkedin.com/in/alice140,1
Hit me up on WhatsApp at 555-396-1346,1
Nice product!,0
Does it come in other colors?,0
I’m interested in this item.,0
WhatsApp me at +1-555-693-4585,1
Where do you ship from?,0
I’m interested in this item.,0
My Snapchat is david82,1
Can you show more photos?,0
Reach out on WhatsApp at +1-839-130-6292,1
How soon can I get it?,0
Please email me at user9341@example.com,1
My number is +1 195 374 8017,1
How soon can I get it?,0
What are the dimensions?,0
Can you show more photos?,0
Do you have it in stock?,0
Nice product!,0
C o n t a c t :   2 7 0 5 0 4 0 6 4 3,1
Does it come in other colors?,0
Can you show more photos?,0
What are the dimensions?,0
What are the dimensions?,0
I’m interested in this item.,0
Do you have it in stock?,0
How soon can I get it?,0
Contact: +1-172-197-6154,1
What’s the price?,0
I’m interested in this item.,0
Email me at user7780@example.com,1
What are the dimensions?,0
How soon can I get it?,0
I’m interested in this item.,0
I’m interested in this item.,0
This looks good.,0
Do you have it in stock?,0
Here is my email: user2577@example.com,1
Where do you ship from?,0
Where do you ship from?,0
Does it come in other colors?,0
I’m interested in this item.,0
Nice product!,0
This looks good.,0
How soon can I get it?,0
Does it come in other colors?,0
Do you have it in stock?,0
C o n t a c t :   ( 9 8 6 )   1 8 5 - 2 1 3 0,1
How soon can I get it?,0
This looks good.,0
Where do you ship from?,0
Where do you ship from?,0
How soon can I get it?,0
What’s the price?,0
Nice product!,0
Connect on LinkedIn (linkedin.com/in/shopper218),1
WhatsApp me at +1-555-368-2548,1
You can reach me at 555-378-8653,1
How soon can I get it?,0
How soon can I get it?,0
Can you show more photos?,0
I’m interested in this item.,0
Where do you ship from?,0
What’s the price?,0
I’m interested in this item.,0
Do you have it in stock?,0
Does it come in other colors?,0
What are the dimensions?,0
Where do you ship from?,0
Add me on Facebook (facebook.com/fashioneer),1
Where do you ship from?,0
Do you have it in stock?,0
Here's my email: user1665@example.com,1
Can you show more photos?,0
What are the dimensions?,0
I’m interested in this item.,0
my email id is user2781@example.com,1
What’s the price?,0
Please email me at user1893@example.com,1
Nice product!,0
Ping me on Telegram: @grace958,1
I’m interested in this item.,0
my digits: +1-167-385-8847,1
Where do you ship from?,0
What are the dimensions?,0
Facebook me at 426-929-9038,1
Here is my email: user5056@example.com,1
Text me at (061) 972-5021,1
How soon can I get it?,0
reach at t w o o o @example.com,1
Does it come in other colors?,0
Where do you ship from?,0
hmu @ devguy966,1
C a l l   m e :   ( 6 4 2 )   6 9 3 - 7 4 3 8,1
snap me at s-n-a-p coolcat887,1
Where do you ship from?,0
Contact me on Skype: eve650,1
I’m interested in this item.,0
I’m interested in this item.,0
This looks good.,0
You can reach me at +1-282-822-9941,1
Text me at 665-209-6685,1
This looks good.,0
Where do you ship from?,0
You can reach me at +1-796-595-4435,1
What are the dimensions?,0
Do you have it in stock?,0
How soon can I get it?,0
Can you show more photos?,0
WhatsApp me at +1-555-542-6684,1
Do you have it in stock?,0
Do you have it in stock?,0
How soon can I get it?,0
Do you have it in stock?,0
Can you show more photos?,0
Do you have it in stock?,0
Where do you ship from?,0
What are the dimensions?,0
What’s the price?,0
I’m interested in this item.,0
Message me on Signal: 473-040-5576,1
Contact me on Skype: david301,1
Do you have it in stock?,0
What are the dimensions?,0
I’m interested in this item.,0
What are the dimensions?,0
Do you have it in stock?,0
What’s the price?,0
Where do you ship from?,0
"Email is user9402@example.com, reach out anytime.",1
Nice product!,0
What are the dimensions?,0
Can you show more photos?,0
Where do you ship from?,0
Does it come in other colors?,0
Do you have it in stock?,0
Does it come in other colors?,0
What are the dimensions?,0
How soon can I get it?,0
What are the dimensions?,0
What’s the price?,0
I’m interested in this item.,0
How soon can I get it?,0
Do you have it in stock?,0
What are the dimensions?,0
Do you have it in stock?,0
Reach out on WhatsApp at +1-156-677-8243,1
Nice product!,0
Can you show more photos?,0
C o n t a c t :   + 1   2 9 6   5 1 4   7 8 2 9,1
Reach out on WhatsApp at +1-927-785-2403,1
Where do you ship from?,0
This looks good.,0
fb.com/fashionista615,1
Does it come in other colors?,0
I’m interested in this item.,0
Does it come in other colors?,0
Nice product!,0
This looks good.,0
wanna chat? +1-963-615-9173,1
How soon can I get it?,0
snap me at s-n-a-p shopper102,1
DM me on Instagram: @frank316,1
📧 user1146@example.com,1
Do you have it in stock?,0
Contact via email: charlie5@email.net,1
What are the dimensions?,0
What’s the price?,0
What are the dimensions?,0
I’m interested in this item.,0
Where do you ship from?,0
Can you show more photos?,0
This looks good.,0
Add me on WhatsApp: (253) 991-8963,1
What’s the price?,0
What’s the price?,0
Where do you ship from?,0
This looks good.,0
Does it come in other colors?,0
c o n t a c t : +1-935-104-7902,1
Nice product!,0
c o n t a c t : +1-746-759-9942,1
I’m interested in this item.,0
Does it come in other colors?,0
This looks good.,0
I’m interested in this item.,0
Nice product!,0
Nice product!,0
This looks good.,0
Nice product!,0
Can you show more photos?,0
Do you have it in stock?,0
Where do you ship from?,0
What’s the price?,0
This looks good.,0
Follow me on Instagram @shopper99 and DM.,1
Where do you ship from?,0
Does it come in other colors?,0
Where do you ship from?,0
Do you have it in stock?,0
Where do you ship from?,0
I’m interested in this item.,0
my email id is user7717@example.com,1
Nice product!,0
Can you show more photos?,0
I’m interested in this item.,0
This looks good.,0
This looks good.,0
Where do you ship from?,0
What’s the price?,0
I’m interested in this item.,0
Does it come in other colors?,0
I’m interested in this item.,0
I’m interested in this item.,0
This looks good.,0
How soon can I get it?,0
fb.com/devguy250,1
Can you show more photos?,0
Nice product!,0
What are the dimensions?,0
This looks good.,0
This looks good.,0
Do you have it in stock?,0
Can you show more photos?,0
This looks good.,0
I’m interested in this item.,0
Do you have it in stock?,0
message me via g m a i l at user7260@example.com,1
This looks good.,0
Nice product!,0
You can reach me at 555-712-6595,1
Where do you ship from?,0
Nice product!,0
Contact me via Telegram: @best_pizza,1
Does it come in other colors?,0
Can you show more photos?,0
This looks good.,0
Can you show more photos?,0
Do you have it in stock?,0
What’s the price?,0
How soon can I get it?,0
Where do you ship from?,0
What’s the price?,0
Can you show more photos?,0
I’m interested in this item.,0
Do you have it in stock?,0
Does it come in other colors?,0
Nice product!,0
This looks good.,0
Call me at (925) 041-2300,1
What’s the price?,0
Can you show more photos?,0
Contact me via Telegram: @coolguy42,1
This looks good.,0
How soon can I get it?,0
Where do you ship from?,0
I’m interested in this item.,0
How soon can I get it?,0
How soon can I get it?,0
Nice product!,0
Connect on LinkedIn (linkedin.com/in/fashionista743),1
What’s the price?,0
What are the dimensions?,0
How soon can I get it?,0
Do you have it in stock?,0
My TikTok: @charlie729,1
What’s the price?,0
How soon can I get it?,0
Do you have it in stock?,0
Do you have it in stock?,0
Where do you ship from?,0
Follow me on Twitter: @grace195,1
Can you show more photos?,0
Do you have it in stock?,0
Contact via email: bob24@test.org,1
Nice product!,0
Does it come in other colors?,0
Do you have it in stock?,0
DM me on Instagram @jane.smith,1
What’s the price?,0
Can you show more photos?,0
Can you show more photos?,0
What’s the price?,0
Where do you ship from?,0
Let's connect on LinkedIn: https://linkedin.com/in/frank194,1
wanna chat? +1-736-854-6359,1
Email me at user7844@example.com,1
Nice product!,0
Can you show more photos?,0
Do you have it in stock?,0
What are the dimensions?,0
I’m interested in this item.,0
I’m interested in this item.,0
Nice product!,0
How soon can I get it?,0
Where do you ship from?,0
snap me at s-n-a-p coolcat826,1
Nice product!,0
What’s the price?,0
Can you show more photos?,0
What are the dimensions?,0
you can DM me at fashionista695 on Insta,1
Do you have it in stock?,0
Where do you ship from?,0
I’m interested in this item.,0
telegram: t dot me slash devguy200,1
Do you have it in stock?,0
I’m interested in this item.,0
Call me at +1 592 110 3476,1
What are the dimensions?,0
What’s the price?,0
Can you show more photos?,0
C a l l   m e :   9 4 6 4 2 6 4 1 6 0,1
Does it come in other colors?,0
Can you show more photos?,0
What’s the price?,0
This looks good.,0
Email me at user9198@example.com,1
Contact me on Skype: judy684,1
Nice product!,0
Can you show more photos?,0
DM me on Instagram: @heidi580,1
This looks good.,0
Where do you ship from?,0
What are the dimensions?,0
Can you show more photos?,0
Message me at user5291@example.com,1
DM me on Instagram: @frank261,1
Where do you ship from?,0
How soon can I get it?,0
Do you have it in stock?,0
Add me on WhatsApp: (157) 556-9524,1
Where do you ship from?,0
Does it come in other colors?,0
This looks good.,0
Do you have it in stock?,0
What are the dimensions?,0
Does it come in other colors?,0
Do you have it in stock?,0
Where do you ship from?,0
Do you have it in stock?,0
This looks good.,0
This looks good.,0
What are the dimensions?,0
I’m interested in this item.,0
Where do you ship from?,0
Where do you ship from?,0
Do you have it in stock?,0
Reach me at 7297215811,1
Nice product!,0
Where do you ship from?,0
Nice product!,0
Do you have it in stock?,0
What’s the price?,0
You can reach me at +1-490-578-9762,1
I’m interested in this item.,0
Do you have it in stock?,0
Add me on Facebook (facebook.com/john_doe),1
How soon can I get it?,0
you can DM me at fashionista352 on Insta,1
Can you show more photos?,0
Can you show more photos?,0
Do you have it in stock?,0
Nice product!,0
Let's connect on LinkedIn: https://linkedin.com/in/charlie460,1
Can you show more photos?,0
This looks good.,0
Does it come in other colors?,0
Where do you ship from?,0
What’s the price?,0
Where do you ship from?,0
I’m interested in this item.,0
What are the dimensions?,0
I’m interested in this item.,0
This looks good.,0
"Email is user2330@example.com, reach out anytime.",1
Ping me on Telegram: @bob920,1
Do you have it in stock?,0
Can you show more photos?,0
This looks good.,0
Do you have it in stock?,0
reach at t w o o o @example.com,1
This looks good.,0
Can you show more photos?,0
Can you show more photos?,0
Nice product!,0
Ping me on Telegram: @bob413,1
What are the dimensions?,0
Connect on LinkedIn (linkedin.com/in/shopper99),1
i v a n 2 9 @ t e s t . o r g,1
What’s the price?,0
c   o   n   t   a   c   t   m   e   1 5 0 - 5 4 5 - 4 6 5 7,1
Can you show more photos?,0
This looks good.,0
What are the dimensions?,0
This looks good.,0
Can you show more photos?,0
How soon can I get it?,0
Nice product!,0
Nice product!,0
Where do you ship from?,0
Mail me: charlie2@email.net,1
What’s the price?,0
c   o   n   t   a   c   t   m   e   ( 1 3 8 )   9 3 2 - 3 8 7 3,1
This looks good.,0
Where do you ship from?,0
Nice product!,0
e v e 7 @ t e s t . o r g,1
What are the dimensions?,0
Does it come in other colors?,0
This looks good.,0
How soon can I get it?,0
Does it come in other colors?,0
Does it come in other colors?,0
Mail me: charlie56@mail.com,1
Where do you ship from?,0
What’s the price?,0
Nice product!,0
Let's connect on LinkedIn: https://linkedin.com/in/frank228,1
Snapchat me at 315-183-6099,1
Where do you ship from?,0
Contact: +1-942-954-7734,1
C o n t a c t :   5 5 5 - 9 4 2 - 2 1 2 1,1
Where do you ship from?,0
Follow me on Instagram @fashionguru and DM.,1
📱 +1-123-658-9690,1
Where do you ship from?,0
How soon can I get it?,0
Do you have it in stock?,0
What are the dimensions?,0
What are the dimensions?,0
What’s the price?,0
Can I have your email address?,1
This looks good.,0
Does it come in other colors?,0
Nice product!,0
Can you show more photos?,0
Does it come in other colors?,0
Can you show more photos?,0
Does it come in other colors?,0
How soon can I get it?,0
Does it come in other colors?,0
What’s the price?,0
Please email me at user5005@example.com,1
Hit me up on WhatsApp at +1-391-439-5962,1
What’s the price?,0
my digits: +1-184-425-3034,1
What’s the price?,0
Nice product!,0
Do you have it in stock?,0
Reach me at +1 747 392 6071,1
How soon can I get it?,0
How soon can I get it?,0
Where do you ship from?,0
I’m interested in this item.,0
Does it come in other colors?,0
What are the dimensions?,0
Nice product!,0
Where do you ship from?,0
Where do you ship from?,0
Can you show more photos?,0
Does it come in other colors?,0
e m a i l m e @ user5500@example.com,1
What are the dimensions?,0
What are the dimensions?,0
What are the dimensions?,0
Do you have it in stock?,0
Where do you ship from?,0
What’s the price?,0
This looks good.,0
What are the dimensions?,0
Call me at +1 943 915 9693,1
📧 user7830@example.com,1
Do you have it in stock?,0
What’s the price?,0
Nice product!,0
e m a i l m e @ user1081@example.com,1
Do you have it in stock?,0
C a l l   m e :   5 1 6 - 7 9 2 - 3 5 0 6,1
This looks good.,0
Does it come in other colors?,0
Where do you ship from?,0
Can you show more photos?,0
How soon can I get it?,0
What’s the price?,0
Snapchat me @ devguy581,1
What’s the price?,0
This looks good.,0
Nice product!,0
Can you show more photos?,0
Do you have it in stock?,0
Do you have it in stock?,0
get in touch @ user1451@example.com,1
What are the dimensions?,0
e m a i l m e @ user8710@example.com,1
e m a i l m e @ user6678@example.com,1
Can you show more photos?,0
Does it come in other colors?,0
What are the dimensions?,0
This looks good.,0
What are the dimensions?,0
Does it come in other colors?,0
I’m interested in this item.,0
What’s the price?,0
Do you have it in stock?,0
Can you show more photos?,0
Reach me at 0405079158,1
This looks good.,0
Can you show more photos?,0
snap me at s-n-a-p coolcat953,1
What are the dimensions?,0
Nice product!,0
This looks good.,0
Can you show more photos?,0
Mail me: charlie6@example.com,1
You can reach me at +1-798-550-3300,1
How soon can I get it?,0
Do you have it in stock?,0
What’s the price?,0
Where do you ship from?,0
What’s the price?,0
Where do you ship from?,0
How soon can I get it?,0
Let's connect on LinkedIn: https://linkedin.com/in/alice960,1
Here is my email: user5005@example.com,1
How soon can I get it?,0
Can you show more photos?,0
Can you show more photos?,0
What are the dimensions?,0
I’m interested in this item.,0
Can you show more photos?,0
Let's connect on LinkedIn: linkedin.com/in/coolguy42,1
Does it come in other colors?,0
Do you have it in stock?,0
This looks good.,0
This looks good.,0
Where do you ship from?,0
Nice product!,0
Can you show more photos?,0
This looks good.,0
I’m interested in this item.,0
Snapchat me @ coolcat634,1
Can you show more photos?,0
What are the dimensions?,0
Here is my email: user5076@example.com,1
Does it come in other colors?,0
This looks good.,0
Does it come in other colors?,0
Here is my email: user4797@example.com,1
What are the dimensions?,0
How soon can I get it?,0
How soon can I get it?,0
Does it come in other colors?,0
I’m interested in this item.,0
Text me at 555-335-5665 for more info.,1
Here's my email: user2502@example.com,1
This looks good.,0
Add me on Facebook (facebook.com/tech_lead),1
I’m interested in this item.,0
How soon can I get it?,0
Can you show more photos?,0
Please email me at user7502@example.com,1
Does it come in other colors?,0
What’s the price?,0
What’s the price?,0
What’s the price?,0
Does it come in other colors?,0
Where do you ship from?,0
Where do you ship from?,0
How soon can I get it?,0
What are the dimensions?,0
Does it come in other colors?,0
I’m interested in this item.,0
Can you show more photos?,0
find me at user867@example.com 😉,1
Does it come in other colors?,0
TikTok me at 0485727768,1
Where do you ship from?,0
What are the dimensions?,0
my digits: +1-261-449-3294,1
I’m interested in this item.,0
Where do you ship from?,0
Does it come in other colors?,0
I’m interested in this item.,0
Do you have it in stock?,0
This looks good.,0
What are the dimensions?,0
Do you have it in stock?,0
What are the dimensions?,0
How soon can I get it?,0
This looks good.,0
You can reach me at 555-129-4528,1
WhatsApp me at +1-555-578-3931,1
Where do you ship from?,0
What are the dimensions?,0
Where do you ship from?,0
Follow me on Twitter: @eve388,1
This looks good.,0
Find me on Facebook: https://facebook.com/judy102,1
What’s the price?,0
Can you show more photos?,0
Do you have it in stock?,0
Ping me on Telegram: @ivan857,1
This looks good.,0
Nice product!,0
What are the dimensions?,0
What’s the price?,0
Does it come in other colors?,0
Do you have it in stock?,0
Does it come in other colors?,0
Where do you ship from?,0
Send me a DM on Facebook: facebook.com/jane.smith,1
What are the dimensions?,0
Nice product!,0
Does it come in other colors?,0
Can you show more photos?,0
I’m interested in this item.,0
Do you have it in stock?,0
I’m interested in this item.,0
Nice product!,0
Where do you ship from?,0
Where do you ship from?,0
This looks good.,0
Can you show more photos?,0
Where do you ship from?,0
d a v i d 2 0 @ e x a m p l e . c o m,1
Here is my email: user8916@example.com,1
How soon can I get it?,0
Nice product!,0
Nice product!,0
Can you show more photos?,0
Nice product!,0
I’m interested in this item.,0
Snapchat me at +1 701 462 9405,1
Where do you ship from?,0
I’m interested in this item.,0
Email me at user4401@example.com,1
Contact me via Telegram: @tech_lead,1
Where do you ship from?,0
Where do you ship from?,0
Do you have it in stock?,0
What are the dimensions?,0
Let's connect on LinkedIn: https://linkedin.com/in/eve797,1
I’m interested in this item.,0
Nice product!,0
What’s the price?,0
Add me on Facebook (facebook.com/john_doe),1
Please email me at user1073@example.com,1
This looks good.,0
Does it come in other colors?,0
Where do you ship from?,0
Does it come in other colors?,0
Nice product!,0
How soon can I get it?,0
Connect on LinkedIn (linkedin.com/in/shopper987),1
Where do you ship from?,0
This looks good.,0
Do you have it in stock?,0
How soon can I get it?,0
My number is 5821133322,1
What’s the price?,0
Nice product!,0
Do you have it in stock?,0
This looks good.,0
This looks good.,0
hmu @ fashionista240,1
How soon can I get it?,0
What’s the price?,0
Please email me at user5877@example.com,1
Ping me on Telegram: @bob142,1
Where do you ship from?,0
Can you show more photos?,0
Nice product!,0
Nice product!,0
This looks good.,0
This looks good.,0
Where do you ship from?,0
Email me at ivan81@email.net,1
I’m interested in this item.,0
Does it come in other colors?,0
This looks good.,0
Does it come in other colors?,0
My Snapchat is charlie18,1
This looks good.,0
Do you have it in stock?,0
Nice product!,0
This looks good.,0
What’s the price?,0
This looks good.,0
I’m interested in this item.,0
Can you show more photos?,0
What are the dimensions?,0
This looks good.,0
Nice product!,0
Can you show more photos?,0
Message me on Snapchat: john_doe,1
Can you share your phone number so I can send you details?,1
I’m interested in this item.,0
What are the dimensions?,0
Message me at user7687@example.com,1
What’s the price?,0
Where do you ship from?,0
Contact me via Telegram: @tech_lead,1
Does it come in other colors?,0
This looks good.,0
Where do you ship from?,0
📱 +1-729-841-3398,1
I’m interested in this item.,0
Connect on LinkedIn (linkedin.com/in/fashioneer),1
Do you have it in stock?,0
Does it come in other colors?,0
DM me on Instagram: @eve808,1
Email me at user4949@example.com,1
Does it come in other colors?,0
What are the dimensions?,0
What’s the price?,0
Let's connect on LinkedIn: linkedin.com/in/fashioneer,1
Nice product!,0
DM me on Instagram @shop_owner,1
Follow me on Twitter: @grace315,1
Nice product!,0
How soon can I get it?,0
What are the dimensions?,0
b o b 1 1 @ e m a i l . n e t,1
Nice product!,0
snap me at s-n-a-p fashionista517,1
hmu @ coolcat169,1
Do you have it in stock?,0
Message via email: heidi23@mail.com,1
"My contact is 555-282-1907, call me.",1
I’m interested in this item.,0
Does it come in other colors?,0
Nice product!,0
Do you have it in stock?,0
Text me at (435) 061-4022,1
Does it come in other colors?,0
I’m interested in this item.,0
This looks good.,0
Facebook me at +1 318 522 1870,1
my email id is user6673@example.com,1
What are the dimensions?,0
This looks good.,0
What’s the price?,0
My Snapchat is frank81,1
Do you have it in stock?,0
What’s the price?,0
Reach me at +1 506 184 8644,1
Does it come in other colors?,0
c   o   n   t   a   c   t   m   e   7 7 2 - 1 5 8 - 2 4 1 1,1
DM me on Facebook: facebook.com/coolcat498,1
What are the dimensions?,0
Can you show more photos?,0
My WeChat ID is fashioneer,1
Follow me on Instagram @jane.smith and DM.,1
What’s the price?,0
Nice product!,0
I’m interested in this item.,0
Add me on WhatsApp: 555-958-6927,1
Do you have it in stock?,0
Nice product!,0
Hit me up on WhatsApp at 555-355-7794,1
Where do you ship from?,0
Nice product!,0
Can you show more photos?,0
This looks good.,0
What’s the price?,0
Nice product!,0
This looks good.,0
How soon can I get it?,0
This looks good.,0
What are the dimensions?,0
Find me on Facebook: https://facebook.com/alice847,1
DM me on Instagram: @david35,1
How soon can I get it?,0
What’s the price?,0
Nice product!,0
Does it come in other colors?,0
Message me on Signal: (317) 932-2489,1
How soon can I get it?,0
c o n t a c t : +1-148-471-1047,1
How soon can I get it?,0
Do you have it in stock?,0
This looks good.,0
Do you have it in stock?,0
Let's connect on LinkedIn: https://linkedin.com/in/frank846,1
What are the dimensions?,0
Does it come in other colors?,0
reach at t w o o o @example.com,1
I’m interested in this item.,0
Message me on Snapchat: john_doe,1
How soon can I get it?,0
I’m interested in this item.,0
How soon can I get it?,0
What’s the price?,0
What are the dimensions?,0
What’s the price?,0
Does it come in other colors?,0
I’m interested in this item.,0
I’m interested in this item.,0
Where do you ship from?,0
Where do you ship from?,0
wanna chat? +1-184-474-6067,1
Do you have it in stock?,0
Where do you ship from?,0
Message me on Signal: (064) 444-1061,1
Nice product!,0
"Email is user6875@example.com, reach out anytime.",1
Snapchat me @ shopper156,1
Where do you ship from?,0
Message me on Signal: (286) 517-6247,1
Can you show more photos?,0
Does it come in other colors?,0
Nice product!,0
Nice product!,0
Mail me: alice18@mail.com,1
Message me at user2618@example.com,1
Contact me via Telegram: @designer123,1
This looks good.,0
What’s the price?,0
Can you show more photos?,0
Email me at user4898@example.com,1
Can you show more photos?,0
I’m interested in this item.,0
Call me at 025-881-8032,1
"My contact is 555-730-3899, call me.",1
Does it come in other colors?,0
What are the dimensions?,0
Do you have it in stock?,0
Connect on LinkedIn (linkedin.com/in/shopper361),1
Where do you ship from?,0
How soon can I get it?,0
Hit me up on WhatsApp at +1-478-490-5779,1
Nice product!,0
my email id is user6137@example.com,1
Contact me via Telegram: @shop_owner,1
snap me at s-n-a-p devguy42,1
You can reach me at 555-796-7329,1
Where do you ship from?,0
What’s the price?,0
What are the dimensions?,0
Does it come in other colors?,0
Do you have it in stock?,0
Does it come in other colors?,0
TikTok me at +1 253 843 5320,1
Can you show more photos?,0
Do you have it in stock?,0
Do you have it in stock?,0
What’s the price?,0
Where do you ship from?,0
Add me on WhatsApp: 555-103-9663,1
I’m interested in this item.,0
Follow me on Instagram @designer123 and DM.,1
Can you show more photos?,0
What are the dimensions?,0
Nice product!,0
DM me on Instagram @tech_lead,1
How soon can I get it?,0
Does it come in other colors?,0
I’m interested in this item.,0
📧 user1515@example.com,1
How soon can I get it?,0
How soon can I get it?,0
Can you show more photos?,0
This looks good.,0
How soon can I get it?,0
I’m interested in this item.,0
Can you show more photos?,0
Do you have it in stock?,0
What are the dimensions?,0
you can DM me at devguy852 on Insta,1
I’m interested in this item.,0
Can you show more photos?,0
Where do you ship from?,0
What’s the price?,0
What’s the price?,0
Does it come in other colors?,0
Can you share your phone number so I can send you details?,1
Can you show more photos?,0
I’m interested in this item.,0
What are the dimensions?,0
Can you show more photos?,0
Does it come in other colors?,0
Can you share your phone number so I can send you details?,1
Can you show more photos?,0
Does it come in other colors?,0
Does it come in other colors?,0
How soon can I get it?,0
Do you have it in stock?,0
Do you have it in stock?,0
This looks good.,0
What are the dimensions?,0
"My contact is 555-496-7587, call me.",1
Where do you ship from?,0
I’m interested in this item.,0
Can you show more photos?,0
C o n t a c t :   ( 6 2 9 )   5 6 8 - 6 7 0 9,1
Nice product!,0
What are the dimensions?,0
What’s the price?,0
c o n t a c t : +1-314-166-2611,1
I’m interested in this item.,0
get in touch @ user1286@example.com,1
How soon can I get it?,0
Do you have it in stock?,0
This looks good.,0
Email me at user213@example.com,1
This looks good.,0
I’m interested in this item.,0
Can you show more photos?,0
What are the dimensions?,0
Nice product!,0
Do you have it in stock?,0
This looks good.,0
Does it come in other colors?,0
Text me at +1 297 847 2299,1
This looks good.,0
I’m interested in this item.,0
What’s the price?,0
telegram: t dot me slash coolcat834,1
DM me on Instagram @fashioneer,1
Email me at user4108@example.com,1
Nice product!,0
Can you show more photos?,0
I’m interested in this item.,0
How soon can I get it?,0
This looks good.,0
Where do you ship from?,0
Text me at (707) 364-9121,1
Connect on LinkedIn (linkedin.com/in/shopper994),1
c   o   n   t   a   c   t   m   e   8 2 5 0 7 6 4 8 1 6,1
What’s the price?,0
Do you have it in stock?,0
Nice product!,0
Where do you ship from?,0
Call me at +1 530 093 3162,1
Where do you ship from?,0
"Email is user6858@example.com, reach out anytime.",1
I’m interested in this item.,0
What are the dimensions?,0
"My contact is 555-250-3124, call me.",1
This looks good.,0
DM me on Instagram @john_doe,1
Nice product!,0
📧 user1452@example.com,1
Do you have it in stock?,0
Mail me: grace21@mail.com,1
How soon can I get it?,0
Contact me via Telegram: @fashioneer,1
I’m interested in this item.,0
How soon can I get it?,0
This looks good.,0
Email me at frank53@email.net,1
Do you have it in stock?,0
Where do you ship from?,0
Does it come in other colors?,0
Nice product!,0
Send me a DM on Facebook: facebook.com/tech_lead,1
Reach me at 365-661-8484,1
Can you show more photos?,0
This looks good.,0
hmu @ devguy491,1
Hit me up on WhatsApp at +1-934-492-4682,1
Reach out on WhatsApp at +1-722-251-6949,1
Nice product!,0
WhatsApp me at +1-555-932-5477,1
c o n t a c t : +1-793-525-1143,1
Does it come in other colors?,0
This looks good.,0
Snapchat me @ shopper328,1
Nice product!,0
Nice product!,0
Where do you ship from?,0
I’m interested in this item.,0
This looks good.,0
How soon can I get it?,0
My WeChat ID is fashioneer,1
This looks good.,0
Where do you ship from?,0
How soon can I get it?,0
Message me at user1854@example.com,1
This looks good.,0
Where do you ship from?,0
Can you show more photos?,0
📱 +1-879-685-6355,1
What are the dimensions?,0
Contact me via Telegram: @fashioneer,1
Does it come in other colors?,0
Nice product!,0
What’s the price?,0
Do you have it in stock?,0
How soon can I get it?,0
I’m interested in this item.,0
Do you have it in stock?,0
How soon can I get it?,0
Can you share your phone number so I can send you details?,1
Does it come in other colors?,0
Where do you ship from?,0
This looks good.,0
Where do you ship from?,0
How soon can I get it?,0
wanna chat? +1-684-734-9593,1
I’m interested in this item.,0
Reach me at 6230446964,1
What are the dimensions?,0
I’m interested in this item.,0
How soon can I get it?,0
Do you have it in stock?,0
Can you show more photos?,0
This looks good.,0
Where do you ship from?,0
Where do you ship from?,0
Where do you ship from?,0
What’s the price?,0
Can you show more photos?,0
This looks good.,0
What are the dimensions?,0
What’s the price?,0
What’s the price?,0
Do you have it in stock?,0
What are the dimensions?,0
This looks good.,0
I’m interested in this item.,0
This looks good.,0
telegram: t dot me slash devguy473,1
Nice product!,0
Follow me on Twitter: @frank877,1
Nice product!,0
I’m interested in this item.,0
Can you show more photos?,0
This looks good.,0
I’m interested in this item.,0
What’s the price?,0
What are the dimensions?,0
What are the dimensions?,0
WhatsApp me at +1-555-772-8735,1
What’s the price?,0
Nice product!,0
Can you show more photos?,0
my digits: +1-468-871-4808,1
Do you have it in stock?,0
I’m interested in this item.,0
What are the dimensions?,0
This looks good.,0
What’s the price?,0
This looks good.,0
t e l : +1-760-771-9217,1
Where do you ship from?,0
How soon can I get it?,0
Email me at user5950@example.com,1
This looks good.,0
How soon can I get it?,0
Nice product!,0
Can you show more photos?,0
What’s the price?,0
Follow me on Twitter: @david447,1
What are the dimensions?,0
What’s the price?,0
What are the dimensions?,0
You can reach me at 555-135-4925,1
This looks good.,0
Contact via email: david65@email.net,1
Do you have it in stock?,0
Here is my email: user6259@example.com,1
My number is 6831113946,1
Text me at 167-575-2623,1
Where do you ship from?,0
What’s the price?,0
Do you have it in stock?,0
my digits: +1-532-986-6290,1
How soon can I get it?,0
Nice product!,0
What are the dimensions?,0
How soon can I get it?,0
Message via email: david72@email.net,1
Can you show more photos?,0
This looks good.,0
Do you have it in stock?,0
Does it come in other colors?,0
My Snapchat is charlie124,1
What’s the price?,0
This looks good.,0
This looks good.,0
Do you have it in stock?,0
Message me on Snapchat: fashioneer,1
I’m interested in this item.,0
What’s the price?,0
Does it come in other colors?,0
Do you have it in stock?,0
Can I have your email address?,1
reach at t w o o o @example.com,1
Does it come in other colors?,0
My Snapchat is bob182,1
What are the dimensions?,0
How soon can I get it?,0
What are the dimensions?,0
Does it come in other colors?,0
This looks good.,0
This looks good.,0
Does it come in other colors?,0
find me at user8743@example.com 😉,1
Where do you ship from?,0
Do you have it in stock?,0
Please email me at user4721@example.com,1
How soon can I get it?,0
Nice product!,0
Do you have it in stock?,0
Nice product!,0
e m a i l m e @ user2306@example.com,1
Do you have it in stock?,0
What are the dimensions?,0
What’s the price?,0
How soon can I get it?,0
Nice product!,0
Do you have it in stock?,0
Nice product!,0
Connect on LinkedIn (linkedin.com/in/designer123),1
What are the dimensions?,0
Can you share your phone number so I can send you details?,1
What are the dimensions?,0
Can you show more photos?,0
Does it come in other colors?,0
My WeChat ID is fashioneer,1
How soon can I get it?,0
What’s the price?,0
Does it come in other colors?,0
Do you have it in stock?,0
Nice product!,0
Does it come in other colors?,0
Can you show more photos?,0
hmu @ shopper644,1
"My contact is 555-776-4325, call me.",1
Does it come in other colors?,0
Can you show more photos?,0
Can you show more photos?,0
Can you show more photos?,0
What’s the price?,0
What’s the price?,0
You can reach me at 555-473-4446,1
This looks good.,0
What’s the price?,0
I’m interested in this item.,0
I’m interested in this item.,0
Where do you ship from?,0
Can you share your phone number so I can send you details?,1
I’m interested in this item.,0
I’m interested in this item.,0
Where do you ship from?,0
Find me on Facebook: https://facebook.com/judy680,1
My TikTok: @ivan452,1
Let's connect on LinkedIn: linkedin.com/in/jane.smith,1
I’m interested in this item.,0
Where do you ship from?,0
How soon can I get it?,0
This looks good.,0
Can you show more photos?,0
Does it come in other colors?,0
"Email is user4583@example.com, reach out anytime.",1
Text me at 3976860312,1
I’m interested in this item.,0
Can you show more photos?,0
Where do you ship from?,0
How soon can I get it?,0
How soon can I get it?,0
Where do you ship from?,0
Nice product!,0
What’s the price?,0
Nice product!,0
Do you have it in stock?,0
Nice product!,0
Nice product!,0
Does it come in other colors?,0
Nice product!,0
Can you show more photos?,0
How soon can I get it?,0
Does it come in other colors?,0
How soon can I get it?,0
This looks good.,0
Do you have it in stock?,0
I’m interested in this item.,0
C o n t a c t :   3 3 4 8 8 0 3 8 8 3,1
How soon can I get it?,0
I’m interested in this item.,0
e m a i l m e @ user6212@example.com,1
Hit me up on WhatsApp at +1-540-324-1679,1
Does it come in other colors?,0
What’s the price?,0
You can reach me at 555-476-1624,1
How soon can I get it?,0
This looks good.,0
I’m interested in this item.,0
Do you have it in stock?,0
Do you have it in stock?,0
What are the dimensions?,0
What’s the price?,0
Contact via email: eve51@email.net,1
Nice product!,0
How soon can I get it?,0
Where do you ship from?,0
Can you show more photos?,0
This looks good.,0
My number is +1 027 732 3645,1
How soon can I get it?,0
This looks good.,0
Can you show more photos?,0
Message me on Snapchat: john_doe,1
Does it come in other colors?,0
Does it come in other colors?,0
Nice product!,0
Does it come in other colors?,0
How soon can I get it?,0
snap me at s-n-a-p coolcat854,1
e m a i l m e @ user2308@example.com,1
c   o   n   t   a   c   t   m   e   + 1   6 4 0   4 7 1   1 5 1 2,1
How soon can I get it?,0
Can you show more photos?,0
What are the dimensions?,0
Does it come in other colors?,0
How soon can I get it?,0
Does it come in other colors?,0
Nice product!,0
Do you have it in stock?,0
Do you have it in stock?,0
Where do you ship from?,0
Does it come in other colors?,0
Nice product!,0
What’s the price?,0
DM me on Instagram: @heidi65,1
Hit me up on WhatsApp at +1-168-304-9767,1
Connect on LinkedIn (linkedin.com/in/fashionista601),1
Nice product!,0
Where do you ship from?,0
Contact me via Telegram: @fashioneer,1
Can you show more photos?,0
Do you have it in stock?,0
How soon can I get it?,0
What are the dimensions?,0
c   o   n   t   a   c   t   m   e   ( 1 3 0 )   9 7 1 - 1 6 7 7,1
Add me on WhatsApp: (888) 374-2148,1
c   o   n   t   a   c   t   m   e   + 1   2 0 7   2 4 0   5 7 5 3,1
Nice product!,0
Does it come in other colors?,0
Can you show more photos?,0
How soon can I get it?,0
Do you have it in stock?,0
Where do you ship from?,0
Follow me on Twitter: @alice288,1
How soon can I get it?,0
Does it come in other colors?,0
I’m interested in this item.,0
Do you have it in stock?,0
What’s the price?,0
I’m interested in this item.,0
Do you have it in stock?,0
How soon can I get it?,0
Follow me on Instagram @john_doe and DM.,1
Contact me via Telegram: @fashionguru,1
Can you show more photos?,0
My WeChat ID is coolguy42,1
DM me on Facebook: facebook.com/fashionista496,1
I’m interested in this item.,0
"Email is user4284@example.com, reach out anytime.",1
Follow me on Twitter: @judy722,1
How soon can I get it?,0
This looks good.,0
Hit me up on WhatsApp at +1-237-404-7535,1
Does it come in other colors?,0
What’s the price?,0
How soon can I get it?,0
Connect on LinkedIn (linkedin.com/in/fashionista299),1
Can you show more photos?,0
This looks good.,0
This looks good.,0
Contact: +1-278-504-2576,1
Can you show more photos?,0
Do you have it in stock?,0
Snapchat me @ shopper526,1
What’s the price?,0
I’m interested in this item.,0
Do you have it in stock?,0
What’s the price?,0
This looks good.,0
I’m interested in this item.,0
What are the dimensions?,0
What are the dimensions?,0
Follow me on Twitter: @ivan395,1
Do you have it in stock?,0
t e l : +1-487-309-5197,1
Do you have it in stock?,0
Can you show more photos?,0
Can you show more photos?,0
📧 user3808@example.com,1
This looks good.,0
Nice product!,0
What’s the price?,0
message me via g m a i l at user4661@example.com,1
How soon can I get it?,0
Can you show more photos?,0
Does it come in other colors?,0
What’s the price?,0
"My contact is 555-610-2684, call me.",1
Where do you ship from?,0
message me via g m a i l at user622@example.com,1
Hit me up on WhatsApp at 555-734-6938,1
Does it come in other colors?,0
What are the dimensions?,0
Does it come in other colors?,0
Can you show more photos?,0
Where do you ship from?,0
What are the dimensions?,0
Do you have it in stock?,0
Contact me on Skype: heidi563,1
I’m interested in this item.,0
my email id is user8626@example.com,1
Nice product!,0
Where do you ship from?,0
message me via g m a i l at user3502@example.com,1
Can you show more photos?,0
Where do you ship from?,0
This looks good.,0
This looks good.,0
What’s the price?,0
Can you show more photos?,0
Can you show more photos?,0
This looks good.,0
What are the dimensions?,0
Find me on Facebook: https://facebook.com/grace571,1
How soon can I get it?,0
Nice product!,0
fb.com/coolcat940,1
What’s the price?,0
Do you have it in stock?,0
Hit me up on WhatsApp at 555-954-7969,1
Let's connect on LinkedIn: linkedin.com/in/fashionguru,1
I’m interested in this item.,0
Does it come in other colors?,0
I’m interested in this item.,0
How soon can I get it?,0
Message me on Signal: +1 311 710 8016,1
Can you show more photos?,0
I’m interested in this item.,0
I’m interested in this item.,0
Do you have it in stock?,0
Does it come in other colors?,0
Where do you ship from?,0
What are the dimensions?,0
Does it come in other colors?,0
Do you have it in stock?,0
This looks good.,0
What are the dimensions?,0
Ping me on Telegram: @judy326,1
My Snapchat is grace127,1
This looks good.,0
Nice product!,0
Do you have it in stock?,0
C o n t a c t :   ( 1 5 8 )   2 4 1 - 3 6 0 7,1
Where do you ship from?,0
Does it come in other colors?,0
Where do you ship from?,0
This looks good.,0
How soon can I get it?,0
Do you have it in stock?,0
Reach me at (383) 933-7721,1
I’m interested in this item.,0
Where do you ship from?,0
Do you have it in stock?,0
What are the dimensions?,0
"My contact is 555-862-1059, call me.",1
Can you show more photos?,0
How soon can I get it?,0
Do you have it in stock?,0
This looks good.,0
You can reach me at +1-400-717-1172,1
Does it come in other colors?,0
Does it come in other colors?,0
What’s the price?,0
fb.com/devguy986,1
Nice product!,0
Send me a DM on Facebook: facebook.com/designer123,1
Nice product!,0
Contact via email: frank33@example.com,1
This looks good.,0
What’s the price?,0
Message me on Snapchat: fashioneer,1
What’s the price?,0
e v e 9 1 @ t e s t . o r g,1
Where do you ship from?,0
This looks good.,0
Nice product!,0
Does it come in other colors?,0
This looks good.,0
Text me at 555-812-5364 for more info.,1
What’s the price?,0
Add me on Facebook (facebook.com/tech_lead),1
Where do you ship from?,0
Does it come in other colors?,0
How soon can I get it?,0
Find me on Facebook: https://facebook.com/judy532,1
t e l : +1-569-253-4611,1
Where do you ship from?,0
Do you have it in stock?,0
Do you have it in stock?,0
Text me at (933) 643-5564,1
This looks good.,0
my digits: +1-199-919-7108,1
Can you show more photos?,0
This looks good.,0
Hit me up on WhatsApp at 555-679-9574,1
Can you show more photos?,0
Nice product!,0
This looks good.,0
What are the dimensions?,0
What’s the price?,0
How soon can I get it?,0
Nice product!,0
This looks good.,0
my digits: +1-711-355-7566,1
Do you have it in stock?,0
Where do you ship from?,0
h e i d i 6 0 @ t e s t . o r g,1
My Snapchat is bob500,1
Do you have it in stock?,0
What are the dimensions?,0
This looks good.,0
I’m interested in this item.,0
Nice product!,0
Does it come in other colors?,0
Where do you ship from?,0
What are the dimensions?,0
This looks good.,0
Email me at user4864@example.com,1
my digits: +1-156-392-6597,1
wanna chat? +1-707-297-7550,1
Nice product!,0
Ping me on Telegram: @charlie513,1
What’s the price?,0
Where do you ship from?,0
How soon can I get it?,0
What are the dimensions?,0
Nice product!,0
c o n t a c t : +1-596-771-4082,1
What are the dimensions?,0
How soon can I get it?,0
Where do you ship from?,0
I’m interested in this item.,0
This looks good.,0
Do you have it in stock?,0
Contact me on Skype: charlie678,1
I’m interested in this item.,0
This looks good.,0
Do you have it in stock?,0
I’m interested in this item.,0
This looks good.,0
This looks good.,0
Mail me: ivan47@test.org,1
Do you have it in stock?,0
Nice product!,0
I’m interested in this item.,0
This looks good.,0
Can you show more photos?,0
Contact me on Skype: heidi334,1
Let's connect on LinkedIn: https://linkedin.com/in/heidi786,1
Do you have it in stock?,0
Let's connect on LinkedIn: https://linkedin.com/in/heidi468,1
Can you show more photos?,0
"Email is user5196@example.com, reach out anytime.",1
I’m interested in this item.,0
Can you show more photos?,0
Can you show more photos?,0
This looks good.,0
I’m interested in this item.,0
Do you have it in stock?,0
Do you have it in stock?,0
Nice product!,0
Do you have it in stock?,0
How soon can I get it?,0
Do you have it in stock?,0
What are the dimensions?,0
reach at t w o o o @example.com,1
This looks good.,0
Do you have it in stock?,0
Can you share your phone number so I can send you details?,1
Nice product!,0
Does it come in other colors?,0
Do you have it in stock?,0
What’s the price?,0
How soon can I get it?,0
Add me on Facebook (facebook.com/fashioneer),1
Text me at 555-973-6553 for more info.,1
Do you have it in stock?,0
I’m interested in this item.,0
Nice product!,0
Call me at 917-253-6782,1
Does it come in other colors?,0
Hit me up on WhatsApp at 555-660-9277,1
I’m interested in this item.,0
Can you show more photos?,0
Where do you ship from?,0
What’s the price?,0
Do you have it in stock?,0
What’s the price?,0
Where do you ship from?,0
Hit me up on WhatsApp at +1-671-980-9904,1
I’m interested in this item.,0
"Email is user1119@example.com, reach out anytime.",1
What’s the price?,0
Nice product!,0
This looks good.,0
wanna chat? +1-422-705-8084,1
Does it come in other colors?,0
This looks good.,0
This looks good.,0
Does it come in other colors?,0
Do you have it in stock?,0
Nice product!,0
What are the dimensions?,0
Nice product!,0
Can you show more photos?,0
What’s the price?,0
find me at user6768@example.com 😉,1
Does it come in other colors?,0
Reach me at (437) 368-7131,1
I’m interested in this item.,0
Where do you ship from?,0
This looks good.,0
Where do you ship from?,0
I’m interested in this item.,0
Nice product!,0
Where do you ship from?,0
Can you show more photos?,0
Nice product!,0
Add me on WhatsApp: 555-694-8082,1
This looks good.,0
Nice product!,0
What are the dimensions?,0
Where do you ship from?,0
I’m interested in this item.,0
How soon can I get it?,0
What’s the price?,0
You can reach me at 555-907-5130,1
I’m interested in this item.,0
What’s the price?,0
Messenger me at +1 902 913 8010,1
What’s the price?,0
Where do you ship from?,0
What’s the price?,0
I’m interested in this item.,0
What’s the price?,0
This looks good.,0
Do you have it in stock?,0
I’m interested in this item.,0
What are the dimensions?,0
I’m interested in this item.,0
How soon can I get it?,0
Does it come in other colors?,0
This looks good.,0
Send me a DM on Facebook: facebook.com/fashioneer,1
Please email me at user3117@example.com,1
What are the dimensions?,0
Where do you ship from?,0
Does it come in other colors?,0
What are the dimensions?,0
What are the dimensions?,0
Does it come in other colors?,0
Does it come in other colors?,0
Where do you ship from?,0
Do you have it in stock?,0
Where do you ship from?,0
What are the dimensions?,0
Do you have it in stock?,0
What are the dimensions?,0
Nice product!,0
Does it come in other colors?,0
Does it come in other colors?,0
Call me at (571) 390-5587,1
Does it come in other colors?,0
This looks good.,0
What are the dimensions?,0
This looks good.,0
Does it come in other colors?,0
Text me at 555-931-3361 for more info.,1
📱 +1-121-981-9526,1
How soon can I get it?,0
This looks good.,0
Do you have it in stock?,0
What are the dimensions?,0
Mail me: david8@example.com,1
What’s the price?,0
Where do you ship from?,0
Do you have it in stock?,0
Nice product!,0
What’s the price?,0
Does it come in other colors?,0
Where do you ship from?,0
Hit me up on WhatsApp at 555-455-5847,1
How soon can I get it?,0
Do you have it in stock?,0
This looks good.,0
I’m interested in this item.,0
This looks good.,0
How soon can I get it?,0
What’s the price?,0
I’m interested in this item.,0
Do you have it in stock?,0
This looks good.,0
What’s the price?,0
I’m interested in this item.,0
I’m interested in this item.,0
What’s the price?,0
What’s the price?,0
Follow me on Instagram @shop_owner and DM.,1
What are the dimensions?,0
DM me on Instagram: @eve482,1
g r a c e 4 3 @ t e s t . o r g,1
Does it come in other colors?,0
I’m interested in this item.,0
Where do you ship from?,0
Can you show more photos?,0
Nice product!,0
Message me on Snapchat: coolguy42,1
Where do you ship from?,0
What’s the price?,0
What’s the price?,0
Can you show more photos?,0
Does it come in other colors?,0
Where do you ship from?,0
I’m interested in this item.,0
Nice product!,0
What are the dimensions?,0
I’m interested in this item.,0
Does it come in other colors?,0
Nice product!,0
Text me at 555-976-1798 for more info.,1
Contact via email: frank8@example.com,1
Where do you ship from?,0
Where do you ship from?,0
You can reach me at 555-713-4987,1
Does it come in other colors?,0
How soon can I get it?,0
What’s the price?,0
I’m interested in this item.,0
This looks good.,0
Does it come in other colors?,0
Message me at user7480@example.com,1
Can you show more photos?,0
Does it come in other colors?,0
What’s the price?,0
Can you show more photos?,0
Can you show more photos?,0
Let's connect on LinkedIn: linkedin.com/in/designer123,1
Do you have it in stock?,0
I’m interested in this item.,0
How soon can I get it?,0
telegram: t dot me slash devguy781,1
What are the dimensions?,0
Nice product!,0
Nice product!,0
How soon can I get it?,0
This looks good.,0
Where do you ship from?,0
Does it come in other colors?,0
Where do you ship from?,0
fb.com/coolcat74,1
Where do you ship from?,0
Nice product!,0
Can you show more photos?,0
Can you share your phone number so I can send you details?,1
Can I have your email address?,1
Message me on Signal: 512-963-4343,1
What are the dimensions?,0
What’s the price?,0
hmu @ shopper423,1
Follow me on Twitter: @frank725,1
I’m interested in this item.,0
What are the dimensions?,0
Can you show more photos?,0
Email me at eve68@mail.com,1
Can you show more photos?,0
Connect on LinkedIn (linkedin.com/in/devguy421),1
What’s the price?,0
What’s the price?,0
Does it come in other colors?,0
What’s the price?,0
you can DM me at devguy770 on Insta,1
Can you show more photos?,0
Does it come in other colors?,0
DM me on Facebook: facebook.com/coolcat274,1
Do you have it in stock?,0
Where do you ship from?,0
What are the dimensions?,0
My number is (238) 820-5882,1
Do you have it in stock?,0
This looks good.,0
DM me on Instagram @shopper99,1
Nice product!,0
Can you show more photos?,0
Nice product!,0
How soon can I get it?,0
Please email me at user3213@example.com,1
How soon can I get it?,0
What’s the price?,0
Does it come in other colors?,0
Can you show more photos?,0
Can you show more photos?,0
I’m interested in this item.,0
Do you have it in stock?,0
Do you have it in stock?,0
What’s the price?,0
What’s the price?,0
Here is my email: user1277@example.com,1
Can you show more photos?,0
Can you show more photos?,0
What’s the price?,0
e m a i l m e @ user1794@example.com,1
Message me on Snapchat: tech_lead,1
This looks good.,0
Do you have it in stock?,0
Do you have it in stock?,0
Can you show more photos?,0
Connect on LinkedIn (linkedin.com/in/coolcat201),1
This looks good.,0
What’s the price?,0
Can you show more photos?,0
What’s the price?,0
Here's my email: user1233@example.com,1
This looks good.,0
What are the dimensions?,0
How soon can I get it?,0
What’s the price?,0
Do you have it in stock?,0
Let's connect on LinkedIn: linkedin.com/in/john_doe,1
Here is my email: user6192@example.com,1
Let's connect on LinkedIn: linkedin.com/in/john_doe,1
This looks good.,0
I’m interested in this item.,0
What’s the price?,0
Do you have it in stock?,0
Do you have it in stock?,0
I’m interested in this item.,0
How soon can I get it?,0
How soon can I get it?,0
Can you show more photos?,0
Here is my email: user6485@example.com,1
Do you have it in stock?,0
What’s the price?,0
"Email is user3806@example.com, reach out anytime.",1
What’s the price?,0
Email me at user2092@example.com,1
📱 +1-147-738-7825,1
What are the dimensions?,0
Do you have it in stock?,0
"My contact is 555-124-6431, call me.",1
snap me at s-n-a-p fashionista969,1
Find me on Facebook: https://facebook.com/bob816,1
📱 +1-267-826-2536,1
WhatsApp me at +1-555-127-6715,1
Does it come in other colors?,0
How soon can I get it?,0
What’s the price?,0
Does it come in other colors?,0
What’s the price?,0
This looks good.,0
Nice product!,0
What are the dimensions?,0
Can you show more photos?,0
This looks good.,0
What are the dimensions?,0
Nice product!,0
What’s the price?,0
Where do you ship from?,0
Nice product!,0
This looks good.,0
Do you have it in stock?,0
Can you show more photos?,0
Nice product!,0
Do you have it in stock?,0
Where do you ship from?,0
Where do you ship from?,0
Does it come in other colors?,0
How soon can I get it?,0
This looks good.,0
I’m interested in this item.,0
Nice product!,0
Message me on Signal: +1 896 096 6686,1
Do you have it in stock?,0
Follow me on Instagram @coolguy42 and DM.,1
What are the dimensions?,0
I’m interested in this item.,0
How soon can I get it?,0
Can you show more photos?,0
Connect on LinkedIn (linkedin.com/in/fashioneer),1
Contact via email: frank47@mail.com,1
Nice product!,0
What are the dimensions?,0
Where do you ship from?,0
What are the dimensions?,0
What’s the price?,0
What are the dimensions?,0
Does it come in other colors?,0
What are the dimensions?,0
Do you have it in stock?,0
DM me on Instagram: @frank393,1
This looks good.,0
I’m interested in this item.,0
What are the dimensions?,0
Nice product!,0
This looks good.,0
How soon can I get it?,0
This looks good.,0
Where do you ship from?,0
Can you show more photos?,0
Do you have it in stock?,0
Can you show more photos?,0
Can you show more photos?,0
What are the dimensions?,0
How soon can I get it?,0
Where do you ship from?,0
Add me on WhatsApp: 555-986-1295,1
"My contact is 555-413-8909, call me.",1
Nice product!,0
What’s the price?,0
Contact: +1-298-720-1067,1
Contact me via Telegram: @jane.smith,1
What’s the price?,0
Where do you ship from?,0
This looks good.,0
What’s the price?,0
Where do you ship from?,0
Nice product!,0
What are the dimensions?,0
What’s the price?,0
Does it come in other colors?,0
Ping me on Telegram: @charlie603,1
Where do you ship from?,0
I’m interested in this item.,0
Nice product!,0
I’m interested in this item.,0
I’m interested in this item.,0
Send me a DM on Facebook: facebook.com/coolguy42,1
Do you have it in stock?,0
Nice product!,0
Where do you ship from?,0
How soon can I get it?,0
I’m interested in this item.,0
Where do you ship from?,0
What’s the price?,0
Where do you ship from?,0
I’m interested in this item.,0
c   o   n   t   a   c   t   m   e   ( 0 3 1 )   3 7 4 - 8 6 7 9,1
This looks good.,0
My WeChat ID is designer123,1
Can you show more photos?,0
Nice product!,0
I’m interested in this item.,0
What are the dimensions?,0
Where do you ship from?,0
Where do you ship from?,0
What are the dimensions?,0
What are the dimensions?,0
What are the dimensions?,0
Does it come in other colors?,0
Where do you ship from?,0
I’m interested in this item.,0
Nice product!,0
This looks good.,0
Does it come in other colors?,0
Nice product!,0
Does it come in other colors?,0
How soon can I get it?,0
Nice product!,0
Where do you ship from?,0
What are the dimensions?,0
What’s the price?,0
Does it come in other colors?,0
This looks good.,0
I’m interested in this item.,0
Contact me via Telegram: @designer123,1
Nice product!,0
Send me a DM on Facebook: facebook.com/tech_lead,1
Can you show more photos?,0
What’s the price?,0
How soon can I get it?,0
Do you have it in stock?,0
Can you show more photos?,0
Do you have it in stock?,0
Add me on WhatsApp: 555-121-9578,1
Does it come in other colors?,0
C o n t a c t :   4 7 2 - 3 1 1 - 6 8 6 4,1
What are the dimensions?,0
What are the dimensions?,0
Contact: +1-624-195-8833,1
Nice product!,0
Can you show more photos?,0
Messenger me at (969) 230-5209,1
Can you show more photos?,0
Does it come in other colors?,0
What’s the price?,0
Nice product!,0
What are the dimensions?,0
How soon can I get it?,0
fb.com/shopper4,1
Nice product!,0
This looks good.,0
Does it come in other colors?,0
How soon can I get it?,0
I’m interested in this item.,0
Nice product!,0
I’m interested in this item.,0
How soon can I get it?,0
Does it come in other colors?,0
Please email me at user5444@example.com,1
Does it come in other colors?,0
Do you have it in stock?,0
Does it come in other colors?,0
Do you have it in stock?,0
What’s the price?,0
Does it come in other colors?,0
Message me at user5444@example.com,1
Here is my email: user6013@example.com,1
This looks good.,0
Nice product!,0
Where do you ship from?,0
📱 +1-164-949-3541,1
Nice product!,0
t e l : +1-924-547-9999,1
Does it come in other colors?,0
snap me at s-n-a-p fashionista168,1
What are the dimensions?,0
Does it come in other colors?,0
I’m interested in this item.,0
Mail me: alice19@example.com,1
Where do you ship from?,0
Can you show more photos?,0
Connect on LinkedIn (linkedin.com/in/john_doe),1
Nice product!,0
Do you have it in stock?,0
Here's my email: user1887@example.com,1
Does it come in other colors?,0
Where do you ship from?,0
I’m interested in this item.,0
Where do you ship from?,0
I’m interested in this item.,0
telegram: t dot me slash devguy418,1
What are the dimensions?,0
Where do you ship from?,0
Do you have it in stock?,0
How soon can I get it?,0
What are the dimensions?,0
Can you show more photos?,0
Can you show more photos?,0
Do you have it in stock?,0
Does it come in other colors?,0
Does it come in other colors?,0
What are the dimensions?,0
What’s the price?,0
Can you show more photos?,0
Can you show more photos?,0
Does it come in other colors?,0
Where do you ship from?,0
This looks good.,0
Does it come in other colors?,0
I’m interested in this item.,0
Can you show more photos?,0
reach at t w o o o @example.com,1
Reach out on WhatsApp at +1-576-266-7235,1
How soon can I get it?,0
Please email me at user1131@example.com,1
What are the dimensions?,0
my digits: +1-390-233-3178,1
Do you have it in stock?,0
How soon can I get it?,0
This looks good.,0
How soon can I get it?,0
What are the dimensions?,0
c o n t a c t : +1-978-815-6608,1
Does it come in other colors?,0
Does it come in other colors?,0
What are the dimensions?,0
What are the dimensions?,0
This looks good.,0
Message me at user530@example.com,1
Does it come in other colors?,0
Can you show more photos?,0
Does it come in other colors?,0
What are the dimensions?,0
I’m interested in this item.,0
Do you have it in stock?,0
Where do you ship from?,0
This looks good.,0
I’m interested in this item.,0
Here's my email: user1615@example.com,1
Nice product!,0
Do you have it in stock?,0
Does it come in other colors?,0
What are the dimensions?,0
This looks good.,0
How soon can I get it?,0
This looks good.,0
Where do you ship from?,0
fb.com/shopper434,1
Does it come in other colors?,0
What are the dimensions?,0
my digits: +1-485-615-5149,1
Here is my email: user6807@example.com,1
What’s the price?,0
My number is +1 277 200 0970,1
Find me on Facebook: https://facebook.com/david598,1
This looks good.,0
Where do you ship from?,0
Can you show more photos?,0
Do you have it in stock?,0
This looks good.,0
What’s the price?,0
telegram: t dot me slash devguy459,1
Do you have it in stock?,0
c   o   n   t   a   c   t   m   e   ( 4 9 1 )   8 6 1 - 8 3 6 9,1
Where do you ship from?,0
What are the dimensions?,0
Do you have it in stock?,0
I’m interested in this item.,0
I’m interested in this item.,0
Can you show more photos?,0
What’s the price?,0
Where do you ship from?,0
What are the dimensions?,0
Message via email: bob12@email.net,1
Text me at +1-647-581-2993,1
What’s the price?,0
This looks good.,0
Where do you ship from?,0
Snapchat me @ fashionista547,1
I’m interested in this item.,0
Do you have it in stock?,0
Where do you ship from?,0
Can you show more photos?,0
My Snapchat is judy472,1
Do you have it in stock?,0
What are the dimensions?,0
I’m interested in this item.,0
Text me at 555-778-6124 for more info.,1
I’m interested in this item.,0
What’s the price?,0
What are the dimensions?,0
What are the dimensions?,0
How soon can I get it?,0
I’m interested in this item.,0
Text me at 555-221-5153 for more info.,1
Does it come in other colors?,0
Can you show more photos?,0
What are the dimensions?,0
Does it come in other colors?,0
How soon can I get it?,0
What are the dimensions?,0
Follow me on Twitter: @alice232,1
What’s the price?,0
I’m interested in this item.,0
This looks good.,0
Nice product!,0
Can you show more photos?,0
"My contact is 555-828-5399, call me.",1
Does it come in other colors?,0
This looks good.,0
Text me at 555-690-2784 for more info.,1
Do you have it in stock?,0
Do you have it in stock?,0
What are the dimensions?,0
Nice product!,0
How soon can I get it?,0
Can you show more photos?,0
Do you have it in stock?,0
Does it come in other colors?,0
How soon can I get it?,0
Do you have it in stock?,0
I’m interested in this item.,0
Does it come in other colors?,0
b o b 3 4 @ m a i l . c o m,1
Can you show more photos?,0
What’s the price?,0
Can you show more photos?,0
I’m interested in this item.,0
Can you show more photos?,0
Do you have it in stock?,0
How soon can I get it?,0
Do you have it in stock?,0
Add me on Facebook (facebook.com/tech_lead),1
How soon can I get it?,0
Where do you ship from?,0
Where do you ship from?,0
Add me on WhatsApp: 555-464-3996,1
What are the dimensions?,0
Telegram me at 850-724-9284,1
What are the dimensions?,0
What’s the price?,0
Here's my email: user8448@example.com,1
Do you have it in stock?,0
Where do you ship from?,0
What’s the price?,0
Nice product!,0
Where do you ship from?,0
Text me at +1 441 917 1765,1
What are the dimensions?,0
Can you show more photos?,0
Where do you ship from?,0
c   o   n   t   a   c   t   m   e   0 3 2 5 1 9 9 8 0 4,1
Call me at +1 253 515 6006,1
How soon can I get it?,0
Nice product!,0
reach at t w o o o @example.com,1
How soon can I get it?,0
Where do you ship from?,0
This looks good.,0
Reach out on WhatsApp at +1-959-179-2361,1
Can you show more photos?,0
What’s the price?,0
Do you have it in stock?,0
Text me at +1-509-465-3307,1
I’m interested in this item.,0
Send me a DM on Facebook: facebook.com/tech_lead,1
Ping me on Telegram: @david152,1
Message me at user9928@example.com,1
What are the dimensions?,0
You can reach me at +1-137-236-8399,1
Reach me at +1 929 118 6472,1
Nice product!,0
This looks good.,0
Here's my email: user532@example.com,1
Do you have it in stock?,0
Nice product!,0
Nice product!,0
Can you show more photos?,0
Does it come in other colors?,0
Nice product!,0
What are the dimensions?,0
I’m interested in this item.,0
This looks good.,0
This looks good.,0
What are the dimensions?,0
How soon can I get it?,0
This looks good.,0
What are the dimensions?,0
find me at user6941@example.com 😉,1
Text me at +1-885-202-4894,1
I’m interested in this item.,0
Nice product!,0
What are the dimensions?,0
Does it come in other colors?,0
c   o   n   t   a   c   t   m   e   + 1   2 8 9   0 2 1   0 5 8 2,1
Can you share your phone number so I can send you details?,1
I’m interested in this item.,0
Nice product!,0
Does it come in other colors?,0
Nice product!,0
I’m interested in this item.,0
How soon can I get it?,0
What’s the price?,0
Can you show more photos?,0
This looks good.,0
My WeChat ID is designer123,1
What’s the price?,0
What are the dimensions?,0
Does it come in other colors?,0
I’m interested in this item.,0
Where do you ship from?,0
Do you have it in stock?,0
This looks good.,0
Where do you ship from?,0
Can you show more photos?,0
Can you show more photos?,0
"My contact is 555-798-4232, call me.",1
Where do you ship from?,0
How soon can I get it?,0
What are the dimensions?,0
This looks good.,0
Does it come in other colors?,0
Send me a DM on Facebook: facebook.com/jane.smith,1
📧 user9358@example.com,1
What are the dimensions?,0
you can DM me at shopper130 on Insta,1
Can you show more photos?,0
How soon can I get it?,0
Do you have it in stock?,0
Email me at david87@email.net,1
Reach me at 844-314-9083,1
Does it come in other colors?,0
Can you show more photos?,0
Nice product!,0
Let's connect on LinkedIn: linkedin.com/in/best_pizza,1
I’m interested in this item.,0
This looks good.,0
Nice product!,0
I’m interested in this item.,0
Nice product!,0
Can you show more photos?,0
I’m interested in this item.,0
Does it come in other colors?,0
"My contact is 555-988-6188, call me.",1
Does it come in other colors?,0
Can you show more photos?,0
Where do you ship from?,0
Nice product!,0
This looks good.,0
What are the dimensions?,0
Nice product!,0
This looks good.,0
What are the dimensions?,0
Nice product!,0
Does it come in other colors?,0
Where do you ship from?,0
What’s the price?,0
How soon can I get it?,0
Do you have it in stock?,0
Where do you ship from?,0
Do you have it in stock?,0
Where do you ship from?,0
Where do you ship from?,0
Nice product!,0
Does it come in other colors?,0
How soon can I get it?,0
How soon can I get it?,0
Can you show more photos?,0
I’m interested in this item.,0
I’m interested in this item.,0
This looks good.,0
What’s the price?,0
This looks good.,0
This looks good.,0
Where do you ship from?,0
This looks good.,0
Can you show more photos?,0
Do you have it in stock?,0
Do you have it in stock?,0
Connect on LinkedIn (linkedin.com/in/coolguy42),1
Let's connect on LinkedIn: linkedin.com/in/shop_owner,1
You can reach me at 555-228-6616,1
My TikTok: @grace132,1
Nice product!,0
Text me at 555-512-2972 for more info.,1
What’s the price?,0
Does it come in other colors?,0
Nice product!,0
Can you show more photos?,0
I’m interested in this item.,0
This looks good.,0
Can you show more photos?,0
Where do you ship from?,0
telegram: t dot me slash shopper142,1
Do you have it in stock?,0
Where do you ship from?,0
Contact me on Skype: ivan465,1
What’s the price?,0
C a l l   m e :   8 6 5 - 4 0 8 - 0 7 8 8,1
Does it come in other colors?,0
Message via email: eve25@email.net,1
How soon can I get it?,0
Where do you ship from?,0
Can you show more photos?,0
you can DM me at coolcat892 on Insta,1
Does it come in other colors?,0
I’m interested in this item.,0
What are the dimensions?,0
reach at t w o o o @example.com,1
My WeChat ID is tech_lead,1
Where do you ship from?,0
This looks good.,0
fb.com/shopper199,1
This looks good.,0
How soon can I get it?,0
What are the dimensions?,0
Nice product!,0
This looks good.,0
Nice product!,0
This looks good.,0
telegram: t dot me slash fashionista613,1
My Snapchat is charlie907,1
What’s the price?,0
Can you show more photos?,0
What’s the price?,0
This looks good.,0
This looks good.,0
Where do you ship from?,0
telegram: t dot me slash shopper60,1
I’m interested in this item.,0
Where do you ship from?,0
What’s the price?,0
Can you show more photos?,0
Where do you ship from?,0
Here's my email: user7070@example.com,1
snap me at s-n-a-p coolcat809,1
What’s the price?,0
Nice product!,0
What’s the price?,0
What are the dimensions?,0
Message me on Signal: 485-747-0657,1
Do you have it in stock?,0
Contact: +1-504-489-8685,1
You can reach me at 555-246-9660,1
What’s the price?,0
Does it come in other colors?,0
Text me at 555-790-7372 for more info.,1
What’s the price?,0
Do you have it in stock?,0
Message me on Signal: 4852324354,1
Where do you ship from?,0
Does it come in other colors?,0
Connect on LinkedIn (linkedin.com/in/devguy15),1
Can you show more photos?,0
Where do you ship from?,0
Can you show more photos?,0
What are the dimensions?,0
f r a n k 8 @ e x a m p l e . c o m,1
Add me on WhatsApp: 555-381-5333,1
Where do you ship from?,0
What’s the price?,0
What’s the price?,0
I’m interested in this item.,0
Can you show more photos?,0
Can you show more photos?,0
Text me at +1-790-750-7350,1
Nice product!,0
This looks good.,0
Do you have it in stock?,0
What’s the price?,0
Nice product!,0
This looks good.,0
This looks good.,0
Do you have it in stock?,0
Does it come in other colors?,0
Nice product!,0
Where do you ship from?,0
Snapchat me @ coolcat459,1
What are the dimensions?,0
Do you have it in stock?,0
Message me on Signal: +1 967 392 5000,1
Do you have it in stock?,0
Email me at grace87@example.com,1
This looks good.,0
t e l : +1-737-308-7465,1
This looks good.,0
What’s the price?,0
This looks good.,0
Where do you ship from?,0
Mail me: ivan96@example.com,1
📱 +1-244-131-2239,1
Connect on LinkedIn (linkedin.com/in/devguy121),1
How soon can I get it?,0
You can reach me at 555-422-9048,1
This looks good.,0
I’m interested in this item.,0
Do you have it in stock?,0
Call me at (100) 105-7066,1
Nice product!,0
Can you show more photos?,0
Can you share your phone number so I can send you details?,1
Can you show more photos?,0
telegram: t dot me slash shopper559,1
Follow me on Twitter: @heidi397,1
My TikTok: @ivan200,1
How soon can I get it?,0
Where do you ship from?,0
Nice product!,0
you can DM me at coolcat62 on Insta,1
How soon can I get it?,0
Contact me on Skype: bob450,1
I’m interested in this item.,0
Do you have it in stock?,0
I’m interested in this item.,0
DM me on Instagram @shop_owner,1
How soon can I get it?,0
Where do you ship from?,0
Can you show more photos?,0
This looks good.,0
Where do you ship from?,0
Does it come in other colors?,0
What’s the price?,0
What are the dimensions?,0
You can reach me at 555-618-6490,1
Where do you ship from?,0
Where do you ship from?,0
I’m interested in this item.,0
Can you share your phone number so I can send you details?,1
Nice product!,0
This looks good.,0
Do you have it in stock?,0
How soon can I get it?,0
Contact me via Telegram: @fashionguru,1
How soon can I get it?,0
Can you show more photos?,0
"My contact is 555-691-7850, call me.",1
I’m interested in this item.,0
What’s the price?,0
This looks good.,0
What’s the price?,0
Nice product!,0
I’m interested in this item.,0
This looks good.,0
Follow me on Twitter: @bob435,1
What are the dimensions?,0
What’s the price?,0
Nice product!,0
Can you show more photos?,0
Nice product!,0
My number is 1612912010,1
This looks good.,0
Can you show more photos?,0
Where do you ship from?,0
What are the dimensions?,0
I’m interested in this item.,0
Where do you ship from?,0
📱 +1-702-694-2531,1
Nice product!,0
This looks good.,0
I’m interested in this item.,0
What are the dimensions?,0
Follow me on Instagram @john_doe and DM.,1
Do you have it in stock?,0
Where do you ship from?,0
Do you have it in stock?,0
How soon can I get it?,0
I’m interested in this item.,0
Does it come in other colors?,0
DM me on Instagram @john_doe,1
Nice product!,0
How soon can I get it?,0
How soon can I get it?,0
Nice product!,0
Text me at 555-863-8117 for more info.,1
What’s the price?,0
This looks good.,0
Do you have it in stock?,0
How soon can I get it?,0
You can reach me at 555-560-3625,1
wanna chat? +1-631-202-6964,1
Where do you ship from?,0
This looks good.,0
b o b 7 9 @ t e s t . o r g,1
Does it come in other colors?,0
Do you have it in stock?,0
Do you have it in stock?,0
Reach me at 0530931656,1
Nice product!,0
Can you show more photos?,0
Does it come in other colors?,0
Where do you ship from?,0
What are the dimensions?,0
This looks good.,0
Does it come in other colors?,0
Nice product!,0
find me at user8936@example.com 😉,1
What’s the price?,0
Send me a DM on Facebook: facebook.com/john_doe,1
This looks good.,0
DM me on Instagram @coolguy42,1
Hit me up on WhatsApp at +1-267-683-9013,1
Do you have it in stock?,0
Find me on Facebook: https://facebook.com/bob597,1
I’m interested in this item.,0
How soon can I get it?,0
Nice product!,0
How soon can I get it?,0
Does it come in other colors?,0
How soon can I get it?,0
Do you have it in stock?,0
Nice product!,0
Nice product!,0
Where do you ship from?,0
Where do you ship from?,0
Where do you ship from?,0
Do you have it in stock?,0
Can you show more photos?,0
Do you have it in stock?,0
What’s the price?,0
How soon can I get it?,0
Email me at eve45@email.net,1
Nice product!,0
fb.com/devguy215,1
Nice product!,0
How soon can I get it?,0
What are the dimensions?,0
Where do you ship from?,0
Does it come in other colors?,0
I’m interested in this item.,0
📧 user1192@example.com,1
Nice product!,0
Message me on Snapchat: shopper99,1
How soon can I get it?,0
How soon can I get it?,0
Can you show more photos?,0
This looks good.,0
Nice product!,0
How soon can I get it?,0
my digits: +1-980-224-8107,1
I’m interested in this item.,0
Message me on Signal: 4266704414,1
You can reach me at 555-963-9698,1
I’m interested in this item.,0
Do you have it in stock?,0
Here's my email: user202@example.com,1
you can DM me at shopper609 on Insta,1
Add me on Facebook (facebook.com/fashioneer),1
Can you show more photos?,0
Do you have it in stock?,0
I’m interested in this item.,0
This looks good.,0
What’s the price?,0
How soon can I get it?,0
Text me at 887-087-7864,1
get in touch @ user6463@example.com,1
Where do you ship from?,0
What are the dimensions?,0
hmu @ shopper928,1
Facebook me at 990-063-1288,1
Does it come in other colors?,0
What are the dimensions?,0
Do you have it in stock?,0
Can you show more photos?,0
I’m interested in this item.,0
Contact me on Skype: charlie348,1
Can you show more photos?,0
Nice product!,0
Where do you ship from?,0
Do you have it in stock?,0
What are the dimensions?,0
What’s the price?,0
What are the dimensions?,0
Follow me on Instagram @best_pizza and DM.,1
I’m interested in this item.,0
Find me on Facebook: https://facebook.com/grace367,1
What’s the price?,0
Can you show more photos?,0
What are the dimensions?,0
This looks good.,0
Do you have it in stock?,0
Nice product!,0
Nice product!,0
This looks good.,0
This looks good.,0
How soon can I get it?,0
Do you have it in stock?,0
Message me at user9394@example.com,1
I’m interested in this item.,0
Add me on Facebook (facebook.com/jane.smith),1
Reach out on WhatsApp at +1-968-519-2817,1
How soon can I get it?,0
What’s the price?,0
Do you have it in stock?,0
This looks good.,0
This looks good.,0
This looks good.,0
How soon can I get it?,0
Can you show more photos?,0
Do you have it in stock?,0
Can you show more photos?,0
Contact via email: ivan78@mail.com,1
Where do you ship from?,0
Contact via email: charlie91@email.net,1
What are the dimensions?,0
Where do you ship from?,0
Find me on Facebook: https://facebook.com/charlie23,1
This looks good.,0
This looks good.,0
How soon can I get it?,0
t e l : +1-425-814-7753,1
This looks good.,0
Can you show more photos?,0
What’s the price?,0
What’s the price?,0
Nice product!,0
Nice product!,0
Can you show more photos?,0
Nice product!,0
Message me on Signal: +1 141 719 5719,1
Nice product!,0
Reach out on WhatsApp at +1-198-488-1821,1
What’s the price?,0
What are the dimensions?,0
Where do you ship from?,0
Nice product!,0
This looks good.,0
This looks good.,0
Where do you ship from?,0
fb.com/shopper17,1
Where do you ship from?,0
What’s the price?,0
My WeChat ID is fashionguru,1
Where do you ship from?,0
Nice product!,0
Contact via email: eve45@example.com,1
Do you have it in stock?,0
Does it come in other colors?,0
Snapchat me @ fashionista241,1
Contact me via Telegram: @shop_owner,1
Do you have it in stock?,0
How soon can I get it?,0
message me via g m a i l at user9513@example.com,1
Do you have it in stock?,0
Do you have it in stock?,0
Can you show more photos?,0
How soon can I get it?,0
What are the dimensions?,0
Do you have it in stock?,0
Do you have it in stock?,0
Where do you ship from?,0
Message me on Signal: +1 294 964 7955,1
Hit me up on WhatsApp at +1-805-972-5738,1
Does it come in other colors?,0
Call me at (596) 372-7552,1
I’m interested in this item.,0
Does it come in other colors?,0
Where do you ship from?,0
Does it come in other colors?,0
DM me on Facebook: facebook.com/shopper830,1
How soon can I get it?,0
This looks good.,0
Nice product!,0
What are the dimensions?,0
Message via email: eve8@test.org,1
Where do you ship from?,0
I’m interested in this item.,0
Does it come in other colors?,0
What are the dimensions?,0
What are the dimensions?,0
Please email me at user1147@example.com,1
Do you have it in stock?,0
How soon can I get it?,0
WhatsApp me at +1-555-391-2502,1
Do you have it in stock?,0
Follow me on Instagram @jane.smith and DM.,1
Can you show more photos?,0
What’s the price?,0
Hit me up on WhatsApp at 555-569-4832,1
Can you show more photos?,0
Snapchat me @ devguy714,1
I’m interested in this item.,0
How soon can I get it?,0
Does it come in other colors?,0
Can you show more photos?,0
Where do you ship from?,0
snap me at s-n-a-p coolcat324,1
Reach me at (146) 269-4321,1
This looks good.,0
Nice product!,0
Where do you ship from?,0
My number is 5470482853,1
Where do you ship from?,0
How soon can I get it?,0
Does it come in other colors?,0
I’m interested in this item.,0
Nice product!,0
What’s the price?,0
How soon can I get it?,0
This looks good.,0
Text me at +1-420-103-6937,1
I’m interested in this item.,0
snap me at s-n-a-p devguy525,1
Does it come in other colors?,0
Can you show more photos?,0
Where do you ship from?,0
Where do you ship from?,0
What are the dimensions?,0
I’m interested in this item.,0
I’m interested in this item.,0
Can you show more photos?,0
Does it come in other colors?,0
Does it come in other colors?,0
Can you show more photos?,0
Nice product!,0
Nice product!,0
How soon can I get it?,0
I’m interested in this item.,0
Let's connect on LinkedIn: linkedin.com/in/fashionguru,1
Can you show more photos?,0
I’m interested in this item.,0
Nice product!,0
c o n t a c t : +1-869-602-4063,1
What are the dimensions?,0
Can you show more photos?,0
How soon can I get it?,0
My Snapchat is david532,1
Text me at +1-517-574-2708,1
What are the dimensions?,0
Can you show more photos?,0
Can you show more photos?,0
"My contact is 555-183-8127, call me.",1
Do you have it in stock?,0
What’s the price?,0
Does it come in other colors?,0
Does it come in other colors?,0
Add me on Facebook (facebook.com/best_pizza),1
What’s the price?,0
Can you show more photos?,0
Nice product!,0
My WeChat ID is best_pizza,1
Do you have it in stock?,0
Hit me up on WhatsApp at 555-712-2427,1
Nice product!,0
This looks good.,0
Nice product!,0
How soon can I get it?,0
I’m interested in this item.,0
I’m interested in this item.,0
Can you share your phone number so I can send you details?,1
How soon can I get it?,0
How soon can I get it?,0
I’m interested in this item.,0
Where do you ship from?,0
My number is 020-176-6378,1
What are the dimensions?,0
This looks good.,0
How soon can I get it?,0
I’m interested in this item.,0
Nice product!,0
Does it come in other colors?,0
c   o   n   t   a   c   t   m   e   + 1   8 9 6   8 4 7   3 9 2 1,1
Nice product!,0
Do you have it in stock?,0
Do you have it in stock?,0
What are the dimensions?,0
Can you show more photos?,0
Contact me via Telegram: @tech_lead,1
Hit me up on WhatsApp at +1-417-333-3766,1
This looks good.,0
Where do you ship from?,0
How soon can I get it?,0
How soon can I get it?,0
Does it come in other colors?,0
Do you have it in stock?,0
How soon can I get it?,0
What are the dimensions?,0
Does it come in other colors?,0
Where do you ship from?,0
C a l l   m e :   + 1   0 3 1   6 4 8   5 6 8 1,1
Contact via email: judy97@example.com,1
Can you show more photos?,0
What’s the price?,0
Does it come in other colors?,0
Can you share your phone number so I can send you details?,1
Can you show more photos?,0
This looks good.,0
Do you have it in stock?,0
Add me on Facebook (facebook.com/tech_lead),1
Can you show more photos?,0
📧 user9860@example.com,1
Where do you ship from?,0
Does it come in other colors?,0
Where do you ship from?,0
C o n t a c t :   1 2 6 2 1 3 8 7 4 3,1
Can you show more photos?,0
This looks good.,0
What are the dimensions?,0
Nice product!,0
Nice product!,0
Nice product!,0
Do you have it in stock?,0
Follow me on Instagram @fashioneer and DM.,1
Nice product!,0
What’s the price?,0
Where do you ship from?,0
This looks good.,0
What are the dimensions?,0
Nice product!,0
📧 user379@example.com,1
Do you have it in stock?,0
Does it come in other colors?,0
Where do you ship from?,0
Can you share your phone number so I can send you details?,1
Contact via email: bob70@mail.com,1
Do you have it in stock?,0
Nice product!,0
Does it come in other colors?,0
my digits: +1-275-104-2139,1
I’m interested in this item.,0
My TikTok: @david193,1
Do you have it in stock?,0
Where do you ship from?,0
Where do you ship from?,0
my digits: +1-412-625-4090,1
Message via email: heidi40@email.net,1
Mail me: ivan74@test.org,1
Does it come in other colors?,0
I’m interested in this item.,0
This looks good.,0
Does it come in other colors?,0
How soon can I get it?,0
How soon can I get it?,0
Nice product!,0
This looks good.,0
This looks good.,0
DM me on Facebook: facebook.com/devguy651,1
Where do you ship from?,0
Here's my email: user1494@example.com,1
I’m interested in this item.,0
What’s the price?,0
What’s the price?,0
What’s the price?,0
I’m interested in this item.,0
This looks good.,0
You can reach me at 555-288-7551,1
Do you have it in stock?,0
Can you show more photos?,0
Does it come in other colors?,0
Does it come in other colors?,0
How soon can I get it?,0
Does it come in other colors?,0
Does it come in other colors?,0
How soon can I get it?,0
Where do you ship from?,0
Let's connect on LinkedIn: linkedin.com/in/shop_owner,1
Does it come in other colors?,0
Can you show more photos?,0
What are the dimensions?,0
What are the dimensions?,0
What’s the price?,0
I’m interested in this item.,0
What’s the price?,0
"My contact is 555-341-9656, call me.",1
Can you show more photos?,0
What’s the price?,0
What are the dimensions?,0
This looks good.,0
What’s the price?,0
Can you share your phone number so I can send you details?,1
Do you have it in stock?,0
Nice product!,0
📱 +1-260-129-5357,1
Does it come in other colors?,0
Does it come in other colors?,0
Can you show more photos?,0
Where do you ship from?,0
Add me on Facebook (facebook.com/jane.smith),1
Can you share your phone number so I can send you details?,1
I’m interested in this item.,0
My WeChat ID is shop_owner,1
Nice product!,0
you can DM me at coolcat78 on Insta,1
Snapchat me @ fashionista846,1
Do you have it in stock?,0
Where do you ship from?,0
What are the dimensions?,0
Do you have it in stock?,0
Does it come in other colors?,0
Here is my email: user2524@example.com,1
How soon can I get it?,0
What are the dimensions?,0
Nice product!,0
Nice product!,0
How soon can I get it?,0
WhatsApp me at +1-555-338-7019,1
Does it come in other colors?,0
Message me on Signal: 281-209-2245,1
DM me on Facebook: facebook.com/coolcat212,1
Please email me at user2621@example.com,1
Can you show more photos?,0
This looks good.,0
What’s the price?,0
Can you show more photos?,0
Do you have it in stock?,0
I’m interested in this item.,0
Message me on Signal: +1 813 112 9821,1
Add me on WhatsApp: 555-844-8952,1
Can you show more photos?,0
I’m interested in this item.,0
Do you have it in stock?,0
Do you have it in stock?,0
How soon can I get it?,0
Where do you ship from?,0
This looks good.,0
I’m interested in this item.,0
Nice product!,0
Do you have it in stock?,0
How soon can I get it?,0
find me at user9166@example.com 😉,1
Where do you ship from?,0
What are the dimensions?,0
Do you have it in stock?,0
What are the dimensions?,0
I’m interested in this item.,0
What’s the price?,0
What’s the price?,0
This looks good.,0
What’s the price?,0
I’m interested in this item.,0
This looks good.,0
How soon can I get it?,0
Nice product!,0
How soon can I get it?,0
Does it come in other colors?,0
Follow me on Twitter: @david436,1
Does it come in other colors?,0
Where do you ship from?,0
What’s the price?,0
This looks good.,0
Nice product!,0
Can you show more photos?,0
You can reach me at 555-953-8400,1
WhatsApp me at +1-555-313-9841,1
Do you have it in stock?,0
Here is my email: user5791@example.com,1
What’s the price?,0
Nice product!,0
Nice product!,0
Email me at eve61@mail.com,1
Can you show more photos?,0
What are the dimensions?,0
Nice product!,0
Nice product!,0
I’m interested in this item.,0
Nice product!,0
Follow me on Instagram @shop_owner and DM.,1
Nice product!,0
📱 +1-612-588-3671,1
Can you show more photos?,0
What’s the price?,0
Can you show more photos?,0
Does it come in other colors?,0
Where do you ship from?,0
What’s the price?,0
How soon can I get it?,0
Where do you ship from?,0
Nice product!,0
I’m interested in this item.,0
Does it come in other colors?,0
Where do you ship from?,0
Can you show more photos?,0
My Snapchat is charlie721,1
Snapchat me @ fashionista971,1
Where do you ship from?,0
What are the dimensions?,0
Reach out on WhatsApp at +1-289-196-4684,1
Nice product!,0
How soon can I get it?,0
WhatsApp me at +1-555-949-5247,1
What’s the price?,0
Contact: +1-214-298-2258,1
Nice product!,0
Connect on LinkedIn (linkedin.com/in/jane.smith),1
Do you have it in stock?,0
How soon can I get it?,0
Does it come in other colors?,0
What’s the price?,0
Where do you ship from?,0
I’m interested in this item.,0
I’m interested in this item.,0
I’m interested in this item.,0
Does it come in other colors?,0
Message via email: charlie77@mail.com,1
Nice product!,0
How soon can I get it?,0
This looks good.,0
Does it come in other colors?,0
How soon can I get it?,0
WhatsApp me at +1-555-767-1162,1
How soon can I get it?,0
What’s the price?,0
I’m interested in this item.,0
What’s the price?,0
What’s the price?,0
Do you have it in stock?,0
This looks good.,0
I’m interested in this item.,0
e m a i l m e @ user4406@example.com,1
What are the dimensions?,0
Where do you ship from?,0
Nice product!,0
This looks good.,0
How soon can I get it?,0
Do you have it in stock?,0
Follow me on Twitter: @bob870,1
How soon can I get it?,0
Can you show more photos?,0
Does it come in other colors?,0
LinkedIn me at +1 432 165 3973,1
This looks good.,0
Does it come in other colors?,0
wanna chat? +1-789-214-6021,1
I’m interested in this item.,0
This looks good.,0
What are the dimensions?,0
How soon can I get it?,0
Email me at charlie5@test.org,1
This looks good.,0
What are the dimensions?,0
What’s the price?,0
Does it come in other colors?,0
How soon can I get it?,0
Message via email: grace35@mail.com,1
My TikTok: @ivan505,1
How soon can I get it?,0
Does it come in other colors?,0
Message me on Signal: 3450499265,1
This looks good.,0
Where do you ship from?,0
What are the dimensions?,0
Contact me on Skype: alice578,1
Nice product!,0
This looks good.,0
Do you have it in stock?,0
I’m interested in this item.,0
Does it come in other colors?,0
What are the dimensions?,0
How soon can I get it?,0
Add me on WhatsApp: 555-622-3693,1
Connect on LinkedIn (linkedin.com/in/shop_owner),1
Can you show more photos?,0
How soon can I get it?,0
How soon can I get it?,0
How soon can I get it?,0
What’s the price?,0
Does it come in other colors?,0
This looks good.,0
Nice product!,0
WhatsApp me at +1-555-673-2440,1
This looks good.,0
Snapchat me @ devguy647,1
Email me at user7910@example.com,1
I’m interested in this item.,0
This looks good.,0
Text me at 555-589-2576 for more info.,1
Nice product!,0
DM me on Instagram: @alice757,1
This looks good.,0
What’s the price?,0
Does it come in other colors?,0
c o n t a c t : +1-176-210-1645,1
I’m interested in this item.,0
This looks good.,0
Let's connect on LinkedIn: https://linkedin.com/in/eve298,1
This looks good.,0
Do you have it in stock?,0
What are the dimensions?,0
What are the dimensions?,0
Nice product!,0
I’m interested in this item.,0
Connect on LinkedIn (linkedin.com/in/fashionista7),1
What are the dimensions?,0
Can you show more photos?,0
Reach me at 921-414-0487,1
Does it come in other colors?,0
What’s the price?,0
Does it come in other colors?,0
Does it come in other colors?,0
Do you have it in stock?,0
Does it come in other colors?,0
Call me at 832-603-7374,1
Can you show more photos?,0
What’s the price?,0
This looks good.,0
How soon can I get it?,0
Can you show more photos?,0
Add me on WhatsApp: 555-766-8497,1
What’s the price?,0
Where do you ship from?,0
What are the dimensions?,0
Message me on Snapchat: john_doe,1
Does it come in other colors?,0
Nice product!,0
Nice product!,0
What are the dimensions?,0
Where do you ship from?,0
Can you show more photos?,0
Does it come in other colors?,0
What’s the price?,0
What are the dimensions?,0
Can you show more photos?,0
What’s the price?,0
What are the dimensions?,0
Do you have it in stock?,0
Let's connect on LinkedIn: linkedin.com/in/tech_lead,1
Message me on Signal: 5525609239,1
Where do you ship from?,0
What are the dimensions?,0
Does it come in other colors?,0
Can you show more photos?,0
How soon can I get it?,0
Can you show more photos?,0
What are the dimensions?,0
Nice product!,0
What are the dimensions?,0
Does it come in other colors?,0
Do you have it in stock?,0
Text me at +1-571-187-3418,1
Can you show more photos?,0
Nice product!,0
What are the dimensions?,0
Do you have it in stock?,0
Does it come in other colors?,0
How soon can I get it?,0
How soon can I get it?,0
Can you show more photos?,0
Do you have it in stock?,0
Where do you ship from?,0
Where do you ship from?,0
Find me on Facebook: https://facebook.com/alice463,1
Contact: +1-675-230-6833,1
Can you show more photos?,0
Add me on Facebook (facebook.com/fashioneer),1
My WeChat ID is john_doe,1
Do you have it in stock?,0
Can you show more photos?,0
Does it come in other colors?,0
Nice product!,0
Can you show more photos?,0
Can you share your phone number so I can send you details?,1
What’s the price?,0
Do you have it in stock?,0
I’m interested in this item.,0
Where do you ship from?,0
Nice product!,0
Can you show more photos?,0
Does it come in other colors?,0
Can you show more photos?,0
Do you have it in stock?,0
Here's my email: user8376@example.com,1
This looks good.,0
Let's connect on LinkedIn: https://linkedin.com/in/ivan740,1
This looks good.,0
Do you have it in stock?,0
Here is my email: user2848@example.com,1
Call me at (470) 596-2058,1
What’s the price?,0
What are the dimensions?,0
You can reach me at +1-352-774-5900,1
Nice product!,0
Can you show more photos?,0
📧 user2463@example.com,1
What’s the price?,0
How soon can I get it?,0
Can you show more photos?,0
Where do you ship from?,0
How soon can I get it?,0
What’s the price?,0
Snapchat me at (285) 660-1495,1
Where do you ship from?,0
h e i d i 2 9 @ t e s t . o r g,1
Can you show more photos?,0
How soon can I get it?,0
Mail me: frank14@email.net,1
Follow me on Twitter: @david298,1
Does it come in other colors?,0
What’s the price?,0
How soon can I get it?,0
I’m interested in this item.,0
Where do you ship from?,0
I’m interested in this item.,0
How soon can I get it?,0
You can reach me at 555-761-2068,1
Can you show more photos?,0
Does it come in other colors?,0
This looks good.,0
C o n t a c t :   2 3 9 1 2 6 6 9 0 5,1
Contact me on Skype: heidi22,1
How soon can I get it?,0
What’s the price?,0
This looks good.,0
Connect on LinkedIn (linkedin.com/in/best_pizza),1
Nice product!,0
Where do you ship from?,0
What are the dimensions?,0
Can I have your email address?,1
Can you show more photos?,0
Nice product!,0
What’s the price?,0
This looks good.,0
What are the dimensions?,0
Add me on Facebook (facebook.com/best_pizza),1
What are the dimensions?,0
My Snapchat is ivan222,1
What are the dimensions?,0
How soon can I get it?,0
This looks good.,0
Does it come in other colors?,0
i v a n 4 8 @ e x a m p l e . c o m,1
This looks good.,0
This looks good.,0
Do you have it in stock?,0
Does it come in other colors?,0
How soon can I get it?,0
Contact me via Telegram: @coolguy42,1
I’m interested in this item.,0
What are the dimensions?,0
What’s the price?,0
What’s the price?,0
Do you have it in stock?,0
Does it come in other colors?,0
hmu @ shopper746,1
Where do you ship from?,0
Add me on WhatsApp: 0026428184,1
Where do you ship from?,0
This looks good.,0
This looks good.,0
How soon can I get it?,0
Do you have it in stock?,0
Here is my email: user7091@example.com,1
Reach out on WhatsApp at +1-930-444-8448,1
Can you show more photos?,0
I’m interested in this item.,0
How soon can I get it?,0
What’s the price?,0
My number is (497) 147-4134,1
Where do you ship from?,0
This looks good.,0
How soon can I get it?,0
I’m interested in this item.,0
Do you have it in stock?,0
Do you have it in stock?,0
Nice product!,0
Where do you ship from?,0
Do you have it in stock?,0
I’m interested in this item.,0
How soon can I get it?,0
What are the dimensions?,0
I’m interested in this item.,0
Please email me at user7576@example.com,1
my email id is user3504@example.com,1
Does it come in other colors?,0
I’m interested in this item.,0
I’m interested in this item.,0
Nice product!,0
What are the dimensions?,0
Text me at 555-749-6344 for more info.,1
Let's connect on LinkedIn: linkedin.com/in/shop_owner,1
How soon can I get it?,0
Can you show more photos?,0
This looks good.,0
I’m interested in this item.,0
Does it come in other colors?,0
This looks good.,0
Add me on WhatsApp: (183) 641-0505,1
Message me on Snapchat: best_pizza,1
Does it come in other colors?,0
This looks good.,0
Does it come in other colors?,0
Do you have it in stock?,0
Email me at david71@example.com,1
Where do you ship from?,0
Nice product!,0
I’m interested in this item.,0
My TikTok: @ivan60,1
Can you show more photos?,0
How soon can I get it?,0
Message via email: judy47@example.com,1
Add me on WhatsApp: 555-711-9760,1
I’m interested in this item.,0
Mail me: judy24@mail.com,1
Ping me on Telegram: @charlie415,1
get in touch @ user9210@example.com,1
I’m interested in this item.,0
Send me a DM on Facebook: facebook.com/designer123,1
This looks good.,0
I’m interested in this item.,0
How soon can I get it?,0
How soon can I get it?,0
What’s the price?,0
I’m interested in this item.,0
Do you have it in stock?,0
Send me a DM on Facebook: facebook.com/designer123,1
What’s the price?,0
What’s the price?,0
DM me on Facebook: facebook.com/shopper229,1
What’s the price?,0
What are the dimensions?,0
Does it come in other colors?,0
Where do you ship from?,0
Can you show more photos?,0
Does it come in other colors?,0
Does it come in other colors?,0
You can reach me at 555-702-9525,1
Nice product!,0
Does it come in other colors?,0
Does it come in other colors?,0
Does it come in other colors?,0
Email me at frank33@test.org,1
This looks good.,0
Let's connect on LinkedIn: https://linkedin.com/in/heidi574,1
What are the dimensions?,0
Nice product!,0
Do you have it in stock?,0
Where do you ship from?,0
This looks good.,0
Does it come in other colors?,0
Add me on Facebook (facebook.com/tech_lead),1
Find me on Facebook: https://facebook.com/david258,1
Does it come in other colors?,0
I’m interested in this item.,0
a l i c e 9 5 @ t e s t . o r g,1
What’s the price?,0
Does it come in other colors?,0
Contact me via Telegram: @shop_owner,1
My number is (813) 242-3990,1
What are the dimensions?,0
Can you show more photos?,0
Nice product!,0
I’m interested in this item.,0
Does it come in other colors?,0
What’s the price?,0
What are the dimensions?,0
This looks good.,0
Snapchat me @ shopper436,1
Message me on Snapchat: best_pizza,1
What’s the price?,0
How soon can I get it?,0
This looks good.,0
My WeChat ID is tech_lead,1
Do you have it in stock?,0
Nice product!,0
DM me on Instagram @jane.smith,1
Do you have it in stock?,0
Where do you ship from?,0
What are the dimensions?,0
Can you show more photos?,0
This looks good.,0
What’s the price?,0
Does it come in other colors?,0
I’m interested in this item.,0
How soon can I get it?,0
What’s the price?,0
What are the dimensions?,0
Can you show more photos?,0
What are the dimensions?,0
I’m interested in this item.,0
Where do you ship from?,0
This looks good.,0
Can you show more photos?,0
How soon can I get it?,0
Where do you ship from?,0
How soon can I get it?,0
I’m interested in this item.,0
This looks good.,0
Contact me via Telegram: @jane.smith,1
Does it come in other colors?,0
My TikTok: @charlie924,1
Where do you ship from?,0
How soon can I get it?,0
What’s the price?,0
Please email me at user8794@example.com,1
I’m interested in this item.,0
What’s the price?,0
Can you show more photos?,0
DM me on Instagram: @heidi420,1
I’m interested in this item.,0
Can you share your phone number so I can send you details?,1
What are the dimensions?,0
How soon can I get it?,0
Can you show more photos?,0
How soon can I get it?,0
C a l l   m e :   ( 7 6 0 )   1 2 7 - 6 5 3 6,1
Nice product!,0
Can you show more photos?,0
Nice product!,0
Where do you ship from?,0
Can you show more photos?,0
What are the dimensions?,0
Text me at 4534552595,1
What are the dimensions?,0
Where do you ship from?,0
My WeChat ID is fashioneer,1
Do you have it in stock?,0
Does it come in other colors?,0
Please email me at user4019@example.com,1
Can you show more photos?,0
Snapchat me @ coolcat993,1
This looks good.,0
What’s the price?,0
Does it come in other colors?,0
Send me a DM on Facebook: facebook.com/designer123,1
I’m interested in this item.,0
Does it come in other colors?,0
This looks good.,0
What are the dimensions?,0
Nice product!,0
Do you have it in stock?,0
Can you show more photos?,0
DM me on Instagram @best_pizza,1
Message me at user793@example.com,1
How soon can I get it?,0
What are the dimensions?,0
What are the dimensions?,0
WhatsApp me at +1-555-371-2549,1
I’m interested in this item.,0
How soon can I get it?,0
How soon can I get it?,0
Can you show more photos?,0
This looks good.,0
Nice product!,0
Do you have it in stock?,0
Hit me up on WhatsApp at +1-109-916-3499,1
Can you show more photos?,0
How soon can I get it?,0
Where do you ship from?,0
What’s the price?,0
Nice product!,0
Call me at (296) 798-4949,1
Where do you ship from?,0
What are the dimensions?,0
Does it come in other colors?,0
What’s the price?,0
Can you show more photos?,0
Hit me up on WhatsApp at 555-226-9275,1
Follow me on Instagram @best_pizza and DM.,1
Where do you ship from?,0
I’m interested in this item.,0
Where do you ship from?,0
Where do you ship from?,0
Hit me up on WhatsApp at 555-227-4723,1
What’s the price?,0
This looks good.,0
I’m interested in this item.,0
What’s the price?,0
I’m interested in this item.,0
What are the dimensions?,0
This looks good.,0
Here is my email: user6118@example.com,1
Where do you ship from?,0
Where do you ship from?,0
How soon can I get it?,0
Where do you ship from?,0
What’s the price?,0
DM me on Instagram @shop_owner,1
Nice product!,0
Where do you ship from?,0
What are the dimensions?,0
Can you show more photos?,0
Do you have it in stock?,0
Do you have it in stock?,0
Where do you ship from?,0
TikTok me at +1 395 067 7821,1
This looks good.,0
I’m interested in this item.,0
What are the dimensions?,0
You can reach me at +1-566-260-7626,1
Can you show more photos?,0
Can you show more photos?,0
Does it come in other colors?,0
I’m interested in this item.,0
My WeChat ID is fashionguru,1
Can you show more photos?,0
Nice product!,0
Does it come in other colors?,0
Where do you ship from?,0
I’m interested in this item.,0
I’m interested in this item.,0
j u d y 1 1 @ e x a m p l e . c o m,1
What’s the price?,0
Nice product!,0
How soon can I get it?,0
Do you have it in stock?,0
How soon can I get it?,0
Hit me up on WhatsApp at 555-507-1392,1
Do you have it in stock?,0
I’m interested in this item.,0
Does it come in other colors?,0
Can you show more photos?,0
What are the dimensions?,0
This looks good.,0
I’m interested in this item.,0
WhatsApp me at +1-555-235-8035,1
Connect on LinkedIn (linkedin.com/in/jane.smith),1
What’s the price?,0
Where do you ship from?,0
I’m interested in this item.,0
Contact: +1-265-100-5345,1
Nice product!,0
This looks good.,0
This looks good.,0
Add me on WhatsApp: 555-399-6400,1
Does it come in other colors?,0
What’s the price?,0
This looks good.,0
How soon can I get it?,0
my digits: +1-208-972-2574,1
Can you show more photos?,0
Nice product!,0
Nice product!,0
This looks good.,0
My WeChat ID is fashioneer,1
I’m interested in this item.,0
This looks good.,0
Where do you ship from?,0
Let's connect on LinkedIn: https://linkedin.com/in/grace986,1
How soon can I get it?,0
Do you have it in stock?,0
Does it come in other colors?,0
e m a i l m e @ user5879@example.com,1
Nice product!,0
What’s the price?,0
C o n t a c t :   + 1   9 6 0   6 3 1   7 1 5 7,1
Contact via email: frank18@example.com,1
What’s the price?,0
Can you show more photos?,0
message me via g m a i l at user7436@example.com,1
I’m interested in this item.,0
📱 +1-368-215-2514,1
This looks good.,0
What’s the price?,0
How soon can I get it?,0
Does it come in other colors?,0
Can you show more photos?,0
Nice product!,0
Add me on WhatsApp: 555-427-7470,1
Where do you ship from?,0
What’s the price?,0
c o n t a c t : +1-568-268-8351,1
How soon can I get it?,0
What are the dimensions?,0
Nice product!,0
What are the dimensions?,0
find me at user8908@example.com 😉,1
This looks good.,0
Contact me via Telegram: @designer123,1
This looks good.,0
What are the dimensions?,0
Can you show more photos?,0
I’m interested in this item.,0
Can you show more photos?,0
Follow me on Instagram @fashionguru and DM.,1
Does it come in other colors?,0
Can you show more photos?,0
Can I have your email address?,1
What’s the price?,0
Can you show more photos?,0
Message via email: david40@mail.com,1
Can you show more photos?,0
Do you have it in stock?,0
Can you show more photos?,0
I’m interested in this item.,0
Hit me up on WhatsApp at +1-433-921-3375,1
get in touch @ user8729@example.com,1
Do you have it in stock?,0
What are the dimensions?,0
Add me on Facebook (facebook.com/shopper99),1
I’m interested in this item.,0
This looks good.,0
Can you show more photos?,0
What’s the price?,0
What’s the price?,0
Do you have it in stock?,0
Where do you ship from?,0
Please email me at user8852@example.com,1
What’s the price?,0
Can you show more photos?,0
Nice product!,0
Connect on LinkedIn (linkedin.com/in/fashionista820),1
Does it come in other colors?,0
wanna chat? +1-785-519-1511,1
Where do you ship from?,0
Can you show more photos?,0
This looks good.,0
Does it come in other colors?,0
Do you have it in stock?,0
Nice product!,0
Nice product!,0
This looks good.,0
I’m interested in this item.,0
Does it come in other colors?,0
Where do you ship from?,0
How soon can I get it?,0
Can you show more photos?,0
What are the dimensions?,0
What’s the price?,0
Do you have it in stock?,0
Let's connect on LinkedIn: https://linkedin.com/in/frank891,1
This looks good.,0
Nice product!,0
Nice product!,0
C a l l   m e :   + 1   8 4 6   2 0 9   4 8 8 2,1
How soon can I get it?,0
What are the dimensions?,0
Nice product!,0
Message me on Snapchat: designer123,1
How soon can I get it?,0
📧 user7046@example.com,1
What’s the price?,0
What are the dimensions?,0
Where do you ship from?,0
Where do you ship from?,0
I’m interested in this item.,0
Where do you ship from?,0
What are the dimensions?,0
Where do you ship from?,0
This looks good.,0
Nice product!,0
Where do you ship from?,0
How soon can I get it?,0
What’s the price?,0
Does it come in other colors?,0
you can DM me at fashionista317 on Insta,1
What’s the price?,0
This looks good.,0
Does it come in other colors?,0
I’m interested in this item.,0
c   o   n   t   a   c   t   m   e   + 1   8 8 1   6 7 2   9 4 3 0,1
Where do you ship from?,0
What are the dimensions?,0
How soon can I get it?,0
Where do you ship from?,0
Ping me on Telegram: @frank868,1
Connect on LinkedIn (linkedin.com/in/shopper155),1
I’m interested in this item.,0
What’s the price?,0
My Snapchat is grace184,1
Do you have it in stock?,0
Can you show more photos?,0
Where do you ship from?,0
Can you show more photos?,0
Does it come in other colors?,0
Add me on WhatsApp: +1 096 471 1328,1
How soon can I get it?,0
I’m interested in this item.,0
Add me on WhatsApp: (071) 816-5673,1
Nice product!,0
Text me at 555-888-9009 for more info.,1
I’m interested in this item.,0
Follow me on Instagram @tech_lead and DM.,1
DM me on Instagram: @frank543,1
What’s the price?,0
This looks good.,0
Where do you ship from?,0
Can you show more photos?,0
Nice product!,0
Nice product!,0
Follow me on Instagram @best_pizza and DM.,1
Can you show more photos?,0
I’m interested in this item.,0
Can you share your phone number so I can send you details?,1
How soon can I get it?,0
What are the dimensions?,0
Can you show more photos?,0
Nice product!,0
How soon can I get it?,0
t e l : +1-615-383-2556,1
Do you have it in stock?,0
Does it come in other colors?,0
DM me on Instagram @best_pizza,1
Does it come in other colors?,0
Here's my email: user9846@example.com,1
Do you have it in stock?,0
Does it come in other colors?,0
Let's connect on LinkedIn: linkedin.com/in/designer123,1
What’s the price?,0
Send me a DM on Facebook: facebook.com/john_doe,1
You can reach me at 555-919-8607,1
Text me at 021-519-2542,1
Nice product!,0
Does it come in other colors?,0
What’s the price?,0
How soon can I get it?,0
What are the dimensions?,0
What’s the price?,0
Does it come in other colors?,0
Please email me at user7852@example.com,1
I’m interested in this item.,0
Do you have it in stock?,0
This looks good.,0
Does it come in other colors?,0
This looks good.,0
This looks good.,0
Nice product!,0
My TikTok: @frank634,1
How soon can I get it?,0
Where do you ship from?,0
Where do you ship from?,0
I’m interested in this item.,0
Where do you ship from?,0
I’m interested in this item.,0
Where do you ship from?,0
Can you show more photos?,0
What are the dimensions?,0
Nice product!,0
DM me on Instagram @jane.smith,1
How soon can I get it?,0
Where do you ship from?,0
You can reach me at +1-607-730-1151,1
Can you show more photos?,0
Do you have it in stock?,0
This looks good.,0
Add me on Facebook (facebook.com/designer123),1
Where do you ship from?,0
Twitter me at 2350034369,1
Does it come in other colors?,0
I’m interested in this item.,0
Can you show more photos?,0
Do you have it in stock?,0
Does it come in other colors?,0
I’m interested in this item.,0
I’m interested in this item.,0
Do you have it in stock?,0
Where do you ship from?,0
Nice product!,0
Do you have it in stock?,0
Nice product!,0
Where do you ship from?,0
hmu @ shopper925,1
What’s the price?,0
Can you show more photos?,0
How soon can I get it?,0
What are the dimensions?,0
Do you have it in stock?,0
What’s the price?,0
This looks good.,0
Does it come in other colors?,0
You can reach me at +1-526-198-5056,1
What’s the price?,0
What’s the price?,0
DM me on Instagram: @grace643,1
Nice product!,0
How soon can I get it?,0
Can you show more photos?,0
Mail me: eve40@email.net,1
Add me on WhatsApp: 529-922-1549,1
message me via g m a i l at user6642@example.com,1
What are the dimensions?,0
Text me at (779) 793-0428,1
Where do you ship from?,0
📱 +1-860-492-1969,1
This looks good.,0
What are the dimensions?,0
How soon can I get it?,0
Do you have it in stock?,0
Does it come in other colors?,0
What’s the price?,0
WhatsApp me at +1-555-271-9948,1
I’m interested in this item.,0
Do you have it in stock?,0
How soon can I get it?,0
What’s the price?,0
How soon can I get it?,0
📧 user3031@example.com,1
What’s the price?,0
I’m interested in this item.,0
Reach me at (672) 888-4780,1
I’m interested in this item.,0
Where do you ship from?,0
Can you show more photos?,0
Do you have it in stock?,0
Nice product!,0
Where do you ship from?,0
DM me on Instagram: @david533,1
get in touch @ user2231@example.com,1
Where do you ship from?,0
What are the dimensions?,0
Does it come in other colors?,0
Message me on Snapchat: shopper99,1
Does it come in other colors?,0
Mail me: heidi65@email.net,1
How soon can I get it?,0
Hit me up on WhatsApp at 555-951-1353,1
What’s the price?,0
DM me on Instagram: @eve820,1
What’s the price?,0
reach at t w o o o @example.com,1
How soon can I get it?,0
Contact via email: ivan37@test.org,1
Nice product!,0
Reach out on WhatsApp at +1-743-148-8314,1
Where do you ship from?,0
Does it come in other colors?,0
This looks good.,0
Can you show more photos?,0
Does it come in other colors?,0
reach at t w o o o @example.com,1
Can you show more photos?,0
Nice product!,0
c   o   n   t   a   c   t   m   e   8 4 0 - 2 1 9 - 9 1 9 2,1
DM me on Instagram @shop_owner,1
What are the dimensions?,0
Does it come in other colors?,0
Contact via email: ivan49@example.com,1
Where do you ship from?,0
Can you show more photos?,0
Where do you ship from?,0
Where do you ship from?,0
Nice product!,0
c   o   n   t   a   c   t   m   e   9 1 4 2 7 6 2 2 8 5,1
What are the dimensions?,0
My number is 361-459-0896,1
Where do you ship from?,0
This looks good.,0
you can DM me at fashionista376 on Insta,1
Nice product!,0
Nice product!,0
my email id is user442@example.com,1
Can you show more photos?,0
Does it come in other colors?,0
Hit me up on WhatsApp at 555-174-7544,1
Nice product!,0
Where do you ship from?,0
Here is my email: user6293@example.com,1
This looks good.,0
Do you have it in stock?,0
Does it come in other colors?,0
Can you show more photos?,0
Can you show more photos?,0
This looks good.,0
Contact via email: charlie81@example.com,1
What’s the price?,0
What are the dimensions?,0
Message me on Snapchat: fashionguru,1
What’s the price?,0
This looks good.,0
What’s the price?,0
This looks good.,0
How soon can I get it?,0
How soon can I get it?,0
This looks good.,0
What’s the price?,0
Where do you ship from?,0
Does it come in other colors?,0
Do you have it in stock?,0
This looks good.,0
Does it come in other colors?,0
How soon can I get it?,0
This looks good.,0
I’m interested in this item.,0
Do you have it in stock?,0
How soon can I get it?,0
Can you show more photos?,0
Text me at 8148101731,1
WhatsApp me at +1-555-955-3789,1
Can you share your phone number so I can send you details?,1
What’s the price?,0
What are the dimensions?,0
What are the dimensions?,0
How soon can I get it?,0
Does it come in other colors?,0
Can you show more photos?,0
Where do you ship from?,0
My WeChat ID is fashioneer,1
Does it come in other colors?,0
Do you have it in stock?,0
DM me on Facebook: facebook.com/coolcat542,1
Where do you ship from?,0
you can DM me at fashionista763 on Insta,1
This looks good.,0
What’s the price?,0
Does it come in other colors?,0
Does it come in other colors?,0
Nice product!,0
Reach out on WhatsApp at +1-618-100-6952,1
I’m interested in this item.,0
What’s the price?,0
I’m interested in this item.,0
Do you have it in stock?,0
Connect on LinkedIn (linkedin.com/in/john_doe),1
Can you show more photos?,0
Can you show more photos?,0
e m a i l m e @ user410@example.com,1
What are the dimensions?,0
Hit me up on WhatsApp at 555-933-1304,1
Does it come in other colors?,0
Can you show more photos?,0
Nice product!,0
DM me on Instagram: @grace95,1
Where do you ship from?,0
How soon can I get it?,0
Add me on WhatsApp: +1 253 573 3342,1
Can you show more photos?,0
Snapchat me @ devguy791,1
This looks good.,0
find me at user758@example.com 😉,1
What are the dimensions?,0
What’s the price?,0
DM me on Instagram: @david181,1
How soon can I get it?,0
Where do you ship from?,0
This looks good.,0
How soon can I get it?,0
Where do you ship from?,0
Nice product!,0
Text me at 555-577-1042 for more info.,1
Can you show more photos?,0
fb.com/shopper363,1
Can you show more photos?,0
This looks good.,0
Does it come in other colors?,0
What are the dimensions?,0
What are the dimensions?,0
Can you show more photos?,0
Does it come in other colors?,0
How soon can I get it?,0
What’s the price?,0
Does it come in other colors?,0
What are the dimensions?,0
Nice product!,0
I’m interested in this item.,0
Let's connect on LinkedIn: linkedin.com/in/fashionguru,1
What are the dimensions?,0
How soon can I get it?,0
Connect on LinkedIn (linkedin.com/in/fashionista813),1
I’m interested in this item.,0
What are the dimensions?,0
This looks good.,0
Can you show more photos?,0
This looks good.,0
Here is my email: user2577@example.com,1
Contact me via Telegram: @john_doe,1
Nice product!,0
How soon can I get it?,0
Does it come in other colors?,0
fb.com/devguy571,1
Find me on Facebook: https://facebook.com/judy59,1
My TikTok: @bob183,1
Can you show more photos?,0
c   o   n   t   a   c   t   m   e   + 1   0 2 8   6 3 2   9 0 2 8,1
What are the dimensions?,0
Here's my email: user2102@example.com,1
My TikTok: @david317,1
Nice product!,0
Where do you ship from?,0
Mail me: heidi7@example.com,1
How soon can I get it?,0
Follow me on Instagram @coolguy42 and DM.,1
You can reach me at +1-176-351-1752,1
Can you show more photos?,0
Does it come in other colors?,0
Do you have it in stock?,0
How soon can I get it?,0
I’m interested in this item.,0
Can you show more photos?,0
How soon can I get it?,0
Can you show more photos?,0
Do you have it in stock?,0
Does it come in other colors?,0
I’m interested in this item.,0
Do you have it in stock?,0
Does it come in other colors?,0
Does it come in other colors?,0
I’m interested in this item.,0
What are the dimensions?,0
Add me on Facebook (facebook.com/john_doe),1
my email id is user8791@example.com,1
What’s the price?,0
This looks good.,0
Can you show more photos?,0
Does it come in other colors?,0
My number is (093) 712-5882,1
Do you have it in stock?,0
Can I have your email address?,1
Where do you ship from?,0
What are the dimensions?,0
This looks good.,0
I’m interested in this item.,0
I’m interested in this item.,0
Nice product!,0
What’s the price?,0
Where do you ship from?,0
Does it come in other colors?,0
How soon can I get it?,0
I’m interested in this item.,0
Hit me up on WhatsApp at +1-110-922-6903,1
DM me on Facebook: facebook.com/coolcat371,1
Can you show more photos?,0
I’m interested in this item.,0
Do you have it in stock?,0
📧 user2772@example.com,1
This looks good.,0
This looks good.,0
Does it come in other colors?,0
WhatsApp me at +1-555-311-9416,1
Do you have it in stock?,0
How soon can I get it?,0
Do you have it in stock?,0
What’s the price?,0
Nice product!,0
My TikTok: @alice246,1
This looks good.,0
This looks good.,0
Where do you ship from?,0
I’m interested in this item.,0
How soon can I get it?,0
Do you have it in stock?,0
Where do you ship from?,0
Do you have it in stock?,0
Do you have it in stock?,0
I’m interested in this item.,0
Can you show more photos?,0
I’m interested in this item.,0
This looks good.,0
What’s the price?,0
Text me at +1-911-802-8398,1
Message via email: alice79@example.com,1
How soon can I get it?,0
Connect on LinkedIn (linkedin.com/in/fashioneer),1
Do you have it in stock?,0
How soon can I get it?,0
This looks good.,0
What are the dimensions?,0
Where do you ship from?,0
snap me at s-n-a-p fashionista283,1
What are the dimensions?,0
Do you have it in stock?,0
"Email is user9761@example.com, reach out anytime.",1
This looks good.,0
I’m interested in this item.,0
What are the dimensions?,0
My WeChat ID is john_doe,1
Can you show more photos?,0
Where do you ship from?,0
How soon can I get it?,0
Add me on WhatsApp: 555-652-1173,1
What are the dimensions?,0
Where do you ship from?,0
Do you have it in stock?,0
Do you have it in stock?,0
How soon can I get it?,0
Where do you ship from?,0
WhatsApp me at +1-555-133-3810,1
How soon can I get it?,0
Do you have it in stock?,0
How soon can I get it?,0
Nice product!,0
I’m interested in this item.,0
This looks good.,0
Does it come in other colors?,0
Can you show more photos?,0
reach at t w o o o @example.com,1
This looks good.,0
find me at user9493@example.com 😉,1
Facebook me at (952) 432-6235,1
Find me on Facebook: https://facebook.com/david39,1
Can you show more photos?,0
c   o   n   t   a   c   t   m   e   2 0 8 - 6 6 0 - 4 9 2 4,1
Reach me at 613-052-2609,1
I’m interested in this item.,0
Do you have it in stock?,0
Can you show more photos?,0
Connect on LinkedIn (linkedin.com/in/fashionista30),1
What are the dimensions?,0
Let's connect on LinkedIn: https://linkedin.com/in/david73,1
I’m interested in this item.,0
Do you have it in stock?,0
I’m interested in this item.,0
Do you have it in stock?,0
Nice product!,0
📧 user6765@example.com,1
I’m interested in this item.,0
What’s the price?,0
Do you have it in stock?,0
Does it come in other colors?,0
Nice product!,0
What’s the price?,0
Do you have it in stock?,0
What’s the price?,0
📱 +1-414-295-2923,1
My Snapchat is heidi35,1
I’m interested in this item.,0
What are the dimensions?,0
Do you have it in stock?,0
Does it come in other colors?,0
This looks good.,0
This looks good.,0
Do you have it in stock?,0
How soon can I get it?,0
Do you have it in stock?,0
Do you have it in stock?,0
What’s the price?,0
Where do you ship from?,0
How soon can I get it?,0
Do you have it in stock?,0
Add me on WhatsApp: 665-441-0477,1
find me at user3@example.com 😉,1
What are the dimensions?,0
Do you have it in stock?,0
Can you show more photos?,0
How soon can I get it?,0
wanna chat? +1-948-499-5473,1
Do you have it in stock?,0
Do you have it in stock?,0
What are the dimensions?,0
Nice product!,0
What’s the price?,0
Can you show more photos?,0
Nice product!,0
Nice product!,0
What are the dimensions?,0
Does it come in other colors?,0
Nice product!,0
Where do you ship from?,0
Text me at 555-258-1552 for more info.,1
I’m interested in this item.,0
Where do you ship from?,0
Can you show more photos?,0
Can you show more photos?,0
You can reach me at 555-877-6713,1
What are the dimensions?,0
Nice product!,0
What’s the price?,0
I’m interested in this item.,0
telegram: t dot me slash fashionista309,1
How soon can I get it?,0
Does it come in other colors?,0
Where do you ship from?,0
Nice product!,0
What are the dimensions?,0
Contact via email: alice13@mail.com,1
Connect on LinkedIn (linkedin.com/in/coolcat691),1
I’m interested in this item.,0
Nice product!,0
This looks good.,0
I’m interested in this item.,0
What’s the price?,0
Does it come in other colors?,0
This looks good.,0
I’m interested in this item.,0
my digits: +1-768-144-5171,1
Does it come in other colors?,0
Do you have it in stock?,0
Does it come in other colors?,0
What’s the price?,0
Do you have it in stock?,0
Do you have it in stock?,0
How soon can I get it?,0
What are the dimensions?,0
"Email is user2997@example.com, reach out anytime.",1
Do you have it in stock?,0
How soon can I get it?,0
How soon can I get it?,0
Do you have it in stock?,0
Let's connect on LinkedIn: linkedin.com/in/jane.smith,1
Do you have it in stock?,0
Does it come in other colors?,0
Where do you ship from?,0
Where do you ship from?,0
Can I have your email address?,1
What are the dimensions?,0
Nice product!,0
"Email is user7533@example.com, reach out anytime.",1
What are the dimensions?,0
How soon can I get it?,0
"Email is user3328@example.com, reach out anytime.",1
How soon can I get it?,0
Does it come in other colors?,0
Where do you ship from?,0
Does it come in other colors?,0
I’m interested in this item.,0
Can you show more photos?,0
How soon can I get it?,0
How soon can I get it?,0
Call me at +1 147 337 0242,1
Nice product!,0
Nice product!,0
What’s the price?,0
Where do you ship from?,0
Does it come in other colors?,0
I’m interested in this item.,0
Does it come in other colors?,0
What’s the price?,0
I’m interested in this item.,0
What’s the price?,0
What are the dimensions?,0
Mail me: bob9@mail.com,1
Does it come in other colors?,0
How soon can I get it?,0
Nice product!,0
How soon can I get it?,0
Can you show more photos?,0
This looks good.,0
Add me on WhatsApp: (248) 956-3250,1
What’s the price?,0
hmu @ coolcat497,1
Do you have it in stock?,0
Do you have it in stock?,0
Does it come in other colors?,0
Does it come in other colors?,0
Email me at user5775@example.com,1
What’s the price?,0
Ping me on Telegram: @alice761,1
This looks good.,0
Do you have it in stock?,0
What’s the price?,0
Do you have it in stock?,0
Do you have it in stock?,0
Message via email: heidi3@test.org,1
What are the dimensions?,0
Follow me on Twitter: @charlie467,1
What are the dimensions?,0
Can you show more photos?,0
Let's connect on LinkedIn: https://linkedin.com/in/grace809,1
Do you have it in stock?,0
Do you have it in stock?,0
Nice product!,0
Where do you ship from?,0
Where do you ship from?,0
I’m interested in this item.,0
Does it come in other colors?,0
This looks good.,0
What are the dimensions?,0
What’s the price?,0
What are the dimensions?,0
How soon can I get it?,0
Can you show more photos?,0
This looks good.,0
Do you have it in stock?,0
Does it come in other colors?,0
Nice product!,0
Telegram me at 172-375-2607,1
Can you show more photos?,0
Do you have it in stock?,0
"My contact is 555-507-6483, call me.",1
This looks good.,0
Connect on LinkedIn (linkedin.com/in/shopper99),1
What are the dimensions?,0
Reach out on WhatsApp at +1-978-434-8870,1
Can you show more photos?,0
Where do you ship from?,0
Hit me up on WhatsApp at +1-133-870-5833,1
What are the dimensions?,0
Let's connect on LinkedIn: linkedin.com/in/fashionguru,1
What are the dimensions?,0
I’m interested in this item.,0
How soon can I get it?,0
Where do you ship from?,0
What are the dimensions?,0
Can you show more photos?,0
How soon can I get it?,0
wanna chat? +1-753-563-3206,1
get in touch @ user4055@example.com,1
I’m interested in this item.,0
Does it come in other colors?,0
Connect on LinkedIn (linkedin.com/in/shopper81),1
Where do you ship from?,0
Mail me: charlie55@email.net,1
How soon can I get it?,0
What’s the price?,0
Does it come in other colors?,0
Where do you ship from?,0
Can you show more photos?,0
How soon can I get it?,0
📱 +1-688-805-3778,1
Does it come in other colors?,0
📱 +1-118-109-4343,1
This looks good.,0
How soon can I get it?,0
C o n t a c t :   1 8 4 - 4 8 8 - 9 5 8 3,1
Can you show more photos?,0
What are the dimensions?,0
This looks good.,0
What’s the price?,0
I’m interested in this item.,0
Nice product!,0
This looks good.,0
Nice product!,0
Can you show more photos?,0
How soon can I get it?,0
Nice product!,0
Message me on Snapchat: jane.smith,1
Where do you ship from?,0
How soon can I get it?,0
Where do you ship from?,0
I’m interested in this item.,0
Text me at 652-316-0398,1
Does it come in other colors?,0
Nice product!,0
Where do you ship from?,0
Where do you ship from?,0
Add me on WhatsApp: +1 084 340 7127,1
Reach out on WhatsApp at +1-317-956-4626,1
My Snapchat is charlie71,1
What are the dimensions?,0
Where do you ship from?,0
Here's my email: user9324@example.com,1
Where do you ship from?,0
What are the dimensions?,0
What’s the price?,0
"Email is user1722@example.com, reach out anytime.",1
What’s the price?,0
How soon can I get it?,0
Do you have it in stock?,0
Do you have it in stock?,0
My Snapchat is heidi836,1
Where do you ship from?,0
Hit me up on WhatsApp at +1-733-548-8077,1
Does it come in other colors?,0
Where do you ship from?,0
How soon can I get it?,0
Snapchat me at 1061747626,1
What are the dimensions?,0
Do you have it in stock?,0
Nice product!,0
Please email me at user3094@example.com,1
Send me a DM on Facebook: facebook.com/john_doe,1
b o b 7 4 @ t e s t . o r g,1
This looks good.,0
j u d y 6 3 @ t e s t . o r g,1
Can you show more photos?,0
Where do you ship from?,0
I’m interested in this item.,0
Do you have it in stock?,0
Does it come in other colors?,0
"My contact is 555-975-2213, call me.",1
Does it come in other colors?,0
What are the dimensions?,0
get in touch @ user443@example.com,1
I’m interested in this item.,0
I’m interested in this item.,0
Can you show more photos?,0
Where do you ship from?,0
Do you have it in stock?,0
How soon can I get it?,0
This looks good.,0
Can you show more photos?,0
Where do you ship from?,0
Can you share your phone number so I can send you details?,1
Reach me at +1 697 738 1310,1
What’s the price?,0
Reach me at 5370792168,1
Nice product!,0
What’s the price?,0
This looks good.,0
What are the dimensions?,0
Connect on LinkedIn (linkedin.com/in/shopper99),1
Can you show more photos?,0
This looks good.,0
This looks good.,0
Nice product!,0
This looks good.,0
I’m interested in this item.,0
Where do you ship from?,0
"Email is user3568@example.com, reach out anytime.",1
Do you have it in stock?,0
WhatsApp me at +1-555-878-3554,1
This looks good.,0
My TikTok: @alice277,1
What are the dimensions?,0
What’s the price?,0
This looks good.,0
I’m interested in this item.,0
Where do you ship from?,0
I’m interested in this item.,0
This looks good.,0
I’m interested in this item.,0
What’s the price?,0
What’s the price?,0
DM me on Facebook: facebook.com/devguy380,1
What’s the price?,0
I’m interested in this item.,0
Nice product!,0
This looks good.,0
Do you have it in stock?,0
Do you have it in stock?,0
Text me at +1-356-993-9626,1
Does it come in other colors?,0
C o n t a c t :   ( 6 6 3 )   0 8 9 - 9 3 5 0,1
What are the dimensions?,0
What are the dimensions?,0
What are the dimensions?,0
What are the dimensions?,0
Where do you ship from?,0
What’s the price?,0
What are the dimensions?,0
Where do you ship from?,0
DM me on Facebook: facebook.com/shopper20,1
Reach out on WhatsApp at +1-237-249-7782,1
Nice product!,0
What’s the price?,0
Nice product!,0
Contact me via Telegram: @coolguy42,1
I’m interested in this item.,0
Does it come in other colors?,0
Can you show more photos?,0
Where do you ship from?,0
Nice product!,0
What’s the price?,0
wanna chat? +1-131-232-6359,1
Can you show more photos?,0
What are the dimensions?,0
g r a c e 5 8 @ e x a m p l e . c o m,1
Where do you ship from?,0
Nice product!,0
Does it come in other colors?,0
Nice product!,0
How soon can I get it?,0
Text me at +1-744-683-6749,1
What are the dimensions?,0
This looks good.,0
How soon can I get it?,0
Add me on WhatsApp: 555-213-5105,1
Message via email: frank38@email.net,1
I’m interested in this item.,0
This looks good.,0
This looks good.,0
Nice product!,0
How soon can I get it?,0
You can reach me at 555-821-4473,1
Do you have it in stock?,0
This looks good.,0
Nice product!,0
Where do you ship from?,0
Nice product!,0
DM me on Instagram @best_pizza,1
My TikTok: @judy101,1
How soon can I get it?,0
Can you show more photos?,0
How soon can I get it?,0
Do you have it in stock?,0
Where do you ship from?,0
Do you have it in stock?,0
You can reach me at 555-214-9936,1
Can you show more photos?,0
What’s the price?,0
This looks good.,0
How soon can I get it?,0
Can you show more photos?,0
Nice product!,0
What’s the price?,0
Can you show more photos?,0
hmu @ devguy47,1
c   o   n   t   a   c   t   m   e   + 1   2 4 5   2 7 9   0 5 3 2,1
"Email is user9278@example.com, reach out anytime.",1
How soon can I get it?,0
Where do you ship from?,0
Ping me on Telegram: @bob109,1
DM me on Instagram: @eve325,1
Where do you ship from?,0
Where do you ship from?,0
Does it come in other colors?,0
Does it come in other colors?,0
What are the dimensions?,0
fb.com/devguy584,1
How soon can I get it?,0
This looks good.,0
Contact me on Skype: charlie884,1
Where do you ship from?,0
My WeChat ID is designer123,1
My WeChat ID is fashioneer,1
What’s the price?,0
Do you have it in stock?,0
This looks good.,0
Can you show more photos?,0
DM me on Instagram: @alice861,1
How soon can I get it?,0
Reach out on WhatsApp at +1-570-291-7041,1
Can you show more photos?,0
What are the dimensions?,0
Do you have it in stock?,0
Can you show more photos?,0
Nice product!,0
Can you show more photos?,0
What are the dimensions?,0
This looks good.,0
Does it come in other colors?,0
Do you have it in stock?,0
Where do you ship from?,0
This looks good.,0
Let's connect on LinkedIn: https://linkedin.com/in/grace417,1
get in touch @ user933@example.com,1
Can you show more photos?,0
Nice product!,0
How soon can I get it?,0
Does it come in other colors?,0
Can you show more photos?,0
I’m interested in this item.,0
Where do you ship from?,0
Does it come in other colors?,0
My number is 255-707-1444,1
How soon can I get it?,0
telegram: t dot me slash devguy865,1
Where do you ship from?,0
This looks good.,0
This looks good.,0
Does it come in other colors?,0
📧 user5237@example.com,1
How soon can I get it?,0
I’m interested in this item.,0
What are the dimensions?,0
I’m interested in this item.,0
How soon can I get it?,0
Nice product!,0
Does it come in other colors?,0
DM me on Instagram: @ivan653,1
What’s the price?,0
Does it come in other colors?,0
How soon can I get it?,0
Do you have it in stock?,0
This looks good.,0
Can you show more photos?,0
What’s the price?,0
Do you have it in stock?,0
My number is 2159858388,1
Does it come in other colors?,0
Nice product!,0
This looks good.,0
What’s the price?,0
What’s the price?,0
Email me at user5736@example.com,1
Nice product!,0
Do you have it in stock?,0
Nice product!,0
Does it come in other colors?,0
Connect on LinkedIn (linkedin.com/in/tech_lead),1
What’s the price?,0
I’m interested in this item.,0
How soon can I get it?,0
What’s the price?,0
Does it come in other colors?,0
Do you have it in stock?,0
This looks good.,0
I’m interested in this item.,0
This looks good.,0
Does it come in other colors?,0
Here is my email: user7239@example.com,1
What are the dimensions?,0
What are the dimensions?,0
How soon can I get it?,0
C o n t a c t :   ( 6 9 0 )   8 9 6 - 2 8 1 3,1
Can you show more photos?,0
Where do you ship from?,0
I’m interested in this item.,0
Where do you ship from?,0
Can you show more photos?,0
Where do you ship from?,0
Can you show more photos?,0
Where do you ship from?,0
Contact: +1-573-364-6885,1
Do you have it in stock?,0
Can you show more photos?,0
Message me on Signal: (739) 106-6376,1
snap me at s-n-a-p devguy762,1
What are the dimensions?,0
Nice product!,0
e m a i l m e @ user307@example.com,1
I’m interested in this item.,0
Can you show more photos?,0
This looks good.,0
Does it come in other colors?,0
my email id is user457@example.com,1
Message via email: judy74@test.org,1
Nice product!,0
I’m interested in this item.,0
Nice product!,0
Where do you ship from?,0
WhatsApp me at +1-555-932-1071,1
Where do you ship from?,0
Can you show more photos?,0
Can you show more photos?,0
This looks good.,0
Can I have your email address?,1
Does it come in other colors?,0
Do you have it in stock?,0
Does it come in other colors?,0
Where do you ship from?,0
I’m interested in this item.,0
Nice product!,0
Nice product!,0
wanna chat? +1-800-302-6080,1
I’m interested in this item.,0
Where do you ship from?,0
This looks good.,0
find me at user6745@example.com 😉,1
What are the dimensions?,0
This looks good.,0
This looks good.,0
This looks good.,0
I’m interested in this item.,0
Can you show more photos?,0
Where do you ship from?,0
What’s the price?,0
What’s the price?,0
This looks good.,0
How soon can I get it?,0
Does it come in other colors?,0
Where do you ship from?,0
Does it come in other colors?,0
I’m interested in this item.,0
WhatsApp me at +1-555-692-9106,1
Nice product!,0
I’m interested in this item.,0
Do you have it in stock?,0
Can I have your email address?,1
This looks good.,0
What are the dimensions?,0
What’s the price?,0
I’m interested in this item.,0
What are the dimensions?,0
Nice product!,0
How soon can I get it?,0
Can you show more photos?,0
How soon can I get it?,0
C a l l   m e :   ( 4 0 3 )   0 8 0 - 9 9 1 3,1
Nice product!,0
Reach me at (131) 985-5299,1
Where do you ship from?,0
This looks good.,0
Can you show more photos?,0
This looks good.,0
How soon can I get it?,0
Here is my email: user7982@example.com,1
What are the dimensions?,0
Nice product!,0
Nice product!,0
This looks good.,0
Find me on Facebook: https://facebook.com/david230,1
Does it come in other colors?,0
I’m interested in this item.,0
Can you show more photos?,0
Nice product!,0
How soon can I get it?,0
How soon can I get it?,0
My TikTok: @alice76,1
Do you have it in stock?,0
Where do you ship from?,0
C a l l   m e :   ( 8 6 5 )   1 2 3 - 8 5 2 8,1
What are the dimensions?,0
What are the dimensions?,0
you can DM me at devguy803 on Insta,1
Do you have it in stock?,0
Can you show more photos?,0
Message via email: frank41@test.org,1
Can you show more photos?,0
Message me at user15@example.com,1
Do you have it in stock?,0
I’m interested in this item.,0
What are the dimensions?,0
Nice product!,0
I’m interested in this item.,0
This looks good.,0
Please email me at user6515@example.com,1
Do you have it in stock?,0
Can you show more photos?,0
Can you show more photos?,0
Does it come in other colors?,0
Does it come in other colors?,0
Nice product!,0
I’m interested in this item.,0
get in touch @ user895@example.com,1
Where do you ship from?,0
This looks good.,0
Let's connect on LinkedIn: linkedin.com/in/john_doe,1
This looks good.,0
I’m interested in this item.,0
Do you have it in stock?,0
Does it come in other colors?,0
Contact: +1-258-479-2302,1
Contact me on Skype: bob741,1
Nice product!,0
Does it come in other colors?,0
Contact me via Telegram: @shopper99,1
Does it come in other colors?,0
Does it come in other colors?,0
This looks good.,0
What are the dimensions?,0
This looks good.,0
What’s the price?,0
How soon can I get it?,0
Can you show more photos?,0
Do you have it in stock?,0
Does it come in other colors?,0
Does it come in other colors?,0
Nice product!,0
Can you show more photos?,0
Does it come in other colors?,0
Does it come in other colors?,0
c o n t a c t : +1-276-132-7564,1
Do you have it in stock?,0
This looks good.,0
Can you show more photos?,0
Does it come in other colors?,0
Ping me on Telegram: @bob10,1
What’s the price?,0
"My contact is 555-885-2469, call me.",1
How soon can I get it?,0
Can you show more photos?,0
I’m interested in this item.,0
Where do you ship from?,0
Where do you ship from?,0
Can you show more photos?,0
Nice product!,0
My number is (102) 394-5963,1
Nice product!,0
I’m interested in this item.,0
What are the dimensions?,0
Nice product!,0
Call me at (511) 047-9730,1
Email me at user5139@example.com,1
I’m interested in this item.,0
Can I have your email address?,1
What are the dimensions?,0
I’m interested in this item.,0
I’m interested in this item.,0
Does it come in other colors?,0
What are the dimensions?,0
Here is my email: user2364@example.com,1
Text me at 552-019-7131,1
Where do you ship from?,0
Do you have it in stock?,0
How soon can I get it?,0
Where do you ship from?,0
How soon can I get it?,0
What’s the price?,0
WhatsApp me at +1-555-743-8326,1
This looks good.,0
Where do you ship from?,0
This looks good.,0
Contact: +1-546-117-3355,1
What’s the price?,0
Where do you ship from?,0
Where do you ship from?,0
This looks good.,0
What’s the price?,0
What are the dimensions?,0
Nice product!,0
This looks good.,0
I’m interested in this item.,0
I’m interested in this item.,0
I’m interested in this item.,0
Nice product!,0
What are the dimensions?,0
This looks good.,0
Do you have it in stock?,0
Does it come in other colors?,0
What’s the price?,0
This looks good.,0
I’m interested in this item.,0
Nice product!,0
I’m interested in this item.,0
Can you show more photos?,0
This looks good.,0
Where do you ship from?,0
Can I have your email address?,1
This looks good.,0
wanna chat? +1-845-522-8123,1
Call me at 580-942-7876,1
Do you have it in stock?,0
What are the dimensions?,0
Can you show more photos?,0
This looks good.,0
I’m interested in this item.,0
Do you have it in stock?,0
Do you have it in stock?,0
"My contact is 555-178-2683, call me.",1
What are the dimensions?,0
Do you have it in stock?,0
This looks good.,0
Can you show more photos?,0
Where do you ship from?,0
📱 +1-377-831-5687,1
Do you have it in stock?,0
Nice product!,0
Do you have it in stock?,0
Do you have it in stock?,0
This looks good.,0
This looks good.,0
Can you show more photos?,0
Where do you ship from?,0
I’m interested in this item.,0
Let's connect on LinkedIn: https://linkedin.com/in/alice252,1
What are the dimensions?,0
What are the dimensions?,0
What’s the price?,0
Can you show more photos?,0
Do you have it in stock?,0
Can you show more photos?,0
Does it come in other colors?,0
How soon can I get it?,0
How soon can I get it?,0
What’s the price?,0
How soon can I get it?,0
My number is +1 740 892 9446,1
Please email me at user4968@example.com,1
What’s the price?,0
This looks good.,0
📱 +1-236-974-7344,1
Nice product!,0
Contact: +1-873-831-3105,1
Nice product!,0
Do you have it in stock?,0
Does it come in other colors?,0
Can you show more photos?,0
c o n t a c t : +1-561-813-9025,1
Can you show more photos?,0
📱 +1-710-289-6431,1
Can you show more photos?,0
Can you show more photos?,0
What are the dimensions?,0
You can reach me at +1-977-780-2802,1
What are the dimensions?,0
Nice product!,0
Does it come in other colors?,0
Does it come in other colors?,0
This looks good.,0
I’m interested in this item.,0
Does it come in other colors?,0
Do you have it in stock?,0
Nice product!,0
Can you show more photos?,0
My TikTok: @eve76,1
wanna chat? +1-127-382-2618,1
Does it come in other colors?,0
Where do you ship from?,0
Do you have it in stock?,0
Let's connect on LinkedIn: https://linkedin.com/in/judy463,1
I’m interested in this item.,0
Follow me on Twitter: @frank318,1
Nice product!,0
Do you have it in stock?,0
Where do you ship from?,0
How soon can I get it?,0
my digits: +1-124-865-1143,1
I’m interested in this item.,0
How soon can I get it?,0
Contact me on Skype: bob180,1
Nice product!,0
Where do you ship from?,0
What are the dimensions?,0
You can reach me at +1-399-528-1222,1
C a l l   m e :   3 1 6 - 9 4 9 - 4 7 5 5,1
How soon can I get it?,0
How soon can I get it?,0
Hit me up on WhatsApp at +1-166-165-4768,1
Nice product!,0
You can reach me at +1-910-636-6611,1
Contact: +1-843-472-6458,1
Reach me at 6432815247,1
My WeChat ID is shop_owner,1
I’m interested in this item.,0
Mail me: frank69@mail.com,1
Does it come in other colors?,0
Can you show more photos?,0
What are the dimensions?,0
Where do you ship from?,0
Does it come in other colors?,0
How soon can I get it?,0
What are the dimensions?,0
I’m interested in this item.,0
Nice product!,0
Where do you ship from?,0
Do you have it in stock?,0
Does it come in other colors?,0
Does it come in other colors?,0
What are the dimensions?,0
Does it come in other colors?,0
What’s the price?,0
Do you have it in stock?,0
My WeChat ID is john_doe,1
This looks good.,0
Email me at eve89@mail.com,1
You can reach me at 555-214-9936,1
Where do you ship from?,0
This looks good.,0
I’m interested in this item.,0
This looks good.,0
Where do you ship from?,0
Do you have it in stock?,0
What are the dimensions?,0
This looks good.,0
Do you have it in stock?,0
What’s the price?,0
Does it come in other colors?,0
Nice product!,0
What’s the price?,0
Can you share your phone number so I can send you details?,1
Does it come in other colors?,0
Does it come in other colors?,0
What’s the price?,0
Can you show more photos?,0
What’s the price?,0
This looks good.,0
Do you have it in stock?,0
I’m interested in this item.,0
I’m interested in this item.,0
Can you show more photos?,0
Reach out on WhatsApp at +1-634-242-8485,1
Nice product!,0
What are the dimensions?,0
This looks good.,0
Where do you ship from?,0
Does it come in other colors?,0
Let's connect on LinkedIn: linkedin.com/in/fashioneer,1
Can you show more photos?,0
Nice product!,0
How soon can I get it?,0
I’m interested in this item.,0
WhatsApp me at +1-555-737-2025,1
Can you show more photos?,0
g r a c e 2 9 @ t e s t . o r g,1
How soon can I get it?,0
What’s the price?,0
How soon can I get it?,0
Can you show more photos?,0
Where do you ship from?,0
Can you show more photos?,0
Does it come in other colors?,0
I’m interested in this item.,0
Contact via email: david69@test.org,1
Do you have it in stock?,0
Do you have it in stock?,0
What are the dimensions?,0
Can you show more photos?,0
Do you have it in stock?,0
Where do you ship from?,0
Where do you ship from?,0
How soon can I get it?,0
📱 +1-417-877-5688,1
Where do you ship from?,0
This looks good.,0
This looks good.,0
This looks good.,0
Can you show more photos?,0
Where do you ship from?,0
What are the dimensions?,0
Where do you ship from?,0
How soon can I get it?,0
How soon can I get it?,0
Please email me at user5912@example.com,1
Where do you ship from?,0
Here's my email: user7913@example.com,1
This looks good.,0
What’s the price?,0
Does it come in other colors?,0
Nice product!,0
Can you show more photos?,0
This looks good.,0
Connect on LinkedIn (linkedin.com/in/devguy453),1
Text me at 555-812-5364 for more info.,1
I’m interested in this item.,0
Telegram me at (269) 815-8994,1
Add me on Facebook (facebook.com/shopper99),1
Can you show more photos?,0
How soon can I get it?,0
How soon can I get it?,0
How soon can I get it?,0
I’m interested in this item.,0
This looks good.,0
Nice product!,0
I’m interested in this item.,0
Do you have it in stock?,0
Where do you ship from?,0
"Email is user1119@example.com, reach out anytime.",1
"Email is user2211@example.com, reach out anytime.",1
Nice product!,0
This looks good.,0
Let's connect on LinkedIn: https://linkedin.com/in/eve450,1
Where do you ship from?,0
I’m interested in this item.,0
e m a i l m e @ user8582@example.com,1
Do you have it in stock?,0
I’m interested in this item.,0
Does it come in other colors?,0
What are the dimensions?,0
I’m interested in this item.,0
Can you share your phone number so I can send you details?,1
Does it come in other colors?,0
What are the dimensions?,0
Can you show more photos?,0
What’s the price?,0
I’m interested in this item.,0
reach at t w o o o @example.com,1
Can you show more photos?,0
Contact via email: ivan60@example.com,1
Can you show more photos?,0
This looks good.,0
I’m interested in this item.,0
What are the dimensions?,0
Does it come in other colors?,0
Does it come in other colors?,0
I’m interested in this item.,0
What’s the price?,0
Do you have it in stock?,0
My number is 053-204-4494,1
How soon can I get it?,0
What’s the price?,0
Do you have it in stock?,0
This looks good.,0
What’s the price?,0
Do you have it in stock?,0
Add me on Facebook (facebook.com/designer123),1
Please email me at user7991@example.com,1
Contact me on Skype: ivan474,1
This looks good.,0
Can you show more photos?,0
What are the dimensions?,0
Hit me up on WhatsApp at 555-922-2500,1
Text me at +1-430-261-5218,1
DM me on Instagram @shop_owner,1
Message me on Signal: +1 741 929 8796,1
Reach out on WhatsApp at +1-392-786-4824,1
Where do you ship from?,0
Can you show more photos?,0
Does it come in other colors?,0
What are the dimensions?,0
I’m interested in this item.,0
message me via g m a i l at user7037@example.com,1
Does it come in other colors?,0
I’m interested in this item.,0
I’m interested in this item.,0
I’m interested in this item.,0
Nice product!,0
Here's my email: user9498@example.com,1
This looks good.,0
How soon can I get it?,0
Follow me on Twitter: @heidi306,1
Do you have it in stock?,0
Where do you ship from?,0
You can reach me at +1-778-775-3301,1
Does it come in other colors?,0
Can you show more photos?,0
My TikTok: @ivan548,1
I’m interested in this item.,0
Can I have your email address?,1
Message me at user1227@example.com,1
WhatsApp me at +1-555-340-9085,1
Do you have it in stock?,0
snap me at s-n-a-p shopper783,1
DM me on Instagram @jane.smith,1
What’s the price?,0
I’m interested in this item.,0
Nice product!,0
Hit me up on WhatsApp at +1-371-123-1214,1
What are the dimensions?,0
Can you show more photos?,0
This looks good.,0
Do you have it in stock?,0
Can you show more photos?,0
Does it come in other colors?,0
Can you show more photos?,0
Mail me: alice4@test.org,1
Where do you ship from?,0
What’s the price?,0
What’s the price?,0
Can you show more photos?,0
Nice product!,0
This looks good.,0
Where do you ship from?,0
What’s the price?,0
Where do you ship from?,0
Let's connect on LinkedIn: linkedin.com/in/jane.smith,1
Does it come in other colors?,0
What’s the price?,0
Can you share your phone number so I can send you details?,1
Can you show more photos?,0
Hit me up on WhatsApp at +1-647-456-5373,1
What are the dimensions?,0
Where do you ship from?,0
Does it come in other colors?,0
Can you show more photos?,0
This looks good.,0
What’s the price?,0
Does it come in other colors?,0
Message me at user3130@example.com,1
Does it come in other colors?,0
What’s the price?,0
Does it come in other colors?,0
e m a i l m e @ user40@example.com,1
Where do you ship from?,0
Where do you ship from?,0
Contact via email: judy1@email.net,1
Connect on LinkedIn (linkedin.com/in/tech_lead),1
Do you have it in stock?,0
This looks good.,0
This looks good.,0
Does it come in other colors?,0
Nice product!,0
How soon can I get it?,0
h e i d i 2 1 @ t e s t . o r g,1
How soon can I get it?,0
This looks good.,0
Nice product!,0
What are the dimensions?,0
Nice product!,0
Where do you ship from?,0
find me at user8470@example.com 😉,1
This looks good.,0
What are the dimensions?,0
Please email me at user1006@example.com,1
c   o   n   t   a   c   t   m   e   2 8 3 - 9 1 3 - 6 7 8 9,1
Nice product!,0
Do you have it in stock?,0
What’s the price?,0
How soon can I get it?,0
Where do you ship from?,0
How soon can I get it?,0
Contact me via Telegram: @tech_lead,1
This looks good.,0
What’s the price?,0
Does it come in other colors?,0
Do you have it in stock?,0
My WeChat ID is shop_owner,1
Nice product!,0
What are the dimensions?,0
I’m interested in this item.,0
Can you show more photos?,0
Nice product!,0
Add me on WhatsApp: 132-543-1708,1
What’s the price?,0
Nice product!,0
Can you show more photos?,0
Nice product!,0
Does it come in other colors?,0
Does it come in other colors?,0
Nice product!,0
Nice product!,0
Message me at user9516@example.com,1
My number is (935) 365-7247,1
Do you have it in stock?,0
Nice product!,0
Where do you ship from?,0
Where do you ship from?,0
What are the dimensions?,0
Nice product!,0
This looks good.,0
Do you have it in stock?,0
Add me on Facebook (facebook.com/coolguy42),1
Does it come in other colors?,0
Find me on Facebook: https://facebook.com/heidi669,1
Does it come in other colors?,0
What’s the price?,0
Nice product!,0
What’s the price?,0
What are the dimensions?,0
Do you have it in stock?,0
What’s the price?,0
LinkedIn me at +1 407 960 8750,1
Do you have it in stock?,0
📱 +1-735-138-8601,1
Nice product!,0
Can you show more photos?,0
How soon can I get it?,0
Nice product!,0
Text me at 555-324-6859 for more info.,1
Where do you ship from?,0
Does it come in other colors?,0
find me at user5883@example.com 😉,1
I’m interested in this item.,0
I’m interested in this item.,0
What’s the price?,0
What’s the price?,0
Do you have it in stock?,0
What are the dimensions?,0
Nice product!,0
Nice product!,0
Do you have it in stock?,0
This looks good.,0
What’s the price?,0
DM me on Facebook: facebook.com/shopper464,1
How soon can I get it?,0
What are the dimensions?,0
This looks good.,0
I’m interested in this item.,0
What are the dimensions?,0
What’s the price?,0
My TikTok: @bob542,1
Does it come in other colors?,0
Nice product!,0
Do you have it in stock?,0
Contact me on Skype: alice419,1
How soon can I get it?,0
What are the dimensions?,0
Do you have it in stock?,0
Can you show more photos?,0
Where do you ship from?,0
I’m interested in this item.,0
Message via email: ivan35@mail.com,1
What are the dimensions?,0
Does it come in other colors?,0
Do you have it in stock?,0
What’s the price?,0
Message via email: charlie52@example.com,1
How soon can I get it?,0
I’m interested in this item.,0
How soon can I get it?,0
📱 +1-936-993-4062,1
This looks good.,0
What’s the price?,0
fb.com/devguy592,1
How soon can I get it?,0
What’s the price?,0
Nice product!,0
How soon can I get it?,0
Does it come in other colors?,0
Follow me on Twitter: @david461,1
Can you show more photos?,0
How soon can I get it?,0
Can you show more photos?,0
Contact me on Skype: bob894,1
c   o   n   t   a   c   t   m   e   + 1   6 9 4   7 7 3   7 8 2 4,1
This looks good.,0
My WeChat ID is john_doe,1
Does it come in other colors?,0
What’s the price?,0
How soon can I get it?,0
What are the dimensions?,0
How soon can I get it?,0
Does it come in other colors?,0
Hit me up on WhatsApp at +1-585-553-9417,1
What’s the price?,0
Do you have it in stock?,0
Do you have it in stock?,0
c   o   n   t   a   c   t   m   e   9 8 9 6 5 2 8 4 7 1,1
Does it come in other colors?,0
How soon can I get it?,0
How soon can I get it?,0
WhatsApp me at +1-555-661-8618,1
What are the dimensions?,0
Nice product!,0
I’m interested in this item.,0
C a l l   m e :   6 0 2 - 5 8 9 - 4 6 6 2,1
Can you show more photos?,0
This looks good.,0
Nice product!,0
I’m interested in this item.,0
How soon can I get it?,0
I’m interested in this item.,0
What are the dimensions?,0
Mail me: ivan87@mail.com,1
Do you have it in stock?,0
Does it come in other colors?,0
Does it come in other colors?,0
Can you show more photos?,0
Do you have it in stock?,0
Does it come in other colors?,0
Message via email: alice92@example.com,1
my email id is user8041@example.com,1
Does it come in other colors?,0
Do you have it in stock?,0
How soon can I get it?,0
Do you have it in stock?,0
Can you show more photos?,0
Add me on Facebook (facebook.com/tech_lead),1
Do you have it in stock?,0
How soon can I get it?,0
you can DM me at shopper30 on Insta,1
I’m interested in this item.,0
Nice product!,0
What are the dimensions?,0
Follow me on Twitter: @eve199,1
How soon can I get it?,0
Can you show more photos?,0
What are the dimensions?,0
Nice product!,0
I’m interested in this item.,0
I’m interested in this item.,0
I’m interested in this item.,0
This looks good.,0
Can you show more photos?,0
I’m interested in this item.,0
Where do you ship from?,0
What’s the price?,0
Can you show more photos?,0
Hit me up on WhatsApp at +1-182-411-5874,1
This looks good.,0
I’m interested in this item.,0
Where do you ship from?,0
Can I have your email address?,1
Contact via email: frank29@test.org,1
Do you have it in stock?,0
Where do you ship from?,0
Can you show more photos?,0
Does it come in other colors?,0
Can you show more photos?,0
Do you have it in stock?,0
Do you have it in stock?,0
What’s the price?,0
Message me on Signal: +1 405 009 5518,1
How soon can I get it?,0
Nice product!,0
What are the dimensions?,0
Where do you ship from?,0
Can you show more photos?,0
Can you show more photos?,0
Can you show more photos?,0
Can you show more photos?,0
What’s the price?,0
Do you have it in stock?,0
Add me on WhatsApp: +1 919 742 8867,1
Does it come in other colors?,0
What’s the price?,0
Nice product!,0
This looks good.,0
This looks good.,0
Does it come in other colors?,0
Nice product!,0
Does it come in other colors?,0
What are the dimensions?,0
Follow me on Instagram @shopper99 and DM.,1
Where do you ship from?,0
This looks good.,0
Can you show more photos?,0
Can you show more photos?,0
Here's my email: user8711@example.com,1
This looks good.,0
Message me at user9642@example.com,1
What’s the price?,0
I’m interested in this item.,0
Do you have it in stock?,0
What’s the price?,0
This looks good.,0
What’s the price?,0
Where do you ship from?,0
This looks good.,0
How soon can I get it?,0
Do you have it in stock?,0
What are the dimensions?,0
Nice product!,0
Nice product!,0
Does it come in other colors?,0
Nice product!,0
Nice product!,0
Reach out on WhatsApp at +1-372-641-2786,1
Contact me on Skype: heidi585,1
Nice product!,0
How soon can I get it?,0
This looks good.,0
Does it come in other colors?,0
What’s the price?,0
What’s the price?,0
How soon can I get it?,0
Where do you ship from?,0
Send me a DM on Facebook: facebook.com/shopper99,1
What’s the price?,0
message me via g m a i l at user5242@example.com,1
h e i d i 6 9 @ e m a i l . n e t,1
Do you have it in stock?,0
What’s the price?,0
Nice product!,0
What are the dimensions?,0
Can I have your email address?,1
Nice product!,0
Does it come in other colors?,0
📱 +1-223-873-7114,1
DM me on Instagram: @david441,1
I’m interested in this item.,0
What’s the price?,0
What’s the price?,0
Does it come in other colors?,0
How soon can I get it?,0
I’m interested in this item.,0
This looks good.,0
c   o   n   t   a   c   t   m   e   ( 8 1 0 )   3 4 2 - 8 1 6 3,1
Can you show more photos?,0
Where do you ship from?,0
telegram: t dot me slash devguy147,1
What are the dimensions?,0
get in touch @ user955@example.com,1
What are the dimensions?,0
Nice product!,0
Does it come in other colors?,0
C o n t a c t :   + 1   4 8 3   4 8 6   4 4 0 6,1
Do you have it in stock?,0
What are the dimensions?,0
I’m interested in this item.,0
What are the dimensions?,0
DM me on Instagram @fashioneer,1
How soon can I get it?,0
Can you show more photos?,0
Text me at 555-616-8740 for more info.,1
Text me at +1-449-283-2503,1
Add me on WhatsApp: (260) 579-5421,1
Can you show more photos?,0
Can you show more photos?,0
Do you have it in stock?,0
Here is my email: user1766@example.com,1
e m a i l m e @ user8469@example.com,1
How soon can I get it?,0
What are the dimensions?,0
you can DM me at fashionista903 on Insta,1
What’s the price?,0
Can you show more photos?,0
find me at user1744@example.com 😉,1
This looks good.,0
How soon can I get it?,0
Add me on Facebook (facebook.com/jane.smith),1
Nice product!,0
This looks good.,0
Does it come in other colors?,0
This looks good.,0
Send me a DM on Facebook: facebook.com/fashionguru,1
What’s the price?,0
DM me on Instagram: @grace733,1
My TikTok: @grace494,1
Does it come in other colors?,0
Text me at 790-887-8684,1
How soon can I get it?,0
How soon can I get it?,0
I’m interested in this item.,0
My number is 0071167382,1
Nice product!,0
What are the dimensions?,0
Add me on WhatsApp: +1 709 499 8214,1
This looks good.,0
What are the dimensions?,0
How soon can I get it?,0
I’m interested in this item.,0
Can you show more photos?,0
Does it come in other colors?,0
My Snapchat is ivan309,1
This looks good.,0
How soon can I get it?,0
Do you have it in stock?,0
What’s the price?,0
Nice product!,0
Email me at judy19@email.net,1
I’m interested in this item.,0
What are the dimensions?,0
Can you show more photos?,0
I’m interested in this item.,0
DM me on Instagram @fashionguru,1
You can reach me at 555-702-8254,1
Nice product!,0
What are the dimensions?,0
Does it come in other colors?,0
Where do you ship from?,0
my digits: +1-295-813-5754,1
Nice product!,0
What are the dimensions?,0
What’s the price?,0
Where do you ship from?,0
This looks good.,0
Where do you ship from?,0
Connect on LinkedIn (linkedin.com/in/shopper828),1
Follow me on Instagram @tech_lead and DM.,1
Can you show more photos?,0
Can you show more photos?,0
Nice product!,0
What are the dimensions?,0
Do you have it in stock?,0
How soon can I get it?,0
Where do you ship from?,0
Can you show more photos?,0
This looks good.,0
What are the dimensions?,0
Does it come in other colors?,0
Do you have it in stock?,0
Connect on LinkedIn (linkedin.com/in/devguy389),1
What’s the price?,0
Does it come in other colors?,0
Ping me on Telegram: @alice568,1
What’s the price?,0
Can you show more photos?,0
How soon can I get it?,0
Add me on Facebook (facebook.com/fashionguru),1
Do you have it in stock?,0
I’m interested in this item.,0
This looks good.,0
Do you have it in stock?,0
Nice product!,0
I’m interested in this item.,0
Do you have it in stock?,0
Can you show more photos?,0
This looks good.,0
Mail me: charlie68@mail.com,1
I’m interested in this item.,0
Can you show more photos?,0
What’s the price?,0
Can you show more photos?,0
Can you show more photos?,0
hmu @ shopper541,1
My WeChat ID is shop_owner,1
Message me on Snapchat: coolguy42,1
My WeChat ID is designer123,1
Does it come in other colors?,0
Message me on Snapchat: coolguy42,1
Message me on Signal: +1 555 371 8857,1
Can you show more photos?,0
How soon can I get it?,0
What’s the price?,0
Do you have it in stock?,0
C o n t a c t :   ( 6 6 6 )   2 4 6 - 1 2 6 0,1
Do you have it in stock?,0
Where do you ship from?,0
This looks good.,0
I’m interested in this item.,0
Can you show more photos?,0
Contact: +1-623-160-1373,1
I’m interested in this item.,0
I’m interested in this item.,0
How soon can I get it?,0
Can you show more photos?,0
Text me at (053) 916-3490,1
Let's connect on LinkedIn: linkedin.com/in/fashioneer,1
What’s the price?,0
Contact me via Telegram: @fashionguru,1
Nice product!,0
What are the dimensions?,0
What’s the price?,0
Do you have it in stock?,0
Does it come in other colors?,0
What are the dimensions?,0
DM me on Instagram @fashioneer,1
Nice product!,0
"My contact is 555-279-9793, call me.",1
This looks good.,0
I’m interested in this item.,0
Do you have it in stock?,0
Can you show more photos?,0
What’s the price?,0
Where do you ship from?,0
DM me on Instagram: @ivan795,1
Does it come in other colors?,0
This looks good.,0
Can you show more photos?,0
Let's connect on LinkedIn: https://linkedin.com/in/ivan599,1
I’m interested in this item.,0
This looks good.,0
Where do you ship from?,0
How soon can I get it?,0
How soon can I get it?,0
How soon can I get it?,0
How soon can I get it?,0
What are the dimensions?,0
Where do you ship from?,0
How soon can I get it?,0
How soon can I get it?,0
Mail me: eve64@example.com,1
Do you have it in stock?,0
What’s the price?,0
What’s the price?,0
This looks good.,0
Nice product!,0
Call me at 6970568634,1
What are the dimensions?,0
Do you have it in stock?,0
Please email me at user3117@example.com,1
Can you show more photos?,0
This looks good.,0
Does it come in other colors?,0
Do you have it in stock?,0
Snapchat me at 9904530118,1
This looks good.,0
Does it come in other colors?,0
Does it come in other colors?,0
This looks good.,0
How soon can I get it?,0
What are the dimensions?,0
What’s the price?,0
Does it come in other colors?,0
Where do you ship from?,0
t e l : +1-955-320-2638,1
What are the dimensions?,0
How soon can I get it?,0
My WeChat ID is john_doe,1
Nice product!,0
What are the dimensions?,0
Do you have it in stock?,0
Nice product!,0
Do you have it in stock?,0
How soon can I get it?,0
Can you show more photos?,0
C a l l   m e :   1 9 6 2 7 0 9 9 5 6,1
What are the dimensions?,0
What are the dimensions?,0
How soon can I get it?,0
Nice product!,0
snap me at s-n-a-p devguy835,1
What’s the price?,0
What’s the price?,0
What’s the price?,0
"My contact is 555-691-7850, call me.",1
Where do you ship from?,0
You can reach me at 555-973-2866,1
Call me at 6781749972,1
Send me a DM on Facebook: facebook.com/tech_lead,1
Can you show more photos?,0
I’m interested in this item.,0
Can you show more photos?,0
Nice product!,0
I’m interested in this item.,0
My WeChat ID is coolguy42,1
Can you show more photos?,0
Ping me on Telegram: @david303,1
I’m interested in this item.,0
How soon can I get it?,0
I’m interested in this item.,0
How soon can I get it?,0
Hit me up on WhatsApp at +1-865-388-2202,1
Does it come in other colors?,0
Here is my email: user4505@example.com,1
This looks good.,0
Where do you ship from?,0
Text me at +1-775-659-7926,1
Does it come in other colors?,0
What’s the price?,0
"My contact is 555-860-3006, call me.",1
What’s the price?,0
How soon can I get it?,0
Hit me up on WhatsApp at +1-339-996-7159,1
You can reach me at 555-736-7293,1
Does it come in other colors?,0
I’m interested in this item.,0
This looks good.,0
How soon can I get it?,0
This looks good.,0
Does it come in other colors?,0
Reach me at 3258707682,1
How soon can I get it?,0
Can you show more photos?,0
What are the dimensions?,0
How soon can I get it?,0
How soon can I get it?,0
Message me at user1302@example.com,1
Nice product!,0
Can I have your email address?,1
Where do you ship from?,0
Can you show more photos?,0
What’s the price?,0
Message me on Signal: +1 381 197 1112,1
Does it come in other colors?,0
I’m interested in this item.,0
Can you show more photos?,0
How soon can I get it?,0
This looks good.,0
What’s the price?,0
Can you show more photos?,0
What are the dimensions?,0
Add me on WhatsApp: 9146630764,1
Hit me up on WhatsApp at 555-834-1823,1
Does it come in other colors?,0
Can you show more photos?,0
Can you show more photos?,0
Add me on WhatsApp: 555-160-9432,1
Does it come in other colors?,0
I’m interested in this item.,0
I’m interested in this item.,0
I’m interested in this item.,0
What are the dimensions?,0
Do you have it in stock?,0
Where do you ship from?,0
Do you have it in stock?,0
What’s the price?,0
get in touch @ user8904@example.com,1
Can you show more photos?,0
telegram: t dot me slash coolcat364,1
Nice product!,0
What’s the price?,0
My number is +1 160 193 2158,1
What are the dimensions?,0
My WeChat ID is designer123,1
What’s the price?,0
Does it come in other colors?,0
Where do you ship from?,0
Can you show more photos?,0
Does it come in other colors?,0
This looks good.,0
Nice product!,0
What are the dimensions?,0
telegram: t dot me slash shopper383,1
Let's connect on LinkedIn: linkedin.com/in/designer123,1
Can you show more photos?,0
I’m interested in this item.,0
Nice product!,0
What’s the price?,0
Do you have it in stock?,0
Nice product!,0
Can you show more photos?,0
Do you have it in stock?,0
Email me at bob47@mail.com,1
Nice product!,0
Where do you ship from?,0
Please email me at user4241@example.com,1
WhatsApp me at +1 704 980 8497,1
Does it come in other colors?,0
You can reach me at 555-492-6864,1
My TikTok: @david406,1
Does it come in other colors?,0
Let's connect on LinkedIn: linkedin.com/in/best_pizza,1
I’m interested in this item.,0
Connect on LinkedIn (linkedin.com/in/jane.smith),1
I’m interested in this item.,0
How soon can I get it?,0
How soon can I get it?,0
Do you have it in stock?,0
Messenger me at (702) 271-6238,1
What are the dimensions?,0
This looks good.,0
What’s the price?,0
Do you have it in stock?,0
Do you have it in stock?,0
Do you have it in stock?,0
Does it come in other colors?,0
Does it come in other colors?,0
Nice product!,0
Nice product!,0
Can you show more photos?,0
Where do you ship from?,0
This looks good.,0
What are the dimensions?,0
How soon can I get it?,0
I’m interested in this item.,0
I’m interested in this item.,0
What are the dimensions?,0
I’m interested in this item.,0
Where do you ship from?,0
How soon can I get it?,0
I’m interested in this item.,0
What are the dimensions?,0
I’m interested in this item.,0
This looks good.,0
Contact via email: david49@test.org,1
Nice product!,0
How soon can I get it?,0
What are the dimensions?,0
Where do you ship from?,0
This looks good.,0
I’m interested in this item.,0
Do you have it in stock?,0
Can you show more photos?,0
Does it come in other colors?,0
Do you have it in stock?,0
How soon can I get it?,0
Nice product!,0
How soon can I get it?,0
I’m interested in this item.,0
I’m interested in this item.,0
This looks good.,0
Email me at judy17@email.net,1
I’m interested in this item.,0
Add me on WhatsApp: +1 416 404 7390,1
My number is (282) 406-7736,1
Can you show more photos?,0
f r a n k 2 7 @ t e s t . o r g,1
How soon can I get it?,0
I’m interested in this item.,0
Where do you ship from?,0
This looks good.,0
This looks good.,0
DM me on Facebook: facebook.com/fashionista374,1
Text me at 2347337819,1
How soon can I get it?,0
Can you show more photos?,0
I’m interested in this item.,0
How soon can I get it?,0
Can you show more photos?,0
My WeChat ID is fashionguru,1
Where do you ship from?,0
Where do you ship from?,0
I’m interested in this item.,0
Do you have it in stock?,0
C a l l   m e :   ( 1 7 4 )   4 6 3 - 7 9 3 1,1
Do you have it in stock?,0
Where do you ship from?,0
What’s the price?,0
I’m interested in this item.,0
Do you have it in stock?,0
What’s the price?,0
How soon can I get it?,0
How soon can I get it?,0
Does it come in other colors?,0
What’s the price?,0
What are the dimensions?,0
Where do you ship from?,0
I’m interested in this item.,0
This looks good.,0
Do you have it in stock?,0
What are the dimensions?,0
Nice product!,0
Where do you ship from?,0
I’m interested in this item.,0
Can you show more photos?,0
What’s the price?,0
What are the dimensions?,0
I’m interested in this item.,0
I’m interested in this item.,0
Nice product!,0
What are the dimensions?,0
Does it come in other colors?,0
I’m interested in this item.,0
Does it come in other colors?,0
This looks good.,0
Where do you ship from?,0
I’m interested in this item.,0
Add me on WhatsApp: +1 678 603 0004,1
How soon can I get it?,0
I’m interested in this item.,0
Please email me at user8847@example.com,1
Do you have it in stock?,0
Nice product!,0
Message me on Snapchat: tech_lead,1
you can DM me at shopper109 on Insta,1
find me at user564@example.com 😉,1
Text me at (162) 463-6368,1
How soon can I get it?,0
Can you show more photos?,0
What’s the price?,0
What’s the price?,0
Nice product!,0
Do you have it in stock?,0
Email me at grace32@test.org,1
I’m interested in this item.,0
What’s the price?,0
Add me on Facebook (facebook.com/coolguy42),1
Does it come in other colors?,0
I’m interested in this item.,0
This looks good.,0
Can you show more photos?,0
I’m interested in this item.,0
Do you have it in stock?,0
Where do you ship from?,0
I’m interested in this item.,0
How soon can I get it?,0
Add me on Facebook (facebook.com/fashioneer),1
Do you have it in stock?,0
Do you have it in stock?,0
Does it come in other colors?,0
This looks good.,0
What are the dimensions?,0
my digits: +1-462-326-4287,1
Do you have it in stock?,0
Where do you ship from?,0
Can you show more photos?,0
Nice product!,0
My Snapchat is charlie573,1
Nice product!,0
get in touch @ user2409@example.com,1
Can you show more photos?,0
How soon can I get it?,0
Message me on Signal: 2063236166,1
How soon can I get it?,0
I’m interested in this item.,0
Here is my email: user2933@example.com,1
📱 +1-259-638-1114,1
I’m interested in this item.,0
Nice product!,0
Where do you ship from?,0
Can you show more photos?,0
Does it come in other colors?,0
Do you have it in stock?,0
Where do you ship from?,0
What are the dimensions?,0
How soon can I get it?,0
What are the dimensions?,0
Nice product!,0
Message me on Signal: 6278085652,1
I’m interested in this item.,0
This looks good.,0
How soon can I get it?,0
This looks good.,0
My WeChat ID is shop_owner,1
Does it come in other colors?,0
How soon can I get it?,0
How soon can I get it?,0
Let's connect on LinkedIn: linkedin.com/in/best_pizza,1
What’s the price?,0
Send me a DM on Facebook: facebook.com/best_pizza,1
Does it come in other colors?,0
This looks good.,0
snap me at s-n-a-p shopper481,1
Where do you ship from?,0
I’m interested in this item.,0
WhatsApp me at +1-555-666-1217,1
Can you show more photos?,0
Message me at user3197@example.com,1
Does it come in other colors?,0
I’m interested in this item.,0
Nice product!,0
Hit me up on WhatsApp at 555-290-2580,1
Where do you ship from?,0
What are the dimensions?,0
Contact me via Telegram: @shopper99,1
Where do you ship from?,0
Send me a DM on Facebook: facebook.com/jane.smith,1
Where do you ship from?,0
Where do you ship from?,0
Do you have it in stock?,0
What’s the price?,0
Does it come in other colors?,0
This looks good.,0
Let's connect on LinkedIn: https://linkedin.com/in/alice298,1
What are the dimensions?,0
Message via email: charlie94@test.org,1
Do you have it in stock?,0
Does it come in other colors?,0
Does it come in other colors?,0
How soon can I get it?,0
I’m interested in this item.,0
Find me on Facebook: https://facebook.com/bob612,1
What’s the price?,0
This looks good.,0
Nice product!,0
I’m interested in this item.,0
Does it come in other colors?,0
get in touch @ user4114@example.com,1
Does it come in other colors?,0
Can you show more photos?,0
This looks good.,0
How soon can I get it?,0
I’m interested in this item.,0
reach at t w o o o @example.com,1
Hit me up on WhatsApp at +1-405-644-7727,1
I’m interested in this item.,0
I’m interested in this item.,0
This looks good.,0
Text me at +1-278-462-4101,1
Can you show more photos?,0
Can you show more photos?,0
What are the dimensions?,0
What are the dimensions?,0
This looks good.,0
I’m interested in this item.,0
What are the dimensions?,0
DM me on Instagram: @alice242,1
Nice product!,0
Ping me on Telegram: @grace73,1
Email me at user4331@example.com,1
This looks good.,0
My TikTok: @judy441,1
Nice product!,0
How soon can I get it?,0
This looks good.,0
Where do you ship from?,0
Do you have it in stock?,0
Does it come in other colors?,0
How soon can I get it?,0
📧 user2193@example.com,1
I’m interested in this item.,0
Do you have it in stock?,0
How soon can I get it?,0
e m a i l m e @ user1018@example.com,1
c   o   n   t   a   c   t   m   e   8 0 7 0 6 3 3 3 0 8,1
How soon can I get it?,0
Do you have it in stock?,0
Where do you ship from?,0
I’m interested in this item.,0
This looks good.,0
Can you show more photos?,0
My TikTok: @judy789,1
Where do you ship from?,0
What’s the price?,0
What’s the price?,0
Does it come in other colors?,0
Call me at 6256630227,1
What’s the price?,0
Nice product!,0
Can you show more photos?,0
Does it come in other colors?,0
DM me on Instagram @jane.smith,1
I’m interested in this item.,0
📱 +1-250-780-1525,1
Where do you ship from?,0
Can you show more photos?,0
I’m interested in this item.,0
Nice product!,0
Where do you ship from?,0
Contact me on Skype: alice854,1
Where do you ship from?,0
How soon can I get it?,0
Do you have it in stock?,0
How soon can I get it?,0
Contact via email: charlie87@email.net,1
Does it come in other colors?,0
How soon can I get it?,0
Nice product!,0
C a l l   m e :   + 1   4 4 4   5 1 1   2 4 4 9,1
Does it come in other colors?,0
This looks good.,0
Nice product!,0
What are the dimensions?,0
Does it come in other colors?,0
This looks good.,0
Do you have it in stock?,0
How soon can I get it?,0
Snapchat me @ coolcat563,1
This looks good.,0
Nice product!,0
Nice product!,0
Connect on LinkedIn (linkedin.com/in/devguy754),1
Do you have it in stock?,0
What’s the price?,0
Does it come in other colors?,0
I’m interested in this item.,0
This looks good.,0
DM me on Instagram @tech_lead,1
message me via g m a i l at user3457@example.com,1
Does it come in other colors?,0
This looks good.,0
What are the dimensions?,0
This looks good.,0
my email id is user9354@example.com,1
Reach me at (794) 854-5789,1
Can you show more photos?,0
What’s the price?,0
What are the dimensions?,0
Do you have it in stock?,0
Do you have it in stock?,0
This looks good.,0
What’s the price?,0
hmu @ shopper70,1
How soon can I get it?,0
This looks good.,0
Does it come in other colors?,0
This looks good.,0
Text me at +1-788-835-4538,1
Nice product!,0
What’s the price?,0
Does it come in other colors?,0
Can you show more photos?,0
DM me on Facebook: facebook.com/devguy334,1
What are the dimensions?,0
Facebook me at 0488652913,1
e m a i l m e @ user6344@example.com,1
Can you show more photos?,0
My WeChat ID is best_pizza,1
Do you have it in stock?,0
You can reach me at +1-646-117-4507,1
Can you show more photos?,0
Nice product!,0
Where do you ship from?,0
Nice product!,0
Text me at 555-248-8778 for more info.,1
Where do you ship from?,0
What are the dimensions?,0
Where do you ship from?,0
This looks good.,0
Does it come in other colors?,0
Add me on Facebook (facebook.com/tech_lead),1
📧 user7714@example.com,1
📱 +1-749-851-9439,1
Can I have your email address?,1
Can I have your email address?,1
Do you have it in stock?,0
How soon can I get it?,0
I’m interested in this item.,0
I’m interested in this item.,0
Do you have it in stock?,0
How soon can I get it?,0
What are the dimensions?,0
How soon can I get it?,0
Can I have your email address?,1
How soon can I get it?,0
Can I have your email address?,1
What are the dimensions?,0
What’s the price?,0
Contact: +1-339-786-5545,1
What’s the price?,0
Does it come in other colors?,0
Can you show more photos?,0
Can you show more photos?,0
This looks good.,0
Where do you ship from?,0
How soon can I get it?,0
Can you show more photos?,0
Nice product!,0
What’s the price?,0
What’s the price?,0
What’s the price?,0
Can you show more photos?,0
What are the dimensions?,0
Does it come in other colors?,0
My TikTok: @charlie360,1
Find me on Facebook: https://facebook.com/bob604,1
Do you have it in stock?,0
What are the dimensions?,0
What are the dimensions?,0
How soon can I get it?,0
Nice product!,0
Do you have it in stock?,0
This looks good.,0
What are the dimensions?,0
Can you show more photos?,0
Text me at +1 501 066 7233,1
Nice product!,0
This looks good.,0
What are the dimensions?,0
What’s the price?,0
Nice product!,0
Nice product!,0
You can reach me at 555-780-5874,1
What are the dimensions?,0
Where do you ship from?,0
This looks good.,0
Where do you ship from?,0
Does it come in other colors?,0
Does it come in other colors?,0
Nice product!,0
Message me on Snapchat: shopper99,1
Do you have it in stock?,0
This looks good.,0
Nice product!,0
This looks good.,0
my digits: +1-930-349-4057,1
Can you show more photos?,0
Do you have it in stock?,0
Do you have it in stock?,0
This looks good.,0
What’s the price?,0
C a l l   m e :   9 6 1 - 9 8 8 - 0 5 3 0,1
Nice product!,0
Do you have it in stock?,0
What’s the price?,0
Hit me up on WhatsApp at 555-732-3825,1
How soon can I get it?,0
Nice product!,0
This looks good.,0
Where do you ship from?,0
Nice product!,0
reach at t w o o o @example.com,1
How soon can I get it?,0
This looks good.,0
Do you have it in stock?,0
Can you show more photos?,0
Nice product!,0
Nice product!,0
Where do you ship from?,0
How soon can I get it?,0
This looks good.,0
I’m interested in this item.,0
Email me at frank2@test.org,1
my email id is user8391@example.com,1
Does it come in other colors?,0
Please email me at user1459@example.com,1
What’s the price?,0
Can you show more photos?,0
What’s the price?,0
This looks good.,0
I’m interested in this item.,0
Nice product!,0
Find me on Facebook: https://facebook.com/david617,1
Does it come in other colors?,0
How soon can I get it?,0
What are the dimensions?,0
Where do you ship from?,0
Do you have it in stock?,0
Does it come in other colors?,0
Can you show more photos?,0
What are the dimensions?,0
Nice product!,0
What are the dimensions?,0
Do you have it in stock?,0
Nice product!,0
Where do you ship from?,0
What are the dimensions?,0
"Email is user5650@example.com, reach out anytime.",1
Message me at user6994@example.com,1
Does it come in other colors?,0
WhatsApp me at +1-555-875-8460,1
Add me on Facebook (facebook.com/shop_owner),1
Nice product!,0
Where do you ship from?,0
This looks good.,0
How soon can I get it?,0
Can you show more photos?,0
I’m interested in this item.,0
Do you have it in stock?,0
Do you have it in stock?,0
Nice product!,0
Where do you ship from?,0
Please email me at user1131@example.com,1
My WeChat ID is coolguy42,1
Can you show more photos?,0
This looks good.,0
What’s the price?,0
This looks good.,0
Does it come in other colors?,0
What are the dimensions?,0
Do you have it in stock?,0
What’s the price?,0
This looks good.,0
Where do you ship from?,0
Can you show more photos?,0
I’m interested in this item.,0
I’m interested in this item.,0
How soon can I get it?,0
C o n t a c t :   0 6 6 5 4 5 0 9 3 4,1
Snapchat me @ fashionista81,1
Can you show more photos?,0
How soon can I get it?,0
Can you show more photos?,0
get in touch @ user742@example.com,1
This looks good.,0
You can reach me at 555-913-4884,1
This looks good.,0
Reach out on WhatsApp at +1-504-838-8901,1
Where do you ship from?,0
What’s the price?,0
My WeChat ID is designer123,1
Message me at user8357@example.com,1
What’s the price?,0
What’s the price?,0
What are the dimensions?,0
I’m interested in this item.,0
Where do you ship from?,0
I’m interested in this item.,0
Where do you ship from?,0
I’m interested in this item.,0
Nice product!,0
Can you show more photos?,0
This looks good.,0
This looks good.,0
Connect on LinkedIn (linkedin.com/in/fashionista225),1
How soon can I get it?,0
Follow me on Twitter: @bob56,1
I’m interested in this item.,0
Do you have it in stock?,0
This looks good.,0
Message me at user691@example.com,1
my email id is user4730@example.com,1
Nice product!,0
Does it come in other colors?,0
Do you have it in stock?,0
I’m interested in this item.,0
I’m interested in this item.,0
Ping me on Telegram: @ivan187,1
Can you show more photos?,0
Can you show more photos?,0
I’m interested in this item.,0
Where do you ship from?,0
How soon can I get it?,0
Nice product!,0
You can reach me at +1-739-905-6238,1
I’m interested in this item.,0
Follow me on Twitter: @judy446,1
📱 +1-719-443-8601,1
Nice product!,0
What are the dimensions?,0
Where do you ship from?,0
How soon can I get it?,0
Can you show more photos?,0
Nice product!,0
Let's connect on LinkedIn: linkedin.com/in/john_doe,1
How soon can I get it?,0
Can you share your phone number so I can send you details?,1
What’s the price?,0
What’s the price?,0
What are the dimensions?,0
How soon can I get it?,0
How soon can I get it?,0
Connect on LinkedIn (linkedin.com/in/jane.smith),1
Nice product!,0
What’s the price?,0
Find me on Facebook: https://facebook.com/heidi443,1
Do you have it in stock?,0
Where do you ship from?,0
What are the dimensions?,0
Nice product!,0
Email me at bob44@mail.com,1
What are the dimensions?,0
Let's connect on LinkedIn: https://linkedin.com/in/heidi986,1
Where do you ship from?,0
You can reach me at 555-402-2257,1
I’m interested in this item.,0
📱 +1-457-367-3428,1
Can you show more photos?,0
What’s the price?,0
Let's connect on LinkedIn: linkedin.com/in/jane.smith,1
message me via g m a i l at user6521@example.com,1
Nice product!,0
This looks good.,0
This looks good.,0
I’m interested in this item.,0
What’s the price?,0
reach at t w o o o @example.com,1
How soon can I get it?,0
What are the dimensions?,0
Does it come in other colors?,0
Message me on Snapchat: jane.smith,1
Do you have it in stock?,0
What are the dimensions?,0
Does it come in other colors?,0
This looks good.,0
Text me at +1-216-637-2020,1
This looks good.,0
This looks good.,0
Where do you ship from?,0
Does it come in other colors?,0
I’m interested in this item.,0
What are the dimensions?,0
This looks good.,0
How soon can I get it?,0
How soon can I get it?,0
Where do you ship from?,0
I’m interested in this item.,0
This looks good.,0
What are the dimensions?,0
Facebook me at 0917813014,1
WhatsApp me at 5649799642,1
How soon can I get it?,0
telegram: t dot me slash fashionista585,1
Email me at ivan18@mail.com,1
Nice product!,0
What’s the price?,0
Find me on Facebook: https://facebook.com/ivan199,1
Can you show more photos?,0
I’m interested in this item.,0
snap me at s-n-a-p devguy396,1
Do you have it in stock?,0
How soon can I get it?,0
This looks good.,0
How soon can I get it?,0
I’m interested in this item.,0
Does it come in other colors?,0
How soon can I get it?,0
Where do you ship from?,0
Where do you ship from?,0
What are the dimensions?,0
Does it come in other colors?,0
Can you share your phone number so I can send you details?,1
What’s the price?,0
fb.com/coolcat160,1
This looks good.,0
Does it come in other colors?,0
How soon can I get it?,0
How soon can I get it?,0
I’m interested in this item.,0
DM me on Instagram @shopper99,1
Where do you ship from?,0
What are the dimensions?,0
Does it come in other colors?,0
Where do you ship from?,0
What’s the price?,0
Where do you ship from?,0
Do you have it in stock?,0
What are the dimensions?,0
Does it come in other colors?,0
Hit me up on WhatsApp at +1-312-932-2748,1
How soon can I get it?,0
This looks good.,0
Can you show more photos?,0
I’m interested in this item.,0
What are the dimensions?,0
What’s the price?,0
This looks good.,0
Do you have it in stock?,0
get in touch @ user3072@example.com,1
Does it come in other colors?,0
Can you show more photos?,0
Can I have your email address?,1
I’m interested in this item.,0
I’m interested in this item.,0
How soon can I get it?,0
What are the dimensions?,0
This looks good.,0
What’s the price?,0
I’m interested in this item.,0
Where do you ship from?,0
I’m interested in this item.,0
How soon can I get it?,0
Do you have it in stock?,0
What are the dimensions?,0
I’m interested in this item.,0
Do you have it in stock?,0
Where do you ship from?,0
This looks good.,0
Do you have it in stock?,0
Contact via email: charlie37@email.net,1
What are the dimensions?,0
This looks good.,0
I’m interested in this item.,0
What are the dimensions?,0
Does it come in other colors?,0
Does it come in other colors?,0
This looks good.,0
Do you have it in stock?,0
message me via g m a i l at user8283@example.com,1
Nice product!,0
Nice product!,0
How soon can I get it?,0
This looks good.,0
Do you have it in stock?,0
Can you show more photos?,0
What’s the price?,0
c   o   n   t   a   c   t   m   e   + 1   3 3 9   7 0 0   6 0 6 7,1
What are the dimensions?,0
Here's my email: user3430@example.com,1
This looks good.,0
How soon can I get it?,0
I’m interested in this item.,0
Where do you ship from?,0
Where do you ship from?,0
Where do you ship from?,0
Can you show more photos?,0
Add me on WhatsApp: 555-917-4941,1
What are the dimensions?,0
This looks good.,0
This looks good.,0
This looks good.,0
What’s the price?,0
Does it come in other colors?,0
Connect on LinkedIn (linkedin.com/in/fashionguru),1
I’m interested in this item.,0
Where do you ship from?,0
What are the dimensions?,0
What’s the price?,0
C a l l   m e :   + 1   8 0 8   7 0 4   4 8 9 5,1
Can you show more photos?,0
Can you show more photos?,0
I’m interested in this item.,0
Reach out on WhatsApp at +1-416-797-7184,1
find me at user166@example.com 😉,1
Add me on Facebook (facebook.com/fashionguru),1
Where do you ship from?,0
What are the dimensions?,0
Where do you ship from?,0
Does it come in other colors?,0
Nice product!,0
Does it come in other colors?,0
Message me on Snapchat: jane.smith,1
C o n t a c t :   4 9 0 - 5 0 1 - 1 6 7 4,1
What’s the price?,0
Can you show more photos?,0
My number is +1 148 867 5614,1
Hit me up on WhatsApp at +1-550-169-7653,1
This looks good.,0
telegram: t dot me slash fashionista616,1
I’m interested in this item.,0
Message me on Signal: +1 890 105 9323,1
What are the dimensions?,0
Do you have it in stock?,0
What are the dimensions?,0
Can you show more photos?,0
How soon can I get it?,0
Can you show more photos?,0
Can you show more photos?,0
C a l l   m e :   + 1   1 6 5   8 4 3   1 0 3 6,1
What’s the price?,0
How soon can I get it?,0
I’m interested in this item.,0
This looks good.,0
Can you show more photos?,0
wanna chat? +1-976-251-5208,1
What are the dimensions?,0
How soon can I get it?,0
Can you show more photos?,0
What are the dimensions?,0
How soon can I get it?,0
Can you show more photos?,0
Where do you ship from?,0
wanna chat? +1-597-591-4031,1
What are the dimensions?,0
What’s the price?,0
Do you have it in stock?,0
What are the dimensions?,0
What’s the price?,0
How soon can I get it?,0
Where do you ship from?,0
Snapchat me @ shopper581,1
Add me on Facebook (facebook.com/tech_lead),1
c   o   n   t   a   c   t   m   e   + 1   8 6 6   9 0 7   5 0 7 6,1
Nice product!,0
My WeChat ID is jane.smith,1
Call me at +1 083 419 2002,1
Do you have it in stock?,0
How soon can I get it?,0
Can you share your phone number so I can send you details?,1
What are the dimensions?,0
Do you have it in stock?,0
What are the dimensions?,0
Do you have it in stock?,0
Where do you ship from?,0
What are the dimensions?,0
WhatsApp me at +1-555-240-7287,1
Follow me on Instagram @jane.smith and DM.,1
How soon can I get it?,0
What’s the price?,0
Do you have it in stock?,0
Does it come in other colors?,0
How soon can I get it?,0
What are the dimensions?,0
What’s the price?,0
Here is my email: user8916@example.com,1
What’s the price?,0
Where do you ship from?,0
Where do you ship from?,0
What’s the price?,0
This looks good.,0
How soon can I get it?,0
What’s the price?,0
I’m interested in this item.,0
I’m interested in this item.,0
Do you have it in stock?,0
This looks good.,0
Can you show more photos?,0
I’m interested in this item.,0
Do you have it in stock?,0
I’m interested in this item.,0
How soon can I get it?,0
What are the dimensions?,0
You can reach me at 555-972-1614,1
What are the dimensions?,0
e m a i l m e @ user8871@example.com,1
This looks good.,0
This looks good.,0
What are the dimensions?,0
What’s the price?,0
Message me on Signal: 101-855-6673,1
This looks good.,0
How soon can I get it?,0
Where do you ship from?,0
Contact me via Telegram: @fashionguru,1
Do you have it in stock?,0
My Snapchat is ivan728,1
What are the dimensions?,0
Does it come in other colors?,0
What are the dimensions?,0
This looks good.,0
Nice product!,0
Nice product!,0
b o b 5 7 @ m a i l . c o m,1
What are the dimensions?,0
DM me on Instagram @coolguy42,1
What are the dimensions?,0
Let's connect on LinkedIn: https://linkedin.com/in/judy977,1
I’m interested in this item.,0
Do you have it in stock?,0
What’s the price?,0
How soon can I get it?,0
What’s the price?,0
Please email me at user6661@example.com,1
Text me at 555-720-1236 for more info.,1
Where do you ship from?,0
This looks good.,0
Can you show more photos?,0
Here is my email: user7331@example.com,1
Do you have it in stock?,0
Can you show more photos?,0
Can you show more photos?,0
Contact me on Skype: alice233,1
What are the dimensions?,0
I’m interested in this item.,0
What are the dimensions?,0
What’s the price?,0
Send me a DM on Facebook: facebook.com/jane.smith,1
Call me at 810-370-5112,1
What are the dimensions?,0
I’m interested in this item.,0
What are the dimensions?,0
my digits: +1-515-268-9622,1
My Snapchat is bob152,1
I’m interested in this item.,0
Add me on Facebook (facebook.com/fashionguru),1
Do you have it in stock?,0
Contact: +1-149-294-9458,1
What’s the price?,0
Add me on WhatsApp: 859-204-7509,1
Where do you ship from?,0
What are the dimensions?,0
What are the dimensions?,0
Nice product!,0
How soon can I get it?,0
I’m interested in this item.,0
This looks good.,0
Follow me on Instagram @best_pizza and DM.,1
Does it come in other colors?,0
My TikTok: @heidi690,1
Hit me up on WhatsApp at 555-925-3183,1
Nice product!,0
Nice product!,0
Does it come in other colors?,0
What are the dimensions?,0
I’m interested in this item.,0
Does it come in other colors?,0
Can you show more photos?,0
Where do you ship from?,0
Where do you ship from?,0
How soon can I get it?,0
I’m interested in this item.,0
reach at t w o o o @example.com,1
This looks good.,0
📱 +1-955-220-7459,1
Do you have it in stock?,0
Reach me at 460-750-7284,1
This looks good.,0
Where do you ship from?,0
Where do you ship from?,0
What are the dimensions?,0
What’s the price?,0
Reach out on WhatsApp at +1-634-344-2250,1
What are the dimensions?,0
my digits: +1-642-164-5592,1
Does it come in other colors?,0
How soon can I get it?,0
What are the dimensions?,0
I’m interested in this item.,0
What are the dimensions?,0
You can reach me at 555-714-6713,1
How soon can I get it?,0
Do you have it in stock?,0
This looks good.,0
Do you have it in stock?,0
you can DM me at coolcat1 on Insta,1
Do you have it in stock?,0
What are the dimensions?,0
You can reach me at 555-722-8064,1
What’s the price?,0
This looks good.,0
Does it come in other colors?,0
Mail me: charlie11@mail.com,1
Nice product!,0
g r a c e 2 0 @ e x a m p l e . c o m,1
I’m interested in this item.,0
Can you show more photos?,0
How soon can I get it?,0
What are the dimensions?,0
What’s the price?,0
What are the dimensions?,0
I’m interested in this item.,0
Can you show more photos?,0
Contact: +1-195-363-2466,1
find me at user6982@example.com 😉,1
Can you show more photos?,0
How soon can I get it?,0
Can you show more photos?,0
This looks good.,0
Do you have it in stock?,0
Nice product!,0
This looks good.,0
Nice product!,0
Where do you ship from?,0
What are the dimensions?,0
How soon can I get it?,0
This looks good.,0
What are the dimensions?,0
"My contact is 555-709-5229, call me.",1
Can you show more photos?,0
Where do you ship from?,0
This looks good.,0
How soon can I get it?,0
Please email me at user7853@example.com,1
Does it come in other colors?,0
Does it come in other colors?,0
Does it come in other colors?,0
Can you show more photos?,0
Can you show more photos?,0
Where do you ship from?,0
I’m interested in this item.,0
get in touch @ user5865@example.com,1
I’m interested in this item.,0
How soon can I get it?,0
Where do you ship from?,0
I’m interested in this item.,0
I’m interested in this item.,0
My TikTok: @charlie329,1
Here's my email: user4669@example.com,1
Connect on LinkedIn (linkedin.com/in/coolcat503),1
What are the dimensions?,0
Do you have it in stock?,0
Where do you ship from?,0
Nice product!,0
What are the dimensions?,0
This looks good.,0
Nice product!,0
I’m interested in this item.,0
Does it come in other colors?,0
Add me on Facebook (facebook.com/john_doe),1
Can you show more photos?,0
Nice product!,0
Where do you ship from?,0
Does it come in other colors?,0
What are the dimensions?,0
What’s the price?,0
What are the dimensions?,0
Email me at heidi24@email.net,1
Does it come in other colors?,0
Can I have your email address?,1
Text me at 555-857-9106 for more info.,1
I’m interested in this item.,0
What are the dimensions?,0
What are the dimensions?,0
I’m interested in this item.,0
I’m interested in this item.,0
Nice product!,0
Follow me on Twitter: @david423,1
Snapchat me @ devguy976,1
Nice product!,0
c   o   n   t   a   c   t   m   e   2 7 8 - 4 8 1 - 0 6 0 8,1
I’m interested in this item.,0
Contact: +1-950-933-7976,1
Can you show more photos?,0
Nice product!,0
Do you have it in stock?,0
What are the dimensions?,0
Where do you ship from?,0
Nice product!,0
What are the dimensions?,0
What are the dimensions?,0
Do you have it in stock?,0
C o n t a c t :   2 8 1 7 2 8 7 9 6 8,1
My WeChat ID is coolguy42,1
What’s the price?,0
I’m interested in this item.,0
Message via email: ivan89@email.net,1
you can DM me at shopper922 on Insta,1
Does it come in other colors?,0
What’s the price?,0
How soon can I get it?,0
WhatsApp me at +1-555-177-9873,1
I’m interested in this item.,0
What are the dimensions?,0
Add me on Facebook (facebook.com/fashioneer),1
Do you have it in stock?,0
Do you have it in stock?,0
Nice product!,0
telegram: t dot me slash coolcat125,1
What are the dimensions?,0
What are the dimensions?,0
Can you show more photos?,0
C a l l   m e :   3 8 1 - 6 6 8 - 1 4 3 0,1
Contact via email: eve33@test.org,1
Nice product!,0
Does it come in other colors?,0
Do you have it in stock?,0
Nice product!,0
What’s the price?,0
This looks good.,0
Where do you ship from?,0
Message me on Snapchat: jane.smith,1
What are the dimensions?,0
Can you show more photos?,0
c o n t a c t : +1-805-597-6244,1
What’s the price?,0
Mail me: grace88@test.org,1
Does it come in other colors?,0
This looks good.,0
Nice product!,0
I’m interested in this item.,0
What’s the price?,0
What are the dimensions?,0
Does it come in other colors?,0
Contact me on Skype: grace397,1
I’m interested in this item.,0
Let's connect on LinkedIn: linkedin.com/in/fashioneer,1
Let's connect on LinkedIn: linkedin.com/in/fashioneer,1
Can you show more photos?,0
Nice product!,0
I’m interested in this item.,0
📱 +1-264-774-6306,1
What are the dimensions?,0
How soon can I get it?,0
Email me at user4624@example.com,1
Where do you ship from?,0
Send me a DM on Facebook: facebook.com/coolguy42,1
Nice product!,0
What’s the price?,0
This looks good.,0
I’m interested in this item.,0
What are the dimensions?,0
I’m interested in this item.,0
Do you have it in stock?,0
Can you show more photos?,0
This looks good.,0
Where do you ship from?,0
My WeChat ID is shop_owner,1
Nice product!,0
Nice product!,0
Where do you ship from?,0
How soon can I get it?,0
Text me at (290) 655-4980,1
What’s the price?,0
Do you have it in stock?,0
Does it come in other colors?,0
find me at user539@example.com 😉,1
I’m interested in this item.,0
snap me at s-n-a-p shopper247,1
reach at t w o o o @example.com,1
How soon can I get it?,0
Does it come in other colors?,0
How soon can I get it?,0
Where do you ship from?,0
Can you show more photos?,0
Where do you ship from?,0
Let's connect on LinkedIn: https://linkedin.com/in/charlie906,1
I’m interested in this item.,0
I’m interested in this item.,0
Nice product!,0
Nice product!,0
Nice product!,0
Where do you ship from?,0
Let's connect on LinkedIn: https://linkedin.com/in/alice97,1
Where do you ship from?,0
Where do you ship from?,0
DM me on Instagram: @grace162,1
Where do you ship from?,0
This looks good.,0
Nice product!,0
Do you have it in stock?,0
I’m interested in this item.,0
This looks good.,0
How soon can I get it?,0
Do you have it in stock?,0
This looks good.,0
c o n t a c t : +1-683-430-4531,1
Nice product!,0
How soon can I get it?,0
How soon can I get it?,0
What are the dimensions?,0
Mail me: bob99@email.net,1
This looks good.,0
Do you have it in stock?,0
Nice product!,0
Does it come in other colors?,0
telegram: t dot me slash coolcat112,1
What are the dimensions?,0
my email id is user6061@example.com,1
What’s the price?,0
Does it come in other colors?,0
Nice product!,0
Where do you ship from?,0
Nice product!,0
Can you show more photos?,0
Call me at 3626197087,1
Nice product!,0
Does it come in other colors?,0
What are the dimensions?,0
I’m interested in this item.,0
My number is 5617287055,1
I’m interested in this item.,0
Reach out on WhatsApp at +1-128-911-2727,1
Email me at user1973@example.com,1
My WeChat ID is john_doe,1
Contact via email: judy3@example.com,1
Add me on WhatsApp: 555-406-7284,1
This looks good.,0
Contact me on Skype: heidi183,1
h e i d i 2 6 @ e m a i l . n e t,1
DM me on Instagram @coolguy42,1
Nice product!,0
How soon can I get it?,0
What are the dimensions?,0
Where do you ship from?,0
I’m interested in this item.,0
How soon can I get it?,0
What are the dimensions?,0
I’m interested in this item.,0
What are the dimensions?,0
Can you show more photos?,0
What’s the price?,0
Here's my email: user1341@example.com,1
Does it come in other colors?,0
I’m interested in this item.,0
Hit me up on WhatsApp at +1-409-283-2245,1
C o n t a c t :   5 9 6 3 8 0 0 4 9 7,1
Nice product!,0
Where do you ship from?,0
Where do you ship from?,0
Please email me at user8892@example.com,1
What’s the price?,0
This looks good.,0
What’s the price?,0
This looks good.,0
Do you have it in stock?,0
What are the dimensions?,0
Does it come in other colors?,0
I’m interested in this item.,0
This looks good.,0
Nice product!,0
Does it come in other colors?,0
I’m interested in this item.,0
Can you show more photos?,0
telegram: t dot me slash devguy663,1
Where do you ship from?,0
Do you have it in stock?,0
My Snapchat is ivan591,1
What are the dimensions?,0
Where do you ship from?,0
Do you have it in stock?,0
My number is 8797948469,1
I’m interested in this item.,0
I’m interested in this item.,0
Add me on WhatsApp: 216-109-3885,1
Email me at ivan14@test.org,1
What are the dimensions?,0
This looks good.,0
Do you have it in stock?,0
My Snapchat is heidi766,1
Add me on WhatsApp: 183-642-2995,1
Where do you ship from?,0
How soon can I get it?,0
Where do you ship from?,0
What’s the price?,0
My Snapchat is heidi299,1
I’m interested in this item.,0
How soon can I get it?,0
I’m interested in this item.,0
What are the dimensions?,0
Can you show more photos?,0
How soon can I get it?,0
Add me on Facebook (facebook.com/shop_owner),1
WhatsApp me at 4884216634,1
Where do you ship from?,0
How soon can I get it?,0
What are the dimensions?,0
Let's connect on LinkedIn: https://linkedin.com/in/david275,1
Can you show more photos?,0
I’m interested in this item.,0
Where do you ship from?,0
Do you have it in stock?,0
How soon can I get it?,0
Where do you ship from?,0
This looks good.,0
What’s the price?,0
Do you have it in stock?,0
Do you have it in stock?,0
I’m interested in this item.,0
Nice product!,0
I’m interested in this item.,0
What’s the price?,0
Does it come in other colors?,0
Text me at +1-679-291-4058,1
What are the dimensions?,0
What are the dimensions?,0
What’s the price?,0
How soon can I get it?,0
Text me at +1-112-316-9466,1
How soon can I get it?,0
What’s the price?,0
Call me at +1 376 016 6446,1
How soon can I get it?,0
What’s the price?,0
Nice product!,0
Where do you ship from?,0
Does it come in other colors?,0
This looks good.,0
Do you have it in stock?,0
Reach me at 644-284-3907,1
This looks good.,0
What are the dimensions?,0
Can you show more photos?,0
This looks good.,0
Nice product!,0
Message me on Signal: (851) 120-7010,1
Message via email: eve96@mail.com,1
This looks good.,0
My Snapchat is grace915,1
Does it come in other colors?,0
Does it come in other colors?,0
What’s the price?,0
Does it come in other colors?,0
message me via g m a i l at user4510@example.com,1
I’m interested in this item.,0
telegram: t dot me slash fashionista731,1
What’s the price?,0
How soon can I get it?,0
you can DM me at devguy949 on Insta,1
Do you have it in stock?,0
my digits: +1-679-161-9464,1
Contact me via Telegram: @shopper99,1
Message me on Signal: 143-977-6171,1
Does it come in other colors?,0
get in touch @ user2776@example.com,1
Nice product!,0
This looks good.,0
Can you show more photos?,0
Can you show more photos?,0
Can you show more photos?,0
Nice product!,0
Where do you ship from?,0
Where do you ship from?,0
Do you have it in stock?,0
Where do you ship from?,0
What are the dimensions?,0
Where do you ship from?,0
What are the dimensions?,0
How soon can I get it?,0
Contact: +1-750-736-5744,1
This looks good.,0
What’s the price?,0
Does it come in other colors?,0
This looks good.,0
Where do you ship from?,0
my email id is user111@example.com,1
📧 user5438@example.com,1
Follow me on Instagram @fashioneer and DM.,1
What’s the price?,0
Can you show more photos?,0
What’s the price?,0
Can you show more photos?,0
This looks good.,0
Where do you ship from?,0
This looks good.,0
Message me on Signal: +1 664 333 5687,1
Does it come in other colors?,0
This looks good.,0
Can you show more photos?,0
This looks good.,0
What are the dimensions?,0
Do you have it in stock?,0
I’m interested in this item.,0
How soon can I get it?,0
Does it come in other colors?,0
Message me on Snapchat: designer123,1
How soon can I get it?,0
Do you have it in stock?,0
My Snapchat is frank876,1
Can you show more photos?,0
Nice product!,0
I’m interested in this item.,0
Can you show more photos?,0
Can you show more photos?,0
I’m interested in this item.,0
Add me on Facebook (facebook.com/coolguy42),1
Contact me via Telegram: @coolguy42,1
I’m interested in this item.,0
This looks good.,0
Can you show more photos?,0
What are the dimensions?,0
Snapchat me @ shopper969,1
I’m interested in this item.,0
I’m interested in this item.,0
Message via email: grace72@test.org,1
This looks good.,0
What’s the price?,0
Nice product!,0
I’m interested in this item.,0
Hit me up on WhatsApp at 555-262-9059,1
How soon can I get it?,0
This looks good.,0
How soon can I get it?,0
How soon can I get it?,0
Do you have it in stock?,0
What are the dimensions?,0
Do you have it in stock?,0
What’s the price?,0
Can you show more photos?,0
Nice product!,0
I’m interested in this item.,0
Nice product!,0
I’m interested in this item.,0
What’s the price?,0
This looks good.,0
This looks good.,0
Can you show more photos?,0
Hit me up on WhatsApp at +1-251-144-1412,1
Does it come in other colors?,0
Reach me at +1 447 150 9892,1
Nice product!,0
This looks good.,0
This looks good.,0
Do you have it in stock?,0
Do you have it in stock?,0
Where do you ship from?,0
Mail me: frank1@test.org,1
Nice product!,0
What are the dimensions?,0
j u d y 2 3 @ e x a m p l e . c o m,1
I’m interested in this item.,0
What’s the price?,0
What are the dimensions?,0
Text me at (499) 702-8473,1
I’m interested in this item.,0
Can you show more photos?,0
"Email is user6995@example.com, reach out anytime.",1
Let's connect on LinkedIn: https://linkedin.com/in/david957,1
Does it come in other colors?,0
Does it come in other colors?,0
Can you show more photos?,0
Can you show more photos?,0
Do you have it in stock?,0
What are the dimensions?,0
I’m interested in this item.,0
Ping me on Telegram: @eve184,1
What are the dimensions?,0
You can reach me at +1-692-102-8143,1
What are the dimensions?,0
Do you have it in stock?,0
Can you show more photos?,0
My number is 6104783059,1
Can you show more photos?,0
DM me on Instagram @tech_lead,1
Where do you ship from?,0
Can you show more photos?,0
Where do you ship from?,0
Does it come in other colors?,0
snap me at s-n-a-p shopper67,1
How soon can I get it?,0
Do you have it in stock?,0
I’m interested in this item.,0
This looks good.,0
What are the dimensions?,0
Nice product!,0
Do you have it in stock?,0
Can you show more photos?,0
What’s the price?,0
Do you have it in stock?,0
Nice product!,0
I’m interested in this item.,0
Where do you ship from?,0
What are the dimensions?,0
My Snapchat is david837,1
Please email me at user5781@example.com,1
Nice product!,0
What are the dimensions?,0
Where do you ship from?,0
How soon can I get it?,0
Nice product!,0
Can you show more photos?,0
I’m interested in this item.,0
Can you show more photos?,0
Can you show more photos?,0
Does it come in other colors?,0
Call me at 4807131833,1
Contact: +1-752-303-7606,1
This looks good.,0
Do you have it in stock?,0
How soon can I get it?,0
How soon can I get it?,0
Nice product!,0
C o n t a c t :   6 5 3 5 0 1 1 8 1 3,1
What are the dimensions?,0
I’m interested in this item.,0
What are the dimensions?,0
What’s the price?,0
Do you have it in stock?,0
Can you show more photos?,0
I’m interested in this item.,0
What are the dimensions?,0
Can you show more photos?,0
How soon can I get it?,0
This looks good.,0
What are the dimensions?,0
This looks good.,0
What’s the price?,0
Nice product!,0
DM me on Facebook: facebook.com/shopper224,1
Do you have it in stock?,0
This looks good.,0
DM me on Instagram @shopper99,1
Message via email: frank41@email.net,1
Follow me on Instagram @shop_owner and DM.,1
My Snapchat is grace156,1
TikTok me at (280) 148-9394,1
I’m interested in this item.,0
Can I have your email address?,1
Nice product!,0
reach at t w o o o @example.com,1
Where do you ship from?,0
What are the dimensions?,0
Nice product!,0
Text me at 048-181-7378,1
Connect on LinkedIn (linkedin.com/in/fashionista174),1
I’m interested in this item.,0
What’s the price?,0
Let's connect on LinkedIn: https://linkedin.com/in/charlie657,1
How soon can I get it?,0
Do you have it in stock?,0
What are the dimensions?,0
Nice product!,0
How soon can I get it?,0
This looks good.,0
How soon can I get it?,0
This looks good.,0
Do you have it in stock?,0
Do you have it in stock?,0
Do you have it in stock?,0
What are the dimensions?,0
Where do you ship from?,0
This looks good.,0
Where do you ship from?,0
Nice product!,0
Can you show more photos?,0
Find me on Facebook: https://facebook.com/alice585,1
Can you show more photos?,0
Nice product!,0
How soon can I get it?,0
c o n t a c t : +1-765-565-5718,1
"Email is user6717@example.com, reach out anytime.",1
How soon can I get it?,0
Can you show more photos?,0
Where do you ship from?,0
What are the dimensions?,0
My WeChat ID is john_doe,1
Contact via email: alice35@email.net,1
What’s the price?,0
📱 +1-412-817-3313,1
Where do you ship from?,0
t e l : +1-376-560-1330,1
Nice product!,0
Find me on Facebook: https://facebook.com/eve956,1
Can you show more photos?,0
Where do you ship from?,0
Can you show more photos?,0
Do you have it in stock?,0
Does it come in other colors?,0
How soon can I get it?,0
Where do you ship from?,0
I’m interested in this item.,0
This looks good.,0
What’s the price?,0
This looks good.,0
What are the dimensions?,0
How soon can I get it?,0
How soon can I get it?,0
Where do you ship from?,0
What’s the price?,0
Does it come in other colors?,0
Can you show more photos?,0
This looks good.,0
What are the dimensions?,0
Do you have it in stock?,0
Contact via email: frank66@mail.com,1
reach at t w o o o @example.com,1
t e l : +1-712-515-1231,1
What’s the price?,0
What are the dimensions?,0
What’s the price?,0
What’s the price?,0
DM me on Instagram @jane.smith,1
Text me at 555-381-5497 for more info.,1
How soon can I get it?,0
What’s the price?,0
How soon can I get it?,0
Nice product!,0
Can you show more photos?,0
Does it come in other colors?,0
Do you have it in stock?,0
Contact via email: eve34@test.org,1
my email id is user3355@example.com,1
📧 user4256@example.com,1
What’s the price?,0
How soon can I get it?,0
What are the dimensions?,0
What are the dimensions?,0
What are the dimensions?,0
What are the dimensions?,0
Can you show more photos?,0
Can you show more photos?,0
Find me on Facebook: https://facebook.com/judy824,1
Where do you ship from?,0
My Snapchat is alice524,1
Can I have your email address?,1
Reach out on WhatsApp at +1-726-346-5182,1
Nice product!,0
Mail me: david24@example.com,1
What are the dimensions?,0
Where do you ship from?,0
Do you have it in stock?,0
What’s the price?,0
DM me on Instagram @jane.smith,1
Where do you ship from?,0
I’m interested in this item.,0
Let's connect on LinkedIn: https://linkedin.com/in/heidi43,1
e m a i l m e @ user8187@example.com,1
What are the dimensions?,0
Does it come in other colors?,0
Does it come in other colors?,0
c   o   n   t   a   c   t   m   e   + 1   2 9 7   4 0 5   6 6 5 1,1
WhatsApp me at +1-555-107-8274,1
Nice product!,0
Where do you ship from?,0
What are the dimensions?,0
Do you have it in stock?,0
This looks good.,0
Where do you ship from?,0
📧 user6121@example.com,1
Text me at 555-507-9783 for more info.,1
This looks good.,0
What’s the price?,0
This looks good.,0
I’m interested in this item.,0
Where do you ship from?,0
Connect on LinkedIn (linkedin.com/in/fashionguru),1
This looks good.,0
How soon can I get it?,0
How soon can I get it?,0
Where do you ship from?,0
This looks good.,0
Nice product!,0
What are the dimensions?,0
Send me a DM on Facebook: facebook.com/shopper99,1
What’s the price?,0
Let's connect on LinkedIn: linkedin.com/in/jane.smith,1
What’s the price?,0
DM me on Instagram: @alice755,1
Find me on Facebook: https://facebook.com/alice722,1
Can you show more photos?,0
This looks good.,0
Does it come in other colors?,0
I’m interested in this item.,0
Does it come in other colors?,0
How soon can I get it?,0
wanna chat? +1-780-297-2839,1
What’s the price?,0
How soon can I get it?,0
Does it come in other colors?,0
What’s the price?,0
Nice product!,0
How soon can I get it?,0
Where do you ship from?,0
This looks good.,0
DM me on Facebook: facebook.com/fashionista895,1
What are the dimensions?,0
Where do you ship from?,0
Can you show more photos?,0
Can you show more photos?,0
What’s the price?,0
Add me on Facebook (facebook.com/best_pizza),1
What are the dimensions?,0
Nice product!,0
What are the dimensions?,0
Does it come in other colors?,0
Mail me: judy47@test.org,1
How soon can I get it?,0
Does it come in other colors?,0
Where do you ship from?,0
Nice product!,0
Does it come in other colors?,0
Does it come in other colors?,0
Where do you ship from?,0
How soon can I get it?,0
DM me on Instagram: @grace600,1
This looks good.,0
This looks good.,0
This looks good.,0
What’s the price?,0
Does it come in other colors?,0
I’m interested in this item.,0
Where do you ship from?,0
Does it come in other colors?,0
I’m interested in this item.,0
Do you have it in stock?,0
Follow me on Twitter: @ivan744,1
What are the dimensions?,0
Message me on Snapchat: fashioneer,1
Can you show more photos?,0
Can you show more photos?,0
Add me on Facebook (facebook.com/tech_lead),1
Can you show more photos?,0
Email me at eve21@email.net,1
Reach me at 904-364-5030,1
Where do you ship from?,0
How soon can I get it?,0
snap me at s-n-a-p coolcat284,1
What’s the price?,0
My WeChat ID is shopper99,1
Does it come in other colors?,0
Does it come in other colors?,0
Do you have it in stock?,0
hmu @ coolcat436,1
Text me at 555-127-3276 for more info.,1
What’s the price?,0
Does it come in other colors?,0
What’s the price?,0
Do you have it in stock?,0
What are the dimensions?,0
I’m interested in this item.,0
c   o   n   t   a   c   t   m   e   ( 6 7 1 )   9 6 9 - 5 2 7 6,1
What are the dimensions?,0
Do you have it in stock?,0
Can you show more photos?,0
📱 +1-463-518-5548,1
Does it come in other colors?,0
message me via g m a i l at user5414@example.com,1
Do you have it in stock?,0
Reach me at (864) 868-6324,1
Can I have your email address?,1
Does it come in other colors?,0
Where do you ship from?,0
How soon can I get it?,0
Reach me at 3753960257,1
Where do you ship from?,0
How soon can I get it?,0
Nice product!,0
How soon can I get it?,0
DM me on Facebook: facebook.com/devguy675,1
This looks good.,0
My Snapchat is heidi477,1
Do you have it in stock?,0
How soon can I get it?,0
How soon can I get it?,0
Text me at 555-725-3726 for more info.,1
Does it come in other colors?,0
DM me on Facebook: facebook.com/fashionista695,1
Message me on Snapchat: fashioneer,1
What’s the price?,0
Do you have it in stock?,0
Nice product!,0
I’m interested in this item.,0
Nice product!,0
Where do you ship from?,0
I’m interested in this item.,0
I’m interested in this item.,0
What’s the price?,0
Do you have it in stock?,0
Connect on LinkedIn (linkedin.com/in/coolguy42),1
I’m interested in this item.,0
Can you show more photos?,0
Do you have it in stock?,0
Follow me on Twitter: @eve961,1
Let's connect on LinkedIn: https://linkedin.com/in/bob682,1
My TikTok: @bob172,1
Let's connect on LinkedIn: https://linkedin.com/in/heidi572,1
My number is 0546817476,1
Send me a DM on Facebook: facebook.com/best_pizza,1
Do you have it in stock?,0
What are the dimensions?,0
C o n t a c t :   1 2 5 - 7 4 1 - 8 5 8 5,1
How soon can I get it?,0
Contact me on Skype: eve236,1
Do you have it in stock?,0
How soon can I get it?,0
This looks good.,0
C a l l   m e :   ( 1 4 9 )   6 8 7 - 7 5 6 6,1
Does it come in other colors?,0
I’m interested in this item.,0
What are the dimensions?,0
I’m interested in this item.,0
Nice product!,0
How soon can I get it?,0
What are the dimensions?,0
I’m interested in this item.,0
Do you have it in stock?,0
What’s the price?,0
Can you show more photos?,0
My TikTok: @heidi269,1
You can reach me at +1-455-874-4894,1
Where do you ship from?,0
Where do you ship from?,0
h e i d i 9 1 @ e x a m p l e . c o m,1
hmu @ shopper138,1
Can you show more photos?,0
What’s the price?,0
This looks good.,0
Can you show more photos?,0
What’s the price?,0
What are the dimensions?,0
Nice product!,0
find me at user8894@example.com 😉,1
Does it come in other colors?,0
How soon can I get it?,0
Where do you ship from?,0
Nice product!,0
snap me at s-n-a-p coolcat743,1
Does it come in other colors?,0
Can you show more photos?,0
What’s the price?,0
How soon can I get it?,0
Where do you ship from?,0
Nice product!,0
I’m interested in this item.,0
This looks good.,0
Can you show more photos?,0
Does it come in other colors?,0
Can you show more photos?,0
Nice product!,0
Let's connect on LinkedIn: https://linkedin.com/in/grace619,1
Can you show more photos?,0
I’m interested in this item.,0
Where do you ship from?,0
Do you have it in stock?,0
What’s the price?,0
This looks good.,0
What are the dimensions?,0
Add me on WhatsApp: 555-682-8286,1
What are the dimensions?,0
What are the dimensions?,0
Email me at user4322@example.com,1
How soon can I get it?,0
Do you have it in stock?,0
I’m interested in this item.,0
I’m interested in this item.,0
Nice product!,0
Nice product!,0
DM me on Instagram: @david416,1
b o b 3 8 @ e m a i l . n e t,1
Can you show more photos?,0
How soon can I get it?,0
I’m interested in this item.,0
This looks good.,0
Hit me up on WhatsApp at 555-182-6806,1
This looks good.,0
This looks good.,0
Reach out on WhatsApp at +1-269-119-6146,1
Can you show more photos?,0
Can you show more photos?,0
Nice product!,0
Nice product!,0
Do you have it in stock?,0
I’m interested in this item.,0
Where do you ship from?,0
Do you have it in stock?,0
Contact: +1-676-990-6887,1
This looks good.,0
Where do you ship from?,0
I’m interested in this item.,0
What are the dimensions?,0
Do you have it in stock?,0
Reach out on WhatsApp at +1-763-558-5946,1
Where do you ship from?,0
Nice product!,0
t e l : +1-901-251-8449,1
Can you show more photos?,0
Can you show more photos?,0
How soon can I get it?,0
DM me on Instagram @tech_lead,1
What are the dimensions?,0
Nice product!,0
my digits: +1-623-996-1834,1
Do you have it in stock?,0
My TikTok: @charlie101,1
What are the dimensions?,0
Where do you ship from?,0
Connect on LinkedIn (linkedin.com/in/best_pizza),1
This looks good.,0
Does it come in other colors?,0
How soon can I get it?,0
Do you have it in stock?,0
What are the dimensions?,0
"Email is user8924@example.com, reach out anytime.",1
Where do you ship from?,0
I’m interested in this item.,0
This looks good.,0
What’s the price?,0
What are the dimensions?,0
I’m interested in this item.,0
Nice product!,0
fb.com/coolcat347,1
What’s the price?,0
What are the dimensions?,0
Does it come in other colors?,0
How soon can I get it?,0
fb.com/coolcat691,1
This looks good.,0
I’m interested in this item.,0
This looks good.,0
my digits: +1-817-800-6075,1
How soon can I get it?,0
Does it come in other colors?,0
What’s the price?,0
Does it come in other colors?,0
Can you show more photos?,0
Where do you ship from?,0
This looks good.,0
What are the dimensions?,0
Connect on LinkedIn (linkedin.com/in/devguy769),1
Hit me up on WhatsApp at +1-978-754-3194,1
Here is my email: user9690@example.com,1
Email me at user1553@example.com,1
What are the dimensions?,0
Does it come in other colors?,0
Contact me via Telegram: @shop_owner,1
Does it come in other colors?,0
Where do you ship from?,0
Nice product!,0
My Snapchat is eve134,1
What are the dimensions?,0
Does it come in other colors?,0
I’m interested in this item.,0
How soon can I get it?,0
What are the dimensions?,0
Nice product!,0
I’m interested in this item.,0
How soon can I get it?,0
This looks good.,0
Can you show more photos?,0
How soon can I get it?,0
Nice product!,0
Where do you ship from?,0
Where do you ship from?,0
📧 user8338@example.com,1
Nice product!,0
t e l : +1-141-347-9641,1
Connect on LinkedIn (linkedin.com/in/best_pizza),1
WhatsApp me at +1-555-435-5215,1
How soon can I get it?,0
What’s the price?,0
What’s the price?,0
I’m interested in this item.,0
How soon can I get it?,0
Do you have it in stock?,0
What are the dimensions?,0
Does it come in other colors?,0
Do you have it in stock?,0
Text me at 555-759-1387 for more info.,1
Contact me on Skype: heidi401,1
Where do you ship from?,0
I’m interested in this item.,0
How soon can I get it?,0
Do you have it in stock?,0
I’m interested in this item.,0
What are the dimensions?,0
wanna chat? +1-704-547-3529,1
fb.com/coolcat262,1
Text me at 555-128-6599 for more info.,1
What’s the price?,0
Does it come in other colors?,0
What’s the price?,0
What’s the price?,0
What’s the price?,0
Does it come in other colors?,0
Message me on Signal: 7868774444,1
Text me at 250-152-7880,1
message me via g m a i l at user2964@example.com,1
How soon can I get it?,0
How soon can I get it?,0
What’s the price?,0
Hit me up on WhatsApp at 555-318-4441,1
Does it come in other colors?,0
I’m interested in this item.,0
Hit me up on WhatsApp at +1-257-975-2615,1
Can you show more photos?,0
Where do you ship from?,0
What are the dimensions?,0
Where do you ship from?,0
Nice product!,0
Nice product!,0
Email me at david12@example.com,1
Does it come in other colors?,0
Where do you ship from?,0
Connect on LinkedIn (linkedin.com/in/fashionista632),1
Where do you ship from?,0
This looks good.,0
What are the dimensions?,0
How soon can I get it?,0
Can you show more photos?,0
Does it come in other colors?,0
Where do you ship from?,0
Email me at user5869@example.com,1
Where do you ship from?,0
What are the dimensions?,0
I’m interested in this item.,0
c o n t a c t : +1-319-309-1277,1
Please email me at user5126@example.com,1
c o n t a c t : +1-636-463-2968,1
Follow me on Instagram @designer123 and DM.,1
This looks good.,0
Do you have it in stock?,0
Can you show more photos?,0
Do you have it in stock?,0
Can you show more photos?,0
This looks good.,0
Nice product!,0
Contact me via Telegram: @john_doe,1
Text me at 555-445-2809 for more info.,1
What’s the price?,0
Can you show more photos?,0
This looks good.,0
Can you show more photos?,0
Can you show more photos?,0
Does it come in other colors?,0
What’s the price?,0
fb.com/devguy224,1
c o n t a c t : +1-571-315-9093,1
Where do you ship from?,0
I’m interested in this item.,0
Where do you ship from?,0
This looks good.,0
Can you show more photos?,0
How soon can I get it?,0
How soon can I get it?,0
Do you have it in stock?,0
You can reach me at 555-393-3424,1
Do you have it in stock?,0
Here's my email: user5580@example.com,1
What are the dimensions?,0
Where do you ship from?,0
What are the dimensions?,0
Nice product!,0
Does it come in other colors?,0
Does it come in other colors?,0
Where do you ship from?,0
Where do you ship from?,0
Nice product!,0
What are the dimensions?,0
Does it come in other colors?,0
Where do you ship from?,0
Add me on WhatsApp: (439) 626-4905,1
Nice product!,0
This looks good.,0
Can I have your email address?,1
Does it come in other colors?,0
What are the dimensions?,0
What’s the price?,0
Where do you ship from?,0
Nice product!,0
Here is my email: user6914@example.com,1
Add me on WhatsApp: 6177015332,1
get in touch @ user6585@example.com,1
Where do you ship from?,0
Where do you ship from?,0
Follow me on Twitter: @grace864,1
Where do you ship from?,0
This looks good.,0
Nice product!,0
I’m interested in this item.,0
Can you show more photos?,0
Nice product!,0
This looks good.,0
I’m interested in this item.,0
Where do you ship from?,0
Can you show more photos?,0
Can you show more photos?,0
I’m interested in this item.,0
I’m interested in this item.,0
reach at t w o o o @example.com,1
What are the dimensions?,0
Nice product!,0
Do you have it in stock?,0
Does it come in other colors?,0
Do you have it in stock?,0
you can DM me at shopper277 on Insta,1
What’s the price?,0
Do you have it in stock?,0
Nice product!,0
Can you show more photos?,0
How soon can I get it?,0
Nice product!,0
Does it come in other colors?,0
What’s the price?,0
Contact me via Telegram: @fashionguru,1
Add me on Facebook (facebook.com/fashionguru),1
This looks good.,0
Nice product!,0
Can you show more photos?,0
Nice product!,0
This looks good.,0
Does it come in other colors?,0
Can you show more photos?,0
"Email is user3561@example.com, reach out anytime.",1
Can you show more photos?,0
What are the dimensions?,0
hmu @ devguy175,1
How soon can I get it?,0
This looks good.,0
Does it come in other colors?,0
Does it come in other colors?,0
What’s the price?,0
Where do you ship from?,0
Does it come in other colors?,0
c   o   n   t   a   c   t   m   e   2 0 6 2 7 7 4 3 8 9,1
How soon can I get it?,0
Message me on Snapchat: coolguy42,1
Nice product!,0
Message via email: judy25@mail.com,1
Does it come in other colors?,0
What are the dimensions?,0
Do you have it in stock?,0
What are the dimensions?,0
I’m interested in this item.,0
What’s the price?,0
Contact: +1-703-524-8456,1
DM me on Instagram: @eve239,1
Nice product!,0
Nice product!,0
Does it come in other colors?,0
Add me on WhatsApp: 9125647285,1
Can you show more photos?,0
snap me at s-n-a-p shopper152,1
d a v i d 7 3 @ t e s t . o r g,1
I’m interested in this item.,0
What’s the price?,0
message me via g m a i l at user3671@example.com,1
Where do you ship from?,0
Can you show more photos?,0
Where do you ship from?,0
What are the dimensions?,0
hmu @ fashionista158,1
"My contact is 555-860-8333, call me.",1
Do you have it in stock?,0
Can you show more photos?,0
Message via email: alice88@test.org,1
Does it come in other colors?,0
What’s the price?,0
Does it come in other colors?,0
Where do you ship from?,0
Where do you ship from?,0
Where do you ship from?,0
Nice product!,0
Email me at user8334@example.com,1
Can you show more photos?,0
Nice product!,0
I’m interested in this item.,0
Nice product!,0
I’m interested in this item.,0
Where do you ship from?,0
Where do you ship from?,0
Can you show more photos?,0
Nice product!,0
Do you have it in stock?,0
Does it come in other colors?,0
What are the dimensions?,0
Follow me on Instagram @fashionguru and DM.,1
Does it come in other colors?,0
"My contact is 555-916-9324, call me.",1
What are the dimensions?,0
c   o   n   t   a   c   t   m   e   6 6 6 - 0 3 9 - 0 9 6 6,1
Where do you ship from?,0
Can you show more photos?,0
What are the dimensions?,0
What are the dimensions?,0
What are the dimensions?,0
Where do you ship from?,0
i v a n 7 2 @ e x a m p l e . c o m,1
Message me at user6255@example.com,1
What’s the price?,0
Where do you ship from?,0
Does it come in other colors?,0
Can you show more photos?,0
What’s the price?,0
This looks good.,0
Find me on Facebook: https://facebook.com/heidi273,1
Does it come in other colors?,0
c   o   n   t   a   c   t   m   e   + 1   4 7 6   9 3 8   0 2 0 1,1
This looks good.,0
C o n t a c t :   ( 1 8 9 )   7 1 1 - 5 6 0 8,1
What’s the price?,0
This looks good.,0
Nice product!,0
What are the dimensions?,0
Do you have it in stock?,0
I’m interested in this item.,0
Let's connect on LinkedIn: https://linkedin.com/in/heidi499,1
This looks good.,0
Does it come in other colors?,0
I’m interested in this item.,0
This looks good.,0
Reach out on WhatsApp at +1-313-321-3596,1
Does it come in other colors?,0
What’s the price?,0
my email id is user2769@example.com,1
Does it come in other colors?,0
What are the dimensions?,0
Do you have it in stock?,0
Do you have it in stock?,0
What are the dimensions?,0
I’m interested in this item.,0
Do you have it in stock?,0
C a l l   m e :   ( 2 8 1 )   3 1 2 - 7 7 4 8,1
Telegram me at (487) 009-7367,1
Does it come in other colors?,0
What are the dimensions?,0
Can you show more photos?,0
c   o   n   t   a   c   t   m   e   2 5 0 0 6 7 5 7 8 6,1
message me via g m a i l at user7136@example.com,1
Contact me on Skype: david477,1
What’s the price?,0
"Email is user7044@example.com, reach out anytime.",1
Do you have it in stock?,0
Does it come in other colors?,0
Where do you ship from?,0
Text me at +1-360-549-7351,1
Where do you ship from?,0
Does it come in other colors?,0
Do you have it in stock?,0
Hit me up on WhatsApp at 555-494-3669,1
How soon can I get it?,0
Reach out on WhatsApp at +1-238-201-4038,1
Do you have it in stock?,0
Nice product!,0
Where do you ship from?,0
What are the dimensions?,0
I’m interested in this item.,0
Can you show more photos?,0
What are the dimensions?,0
Nice product!,0
Mail me: ivan94@example.com,1
What are the dimensions?,0
Where do you ship from?,0
Does it come in other colors?,0
How soon can I get it?,0
What are the dimensions?,0
I’m interested in this item.,0
What are the dimensions?,0
How soon can I get it?,0
Hit me up on WhatsApp at 555-419-5390,1
Does it come in other colors?,0
Nice product!,0
What’s the price?,0
Hit me up on WhatsApp at 555-931-8879,1
Where do you ship from?,0
Nice product!,0
Do you have it in stock?,0
Can you show more photos?,0
What are the dimensions?,0
Do you have it in stock?,0
What’s the price?,0
What’s the price?,0
Do you have it in stock?,0
What are the dimensions?,0
Does it come in other colors?,0
Do you have it in stock?,0
Where do you ship from?,0
I’m interested in this item.,0
Can you show more photos?,0
Message me on Snapchat: coolguy42,1
Do you have it in stock?,0
What’s the price?,0
Can you show more photos?,0
What’s the price?,0
I’m interested in this item.,0
Where do you ship from?,0
Do you have it in stock?,0
hmu @ shopper495,1
I’m interested in this item.,0
Where do you ship from?,0
Do you have it in stock?,0
This looks good.,0
Here is my email: user5300@example.com,1
Do you have it in stock?,0
I’m interested in this item.,0
What’s the price?,0
What are the dimensions?,0
"Email is user8079@example.com, reach out anytime.",1
Where do you ship from?,0
This looks good.,0
Please email me at user2991@example.com,1
My number is (686) 101-5629,1
Nice product!,0
This looks good.,0
Where do you ship from?,0
Where do you ship from?,0
Does it come in other colors?,0
Do you have it in stock?,0
Where do you ship from?,0
This looks good.,0
e m a i l m e @ user6433@example.com,1
Nice product!,0
Can you show more photos?,0
How soon can I get it?,0
This looks good.,0
Nice product!,0
This looks good.,0
Where do you ship from?,0
Where do you ship from?,0
This looks good.,0
My WeChat ID is tech_lead,1
Does it come in other colors?,0
Nice product!,0
e m a i l m e @ user1690@example.com,1
DM me on Instagram: @judy585,1
Does it come in other colors?,0
Nice product!,0
Does it come in other colors?,0
Nice product!,0
Do you have it in stock?,0
Do you have it in stock?,0
Connect on LinkedIn (linkedin.com/in/best_pizza),1
I’m interested in this item.,0
Can you show more photos?,0
This looks good.,0
This looks good.,0
h e i d i 9 1 @ m a i l . c o m,1
Where do you ship from?,0
Add me on WhatsApp: 9252636013,1
What’s the price?,0
Contact me on Skype: alice169,1
Where do you ship from?,0
What are the dimensions?,0
What are the dimensions?,0
c o n t a c t : +1-769-945-7681,1
I’m interested in this item.,0
Does it come in other colors?,0
Where do you ship from?,0
This looks good.,0
"Email is user9911@example.com, reach out anytime.",1
Where do you ship from?,0
Add me on Facebook (facebook.com/shopper99),1
Please email me at user9133@example.com,1
Do you have it in stock?,0
Can you show more photos?,0
I’m interested in this item.,0
What’s the price?,0
What’s the price?,0
Does it come in other colors?,0
C o n t a c t :   ( 0 9 0 )   3 3 2 - 5 3 5 0,1
Where do you ship from?,0
What are the dimensions?,0
reach at t w o o o @example.com,1
You can reach me at +1-364-538-8659,1
Do you have it in stock?,0
Nice product!,0
What’s the price?,0
What’s the price?,0
Do you have it in stock?,0
Do you have it in stock?,0
What’s the price?,0
Does it come in other colors?,0
This looks good.,0
This looks good.,0
Can you show more photos?,0
I’m interested in this item.,0
Nice product!,0
Do you have it in stock?,0
This looks good.,0
This looks good.,0
I’m interested in this item.,0
Contact via email: alice1@mail.com,1
My TikTok: @bob126,1
Can you show more photos?,0
DM me on Instagram: @david535,1
Nice product!,0
Do you have it in stock?,0
I’m interested in this item.,0
This looks good.,0
C a l l   m e :   ( 3 6 1 )   9 1 3 - 7 2 0 1,1
Can you show more photos?,0
I’m interested in this item.,0
How soon can I get it?,0
This looks good.,0
I’m interested in this item.,0
What are the dimensions?,0
Can you show more photos?,0
Do you have it in stock?,0
How soon can I get it?,0
Where do you ship from?,0
Where do you ship from?,0
Snapchat me @ fashionista80,1
This looks good.,0
t e l : +1-339-454-9315,1
What are the dimensions?,0
Do you have it in stock?,0
What’s the price?,0
This looks good.,0
Where do you ship from?,0
This looks good.,0
Nice product!,0
I’m interested in this item.,0
Text me at 555-814-8990 for more info.,1
Does it come in other colors?,0
Contact me on Skype: alice852,1
Contact via email: heidi19@test.org,1
This looks good.,0
Does it come in other colors?,0
Do you have it in stock?,0
Does it come in other colors?,0
Add me on WhatsApp: 555-180-8046,1
How soon can I get it?,0
How soon can I get it?,0
I’m interested in this item.,0
Contact via email: eve3@email.net,1
How soon can I get it?,0
Can you show more photos?,0
telegram: t dot me slash shopper603,1
Nice product!,0
Where do you ship from?,0
What’s the price?,0
Call me at +1 331 338 1520,1
What’s the price?,0
What’s the price?,0
Let's connect on LinkedIn: https://linkedin.com/in/heidi894,1
What are the dimensions?,0
Connect on LinkedIn (linkedin.com/in/coolcat58),1
Can you show more photos?,0
This looks good.,0
This looks good.,0
What are the dimensions?,0
Where do you ship from?,0
What’s the price?,0
Can you show more photos?,0
c o n t a c t : +1-866-125-8052,1
You can reach me at 555-683-8749,1
Do you have it in stock?,0
You can reach me at 555-645-2819,1
What are the dimensions?,0
Nice product!,0
Nice product!,0
Nice product!,0
I’m interested in this item.,0
Do you have it in stock?,0
How soon can I get it?,0
my email id is user534@example.com,1
snap me at s-n-a-p devguy985,1
How soon can I get it?,0
Can you show more photos?,0
Can you show more photos?,0
Do you have it in stock?,0
What are the dimensions?,0
Contact me via Telegram: @shop_owner,1
This looks good.,0
I’m interested in this item.,0
Where do you ship from?,0
Contact me via Telegram: @fashionguru,1
How soon can I get it?,0
"My contact is 555-212-5346, call me.",1
Where do you ship from?,0
You can reach me at 555-398-6663,1
What’s the price?,0
Add me on WhatsApp: (364) 690-3821,1
This looks good.,0
I’m interested in this item.,0
What are the dimensions?,0
I’m interested in this item.,0
I’m interested in this item.,0
My WeChat ID is tech_lead,1
Can you show more photos?,0
Do you have it in stock?,0
What’s the price?,0
Do you have it in stock?,0
Can you share your phone number so I can send you details?,1
Nice product!,0
How soon can I get it?,0
What are the dimensions?,0
Contact me on Skype: eve465,1
How soon can I get it?,0
I’m interested in this item.,0
Contact via email: frank14@email.net,1
Message me on Signal: 366-811-5276,1
What are the dimensions?,0
Does it come in other colors?,0
How soon can I get it?,0
Does it come in other colors?,0
I’m interested in this item.,0
Does it come in other colors?,0
How soon can I get it?,0
How soon can I get it?,0
Nice product!,0
Can you show more photos?,0
What are the dimensions?,0
What are the dimensions?,0
I’m interested in this item.,0
This looks good.,0
I’m interested in this item.,0
I’m interested in this item.,0
Nice product!,0
This looks good.,0
Text me at 555-773-3184 for more info.,1
What’s the price?,0
Can you show more photos?,0
What are the dimensions?,0
Contact: +1-574-457-5909,1
Do you have it in stock?,0
Can you show more photos?,0
Can you show more photos?,0
Facebook me at +1 161 109 5261,1
Text me at 090-383-3692,1
Message me on Snapchat: designer123,1
hmu @ shopper644,1
Nice product!,0
What’s the price?,0
How soon can I get it?,0
Mail me: charlie90@example.com,1
c o n t a c t : +1-858-199-5808,1
What are the dimensions?,0
What’s the price?,0
What’s the price?,0
Follow me on Instagram @best_pizza and DM.,1
Can you show more photos?,0
How soon can I get it?,0
What are the dimensions?,0
Can you show more photos?,0
Can you show more photos?,0
Here is my email: user1935@example.com,1
"My contact is 555-346-8592, call me.",1
Ping me on Telegram: @charlie435,1
This looks good.,0
This looks good.,0
Do you have it in stock?,0
Add me on Facebook (facebook.com/tech_lead),1
I’m interested in this item.,0
Can you share your phone number so I can send you details?,1
Hit me up on WhatsApp at +1-685-326-7745,1
Do you have it in stock?,0
This looks good.,0
What’s the price?,0
Nice product!,0
What are the dimensions?,0
my digits: +1-331-873-2032,1
Where do you ship from?,0
Email me at eve74@example.com,1
What are the dimensions?,0
What are the dimensions?,0
I’m interested in this item.,0
Do you have it in stock?,0
Text me at 5251758870,1
my email id is user6421@example.com,1
Nice product!,0
DM me on Instagram: @judy996,1
How soon can I get it?,0
What’s the price?,0
What are the dimensions?,0
Where do you ship from?,0
What’s the price?,0
Nice product!,0
Where do you ship from?,0
Do you have it in stock?,0
What are the dimensions?,0
This looks good.,0
What are the dimensions?,0
I’m interested in this item.,0
This looks good.,0
📧 user7111@example.com,1
📱 +1-396-328-3490,1
What are the dimensions?,0
Does it come in other colors?,0
telegram: t dot me slash shopper41,1
This looks good.,0
Can you show more photos?,0
Does it come in other colors?,0
Does it come in other colors?,0
Can you show more photos?,0
My WeChat ID is shop_owner,1
Where do you ship from?,0
This looks good.,0
This looks good.,0
What are the dimensions?,0
Does it come in other colors?,0
Nice product!,0
This looks good.,0
I’m interested in this item.,0
I’m interested in this item.,0
Find me on Facebook: https://facebook.com/eve684,1
Nice product!,0
How soon can I get it?,0
Mail me: judy54@test.org,1
Where do you ship from?,0
Call me at 9476653390,1
What’s the price?,0
Can you show more photos?,0
What are the dimensions?,0
I’m interested in this item.,0
What’s the price?,0
What’s the price?,0
Nice product!,0
How soon can I get it?,0
Do you have it in stock?,0
What are the dimensions?,0
What are the dimensions?,0
I’m interested in this item.,0
hmu @ coolcat474,1
Twitter me at 8493566629,1
Does it come in other colors?,0
DM me on Instagram @fashioneer,1
What’s the price?,0
Text me at 555-496-8766 for more info.,1
What’s the price?,0
This looks good.,0
Does it come in other colors?,0
Does it come in other colors?,0
Does it come in other colors?,0
Email me at charlie68@email.net,1
Can you show more photos?,0
c   o   n   t   a   c   t   m   e   5 8 9 - 3 6 2 - 3 8 9 5,1
Here is my email: user2051@example.com,1
What’s the price?,0
snap me at s-n-a-p devguy645,1
What’s the price?,0
Let's connect on LinkedIn: https://linkedin.com/in/frank450,1
What’s the price?,0
This looks good.,0
Does it come in other colors?,0
Can you show more photos?,0
What are the dimensions?,0
c   o   n   t   a   c   t   m   e   ( 4 7 7 )   3 8 7 - 1 7 7 7,1
Do you have it in stock?,0
How soon can I get it?,0
How soon can I get it?,0
Does it come in other colors?,0
I’m interested in this item.,0
Can you show more photos?,0
Can you show more photos?,0
Message me at user8264@example.com,1
Message me on Signal: 2006543548,1
What’s the price?,0
I’m interested in this item.,0
Can you show more photos?,0
I’m interested in this item.,0
Send me a DM on Facebook: facebook.com/shop_owner,1
What are the dimensions?,0
What’s the price?,0
Nice product!,0
Where do you ship from?,0
Can you show more photos?,0
What are the dimensions?,0
Text me at 555-247-5311 for more info.,1
Find me on Facebook: https://facebook.com/frank605,1
Does it come in other colors?,0
Can you show more photos?,0
Does it come in other colors?,0
Where do you ship from?,0
Where do you ship from?,0
Do you have it in stock?,0
Add me on WhatsApp: 8797178219,1
Add me on Facebook (facebook.com/best_pizza),1
What are the dimensions?,0
How soon can I get it?,0
I’m interested in this item.,0
This looks good.,0
Do you have it in stock?,0
What’s the price?,0
Does it come in other colors?,0
Nice product!,0
Where do you ship from?,0
I’m interested in this item.,0
Do you have it in stock?,0
Does it come in other colors?,0
Contact me on Skype: heidi667,1
Do you have it in stock?,0
What’s the price?,0
Let's connect on LinkedIn: https://linkedin.com/in/eve853,1
What are the dimensions?,0
This looks good.,0
Nice product!,0
What are the dimensions?,0
Email me at user2301@example.com,1
Does it come in other colors?,0
What’s the price?,0
How soon can I get it?,0
Message me on Signal: +1 114 413 2721,1
Let's connect on LinkedIn: https://linkedin.com/in/charlie387,1
Where do you ship from?,0
How soon can I get it?,0
What’s the price?,0
Email me at user4849@example.com,1
How soon can I get it?,0
What’s the price?,0
Do you have it in stock?,0
fb.com/shopper339,1
What’s the price?,0
Do you have it in stock?,0
This looks good.,0
Skype me at 9801426062,1
Can you show more photos?,0
Snapchat me @ coolcat255,1
my digits: +1-247-827-6729,1
Nice product!,0
How soon can I get it?,0
Can you show more photos?,0
What’s the price?,0
Nice product!,0
g r a c e 8 3 @ t e s t . o r g,1
What are the dimensions?,0
What are the dimensions?,0
My Snapchat is alice296,1
Nice product!,0
This looks good.,0
I’m interested in this item.,0
I’m interested in this item.,0
What’s the price?,0
Hit me up on WhatsApp at 555-128-6988,1
How soon can I get it?,0
c h a r l i e 9 7 @ m a i l . c o m,1
I’m interested in this item.,0
Do you have it in stock?,0
DM me on Facebook: facebook.com/coolcat411,1
DM me on Instagram: @bob993,1
How soon can I get it?,0
What’s the price?,0
What are the dimensions?,0
Can I have your email address?,1
This looks good.,0
Nice product!,0
This looks good.,0
DM me on Instagram: @alice140,1
Can you show more photos?,0
How soon can I get it?,0
This looks good.,0
Where do you ship from?,0
Can you show more photos?,0
Contact via email: judy42@test.org,1
Does it come in other colors?,0
Where do you ship from?,0
Nice product!,0
Nice product!,0
Where do you ship from?,0
Where do you ship from?,0
How soon can I get it?,0
Where do you ship from?,0
My number is 424-630-6184,1
Send me a DM on Facebook: facebook.com/shop_owner,1
Follow me on Twitter: @david5,1
This looks good.,0
What’s the price?,0
Email me at user7000@example.com,1
I’m interested in this item.,0
hmu @ fashionista784,1
What’s the price?,0
Do you have it in stock?,0
Where do you ship from?,0
Can you show more photos?,0
Does it come in other colors?,0
This looks good.,0
DM me on Instagram @shop_owner,1
What’s the price?,0
How soon can I get it?,0
Where do you ship from?,0
Do you have it in stock?,0
How soon can I get it?,0
What are the dimensions?,0
What’s the price?,0
you can DM me at shopper48 on Insta,1
Where do you ship from?,0
This looks good.,0
Does it come in other colors?,0
Does it come in other colors?,0
Where do you ship from?,0
This looks good.,0
C a l l   m e :   ( 3 0 3 )   0 9 3 - 9 8 2 3,1
I’m interested in this item.,0
I’m interested in this item.,0
How soon can I get it?,0
Nice product!,0
What’s the price?,0
This looks good.,0
Can you show more photos?,0
This looks good.,0
Connect on LinkedIn (linkedin.com/in/coolcat414),1
What are the dimensions?,0
I’m interested in this item.,0
What’s the price?,0
I’m interested in this item.,0
What’s the price?,0
I’m interested in this item.,0
This looks good.,0
What’s the price?,0
My TikTok: @grace905,1
How soon can I get it?,0
Message me on Snapchat: john_doe,1
Nice product!,0
Message me on Snapchat: best_pizza,1
h e i d i 8 2 @ t e s t . o r g,1
Where do you ship from?,0
This looks good.,0
📱 +1-439-761-7357,1
This looks good.,0
I’m interested in this item.,0
This looks good.,0
What’s the price?,0
Do you have it in stock?,0
Please email me at user4213@example.com,1
Nice product!,0
Do you have it in stock?,0
I’m interested in this item.,0
Add me on WhatsApp: +1 803 488 6798,1
Here is my email: user9769@example.com,1
Here is my email: user1262@example.com,1
Where do you ship from?,0
Does it come in other colors?,0
Where do you ship from?,0
How soon can I get it?,0
What’s the price?,0
Do you have it in stock?,0
I’m interested in this item.,0
What’s the price?,0
t e l : +1-174-542-1420,1
Connect on LinkedIn (linkedin.com/in/coolcat561),1
What’s the price?,0
Nice product!,0
I’m interested in this item.,0
Does it come in other colors?,0
What are the dimensions?,0
What are the dimensions?,0
Where do you ship from?,0
What are the dimensions?,0
Call me at (099) 823-3560,1
Message me on Snapchat: jane.smith,1
Nice product!,0
I’m interested in this item.,0
How soon can I get it?,0
Can you show more photos?,0
Does it come in other colors?,0
How soon can I get it?,0
Where do you ship from?,0
This looks good.,0
Do you have it in stock?,0
Nice product!,0
Can I have your email address?,1
This looks good.,0
Where do you ship from?,0
How soon can I get it?,0
Nice product!,0
get in touch @ user5539@example.com,1
Does it come in other colors?,0
"My contact is 555-776-4325, call me.",1
Connect on LinkedIn (linkedin.com/in/designer123),1
Do you have it in stock?,0
What are the dimensions?,0
What are the dimensions?,0
How soon can I get it?,0
WhatsApp me at +1-555-782-2739,1
Follow me on Instagram @fashioneer and DM.,1
t e l : +1-808-425-2666,1
Where do you ship from?,0
What are the dimensions?,0
Does it come in other colors?,0
my email id is user1373@example.com,1
DM me on Instagram @fashioneer,1
How soon can I get it?,0
This looks good.,0
This looks good.,0
Nice product!,0
What’s the price?,0
Does it come in other colors?,0
Do you have it in stock?,0
Can you show more photos?,0
Does it come in other colors?,0
What are the dimensions?,0
Nice product!,0
I’m interested in this item.,0
I’m interested in this item.,0
Do you have it in stock?,0
What are the dimensions?,0
This looks good.,0
What are the dimensions?,0
WhatsApp me at +1-555-406-4098,1
Where do you ship from?,0
This looks good.,0
What are the dimensions?,0
Snapchat me @ shopper788,1
Can you show more photos?,0
What’s the price?,0
What are the dimensions?,0
You can reach me at +1-742-546-6955,1
What’s the price?,0
What are the dimensions?,0
How soon can I get it?,0
Does it come in other colors?,0
What are the dimensions?,0
Do you have it in stock?,0
How soon can I get it?,0
What’s the price?,0
This looks good.,0
reach at t w o o o @example.com,1
C o n t a c t :   3 1 7 - 1 4 8 - 7 1 3 0,1
Nice product!,0
Can you show more photos?,0
What are the dimensions?,0
I’m interested in this item.,0
I’m interested in this item.,0
Where do you ship from?,0
Does it come in other colors?,0
I’m interested in this item.,0
What’s the price?,0
I’m interested in this item.,0
How soon can I get it?,0
I’m interested in this item.,0
What are the dimensions?,0
Do you have it in stock?,0
WhatsApp me at +1-555-543-2049,1
What are the dimensions?,0
Does it come in other colors?,0
This looks good.,0
This looks good.,0
Contact via email: heidi76@email.net,1
Where do you ship from?,0
Text me at +1-746-754-4692,1
How soon can I get it?,0
Does it come in other colors?,0
What’s the price?,0
Where do you ship from?,0
telegram: t dot me slash devguy873,1
How soon can I get it?,0
Do you have it in stock?,0
Where do you ship from?,0
Nice product!,0
Nice product!,0
What are the dimensions?,0
Nice product!,0
Does it come in other colors?,0
Nice product!,0
Does it come in other colors?,0
Does it come in other colors?,0
Add me on Facebook (facebook.com/fashionguru),1
I’m interested in this item.,0
Can you show more photos?,0
Follow me on Instagram @coolguy42 and DM.,1
I’m interested in this item.,0
Does it come in other colors?,0
Contact via email: alice62@example.com,1
What are the dimensions?,0
Follow me on Instagram @jane.smith and DM.,1
You can reach me at 555-513-9466,1
I’m interested in this item.,0
This looks good.,0
Do you have it in stock?,0
Contact via email: david51@mail.com,1
Call me at +1 755 815 9410,1
Can you show more photos?,0
c   o   n   t   a   c   t   m   e   ( 4 7 9 )   0 8 7 - 0 5 3 5,1
Email me at user1468@example.com,1
What’s the price?,0
Here's my email: user8579@example.com,1
How soon can I get it?,0
Nice product!,0
Can you show more photos?,0
Do you have it in stock?,0
What’s the price?,0
Nice product!,0
Do you have it in stock?,0
Where do you ship from?,0
Connect on LinkedIn (linkedin.com/in/fashionista832),1
What’s the price?,0
I’m interested in this item.,0
Does it come in other colors?,0
Add me on WhatsApp: 555-679-5149,1
i v a n 7 8 @ e x a m p l e . c o m,1
How soon can I get it?,0
Does it come in other colors?,0
What’s the price?,0
snap me at s-n-a-p devguy371,1
What’s the price?,0
How soon can I get it?,0
Can you show more photos?,0
Where do you ship from?,0
Can you show more photos?,0
I’m interested in this item.,0
How soon can I get it?,0
Text me at +1-187-120-5078,1
What’s the price?,0
Ping me on Telegram: @charlie68,1
Where do you ship from?,0
What’s the price?,0
This looks good.,0
Can you show more photos?,0
WhatsApp me at 4598510379,1
Connect on LinkedIn (linkedin.com/in/fashionista849),1
What’s the price?,0
Please email me at user1073@example.com,1
What’s the price?,0
Nice product!,0
I’m interested in this item.,0
Do you have it in stock?,0
What’s the price?,0
Does it come in other colors?,0
Can you show more photos?,0
Do you have it in stock?,0
Can you show more photos?,0
Do you have it in stock?,0
Contact me on Skype: ivan530,1
Does it come in other colors?,0
What are the dimensions?,0
Can you show more photos?,0
Do you have it in stock?,0
This looks good.,0
What’s the price?,0
Do you have it in stock?,0
I’m interested in this item.,0
Do you have it in stock?,0
This looks good.,0
What’s the price?,0
Nice product!,0
What’s the price?,0
How soon can I get it?,0
My WeChat ID is shop_owner,1
"Email is user2335@example.com, reach out anytime.",1
This looks good.,0
I’m interested in this item.,0
Do you have it in stock?,0
I’m interested in this item.,0
Do you have it in stock?,0
Can you show more photos?,0
This looks good.,0
📱 +1-843-198-8749,1
Nice product!,0
I’m interested in this item.,0
This looks good.,0
This looks good.,0
I’m interested in this item.,0
Connect on LinkedIn (linkedin.com/in/devguy821),1
Does it come in other colors?,0
WhatsApp me at +1-555-476-2686,1
t e l : +1-828-226-6151,1
What are the dimensions?,0
What are the dimensions?,0
How soon can I get it?,0
What’s the price?,0
This looks good.,0
You can reach me at 555-780-5874,1
You can reach me at 555-275-7714,1
What’s the price?,0
Where do you ship from?,0
What are the dimensions?,0
Where do you ship from?,0
Text me at (065) 000-8845,1
How soon can I get it?,0
I’m interested in this item.,0
How soon can I get it?,0
I’m interested in this item.,0
Can you share your phone number so I can send you details?,1
DM me on Facebook: facebook.com/shopper340,1
How soon can I get it?,0
I’m interested in this item.,0
Does it come in other colors?,0
Can you show more photos?,0
What’s the price?,0
Do you have it in stock?,0
Does it come in other colors?,0
My Snapchat is david609,1
Reach out on WhatsApp at +1-507-220-9321,1
Nice product!,0
What’s the price?,0
WhatsApp me at +1-555-907-6934,1
How soon can I get it?,0
What’s the price?,0
Email me at charlie53@email.net,1
Can you show more photos?,0
This looks good.,0
Can you show more photos?,0
How soon can I get it?,0
I’m interested in this item.,0
I’m interested in this item.,0
What’s the price?,0
My number is 3721404765,1
Can you show more photos?,0
Does it come in other colors?,0
Nice product!,0
Nice product!,0
Can you show more photos?,0
Do you have it in stock?,0
Can you show more photos?,0
How soon can I get it?,0
How soon can I get it?,0
Where do you ship from?,0
I’m interested in this item.,0
How soon can I get it?,0
Does it come in other colors?,0
Reach me at (262) 068-4873,1
Can you show more photos?,0
Does it come in other colors?,0
Where do you ship from?,0
What are the dimensions?,0
Email me at user8771@example.com,1
This looks good.,0
Nice product!,0
telegram: t dot me slash shopper339,1
I’m interested in this item.,0
Nice product!,0
How soon can I get it?,0
Add me on Facebook (facebook.com/fashioneer),1
Where do you ship from?,0
What are the dimensions?,0
I’m interested in this item.,0
What’s the price?,0
Nice product!,0
I’m interested in this item.,0
What are the dimensions?,0
Does it come in other colors?,0
Message me on Snapchat: fashionguru,1
What are the dimensions?,0
Can you show more photos?,0
What are the dimensions?,0
📱 +1-751-444-7025,1
Nice product!,0
DM me on Instagram: @bob490,1
Nice product!,0
How soon can I get it?,0
Where do you ship from?,0
This looks good.,0
What are the dimensions?,0
Can you show more photos?,0
I’m interested in this item.,0
Nice product!,0
I’m interested in this item.,0
Add me on WhatsApp: 555-962-8415,1
I’m interested in this item.,0
What are the dimensions?,0
This looks good.,0
Do you have it in stock?,0
Does it come in other colors?,0
What are the dimensions?,0
This looks good.,0
This looks good.,0
This looks good.,0
Can you show more photos?,0
Nice product!,0
Do you have it in stock?,0
Can you show more photos?,0
What’s the price?,0
How soon can I get it?,0
I’m interested in this item.,0
This looks good.,0
Nice product!,0
Can you show more photos?,0
I’m interested in this item.,0
Nice product!,0
Do you have it in stock?,0
I’m interested in this item.,0
Nice product!,0
What are the dimensions?,0
Do you have it in stock?,0
What are the dimensions?,0
Where do you ship from?,0
What’s the price?,0
fb.com/shopper827,1
How soon can I get it?,0
What are the dimensions?,0
How soon can I get it?,0
Nice product!,0
I’m interested in this item.,0
How soon can I get it?,0
Nice product!,0
What’s the price?,0
hmu @ devguy605,1
Follow me on Instagram @designer123 and DM.,1
I’m interested in this item.,0
I’m interested in this item.,0
What’s the price?,0
c o n t a c t : +1-104-153-2435,1
Can you show more photos?,0
How soon can I get it?,0
Does it come in other colors?,0
Can you show more photos?,0
How soon can I get it?,0
My WeChat ID is shopper99,1
What’s the price?,0
Does it come in other colors?,0
What are the dimensions?,0
Do you have it in stock?,0
This looks good.,0
What’s the price?,0
I’m interested in this item.,0
e m a i l m e @ user8953@example.com,1
This looks good.,0
Where do you ship from?,0
Can you show more photos?,0
Do you have it in stock?,0
Nice product!,0
Does it come in other colors?,0
Do you have it in stock?,0
Nice product!,0
What’s the price?,0
What’s the price?,0
Does it come in other colors?,0
Do you have it in stock?,0
What’s the price?,0
Where do you ship from?,0
c   o   n   t   a   c   t   m   e   2 5 0 - 6 7 5 - 9 1 5 0,1
Connect on LinkedIn (linkedin.com/in/shop_owner),1
Do you have it in stock?,0
Does it come in other colors?,0
How soon can I get it?,0
snap me at s-n-a-p fashionista414,1
This looks good.,0
Snapchat me @ shopper44,1
How soon can I get it?,0
My WeChat ID is john_doe,1
What’s the price?,0
Does it come in other colors?,0
Do you have it in stock?,0
I’m interested in this item.,0
Can you show more photos?,0
Do you have it in stock?,0
Here's my email: user7494@example.com,1
What’s the price?,0
Nice product!,0
How soon can I get it?,0
Email me at ivan65@email.net,1
Text me at 555-505-6224 for more info.,1
Does it come in other colors?,0
Do you have it in stock?,0
How soon can I get it?,0
Do you have it in stock?,0
Does it come in other colors?,0
I’m interested in this item.,0
Does it come in other colors?,0
Contact me on Skype: grace953,1
How soon can I get it?,0
What’s the price?,0
Does it come in other colors?,0
Where do you ship from?,0
What are the dimensions?,0
Do you have it in stock?,0
Where do you ship from?,0
What’s the price?,0
Can you show more photos?,0
What’s the price?,0
Hit me up on WhatsApp at 555-663-5430,1
c o n t a c t : +1-513-435-6157,1
Do you have it in stock?,0
Where do you ship from?,0
What’s the price?,0
Do you have it in stock?,0
Do you have it in stock?,0
Can you show more photos?,0
What are the dimensions?,0
Message me at user375@example.com,1
How soon can I get it?,0
Can you show more photos?,0
Add me on WhatsApp: 555-661-6827,1
Do you have it in stock?,0
What are the dimensions?,0
Can I have your email address?,1
What are the dimensions?,0
Connect on LinkedIn (linkedin.com/in/fashioneer),1
I’m interested in this item.,0
📧 user180@example.com,1
Do you have it in stock?,0
Add me on WhatsApp: 408-665-2654,1
This looks good.,0
How soon can I get it?,0
Let's connect on LinkedIn: https://linkedin.com/in/ivan812,1
Does it come in other colors?,0
Contact via email: heidi42@email.net,1
C o n t a c t :   4 2 0 8 6 9 4 8 2 7,1
Where do you ship from?,0
I’m interested in this item.,0
I’m interested in this item.,0
Can you show more photos?,0
Where do you ship from?,0
This looks good.,0
This looks good.,0
What are the dimensions?,0
Nice product!,0
I’m interested in this item.,0
I’m interested in this item.,0
"My contact is 555-689-9184, call me.",1
Nice product!,0
What’s the price?,0
Does it come in other colors?,0
Let's connect on LinkedIn: linkedin.com/in/tech_lead,1
Nice product!,0
This looks good.,0
Where do you ship from?,0
This looks good.,0
Message via email: frank19@test.org,1
Where do you ship from?,0
Where do you ship from?,0
fb.com/fashionista473,1
Can you show more photos?,0
What are the dimensions?,0
Where do you ship from?,0
t e l : +1-738-657-4959,1
📧 user4354@example.com,1
fb.com/coolcat370,1
Can you show more photos?,0
Can you share your phone number so I can send you details?,1
What are the dimensions?,0
Do you have it in stock?,0
Do you have it in stock?,0
Can you share your phone number so I can send you details?,1
This looks good.,0
I’m interested in this item.,0
Do you have it in stock?,0
Message via email: grace20@mail.com,1
Do you have it in stock?,0
Message me on Signal: 6032080209,1
DM me on Facebook: facebook.com/shopper40,1
Let's connect on LinkedIn: https://linkedin.com/in/grace133,1
Do you have it in stock?,0
This looks good.,0
How soon can I get it?,0
Do you have it in stock?,0
Does it come in other colors?,0
"My contact is 555-447-8548, call me.",1
How soon can I get it?,0
How soon can I get it?,0
Add me on Facebook (facebook.com/fashionguru),1
My TikTok: @david948,1
Do you have it in stock?,0
Does it come in other colors?,0
This looks good.,0
This looks good.,0
Do you have it in stock?,0
Can you show more photos?,0
Connect on LinkedIn (linkedin.com/in/shopper905),1
I’m interested in this item.,0
e m a i l m e @ user5986@example.com,1
I’m interested in this item.,0
Can you show more photos?,0
This looks good.,0
What are the dimensions?,0
How soon can I get it?,0
Does it come in other colors?,0
I’m interested in this item.,0
Follow me on Twitter: @heidi195,1
Can you show more photos?,0
Can you show more photos?,0
Please email me at user5175@example.com,1
Does it come in other colors?,0
Where do you ship from?,0
Nice product!,0
Nice product!,0
get in touch @ user2955@example.com,1
Can you show more photos?,0
Where do you ship from?,0
What’s the price?,0
Nice product!,0
How soon can I get it?,0
How soon can I get it?,0
You can reach me at +1-572-247-1638,1
my email id is user6178@example.com,1
What’s the price?,0
What’s the price?,0
Does it come in other colors?,0
t e l : +1-554-939-4521,1
This looks good.,0
What’s the price?,0
What’s the price?,0
I’m interested in this item.,0
I’m interested in this item.,0
This looks good.,0
How soon can I get it?,0
Can you show more photos?,0
Message via email: alice10@mail.com,1
Can you show more photos?,0
How soon can I get it?,0
Does it come in other colors?,0
This looks good.,0
I’m interested in this item.,0
Nice product!,0
Does it come in other colors?,0
Please email me at user2716@example.com,1
This looks good.,0
Can you show more photos?,0
Does it come in other colors?,0
How soon can I get it?,0
Nice product!,0
This looks good.,0
Nice product!,0
DM me on Instagram: @grace261,1
Does it come in other colors?,0
Does it come in other colors?,0
Do you have it in stock?,0
Nice product!,0
Where do you ship from?,0
Does it come in other colors?,0
What are the dimensions?,0
Can you show more photos?,0
Nice product!,0
Where do you ship from?,0
How soon can I get it?,0
This looks good.,0
Nice product!,0
Follow me on Twitter: @judy58,1
Ping me on Telegram: @heidi633,1
Can you show more photos?,0
Find me on Facebook: https://facebook.com/charlie124,1
DM me on Instagram @tech_lead,1
Nice product!,0
Does it come in other colors?,0
my email id is user7078@example.com,1
Nice product!,0
This looks good.,0
Nice product!,0
What’s the price?,0
This looks good.,0
This looks good.,0
Where do you ship from?,0
This looks good.,0
Do you have it in stock?,0
Email me at user227@example.com,1
This looks good.,0
Nice product!,0
What are the dimensions?,0
This looks good.,0
wanna chat? +1-579-420-3257,1
This looks good.,0
e m a i l m e @ user7636@example.com,1
my digits: +1-206-977-9040,1
find me at user778@example.com 😉,1
Contact me via Telegram: @designer123,1
Can you show more photos?,0
Does it come in other colors?,0
Where do you ship from?,0
Contact me via Telegram: @coolguy42,1
Does it come in other colors?,0
What are the dimensions?,0
Can you show more photos?,0
This looks good.,0
What’s the price?,0
I’m interested in this item.,0
Text me at +1-589-937-7990,1
Does it come in other colors?,0
Does it come in other colors?,0
get in touch @ user8080@example.com,1
What are the dimensions?,0
get in touch @ user5797@example.com,1
Can you show more photos?,0
Does it come in other colors?,0
Can you show more photos?,0
This looks good.,0
c o n t a c t : +1-513-895-1723,1
I’m interested in this item.,0
How soon can I get it?,0
This looks good.,0
Does it come in other colors?,0
What are the dimensions?,0
Reach out on WhatsApp at +1-564-601-3078,1
Nice product!,0
Connect on LinkedIn (linkedin.com/in/tech_lead),1
Ping me on Telegram: @grace543,1
Snapchat me @ shopper611,1
How soon can I get it?,0
Add me on Facebook (facebook.com/best_pizza),1
Do you have it in stock?,0
I’m interested in this item.,0
What’s the price?,0
Follow me on Twitter: @alice722,1
What are the dimensions?,0
This looks good.,0
How soon can I get it?,0
Nice product!,0
Does it come in other colors?,0
Nice product!,0
get in touch @ user9149@example.com,1
This looks good.,0
I’m interested in this item.,0
Does it come in other colors?,0
Can you show more photos?,0
What’s the price?,0
This looks good.,0
This looks good.,0
I’m interested in this item.,0
Find me on Facebook: https://facebook.com/david849,1
Where do you ship from?,0
I’m interested in this item.,0
What are the dimensions?,0
Nice product!,0
Contact me on Skype: eve189,1
Does it come in other colors?,0
What are the dimensions?,0
What are the dimensions?,0
Message me on Signal: (207) 919-4351,1
I’m interested in this item.,0
Add me on WhatsApp: 4871443629,1
Nice product!,0
I’m interested in this item.,0
How soon can I get it?,0
Contact: +1-364-376-6998,1
This looks good.,0
This looks good.,0
How soon can I get it?,0
How soon can I get it?,0
Add me on WhatsApp: 542-842-2364,1
Does it come in other colors?,0
Where do you ship from?,0
Can you show more photos?,0
Can you show more photos?,0
message me via g m a i l at user8299@example.com,1
Where do you ship from?,0
I’m interested in this item.,0
Nice product!,0
Does it come in other colors?,0
Can you show more photos?,0
Where do you ship from?,0
What’s the price?,0
Can you show more photos?,0
Can you show more photos?,0
Send me a DM on Facebook: facebook.com/shop_owner,1
Do you have it in stock?,0
Do you have it in stock?,0
What’s the price?,0
Nice product!,0
Please email me at user4213@example.com,1
DM me on Facebook: facebook.com/fashionista561,1
What’s the price?,0
Do you have it in stock?,0
Nice product!,0
Nice product!,0
What are the dimensions?,0
What are the dimensions?,0
This looks good.,0
Nice product!,0
C o n t a c t :   ( 4 2 2 )   8 0 0 - 9 8 5 9,1
I’m interested in this item.,0
What are the dimensions?,0
Contact me on Skype: david618,1
What’s the price?,0
What are the dimensions?,0
Hit me up on WhatsApp at 555-318-3092,1
Where do you ship from?,0
What’s the price?,0
Nice product!,0
What’s the price?,0
Nice product!,0
Do you have it in stock?,0
Nice product!,0
You can reach me at 555-281-7637,1
What are the dimensions?,0
Where do you ship from?,0
Nice product!,0
Can you show more photos?,0
Do you have it in stock?,0
Add me on Facebook (facebook.com/coolguy42),1
I’m interested in this item.,0
What’s the price?,0
Do you have it in stock?,0
What’s the price?,0
Do you have it in stock?,0
Can you show more photos?,0
Can you show more photos?,0
Can you show more photos?,0
message me via g m a i l at user3136@example.com,1
How soon can I get it?,0
Can you show more photos?,0
Ping me on Telegram: @heidi472,1
How soon can I get it?,0
This looks good.,0
Reach me at 974-818-7674,1
This looks good.,0
What are the dimensions?,0
fb.com/devguy649,1
Do you have it in stock?,0
Message me on Snapchat: fashioneer,1
Email me at user5368@example.com,1
Can you show more photos?,0
What are the dimensions?,0
What’s the price?,0
Nice product!,0
telegram: t dot me slash devguy271,1
Where do you ship from?,0
Do you have it in stock?,0
reach at t w o o o @example.com,1
I’m interested in this item.,0
What’s the price?,0
📱 +1-821-246-3341,1
This looks good.,0
Nice product!,0
What are the dimensions?,0
Nice product!,0
I’m interested in this item.,0
This looks good.,0
Here is my email: user3752@example.com,1
What’s the price?,0
What are the dimensions?,0
Where do you ship from?,0
What’s the price?,0
How soon can I get it?,0
Email me at user573@example.com,1
Does it come in other colors?,0
c o n t a c t : +1-364-904-2010,1
What are the dimensions?,0
I’m interested in this item.,0
I’m interested in this item.,0
get in touch @ user5078@example.com,1
What’s the price?,0
Do you have it in stock?,0
I’m interested in this item.,0
I’m interested in this item.,0
Nice product!,0
Where do you ship from?,0
What’s the price?,0
How soon can I get it?,0
Hit me up on WhatsApp at 555-179-8089,1
This looks good.,0
Follow me on Instagram @tech_lead and DM.,1
What are the dimensions?,0
Do you have it in stock?,0
How soon can I get it?,0
How soon can I get it?,0
Where do you ship from?,0
Nice product!,0
Email me at eve69@email.net,1
You can reach me at +1-747-583-3588,1
How soon can I get it?,0
c   o   n   t   a   c   t   m   e   + 1   7 6 2   4 6 0   8 4 0 7,1
I’m interested in this item.,0
What are the dimensions?,0
DM me on Instagram: @grace483,1
Does it come in other colors?,0
Nice product!,0
This looks good.,0
This looks good.,0
This looks good.,0
Please email me at user8296@example.com,1
This looks good.,0
Message via email: bob77@test.org,1
How soon can I get it?,0
How soon can I get it?,0
Can you show more photos?,0
Can you show more photos?,0
How soon can I get it?,0
This looks good.,0
How soon can I get it?,0
Where do you ship from?,0
Can you show more photos?,0
Message me on Signal: 0692904517,1
What are the dimensions?,0
I’m interested in this item.,0
Nice product!,0
"My contact is 555-988-3788, call me.",1
Nice product!,0
Let's connect on LinkedIn: https://linkedin.com/in/alice138,1
How soon can I get it?,0
Do you have it in stock?,0
Do you have it in stock?,0
What are the dimensions?,0
How soon can I get it?,0
Let's connect on LinkedIn: https://linkedin.com/in/frank799,1
Can you show more photos?,0
Do you have it in stock?,0
Do you have it in stock?,0
Contact me via Telegram: @tech_lead,1
Can you show more photos?,0
I’m interested in this item.,0
This looks good.,0
What are the dimensions?,0
Do you have it in stock?,0
What are the dimensions?,0
Does it come in other colors?,0
This looks good.,0
Where do you ship from?,0
Where do you ship from?,0
What are the dimensions?,0
Follow me on Twitter: @charlie346,1
What are the dimensions?,0
How soon can I get it?,0
Email me at frank62@example.com,1
What’s the price?,0
What are the dimensions?,0
Do you have it in stock?,0
Does it come in other colors?,0
Does it come in other colors?,0
What’s the price?,0
Where do you ship from?,0
Nice product!,0
Do you have it in stock?,0
Follow me on Instagram @shop_owner and DM.,1
Please email me at user2991@example.com,1
Can you show more photos?,0
Does it come in other colors?,0
What are the dimensions?,0
What are the dimensions?,0
How soon can I get it?,0
Hit me up on WhatsApp at +1-654-517-3742,1
How soon can I get it?,0
Email me at user7586@example.com,1
message me via g m a i l at user4338@example.com,1
Please email me at user4382@example.com,1
What’s the price?,0
Add me on Facebook (facebook.com/jane.smith),1
What are the dimensions?,0
How soon can I get it?,0
Where do you ship from?,0
This looks good.,0
Do you have it in stock?,0
This looks good.,0
This looks good.,0
Nice product!,0
Do you have it in stock?,0
Does it come in other colors?,0
I’m interested in this item.,0
How soon can I get it?,0
How soon can I get it?,0
my email id is user983@example.com,1
What are the dimensions?,0
Add me on Facebook (facebook.com/fashioneer),1
I’m interested in this item.,0
Does it come in other colors?,0
You can reach me at 555-971-1594,1
How soon can I get it?,0
How soon can I get it?,0
How soon can I get it?,0
Where do you ship from?,0
Does it come in other colors?,0
Nice product!,0
Do you have it in stock?,0
Nice product!,0
DM me on Facebook: facebook.com/fashionista221,1
Let's connect on LinkedIn: linkedin.com/in/jane.smith,1
Contact: +1-747-453-1740,1
Where do you ship from?,0
Nice product!,0
Text me at 828-501-1224,1
Nice product!,0
Add me on WhatsApp: 555-309-4815,1
hmu @ coolcat980,1
Add me on Facebook (facebook.com/fashioneer),1
Can you show more photos?,0
Snapchat me @ devguy408,1
Where do you ship from?,0
What’s the price?,0
Do you have it in stock?,0
What are the dimensions?,0
How soon can I get it?,0
How soon can I get it?,0
I’m interested in this item.,0
Do you have it in stock?,0
What are the dimensions?,0
This looks good.,0
What’s the price?,0
Can you show more photos?,0
Does it come in other colors?,0
wanna chat? +1-955-849-6189,1
What’s the price?,0
What’s the price?,0
What’s the price?,0
Does it come in other colors?,0
Does it come in other colors?,0
I’m interested in this item.,0
Can you show more photos?,0
Do you have it in stock?,0
Nice product!,0
Let's connect on LinkedIn: https://linkedin.com/in/alice404,1
This looks good.,0
What’s the price?,0
Nice product!,0
This looks good.,0
wanna chat? +1-923-402-8982,1
Do you have it in stock?,0
I’m interested in this item.,0
Can you share your phone number so I can send you details?,1
I’m interested in this item.,0
How soon can I get it?,0
Do you have it in stock?,0
This looks good.,0
reach at t w o o o @example.com,1
How soon can I get it?,0
Do you have it in stock?,0
What are the dimensions?,0
What are the dimensions?,0
Nice product!,0
What’s the price?,0
What’s the price?,0
This looks good.,0
Where do you ship from?,0
Nice product!,0
Does it come in other colors?,0
Does it come in other colors?,0
This looks good.,0
Where do you ship from?,0
What’s the price?,0
What’s the price?,0
Can you show more photos?,0
How soon can I get it?,0
Does it come in other colors?,0
Do you have it in stock?,0
Does it come in other colors?,0
WhatsApp me at +1-555-578-3931,1
What’s the price?,0
get in touch @ user6044@example.com,1
Where do you ship from?,0
I’m interested in this item.,0
What’s the price?,0
This looks good.,0
Does it come in other colors?,0
My number is 6820844174,1
Do you have it in stock?,0
What are the dimensions?,0
How soon can I get it?,0
Where do you ship from?,0
Can you show more photos?,0
Nice product!,0
Here is my email: user7594@example.com,1
Does it come in other colors?,0
Does it come in other colors?,0
Do you have it in stock?,0
Do you have it in stock?,0
Does it come in other colors?,0
C o n t a c t :   4 6 1 0 8 8 8 7 1 4,1
This looks good.,0
Do you have it in stock?,0
This looks good.,0
Does it come in other colors?,0
Do you have it in stock?,0
Can you show more photos?,0
Does it come in other colors?,0
Where do you ship from?,0
Add me on Facebook (facebook.com/tech_lead),1
f r a n k 5 0 @ m a i l . c o m,1
This looks good.,0
How soon can I get it?,0
Hit me up on WhatsApp at 555-956-2837,1
What are the dimensions?,0
b o b 5 0 @ m a i l . c o m,1
Where do you ship from?,0
Nice product!,0
I’m interested in this item.,0
📧 user9722@example.com,1
Instagram me at 0790338094,1
you can DM me at shopper754 on Insta,1
What are the dimensions?,0
Can you show more photos?,0
What’s the price?,0
How soon can I get it?,0
My WeChat ID is fashionguru,1
I’m interested in this item.,0
Nice product!,0
Nice product!,0
Can you show more photos?,0
Where do you ship from?,0
This looks good.,0
I’m interested in this item.,0
Nice product!,0
Nice product!,0
This looks good.,0
"My contact is 555-265-3094, call me.",1
c o n t a c t : +1-353-746-9871,1
This looks good.,0
This looks good.,0
What’s the price?,0
Do you have it in stock?,0
I’m interested in this item.,0
This looks good.,0
Can you show more photos?,0
How soon can I get it?,0
Can you show more photos?,0
Does it come in other colors?,0
Can you show more photos?,0
Here is my email: user4678@example.com,1
Does it come in other colors?,0
Contact me on Skype: frank259,1
Message me on Snapchat: fashionguru,1
Send me a DM on Facebook: facebook.com/fashioneer,1
What are the dimensions?,0
This looks good.,0
Nice product!,0
"My contact is 555-560-4155, call me.",1
This looks good.,0
This looks good.,0
Do you have it in stock?,0
my digits: +1-222-763-2226,1
Does it come in other colors?,0
Here's my email: user6317@example.com,1
Message via email: heidi57@mail.com,1
Do you have it in stock?,0
How soon can I get it?,0
my email id is user6825@example.com,1
Do you have it in stock?,0
How soon can I get it?,0
Add me on WhatsApp: 555-161-3390,1
Where do you ship from?,0
Add me on Facebook (facebook.com/shop_owner),1
Can you show more photos?,0
I’m interested in this item.,0
DM me on Facebook: facebook.com/coolcat987,1
Nice product!,0
I’m interested in this item.,0
This looks good.,0
Where do you ship from?,0
This looks good.,0
Can you share your phone number so I can send you details?,1
This looks good.,0
How soon can I get it?,0
I’m interested in this item.,0
Do you have it in stock?,0
Can you show more photos?,0
Where do you ship from?,0
message me via g m a i l at user5818@example.com,1
Text me at 4509613127,1
What are the dimensions?,0
Can you show more photos?,0
You can reach me at +1-308-802-8687,1
Here's my email: user629@example.com,1
What’s the price?,0
Hit me up on WhatsApp at 555-523-9380,1
I’m interested in this item.,0
Nice product!,0
Where do you ship from?,0
What are the dimensions?,0
c   o   n   t   a   c   t   m   e   3 4 7 1 0 6 3 1 5 6,1
I’m interested in this item.,0
How soon can I get it?,0
My WeChat ID is tech_lead,1
DM me on Instagram: @bob232,1
Do you have it in stock?,0
Does it come in other colors?,0
Let's connect on LinkedIn: linkedin.com/in/fashioneer,1
What’s the price?,0
How soon can I get it?,0
This looks good.,0
Add me on WhatsApp: 555-161-3390,1
Contact: +1-384-429-9171,1
My WeChat ID is fashioneer,1
Text me at +1-200-404-2700,1
Does it come in other colors?,0
I’m interested in this item.,0
Where do you ship from?,0
I’m interested in this item.,0
Message me at user54@example.com,1
Do you have it in stock?,0
Text me at 555-829-4709 for more info.,1
What’s the price?,0
What are the dimensions?,0
What are the dimensions?,0
Can you show more photos?,0
What’s the price?,0
This looks good.,0
How soon can I get it?,0
Does it come in other colors?,0
This looks good.,0
My Snapchat is frank363,1
Nice product!,0
Does it come in other colors?,0
Does it come in other colors?,0
Message me on Signal: 489-612-5914,1
I’m interested in this item.,0
Where do you ship from?,0
Do you have it in stock?,0
Where do you ship from?,0
Nice product!,0
Can you show more photos?,0
My TikTok: @judy675,1
I’m interested in this item.,0
Do you have it in stock?,0
Nice product!,0
What’s the price?,0
Where do you ship from?,0
I’m interested in this item.,0
I’m interested in this item.,0
"Email is user8403@example.com, reach out anytime.",1
I’m interested in this item.,0
Does it come in other colors?,0
What are the dimensions?,0
What are the dimensions?,0
What are the dimensions?,0
message me via g m a i l at user4375@example.com,1
I’m interested in this item.,0
This looks good.,0
get in touch @ user5032@example.com,1
What are the dimensions?,0
Where do you ship from?,0
Ping me on Telegram: @david602,1
Do you have it in stock?,0
Nice product!,0
Where do you ship from?,0
Can you show more photos?,0
What are the dimensions?,0
Does it come in other colors?,0
Does it come in other colors?,0
What are the dimensions?,0
"My contact is 555-976-4104, call me.",1
Nice product!,0
This looks good.,0
This looks good.,0
Does it come in other colors?,0
Does it come in other colors?,0
Message me on Snapchat: designer123,1
This looks good.,0
Add me on WhatsApp: 555-563-6771,1
Find me on Facebook: https://facebook.com/grace230,1
What are the dimensions?,0
Can you show more photos?,0
This looks good.,0
Contact: +1-351-143-8960,1
Please email me at user1036@example.com,1
Can you show more photos?,0
c o n t a c t : +1-318-553-7864,1
c o n t a c t : +1-936-462-6258,1
Does it come in other colors?,0
Can you show more photos?,0
This looks good.,0
C a l l   m e :   8 9 2 3 4 1 6 0 3 4,1
This looks good.,0
Do you have it in stock?,0
Where do you ship from?,0
Nice product!,0
What are the dimensions?,0
Does it come in other colors?,0
Text me at 0275284874,1
I’m interested in this item.,0
I’m interested in this item.,0
Message via email: charlie82@example.com,1
This looks good.,0
What are the dimensions?,0
Where do you ship from?,0
What are the dimensions?,0
How soon can I get it?,0
What are the dimensions?,0
C o n t a c t :   ( 7 8 6 )   8 1 1 - 9 4 5 1,1
Do you have it in stock?,0
Where do you ship from?,0
Nice product!,0
This looks good.,0
Hit me up on WhatsApp at +1-229-261-4691,1
This looks good.,0
What’s the price?,0
Nice product!,0
Nice product!,0
This looks good.,0
Do you have it in stock?,0
I’m interested in this item.,0
e m a i l m e @ user5249@example.com,1
I’m interested in this item.,0
What are the dimensions?,0
Message me on Snapchat: fashionguru,1
Nice product!,0
Do you have it in stock?,0
Do you have it in stock?,0
Can you share your phone number so I can send you details?,1
Contact via email: bob64@example.com,1
Nice product!,0
Let's connect on LinkedIn: https://linkedin.com/in/charlie304,1
c   o   n   t   a   c   t   m   e   9 4 5 - 1 8 2 - 0 9 8 9,1
Message me on Snapchat: jane.smith,1
Where do you ship from?,0
I’m interested in this item.,0
Where do you ship from?,0
I’m interested in this item.,0
Reach out on WhatsApp at +1-442-975-5635,1
What’s the price?,0
Follow me on Instagram @coolguy42 and DM.,1
What’s the price?,0
Do you have it in stock?,0
What’s the price?,0
Hit me up on WhatsApp at 555-751-3498,1
Can you show more photos?,0
Send me a DM on Facebook: facebook.com/jane.smith,1
snap me at s-n-a-p coolcat61,1
Does it come in other colors?,0
Does it come in other colors?,0
Call me at 4367224056,1
How soon can I get it?,0
Does it come in other colors?,0
"Email is user3206@example.com, reach out anytime.",1
Do you have it in stock?,0
Nice product!,0
Can you show more photos?,0
I’m interested in this item.,0
Does it come in other colors?,0
You can reach me at 555-480-9692,1
Do you have it in stock?,0
Can you show more photos?,0
Nice product!,0
What’s the price?,0
Email me at user4387@example.com,1
DM me on Instagram: @david501,1
Can you show more photos?,0
This looks good.,0
What’s the price?,0
This looks good.,0
Nice product!,0
Does it come in other colors?,0
e m a i l m e @ user6875@example.com,1
Can you show more photos?,0
Can you show more photos?,0
Find me on Facebook: https://facebook.com/bob673,1
How soon can I get it?,0
Can you show more photos?,0
"Email is user3282@example.com, reach out anytime.",1
Does it come in other colors?,0
my email id is user7649@example.com,1
What’s the price?,0
What’s the price?,0
Can you show more photos?,0
Do you have it in stock?,0
Where do you ship from?,0
Does it come in other colors?,0
Nice product!,0
This looks good.,0
What are the dimensions?,0
Does it come in other colors?,0
get in touch @ user6748@example.com,1
What’s the price?,0
I’m interested in this item.,0
get in touch @ user1848@example.com,1
Do you have it in stock?,0
Nice product!,0
I’m interested in this item.,0
This looks good.,0
My WeChat ID is fashionguru,1
How soon can I get it?,0
Can I have your email address?,1
Does it come in other colors?,0
snap me at s-n-a-p coolcat741,1
How soon can I get it?,0
What are the dimensions?,0
Where do you ship from?,0
Can you show more photos?,0
How soon can I get it?,0
Can you show more photos?,0
What are the dimensions?,0
DM me on Instagram: @charlie757,1
Do you have it in stock?,0
How soon can I get it?,0
Can I have your email address?,1
My number is 906-167-4714,1
This looks good.,0
Where do you ship from?,0
Nice product!,0
Here's my email: user9956@example.com,1
I’m interested in this item.,0
Can you show more photos?,0
How soon can I get it?,0
What are the dimensions?,0
What’s the price?,0
hmu @ shopper872,1
What are the dimensions?,0
Can you show more photos?,0
Does it come in other colors?,0
What’s the price?,0
Find me on Facebook: https://facebook.com/david259,1
"My contact is 555-842-2192, call me.",1
Does it come in other colors?,0
Does it come in other colors?,0
Can you show more photos?,0
Nice product!,0
How soon can I get it?,0
Message me on Snapchat: shopper99,1
Message me on Signal: 490-724-0662,1
This looks good.,0
Does it come in other colors?,0
How soon can I get it?,0
Does it come in other colors?,0
What are the dimensions?,0
Do you have it in stock?,0
Where do you ship from?,0
What are the dimensions?,0
Does it come in other colors?,0
"Email is user7105@example.com, reach out anytime.",1
I’m interested in this item.,0
Message via email: eve57@example.com,1
snap me at s-n-a-p fashionista562,1
Do you have it in stock?,0
I’m interested in this item.,0
What’s the price?,0
How soon can I get it?,0
Can you show more photos?,0
Where do you ship from?,0
Call me at (936) 035-9625,1
Can you show more photos?,0
Add me on WhatsApp: 555-321-8671,1
This looks good.,0
Does it come in other colors?,0
I’m interested in this item.,0
Where do you ship from?,0
Do you have it in stock?,0
Can you show more photos?,0
I’m interested in this item.,0
How soon can I get it?,0
snap me at s-n-a-p coolcat794,1
What are the dimensions?,0
I’m interested in this item.,0
What’s the price?,0
I’m interested in this item.,0
WhatsApp me at +1-555-743-8326,1
reach at t w o o o @example.com,1
Nice product!,0
How soon can I get it?,0
This looks good.,0
Does it come in other colors?,0
Call me at (040) 192-7315,1
What’s the price?,0
How soon can I get it?,0
This looks good.,0
Can you show more photos?,0
I’m interested in this item.,0
My TikTok: @grace224,1
I’m interested in this item.,0
What are the dimensions?,0
I’m interested in this item.,0
Do you have it in stock?,0
What’s the price?,0
Where do you ship from?,0
Does it come in other colors?,0
Nice product!,0
I’m interested in this item.,0
What are the dimensions?,0
Does it come in other colors?,0
Can you show more photos?,0
Can I have your email address?,1
Add me on WhatsApp: 555-789-5300,1
Can you show more photos?,0
How soon can I get it?,0
I’m interested in this item.,0
What are the dimensions?,0
My WeChat ID is designer123,1
What’s the price?,0
Add me on WhatsApp: 8109220804,1
Nice product!,0
Send me a DM on Facebook: facebook.com/shopper99,1
Does it come in other colors?,0
How soon can I get it?,0
What’s the price?,0
fb.com/coolcat841,1
Nice product!,0
How soon can I get it?,0
Can you show more photos?,0
What’s the price?,0
Do you have it in stock?,0
Does it come in other colors?,0
Where do you ship from?,0
My number is 1694182667,1
What’s the price?,0
c o n t a c t : +1-556-636-8096,1
I’m interested in this item.,0
Text me at +1-470-995-2943,1
WhatsApp me at +1-555-504-6387,1
I’m interested in this item.,0
get in touch @ user8856@example.com,1
How soon can I get it?,0
Snapchat me @ fashionista831,1
Can you show more photos?,0
My Snapchat is judy144,1
What are the dimensions?,0
Nice product!,0
This looks good.,0
This looks good.,0
Follow me on Instagram @coolguy42 and DM.,1
This looks good.,0
This looks good.,0
Do you have it in stock?,0
Please email me at user1115@example.com,1
Does it come in other colors?,0
Nice product!,0
Can you show more photos?,0
Where do you ship from?,0
I’m interested in this item.,0
I’m interested in this item.,0
What’s the price?,0
Where do you ship from?,0
c o n t a c t : +1-671-299-4092,1
t e l : +1-980-273-6064,1
What’s the price?,0
Do you have it in stock?,0
Do you have it in stock?,0
Do you have it in stock?,0
Where do you ship from?,0
Can you show more photos?,0
Nice product!,0
Do you have it in stock?,0
How soon can I get it?,0
Does it come in other colors?,0
Can you show more photos?,0
What’s the price?,0
What’s the price?,0
I’m interested in this item.,0
Add me on WhatsApp: +1 315 246 0593,1
Connect on LinkedIn (linkedin.com/in/designer123),1
Do you have it in stock?,0
What are the dimensions?,0
You can reach me at 555-252-6806,1
Email me at user8583@example.com,1
Can you show more photos?,0
Follow me on Instagram @fashionguru and DM.,1
This looks good.,0
Do you have it in stock?,0
Contact: +1-351-376-5840,1
Contact: +1-195-530-8880,1
Hit me up on WhatsApp at +1-970-662-3512,1
Mail me: alice78@mail.com,1
"My contact is 555-507-6483, call me.",1
Does it come in other colors?,0
I’m interested in this item.,0
Does it come in other colors?,0
C a l l   m e :   ( 5 0 3 )   7 5 1 - 9 1 2 5,1
Call me at 318-211-6581,1
Does it come in other colors?,0
Message me at user8996@example.com,1
Does it come in other colors?,0
This looks good.,0
How soon can I get it?,0
Nice product!,0
C a l l   m e :   + 1   9 7 9   5 6 5   0 8 8 4,1
DM me on Instagram: @heidi172,1
How soon can I get it?,0
Where do you ship from?,0
Where do you ship from?,0
I’m interested in this item.,0
I’m interested in this item.,0
What’s the price?,0
I’m interested in this item.,0
Nice product!,0
hmu @ shopper237,1
c   o   n   t   a   c   t   m   e   4 6 0 8 3 2 6 5 5 0,1
Does it come in other colors?,0
How soon can I get it?,0
Does it come in other colors?,0
This looks good.,0
Please email me at user5175@example.com,1
Nice product!,0
What’s the price?,0
How soon can I get it?,0
Where do you ship from?,0
This looks good.,0
Nice product!,0
Can you show more photos?,0
What are the dimensions?,0
This looks good.,0
How soon can I get it?,0
What’s the price?,0
How soon can I get it?,0
DM me on Instagram @best_pizza,1
Can you show more photos?,0
Nice product!,0
What are the dimensions?,0
Where do you ship from?,0
Does it come in other colors?,0
Does it come in other colors?,0
What’s the price?,0
fb.com/devguy317,1
You can reach me at 555-876-9733,1
What’s the price?,0
What are the dimensions?,0
Do you have it in stock?,0
What are the dimensions?,0
What are the dimensions?,0
What’s the price?,0
Where do you ship from?,0
I’m interested in this item.,0
What’s the price?,0
Can you show more photos?,0
Can you show more photos?,0
What’s the price?,0
WhatsApp me at +1-555-636-5027,1
Can you show more photos?,0
Call me at (731) 187-3201,1
How soon can I get it?,0
Nice product!,0
How soon can I get it?,0
Where do you ship from?,0
How soon can I get it?,0
Do you have it in stock?,0
How soon can I get it?,0
I’m interested in this item.,0
DM me on Facebook: facebook.com/coolcat469,1
Do you have it in stock?,0
How soon can I get it?,0
How soon can I get it?,0
Can you show more photos?,0
Does it come in other colors?,0
Where do you ship from?,0
hmu @ coolcat56,1
I’m interested in this item.,0
What’s the price?,0
What’s the price?,0
Add me on Facebook (facebook.com/coolguy42),1
Nice product!,0
Nice product!,0
Where do you ship from?,0
How soon can I get it?,0
I’m interested in this item.,0
This looks good.,0
Add me on WhatsApp: +1 531 125 0544,1
Can you show more photos?,0
DM me on Facebook: facebook.com/devguy960,1
Where do you ship from?,0
Can you show more photos?,0
Nice product!,0
This looks good.,0
Does it come in other colors?,0
What are the dimensions?,0
This looks good.,0
My WeChat ID is coolguy42,1
Where do you ship from?,0
Does it come in other colors?,0
Where do you ship from?,0
I’m interested in this item.,0
Call me at 0465948395,1
Do you have it in stock?,0
I’m interested in this item.,0
Can you show more photos?,0
Where do you ship from?,0
This looks good.,0
I’m interested in this item.,0
What are the dimensions?,0
How soon can I get it?,0
my digits: +1-427-911-1445,1
Message me on Snapchat: shopper99,1
c   o   n   t   a   c   t   m   e   2 3 6 2 3 5 5 1 1 2,1
Find me on Facebook: https://facebook.com/bob59,1
I’m interested in this item.,0
Do you have it in stock?,0
This looks good.,0
Nice product!,0
Do you have it in stock?,0
Does it come in other colors?,0
This looks good.,0
Can you show more photos?,0
WhatsApp me at +1-555-881-5584,1
This looks good.,0
Follow me on Instagram @fashionguru and DM.,1
Do you have it in stock?,0
What’s the price?,0
Nice product!,0
Do you have it in stock?,0
Do you have it in stock?,0
Does it come in other colors?,0
How soon can I get it?,0
This looks good.,0
This looks good.,0
WhatsApp me at +1-555-543-5266,1
Can you show more photos?,0
Do you have it in stock?,0
Nice product!,0
I’m interested in this item.,0
Add me on Facebook (facebook.com/coolguy42),1
What’s the price?,0
What’s the price?,0
Nice product!,0
This looks good.,0
What’s the price?,0
My number is +1 423 269 2128,1
This looks good.,0
What are the dimensions?,0
Where do you ship from?,0
Do you have it in stock?,0
How soon can I get it?,0
c o n t a c t : +1-549-112-4420,1
This looks good.,0
Call me at (003) 183-4015,1
Do you have it in stock?,0
Mail me: ivan23@example.com,1
Can you show more photos?,0
How soon can I get it?,0
Can you show more photos?,0
I’m interested in this item.,0
I’m interested in this item.,0
Can you show more photos?,0
Here's my email: user100@example.com,1
Does it come in other colors?,0
c   o   n   t   a   c   t   m   e   + 1   1 7 8   8 0 3   1 0 6 2,1
This looks good.,0
Do you have it in stock?,0
What are the dimensions?,0
Nice product!,0
Do you have it in stock?,0
What’s the price?,0
Does it come in other colors?,0
"Email is user8429@example.com, reach out anytime.",1
Can you show more photos?,0
Nice product!,0
my digits: +1-587-987-8377,1
This looks good.,0
Do you have it in stock?,0
What are the dimensions?,0
Nice product!,0
Do you have it in stock?,0
Do you have it in stock?,0
Text me at +1 472 813 1832,1
Nice product!,0
Does it come in other colors?,0
Nice product!,0
Can you show more photos?,0
find me at user5095@example.com 😉,1
Can you show more photos?,0
Where do you ship from?,0
Follow me on Instagram @jane.smith and DM.,1
Nice product!,0
Does it come in other colors?,0
Can you show more photos?,0
Do you have it in stock?,0
What’s the price?,0
c   o   n   t   a   c   t   m   e   0 2 3 1 6 9 8 8 0 0,1
get in touch @ user3741@example.com,1
Do you have it in stock?,0
Can I have your email address?,1
Where do you ship from?,0
What’s the price?,0
I’m interested in this item.,0
I’m interested in this item.,0
Nice product!,0
This looks good.,0
Do you have it in stock?,0
c o n t a c t : +1-391-891-9347,1
What are the dimensions?,0
How soon can I get it?,0
Does it come in other colors?,0
What are the dimensions?,0
What’s the price?,0
Add me on Facebook (facebook.com/shopper99),1
Message via email: david6@email.net,1
Where do you ship from?,0
Contact me via Telegram: @jane.smith,1
Where do you ship from?,0
This looks good.,0
I’m interested in this item.,0
How soon can I get it?,0
Connect on LinkedIn (linkedin.com/in/coolcat670),1
Let's connect on LinkedIn: linkedin.com/in/shopper99,1
g r a c e 9 5 @ e m a i l . n e t,1
Does it come in other colors?,0
C o n t a c t :   ( 3 6 5 )   3 5 7 - 0 1 4 0,1
Add me on WhatsApp: 555-166-2869,1
Nice product!,0
What are the dimensions?,0
Does it come in other colors?,0
This looks good.,0
f r a n k 4 5 @ t e s t . o r g,1
Text me at +1-898-737-6879,1
Nice product!,0
What’s the price?,0
Can you show more photos?,0
What’s the price?,0
What’s the price?,0
Where do you ship from?,0
Does it come in other colors?,0
Can you show more photos?,0
Can you show more photos?,0
How soon can I get it?,0
Does it come in other colors?,0
Where do you ship from?,0
Let's connect on LinkedIn: linkedin.com/in/designer123,1
I’m interested in this item.,0
Nice product!,0
What are the dimensions?,0
Can you show more photos?,0
You can reach me at +1-764-539-9908,1
Nice product!,0
How soon can I get it?,0
What are the dimensions?,0
Nice product!,0
Nice product!,0
Can you show more photos?,0
Does it come in other colors?,0
What’s the price?,0
Where do you ship from?,0
What are the dimensions?,0
Do you have it in stock?,0
fb.com/devguy267,1
What are the dimensions?,0
Does it come in other colors?,0
Nice product!,0
Can you show more photos?,0
What’s the price?,0
What’s the price?,0
I’m interested in this item.,0
You can reach me at +1-597-277-6003,1
How soon can I get it?,0
What are the dimensions?,0
"My contact is 555-151-6094, call me.",1
Does it come in other colors?,0
e m a i l m e @ user2084@example.com,1
Can you show more photos?,0
How soon can I get it?,0
What’s the price?,0
Does it come in other colors?,0
Does it come in other colors?,0
Nice product!,0
What are the dimensions?,0
C a l l   m e :   9 6 6 - 9 6 1 - 1 0 3 0,1
What’s the price?,0
Nice product!,0
Where do you ship from?,0
Can you show more photos?,0
Where do you ship from?,0
Nice product!,0
Do you have it in stock?,0
I’m interested in this item.,0
How soon can I get it?,0
I’m interested in this item.,0
Where do you ship from?,0
This looks good.,0
Where do you ship from?,0
How soon can I get it?,0
How soon can I get it?,0
Send me a DM on Facebook: facebook.com/fashionguru,1
Where do you ship from?,0
Does it come in other colors?,0
Does it come in other colors?,0
Does it come in other colors?,0
How soon can I get it?,0
Follow me on Instagram @jane.smith and DM.,1
I’m interested in this item.,0
This looks good.,0
This looks good.,0
Nice product!,0
You can reach me at 555-519-2872,1
Nice product!,0
Nice product!,0
Message me on Signal: (081) 157-7827,1
How soon can I get it?,0
What’s the price?,0
Can you show more photos?,0
What’s the price?,0
I’m interested in this item.,0
Does it come in other colors?,0
How soon can I get it?,0
Here is my email: user6232@example.com,1
How soon can I get it?,0
Can you show more photos?,0
Does it come in other colors?,0
Where do you ship from?,0
This looks good.,0
Do you have it in stock?,0
Email me at eve18@email.net,1
fb.com/coolcat288,1
Nice product!,0
Does it come in other colors?,0
How soon can I get it?,0
Do you have it in stock?,0
Does it come in other colors?,0
This looks good.,0
Hit me up on WhatsApp at +1-181-292-4927,1
📱 +1-998-581-3863,1
Where do you ship from?,0
Do you have it in stock?,0
What are the dimensions?,0
my email id is user7351@example.com,1
Where do you ship from?,0
Do you have it in stock?,0
My WeChat ID is best_pizza,1
This looks good.,0
What are the dimensions?,0
"My contact is 555-586-8269, call me.",1
Where do you ship from?,0
Connect on LinkedIn (linkedin.com/in/shopper436),1
What are the dimensions?,0
How soon can I get it?,0
Do you have it in stock?,0
What’s the price?,0
Add me on WhatsApp: 555-736-2574,1
I’m interested in this item.,0
Can you show more photos?,0
Here is my email: user2597@example.com,1
Do you have it in stock?,0
What are the dimensions?,0
Reach out on WhatsApp at +1-828-510-4447,1
Can you show more photos?,0
Do you have it in stock?,0
What are the dimensions?,0
Can you show more photos?,0
Where do you ship from?,0
How soon can I get it?,0
Does it come in other colors?,0
Nice product!,0
Does it come in other colors?,0
Do you have it in stock?,0
DM me on Instagram @tech_lead,1
C a l l   m e :   5 1 6 - 7 2 4 - 1 6 8 6,1
Can you show more photos?,0
This looks good.,0
Where do you ship from?,0
Do you have it in stock?,0
Connect on LinkedIn (linkedin.com/in/shopper160),1
How soon can I get it?,0
What’s the price?,0
Can you show more photos?,0
What’s the price?,0
How soon can I get it?,0
How soon can I get it?,0
Where do you ship from?,0
Does it come in other colors?,0
What’s the price?,0
How soon can I get it?,0
I’m interested in this item.,0
Can you show more photos?,0
Do you have it in stock?,0
My TikTok: @alice592,1
Email me at ivan47@email.net,1
DM me on Instagram @shop_owner,1
What are the dimensions?,0
Do you have it in stock?,0
What are the dimensions?,0
This looks good.,0
This looks good.,0
What are the dimensions?,0
"My contact is 555-932-3917, call me.",1
What’s the price?,0
Where do you ship from?,0
Do you have it in stock?,0
Where do you ship from?,0
Call me at +1 547 323 8445,1
Can I have your email address?,1
What are the dimensions?,0
Email me at heidi37@email.net,1
Does it come in other colors?,0
Message via email: grace38@example.com,1
Does it come in other colors?,0
Can you show more photos?,0
What are the dimensions?,0
Can you show more photos?,0
Can you show more photos?,0
What are the dimensions?,0
I’m interested in this item.,0
What are the dimensions?,0
Hit me up on WhatsApp at 555-522-4730,1
Can you show more photos?,0
I’m interested in this item.,0
Can you show more photos?,0
Where do you ship from?,0
I’m interested in this item.,0
Do you have it in stock?,0
I’m interested in this item.,0
Here's my email: user2226@example.com,1
Nice product!,0
What are the dimensions?,0
What are the dimensions?,0
Nice product!,0
Do you have it in stock?,0
Nice product!,0
This looks good.,0
Send me a DM on Facebook: facebook.com/designer123,1
How soon can I get it?,0
I’m interested in this item.,0
Does it come in other colors?,0
I’m interested in this item.,0
I’m interested in this item.,0
What are the dimensions?,0
What are the dimensions?,0
This looks good.,0
I’m interested in this item.,0
Nice product!,0
This looks good.,0
Can you show more photos?,0
Does it come in other colors?,0
How soon can I get it?,0
Does it come in other colors?,0
C a l l   m e :   0 7 4 6 4 6 6 7 5 5,1
What are the dimensions?,0
Nice product!,0
Do you have it in stock?,0
Where do you ship from?,0
What are the dimensions?,0
What’s the price?,0
Nice product!,0
What’s the price?,0
my email id is user5200@example.com,1
This looks good.,0
Let's connect on LinkedIn: https://linkedin.com/in/eve58,1
Nice product!,0
C o n t a c t :   ( 7 2 6 )   8 9 2 - 0 2 5 1,1
Do you have it in stock?,0
"My contact is 555-373-3696, call me.",1
Nice product!,0
📱 +1-301-572-8556,1
Where do you ship from?,0
What’s the price?,0
Where do you ship from?,0
What are the dimensions?,0
What’s the price?,0
"Email is user3585@example.com, reach out anytime.",1
Does it come in other colors?,0
Where do you ship from?,0
Can you show more photos?,0
Do you have it in stock?,0
Can you show more photos?,0
Does it come in other colors?,0
Message me on Signal: 515-832-1965,1
Where do you ship from?,0
What are the dimensions?,0
Can you show more photos?,0
DM me on Instagram @coolguy42,1
Can you show more photos?,0
How soon can I get it?,0
Can you show more photos?,0
message me via g m a i l at user7700@example.com,1
How soon can I get it?,0
Nice product!,0
Where do you ship from?,0
Nice product!,0
Does it come in other colors?,0
message me via g m a i l at user2722@example.com,1
What are the dimensions?,0
Where do you ship from?,0
Does it come in other colors?,0
Does it come in other colors?,0
How soon can I get it?,0
Text me at +1-375-523-1343,1
Let's connect on LinkedIn: linkedin.com/in/best_pizza,1
Where do you ship from?,0
Reach out on WhatsApp at +1-253-736-2503,1
Contact me on Skype: frank116,1
This looks good.,0
How soon can I get it?,0
Where do you ship from?,0
Does it come in other colors?,0
This looks good.,0
Does it come in other colors?,0
What’s the price?,0
Do you have it in stock?,0
How soon can I get it?,0
What are the dimensions?,0
What are the dimensions?,0
I’m interested in this item.,0
What’s the price?,0
Nice product!,0
Do you have it in stock?,0
I’m interested in this item.,0
Do you have it in stock?,0
Do you have it in stock?,0
How soon can I get it?,0
What’s the price?,0
I’m interested in this item.,0
telegram: t dot me slash devguy191,1
Can you show more photos?,0
Ping me on Telegram: @bob856,1
What are the dimensions?,0
Nice product!,0
Do you have it in stock?,0
Nice product!,0
What are the dimensions?,0
Where do you ship from?,0
Can you show more photos?,0
Does it come in other colors?,0
Do you have it in stock?,0
Where do you ship from?,0
Where do you ship from?,0
Ping me on Telegram: @bob641,1
This looks good.,0
e m a i l m e @ user8465@example.com,1
Do you have it in stock?,0
Nice product!,0
How soon can I get it?,0
Can you show more photos?,0
Contact me via Telegram: @tech_lead,1
What are the dimensions?,0
What’s the price?,0
What’s the price?,0
Where do you ship from?,0
This looks good.,0
Does it come in other colors?,0
my email id is user3157@example.com,1
Can you show more photos?,0
Nice product!,0
How soon can I get it?,0
What’s the price?,0
I’m interested in this item.,0
Call me at +1 137 823 0085,1
you can DM me at fashionista235 on Insta,1
Nice product!,0
C o n t a c t :   5 0 6 - 0 3 7 - 2 3 4 7,1
What’s the price?,0
Does it come in other colors?,0
Here is my email: user2688@example.com,1
How soon can I get it?,0
Text me at +1-978-881-8823,1
Contact via email: judy65@mail.com,1
Does it come in other colors?,0
📱 +1-244-516-1184,1
I’m interested in this item.,0
Where do you ship from?,0
Do you have it in stock?,0
Can you show more photos?,0
Can you show more photos?,0
What’s the price?,0
Can you show more photos?,0
What are the dimensions?,0
Does it come in other colors?,0
Can you show more photos?,0
c o n t a c t : +1-499-584-8544,1
What’s the price?,0
Where do you ship from?,0
Add me on WhatsApp: 555-951-4341,1
Follow me on Twitter: @heidi534,1
This looks good.,0
Can you show more photos?,0
This looks good.,0
This looks good.,0
Snapchat me @ shopper208,1
What’s the price?,0
Does it come in other colors?,0
What are the dimensions?,0
Please email me at user9047@example.com,1
What are the dimensions?,0
Snapchat me @ coolcat204,1
Add me on WhatsApp: 555-799-9508,1
c o n t a c t : +1-557-385-5720,1
Nice product!,0
Signal me at +1 890 480 3618,1
This looks good.,0
Can you show more photos?,0
This looks good.,0
What’s the price?,0
Send me a DM on Facebook: facebook.com/fashioneer,1
I’m interested in this item.,0
Nice product!,0
Can you share your phone number so I can send you details?,1
Does it come in other colors?,0
Nice product!,0
What are the dimensions?,0
Nice product!,0
DM me on Instagram @shopper99,1
I’m interested in this item.,0
What’s the price?,0
Connect on LinkedIn (linkedin.com/in/shop_owner),1
Does it come in other colors?,0
Does it come in other colors?,0
This looks good.,0
How soon can I get it?,0
I’m interested in this item.,0
t e l : +1-729-902-9411,1
Connect on LinkedIn (linkedin.com/in/fashionista733),1
How soon can I get it?,0
What’s the price?,0
How soon can I get it?,0
Can you show more photos?,0
I’m interested in this item.,0
Here is my email: user6259@example.com,1
Can you show more photos?,0
Can you show more photos?,0
I’m interested in this item.,0
I’m interested in this item.,0
My Snapchat is ivan578,1
Nice product!,0
I’m interested in this item.,0
I’m interested in this item.,0
What’s the price?,0
You can reach me at 555-364-2127,1
I’m interested in this item.,0
What are the dimensions?,0
This looks good.,0
What are the dimensions?,0
I’m interested in this item.,0
What are the dimensions?,0
I’m interested in this item.,0
What’s the price?,0
Connect on LinkedIn (linkedin.com/in/shopper802),1
Does it come in other colors?,0
Can I have your email address?,1
Do you have it in stock?,0
What are the dimensions?,0
This looks good.,0
fb.com/fashionista714,1
Where do you ship from?,0
Does it come in other colors?,0
Does it come in other colors?,0
Does it come in other colors?,0
My TikTok: @grace870,1
Nice product!,0
What’s the price?,0
This looks good.,0
C a l l   m e :   + 1   5 9 7   1 1 0   7 8 3 7,1
How soon can I get it?,0
my digits: +1-504-492-1401,1
What are the dimensions?,0
Where do you ship from?,0
This looks good.,0
How soon can I get it?,0
Can you share your phone number so I can send you details?,1
This looks good.,0
Nice product!,0
Follow me on Twitter: @ivan872,1
Do you have it in stock?,0
What are the dimensions?,0
Please email me at user7933@example.com,1
Let's connect on LinkedIn: linkedin.com/in/fashionguru,1
This looks good.,0
What are the dimensions?,0
What’s the price?,0
I’m interested in this item.,0
What’s the price?,0
Can you show more photos?,0
Where do you ship from?,0
Contact me on Skype: charlie396,1
Can you show more photos?,0
Can you show more photos?,0
message me via g m a i l at user551@example.com,1
Do you have it in stock?,0
Nice product!,0
This looks good.,0
What’s the price?,0
Do you have it in stock?,0
This looks good.,0
Connect on LinkedIn (linkedin.com/in/devguy795),1
Nice product!,0
Do you have it in stock?,0
Where do you ship from?,0
WhatsApp me at +1-555-293-8882,1
This looks good.,0
This looks good.,0
What’s the price?,0
My Snapchat is alice760,1
Nice product!,0
How soon can I get it?,0
Hit me up on WhatsApp at +1-229-444-5974,1
DM me on Instagram: @ivan442,1
What are the dimensions?,0
Nice product!,0
Where do you ship from?,0
I’m interested in this item.,0
What’s the price?,0
This looks good.,0
This looks good.,0
Can you show more photos?,0
This looks good.,0
Nice product!,0
Where do you ship from?,0
Where do you ship from?,0
Message via email: grace73@mail.com,1
Do you have it in stock?,0
Nice product!,0
Nice product!,0
Contact via email: heidi80@mail.com,1
How soon can I get it?,0
What’s the price?,0
Where do you ship from?,0
Where do you ship from?,0
Do you have it in stock?,0
Where do you ship from?,0
Nice product!,0
This looks good.,0
I’m interested in this item.,0
This looks good.,0
What are the dimensions?,0
find me at user2196@example.com 😉,1
What are the dimensions?,0
My WeChat ID is designer123,1
Where do you ship from?,0
Nice product!,0
Do you have it in stock?,0
What’s the price?,0
This looks good.,0
I’m interested in this item.,0
Do you have it in stock?,0
Where do you ship from?,0
Does it come in other colors?,0
How soon can I get it?,0
Let's connect on LinkedIn: https://linkedin.com/in/judy656,1
Do you have it in stock?,0
What are the dimensions?,0
Can you show more photos?,0
fb.com/fashionista353,1
e m a i l m e @ user4729@example.com,1
Connect on LinkedIn (linkedin.com/in/best_pizza),1
Where do you ship from?,0
Nice product!,0
📧 user2329@example.com,1
fb.com/shopper638,1
t e l : +1-667-217-1975,1
Add me on Facebook (facebook.com/fashioneer),1
This looks good.,0
Add me on WhatsApp: 555-633-2669,1
What’s the price?,0
What’s the price?,0
Do you have it in stock?,0
Nice product!,0
Nice product!,0
Can you show more photos?,0
get in touch @ user5245@example.com,1
Does it come in other colors?,0
Nice product!,0
Where do you ship from?,0
How soon can I get it?,0
How soon can I get it?,0
How soon can I get it?,0
Nice product!,0
How soon can I get it?,0
wanna chat? +1-124-624-6117,1
What are the dimensions?,0
What’s the price?,0
Where do you ship from?,0
snap me at s-n-a-p coolcat926,1
Find me on Facebook: https://facebook.com/judy562,1
Where do you ship from?,0
Do you have it in stock?,0
Can you show more photos?,0
Add me on Facebook (facebook.com/best_pizza),1
What’s the price?,0
What’s the price?,0
Can you show more photos?,0
I’m interested in this item.,0
What are the dimensions?,0
Where do you ship from?,0
Nice product!,0
Do you have it in stock?,0
How soon can I get it?,0
Does it come in other colors?,0
e m a i l m e @ user5251@example.com,1
This looks good.,0
Do you have it in stock?,0
WhatsApp me at +1-555-188-6163,1
What are the dimensions?,0
Do you have it in stock?,0
Here's my email: user568@example.com,1
Nice product!,0
Call me at (149) 996-5140,1
How soon can I get it?,0
Where do you ship from?,0
Nice product!,0
What’s the price?,0
wanna chat? +1-897-472-7842,1
Can you show more photos?,0
What’s the price?,0
This looks good.,0
DM me on Facebook: facebook.com/shopper855,1
c   o   n   t   a   c   t   m   e   1 4 8 9 5 5 7 2 4 7,1
Nice product!,0
Nice product!,0
Can I have your email address?,1
"Email is user1216@example.com, reach out anytime.",1
Where do you ship from?,0
Can you show more photos?,0
Message me at user7870@example.com,1
Where do you ship from?,0
Nice product!,0
Nice product!,0
Ping me on Telegram: @charlie908,1
Can you show more photos?,0
This looks good.,0
I’m interested in this item.,0
I’m interested in this item.,0
Where do you ship from?,0
Does it come in other colors?,0
message me via g m a i l at user9219@example.com,1
Nice product!,0
Can you show more photos?,0
Can you show more photos?,0
snap me at s-n-a-p devguy64,1
I’m interested in this item.,0
This looks good.,0
I’m interested in this item.,0
How soon can I get it?,0
Can you show more photos?,0
What are the dimensions?,0
Where do you ship from?,0
I’m interested in this item.,0
Do you have it in stock?,0
Nice product!,0
What are the dimensions?,0
Do you have it in stock?,0
This looks good.,0
Do you have it in stock?,0
Connect on LinkedIn (linkedin.com/in/best_pizza),1
Does it come in other colors?,0
Hit me up on WhatsApp at 555-606-3799,1
you can DM me at devguy591 on Insta,1
"Email is user1772@example.com, reach out anytime.",1
What are the dimensions?,0
Do you have it in stock?,0
Do you have it in stock?,0
Does it come in other colors?,0
Contact me via Telegram: @designer123,1
Connect on LinkedIn (linkedin.com/in/designer123),1
This looks good.,0
Does it come in other colors?,0
Here is my email: user5859@example.com,1
Here's my email: user8509@example.com,1
Nice product!,0
Contact: +1-814-612-2086,1
Do you have it in stock?,0
snap me at s-n-a-p shopper184,1
What’s the price?,0
Do you have it in stock?,0
How soon can I get it?,0
What’s the price?,0
What’s the price?,0
My Snapchat is ivan779,1
Nice product!,0
Does it come in other colors?,0
Where do you ship from?,0
Does it come in other colors?,0
How soon can I get it?,0
Where do you ship from?,0
DM me on Instagram @shop_owner,1
Where do you ship from?,0
Where do you ship from?,0
What are the dimensions?,0
I’m interested in this item.,0
I’m interested in this item.,0
Add me on Facebook (facebook.com/fashioneer),1
You can reach me at +1-655-885-5307,1
I’m interested in this item.,0
I’m interested in this item.,0
This looks good.,0
Where do you ship from?,0
This looks good.,0
I’m interested in this item.,0
I’m interested in this item.,0
Can you show more photos?,0
Where do you ship from?,0
How soon can I get it?,0
Do you have it in stock?,0
What are the dimensions?,0
Do you have it in stock?,0
Connect on LinkedIn (linkedin.com/in/coolcat806),1
Message me on Snapchat: fashioneer,1
Nice product!,0
What are the dimensions?,0
How soon can I get it?,0
How soon can I get it?,0
What are the dimensions?,0
Do you have it in stock?,0
What’s the price?,0
I’m interested in this item.,0
Where do you ship from?,0
What’s the price?,0
I’m interested in this item.,0
Hit me up on WhatsApp at +1-297-488-6477,1
Do you have it in stock?,0
C o n t a c t :   9 1 0 2 3 3 6 4 7 0,1
Reach me at +1 183 557 6062,1
Do you have it in stock?,0
Let's connect on LinkedIn: linkedin.com/in/shop_owner,1
Does it come in other colors?,0
This looks good.,0
What are the dimensions?,0
I’m interested in this item.,0
Can you show more photos?,0
Can you show more photos?,0
Does it come in other colors?,0
you can DM me at coolcat520 on Insta,1
What’s the price?,0
Nice product!,0
What’s the price?,0
What’s the price?,0
What’s the price?,0
What are the dimensions?,0
Where do you ship from?,0
What are the dimensions?,0
Add me on WhatsApp: 566-671-1977,1
Does it come in other colors?,0
Can you show more photos?,0
Where do you ship from?,0
DM me on Instagram @jane.smith,1
This looks good.,0
Nice product!,0
This looks good.,0
Do you have it in stock?,0
I’m interested in this item.,0
Find me on Facebook: https://facebook.com/alice441,1
I’m interested in this item.,0
I’m interested in this item.,0
Where do you ship from?,0
Text me at 555-698-6881 for more info.,1
Where do you ship from?,0
How soon can I get it?,0
DM me on Facebook: facebook.com/fashionista286,1
This looks good.,0
Do you have it in stock?,0
How soon can I get it?,0
Does it come in other colors?,0
Where do you ship from?,0
Can you show more photos?,0
What are the dimensions?,0
DM me on Instagram @jane.smith,1
What are the dimensions?,0
Where do you ship from?,0
I’m interested in this item.,0
Message me on Signal: 486-883-8859,1
Does it come in other colors?,0
Does it come in other colors?,0
Message me on Signal: +1 418 717 0101,1
DM me on Instagram: @bob540,1
I’m interested in this item.,0
message me via g m a i l at user1157@example.com,1
Do you have it in stock?,0
Does it come in other colors?,0
Do you have it in stock?,0
Nice product!,0
Contact me via Telegram: @shop_owner,1
Does it come in other colors?,0
Where do you ship from?,0
This looks good.,0
Where do you ship from?,0
Does it come in other colors?,0
What are the dimensions?,0
This looks good.,0
What’s the price?,0
Message via email: frank41@example.com,1
Nice product!,0
How soon can I get it?,0
Where do you ship from?,0
Hit me up on WhatsApp at +1-343-918-9729,1
What are the dimensions?,0
What are the dimensions?,0
What are the dimensions?,0
This looks good.,0
c o n t a c t : +1-232-663-3830,1
What’s the price?,0
How soon can I get it?,0
What’s the price?,0
Does it come in other colors?,0
Does it come in other colors?,0
I’m interested in this item.,0
Where do you ship from?,0
Message me at user5372@example.com,1
Where do you ship from?,0
This looks good.,0
Where do you ship from?,0
How soon can I get it?,0
This looks good.,0
How soon can I get it?,0
Does it come in other colors?,0
What are the dimensions?,0
What are the dimensions?,0
This looks good.,0
Does it come in other colors?,0
Where do you ship from?,0
Does it come in other colors?,0
What’s the price?,0
Can you show more photos?,0
What’s the price?,0
Message via email: eve5@mail.com,1
Can you show more photos?,0
What are the dimensions?,0
I’m interested in this item.,0
Let's connect on LinkedIn: linkedin.com/in/best_pizza,1
Can you show more photos?,0
Can you show more photos?,0
How soon can I get it?,0
I’m interested in this item.,0
I’m interested in this item.,0
Where do you ship from?,0
Does it come in other colors?,0
Text me at 8485930762,1
Where do you ship from?,0
What’s the price?,0
Nice product!,0
Can you show more photos?,0
Can you show more photos?,0
Nice product!,0
How soon can I get it?,0
This looks good.,0
Where do you ship from?,0
Do you have it in stock?,0
Can you show more photos?,0
Where do you ship from?,0
I’m interested in this item.,0
Where do you ship from?,0
Email me at david13@test.org,1
Do you have it in stock?,0
Do you have it in stock?,0
Do you have it in stock?,0
What’s the price?,0
I’m interested in this item.,0
Can you share your phone number so I can send you details?,1
I’m interested in this item.,0
Does it come in other colors?,0
What are the dimensions?,0
get in touch @ user1069@example.com,1
What are the dimensions?,0
"Email is user3865@example.com, reach out anytime.",1
Message me on Snapchat: coolguy42,1
How soon can I get it?,0
I’m interested in this item.,0
Does it come in other colors?,0
Contact me via Telegram: @shop_owner,1
Nice product!,0
You can reach me at +1-320-975-6616,1
How soon can I get it?,0
Let's connect on LinkedIn: linkedin.com/in/best_pizza,1
How soon can I get it?,0
Where do you ship from?,0
Do you have it in stock?,0
Can you show more photos?,0
This looks good.,0
Where do you ship from?,0
Nice product!,0
This looks good.,0
Nice product!,0
Do you have it in stock?,0
Message me on Snapchat: designer123,1
What are the dimensions?,0
I’m interested in this item.,0
Does it come in other colors?,0
Do you have it in stock?,0
Where do you ship from?,0
How soon can I get it?,0
Do you have it in stock?,0
What are the dimensions?,0
Can you show more photos?,0
How soon can I get it?,0
This looks good.,0
Nice product!,0
Does it come in other colors?,0
Connect on LinkedIn (linkedin.com/in/coolcat96),1
Email me at grace89@mail.com,1
Do you have it in stock?,0
Contact: +1-104-986-1266,1
reach at t w o o o @example.com,1
What’s the price?,0
I’m interested in this item.,0
Nice product!,0
I’m interested in this item.,0
Can you show more photos?,0
c   o   n   t   a   c   t   m   e   + 1   0 9 7   6 3 6   3 1 2 6,1
Where do you ship from?,0
Can you show more photos?,0
What are the dimensions?,0
Follow me on Instagram @shop_owner and DM.,1
This looks good.,0
Do you have it in stock?,0
Can you show more photos?,0
Send me a DM on Facebook: facebook.com/shopper99,1
Does it come in other colors?,0
Nice product!,0
How soon can I get it?,0
Nice product!,0
Does it come in other colors?,0
Message me on Snapchat: john_doe,1
What are the dimensions?,0
I’m interested in this item.,0
This looks good.,0
Ping me on Telegram: @david755,1
Where do you ship from?,0
Can you show more photos?,0
Can you show more photos?,0
My Snapchat is judy686,1
c o n t a c t : +1-753-768-8849,1
I’m interested in this item.,0
Where do you ship from?,0
I’m interested in this item.,0
What are the dimensions?,0
Nice product!,0
I’m interested in this item.,0
What are the dimensions?,0
How soon can I get it?,0
I’m interested in this item.,0
t e l : +1-209-408-4352,1
Does it come in other colors?,0
What are the dimensions?,0
Nice product!,0
What’s the price?,0
Can you show more photos?,0
I’m interested in this item.,0
reach at t w o o o @example.com,1
What are the dimensions?,0
This looks good.,0
Add me on WhatsApp: 555-181-1159,1
Can you show more photos?,0
This looks good.,0
Does it come in other colors?,0
Reach me at (909) 135-4501,1
Can you show more photos?,0
You can reach me at +1-969-503-6866,1
What are the dimensions?,0
Does it come in other colors?,0
I’m interested in this item.,0
What’s the price?,0
Can you show more photos?,0
What are the dimensions?,0
Do you have it in stock?,0
C a l l   m e :   6 4 0 8 2 8 7 1 7 4,1
What are the dimensions?,0
Do you have it in stock?,0
Does it come in other colors?,0
Can you show more photos?,0
Add me on WhatsApp: 3100793171,1
Where do you ship from?,0
Do you have it in stock?,0
Where do you ship from?,0
What’s the price?,0
Here is my email: user8544@example.com,1
Can you show more photos?,0
e m a i l m e @ user1701@example.com,1
How soon can I get it?,0
How soon can I get it?,0
Email me at user3516@example.com,1
This looks good.,0
Can you show more photos?,0
This looks good.,0
This looks good.,0
Do you have it in stock?,0
WhatsApp me at +1-555-692-9106,1
Contact me via Telegram: @best_pizza,1
This looks good.,0
Does it come in other colors?,0
I’m interested in this item.,0
How soon can I get it?,0
What’s the price?,0
Can you show more photos?,0
Message me on Signal: 893-038-9691,1
Nice product!,0
find me at user290@example.com 😉,1
Do you have it in stock?,0
Can you show more photos?,0
Does it come in other colors?,0
This looks good.,0
reach at t w o o o @example.com,1
my digits: +1-226-240-8637,1
This looks good.,0
Can you show more photos?,0
Let's connect on LinkedIn: https://linkedin.com/in/david501,1
Does it come in other colors?,0
I’m interested in this item.,0
Add me on WhatsApp: 555-427-7470,1
How soon can I get it?,0
What are the dimensions?,0
Can you show more photos?,0
Add me on WhatsApp: 555-823-1722,1
Contact via email: judy8@example.com,1
Do you have it in stock?,0
This looks good.,0
📧 user4460@example.com,1
Add me on WhatsApp: (970) 929-8015,1
Does it come in other colors?,0
What’s the price?,0
Does it come in other colors?,0
I’m interested in this item.,0
Can you show more photos?,0
Where do you ship from?,0
Nice product!,0
My Snapchat is heidi840,1
What’s the price?,0
How soon can I get it?,0
Nice product!,0
c   o   n   t   a   c   t   m   e   + 1   0 6 2   3 0 7   7 0 8 5,1
Do you have it in stock?,0
Where do you ship from?,0
I’m interested in this item.,0
WhatsApp me at +1-555-851-5370,1
C a l l   m e :   + 1   3 1 2   2 9 6   0 4 0 7,1
C o n t a c t :   + 1   9 9 4   8 8 5   6 2 5 2,1
find me at user6214@example.com 😉,1
Nice product!,0
Where do you ship from?,0
This looks good.,0
Do you have it in stock?,0
This looks good.,0
I’m interested in this item.,0
What are the dimensions?,0
Message me at user1025@example.com,1
Contact me on Skype: alice649,1
Message me on Snapchat: shop_owner,1
How soon can I get it?,0
I’m interested in this item.,0
What are the dimensions?,0
Text me at 555-641-2631 for more info.,1
telegram: t dot me slash shopper984,1
telegram: t dot me slash coolcat540,1
This looks good.,0
Can you show more photos?,0
How soon can I get it?,0
Here is my email: user5136@example.com,1
What are the dimensions?,0
Nice product!,0
C o n t a c t :   + 1   5 7 4   3 8 9   4 0 4 9,1
How soon can I get it?,0
"Email is user1596@example.com, reach out anytime.",1
How soon can I get it?,0
This looks good.,0
How soon can I get it?,0
Do you have it in stock?,0
Does it come in other colors?,0
Do you have it in stock?,0
Nice product!,0
What’s the price?,0
Can you show more photos?,0
Nice product!,0
Nice product!,0
How soon can I get it?,0
How soon can I get it?,0
Can you show more photos?,0
I’m interested in this item.,0
Can you show more photos?,0
How soon can I get it?,0
How soon can I get it?,0
DM me on Facebook: facebook.com/devguy681,1
Does it come in other colors?,0
Nice product!,0
Contact me via Telegram: @coolguy42,1
Do you have it in stock?,0
Do you have it in stock?,0
What’s the price?,0
Does it come in other colors?,0
Follow me on Twitter: @bob376,1
Where do you ship from?,0
Does it come in other colors?,0
This looks good.,0
Can you show more photos?,0
Where do you ship from?,0
Let's connect on LinkedIn: https://linkedin.com/in/david216,1
Nice product!,0
reach at t w o o o @example.com,1
Does it come in other colors?,0
You can reach me at 555-748-6624,1
What’s the price?,0
What are the dimensions?,0
This looks good.,0
Facebook me at 2176037697,1
Can you show more photos?,0
Does it come in other colors?,0
What’s the price?,0
Do you have it in stock?,0
This looks good.,0
What’s the price?,0
Ping me on Telegram: @david513,1
Where do you ship from?,0
Can you show more photos?,0
Does it come in other colors?,0
Can you show more photos?,0
Hit me up on WhatsApp at 555-227-4723,1
e m a i l m e @ user74@example.com,1
This looks good.,0
wanna chat? +1-982-701-4907,1
I’m interested in this item.,0
Nice product!,0
I’m interested in this item.,0
What are the dimensions?,0
Does it come in other colors?,0
What’s the price?,0
What are the dimensions?,0
Ping me on Telegram: @david277,1
Nice product!,0
Does it come in other colors?,0
Let's connect on LinkedIn: https://linkedin.com/in/eve185,1
Do you have it in stock?,0
Call me at +1 162 272 8677,1
Can you show more photos?,0
Nice product!,0
What are the dimensions?,0
This looks good.,0
C a l l   m e :   ( 9 0 8 )   6 6 0 - 1 9 1 4,1
Add me on WhatsApp: 555-474-8940,1
This looks good.,0
My Snapchat is ivan940,1
Nice product!,0
Nice product!,0
How soon can I get it?,0
Nice product!,0
This looks good.,0
Where do you ship from?,0
Do you have it in stock?,0
My WeChat ID is coolguy42,1
What are the dimensions?,0
Mail me: frank41@email.net,1
Add me on Facebook (facebook.com/shop_owner),1
Where do you ship from?,0
Text me at +1-494-172-7946,1
How soon can I get it?,0
Where do you ship from?,0
Message via email: charlie24@email.net,1
Contact me via Telegram: @jane.smith,1
How soon can I get it?,0
Message me on Signal: +1 375 250 1969,1
reach at t w o o o @example.com,1
How soon can I get it?,0
Where do you ship from?,0
Does it come in other colors?,0
Nice product!,0
Do you have it in stock?,0
Do you have it in stock?,0
I’m interested in this item.,0
I’m interested in this item.,0
How soon can I get it?,0
This looks good.,0
What’s the price?,0
Mail me: frank62@email.net,1
Can you show more photos?,0
Do you have it in stock?,0
I’m interested in this item.,0
What’s the price?,0
Can you show more photos?,0
Can you show more photos?,0
What are the dimensions?,0
What’s the price?,0
This looks good.,0
Follow me on Twitter: @alice505,1
Connect on LinkedIn (linkedin.com/in/fashioneer),1
This looks good.,0
This looks good.,0
Hit me up on WhatsApp at +1-491-435-3352,1
Can I have your email address?,1
What’s the price?,0
Can you show more photos?,0
Can you show more photos?,0
Add me on WhatsApp: 555-473-4410,1
What’s the price?,0
I’m interested in this item.,0
Nice product!,0
Nice product!,0
Can you show more photos?,0
Email me at user6665@example.com,1
My Snapchat is heidi545,1
Where do you ship from?,0
What’s the price?,0
How soon can I get it?,0
What’s the price?,0
Does it come in other colors?,0
Contact me on Skype: david720,1
Do you have it in stock?,0
This looks good.,0
I’m interested in this item.,0
Can you show more photos?,0
What’s the price?,0
Can you show more photos?,0
Can you show more photos?,0
Nice product!,0
What are the dimensions?,0
This looks good.,0
Text me at +1 383 041 2737,1
How soon can I get it?,0
Do you have it in stock?,0
Where do you ship from?,0
Can you show more photos?,0
Where do you ship from?,0
How soon can I get it?,0
Where do you ship from?,0
What are the dimensions?,0
What are the dimensions?,0
What’s the price?,0
Does it come in other colors?,0
What’s the price?,0
What’s the price?,0
I’m interested in this item.,0
Where do you ship from?,0
What’s the price?,0
What are the dimensions?,0
Nice product!,0
Do you have it in stock?,0
"Email is user4319@example.com, reach out anytime.",1
wanna chat? +1-808-681-1622,1
Can you show more photos?,0
Where do you ship from?,0
Let's connect on LinkedIn: linkedin.com/in/fashioneer,1
How soon can I get it?,0
What’s the price?,0
Do you have it in stock?,0
C o n t a c t :   3 9 4 - 9 3 5 - 3 1 4 6,1
Hit me up on WhatsApp at 555-772-7569,1
What’s the price?,0
my digits: +1-409-337-6205,1
Nice product!,0
I’m interested in this item.,0
hmu @ devguy509,1
Let's connect on LinkedIn: https://linkedin.com/in/frank560,1
Where do you ship from?,0
What’s the price?,0
Do you have it in stock?,0
Call me at 296-956-6765,1
Can you show more photos?,0
you can DM me at fashionista221 on Insta,1
Where do you ship from?,0
I’m interested in this item.,0
Can you show more photos?,0
Nice product!,0
How soon can I get it?,0
Hit me up on WhatsApp at +1-584-931-8685,1
e m a i l m e @ user1331@example.com,1
Can you show more photos?,0
Nice product!,0
Do you have it in stock?,0
Here's my email: user2177@example.com,1
What are the dimensions?,0
What’s the price?,0
Send me a DM on Facebook: facebook.com/jane.smith,1
e m a i l m e @ user1582@example.com,1
Can you show more photos?,0
Nice product!,0
How soon can I get it?,0
Where do you ship from?,0
How soon can I get it?,0
This looks good.,0
Where do you ship from?,0
Let's connect on LinkedIn: linkedin.com/in/fashioneer,1
find me at user8843@example.com 😉,1
Can you show more photos?,0
My number is (967) 266-3709,1
Where do you ship from?,0
C a l l   m e :   ( 4 1 6 )   5 1 8 - 0 3 6 9,1
Message me on Snapchat: john_doe,1
Where do you ship from?,0
Do you have it in stock?,0
This looks good.,0
Where do you ship from?,0
What are the dimensions?,0
What’s the price?,0
h e i d i 2 1 @ m a i l . c o m,1
Where do you ship from?,0
I’m interested in this item.,0
I’m interested in this item.,0
Nice product!,0
Can you show more photos?,0
How soon can I get it?,0
Can you show more photos?,0
Does it come in other colors?,0
Does it come in other colors?,0
📱 +1-280-180-9084,1
What’s the price?,0
This looks good.,0
📧 user1473@example.com,1
Do you have it in stock?,0
Do you have it in stock?,0
Call me at 066-712-4919,1
Nice product!,0
Let's connect on LinkedIn: https://linkedin.com/in/frank378,1
Can you show more photos?,0
Can you share your phone number so I can send you details?,1
Can you show more photos?,0
Where do you ship from?,0
Where do you ship from?,0
Email me at heidi97@test.org,1
What’s the price?,0
Nice product!,0
I’m interested in this item.,0
Ping me on Telegram: @frank997,1
Does it come in other colors?,0
Nice product!,0
Nice product!,0
Nice product!,0
Do you have it in stock?,0
Do you have it in stock?,0
Hit me up on WhatsApp at 555-576-3782,1
What’s the price?,0
This looks good.,0
Mail me: heidi55@email.net,1
Do you have it in stock?,0
Can you show more photos?,0
What are the dimensions?,0
Can you show more photos?,0
What’s the price?,0
How soon can I get it?,0
Where do you ship from?,0
Connect on LinkedIn (linkedin.com/in/fashionista294),1
Where do you ship from?,0
You can reach me at 555-243-8207,1
What are the dimensions?,0
"Email is user1889@example.com, reach out anytime.",1
This looks good.,0
What’s the price?,0
Where do you ship from?,0
Nice product!,0
What’s the price?,0
Can you show more photos?,0
h e i d i 8 @ e x a m p l e . c o m,1
Does it come in other colors?,0
This looks good.,0
This looks good.,0
I’m interested in this item.,0
Can you show more photos?,0
This looks good.,0
Find me on Facebook: https://facebook.com/ivan795,1
What are the dimensions?,0
Can you show more photos?,0
What are the dimensions?,0
What are the dimensions?,0
Nice product!,0
What are the dimensions?,0
Does it come in other colors?,0
Connect on LinkedIn (linkedin.com/in/shopper99),1
What’s the price?,0
Do you have it in stock?,0
Can you show more photos?,0
Can you show more photos?,0
Nice product!,0
How soon can I get it?,0
Do you have it in stock?,0
What are the dimensions?,0
I’m interested in this item.,0
Where do you ship from?,0
How soon can I get it?,0
How soon can I get it?,0
Nice product!,0
What’s the price?,0
What are the dimensions?,0
This looks good.,0
How soon can I get it?,0
Where do you ship from?,0
Email me at bob51@example.com,1
Connect on LinkedIn (linkedin.com/in/fashionguru),1
What are the dimensions?,0
How soon can I get it?,0
What’s the price?,0
Do you have it in stock?,0
Can you share your phone number so I can send you details?,1
What’s the price?,0
What’s the price?,0
This looks good.,0
Do you have it in stock?,0
What’s the price?,0
Does it come in other colors?,0
I’m interested in this item.,0
What are the dimensions?,0
Can you show more photos?,0
Do you have it in stock?,0
Can you show more photos?,0
Where do you ship from?,0
Where do you ship from?,0
You can reach me at +1-169-769-8465,1
How soon can I get it?,0
I’m interested in this item.,0
Where do you ship from?,0
What’s the price?,0
Does it come in other colors?,0
I’m interested in this item.,0
What’s the price?,0
Let's connect on LinkedIn: https://linkedin.com/in/charlie660,1
This looks good.,0
Can you show more photos?,0
What’s the price?,0
Do you have it in stock?,0
Where do you ship from?,0
How soon can I get it?,0
Do you have it in stock?,0
Does it come in other colors?,0
Nice product!,0
This looks good.,0
Reach out on WhatsApp at +1-577-972-7247,1
What are the dimensions?,0
Nice product!,0
Can you show more photos?,0
Can you show more photos?,0
Can you show more photos?,0
What’s the price?,0
Where do you ship from?,0
Do you have it in stock?,0
WhatsApp me at +1-555-140-2593,1
Where do you ship from?,0
What’s the price?,0
What are the dimensions?,0
What’s the price?,0
My TikTok: @judy326,1
Call me at 772-296-2345,1
Can you show more photos?,0
Where do you ship from?,0
How soon can I get it?,0
This looks good.,0
I’m interested in this item.,0
Does it come in other colors?,0
Where do you ship from?,0
Can you show more photos?,0
How soon can I get it?,0
I’m interested in this item.,0
This looks good.,0
Can you show more photos?,0
What are the dimensions?,0
Does it come in other colors?,0
hmu @ coolcat224,1
Please email me at user8687@example.com,1
Where do you ship from?,0
How soon can I get it?,0
Where do you ship from?,0
I’m interested in this item.,0
Nice product!,0
Does it come in other colors?,0
This looks good.,0
What are the dimensions?,0
Does it come in other colors?,0
My number is +1 223 669 4059,1
What are the dimensions?,0
Where do you ship from?,0
Send me a DM on Facebook: facebook.com/shop_owner,1
How soon can I get it?,0
What are the dimensions?,0
Add me on WhatsApp: 555-518-2933,1
Where do you ship from?,0
Does it come in other colors?,0
Where do you ship from?,0
How soon can I get it?,0
DM me on Instagram @tech_lead,1
Can you show more photos?,0
Where do you ship from?,0
You can reach me at 555-877-6004,1
This looks good.,0
How soon can I get it?,0
Do you have it in stock?,0
What are the dimensions?,0
Can you show more photos?,0
How soon can I get it?,0
I’m interested in this item.,0
Send me a DM on Facebook: facebook.com/fashionguru,1
Does it come in other colors?,0
What are the dimensions?,0
How soon can I get it?,0
How soon can I get it?,0
Can you show more photos?,0
What’s the price?,0
Do you have it in stock?,0
Add me on WhatsApp: 555-133-3351,1
Does it come in other colors?,0
What’s the price?,0
Nice product!,0
Does it come in other colors?,0
Can you show more photos?,0
What’s the price?,0
How soon can I get it?,0
Let's connect on LinkedIn: https://linkedin.com/in/grace399,1
Does it come in other colors?,0
What’s the price?,0
What are the dimensions?,0
My Snapchat is eve770,1
Does it come in other colors?,0
Nice product!,0
Where do you ship from?,0
Contact: +1-974-246-1734,1
Nice product!,0
This looks good.,0
What are the dimensions?,0
Nice product!,0
I’m interested in this item.,0
What are the dimensions?,0
Can you show more photos?,0
Where do you ship from?,0
my email id is user2382@example.com,1
What’s the price?,0
Can you show more photos?,0
What are the dimensions?,0
you can DM me at coolcat708 on Insta,1
Can you show more photos?,0
Where do you ship from?,0
Can you show more photos?,0
Do you have it in stock?,0
How soon can I get it?,0
My Snapchat is judy531,1
Nice product!,0
How soon can I get it?,0
Can you show more photos?,0
What’s the price?,0
Do you have it in stock?,0
I’m interested in this item.,0
What are the dimensions?,0
What’s the price?,0
This looks good.,0
I’m interested in this item.,0
Nice product!,0
How soon can I get it?,0
Where do you ship from?,0
What’s the price?,0
Can you show more photos?,0
Nice product!,0
What are the dimensions?,0
Can you show more photos?,0
I’m interested in this item.,0
WhatsApp me at +1-555-335-2646,1
You can reach me at 555-930-2553,1
Nice product!,0
Do you have it in stock?,0
This looks good.,0
Do you have it in stock?,0
Where do you ship from?,0
How soon can I get it?,0
This looks good.,0
Where do you ship from?,0
Does it come in other colors?,0
I’m interested in this item.,0
How soon can I get it?,0
Please email me at user9598@example.com,1
Nice product!,0
I’m interested in this item.,0
Message me at user9037@example.com,1
How soon can I get it?,0
Does it come in other colors?,0
Where do you ship from?,0
I’m interested in this item.,0
Where do you ship from?,0
What’s the price?,0
Does it come in other colors?,0
What are the dimensions?,0
Where do you ship from?,0
Nice product!,0
How soon can I get it?,0
Does it come in other colors?,0
DM me on Instagram @tech_lead,1
What are the dimensions?,0
my email id is user2528@example.com,1
Where do you ship from?,0
What’s the price?,0
Here's my email: user1914@example.com,1
What’s the price?,0
"My contact is 555-665-7947, call me.",1
Where do you ship from?,0
Does it come in other colors?,0
Text me at 0829220903,1
I’m interested in this item.,0
Does it come in other colors?,0
What’s the price?,0
Where do you ship from?,0
Can you show more photos?,0
I’m interested in this item.,0
Where do you ship from?,0
my email id is user3893@example.com,1
Add me on WhatsApp: +1 425 325 5989,1
What are the dimensions?,0
How soon can I get it?,0
Where do you ship from?,0
Can you show more photos?,0
Nice product!,0
telegram: t dot me slash fashionista538,1
How soon can I get it?,0
Send me a DM on Facebook: facebook.com/fashioneer,1
Nice product!,0
Add me on Facebook (facebook.com/fashioneer),1
This looks good.,0
Can you show more photos?,0
What are the dimensions?,0
How soon can I get it?,0
Can you show more photos?,0
This looks good.,0
Where do you ship from?,0
"Email is user4318@example.com, reach out anytime.",1
Where do you ship from?,0
LinkedIn me at (199) 253-1607,1
Does it come in other colors?,0
My number is (782) 476-3947,1
Does it come in other colors?,0
I’m interested in this item.,0
Does it come in other colors?,0
Does it come in other colors?,0
I’m interested in this item.,0
Nice product!,0
Can you show more photos?,0
Can you show more photos?,0
Can you show more photos?,0
Nice product!,0
What are the dimensions?,0
Do you have it in stock?,0
This looks good.,0
Can you show more photos?,0
Do you have it in stock?,0
This looks good.,0
I’m interested in this item.,0
Can you show more photos?,0
How soon can I get it?,0
What’s the price?,0
What’s the price?,0
You can reach me at 555-467-3667,1
Does it come in other colors?,0
You can reach me at 555-536-1238,1
Do you have it in stock?,0
Can you show more photos?,0
How soon can I get it?,0
Do you have it in stock?,0
Can you show more photos?,0
Can you show more photos?,0
Add me on WhatsApp: 423-899-7163,1
Do you have it in stock?,0
I’m interested in this item.,0
Nice product!,0
Text me at +1-666-540-8194,1
Do you have it in stock?,0
Does it come in other colors?,0
I’m interested in this item.,0
This looks good.,0
Email me at david6@test.org,1
Nice product!,0
Where do you ship from?,0
Nice product!,0
Do you have it in stock?,0
Hit me up on WhatsApp at 555-455-5847,1
c o n t a c t : +1-152-177-9494,1
Can you share your phone number so I can send you details?,1
Can you show more photos?,0
This looks good.,0
Do you have it in stock?,0
What’s the price?,0
Can you show more photos?,0
Let's connect on LinkedIn: linkedin.com/in/jane.smith,1
Do you have it in stock?,0
Instagram me at +1 380 513 1783,1
How soon can I get it?,0
Do you have it in stock?,0
Where do you ship from?,0
I’m interested in this item.,0
Hit me up on WhatsApp at 555-491-4354,1
How soon can I get it?,0
Do you have it in stock?,0
I’m interested in this item.,0
my email id is user3180@example.com,1
TikTok me at +1 638 272 0756,1
Where do you ship from?,0
Here's my email: user5133@example.com,1
Do you have it in stock?,0
I’m interested in this item.,0
Does it come in other colors?,0
Nice product!,0
Do you have it in stock?,0
message me via g m a i l at user984@example.com,1
Nice product!,0
📧 user2082@example.com,1
My number is (861) 254-2095,1
Can you show more photos?,0
How soon can I get it?,0
What are the dimensions?,0
My WeChat ID is john_doe,1
What are the dimensions?,0
I’m interested in this item.,0
What are the dimensions?,0
Nice product!,0
Does it come in other colors?,0
Ping me on Telegram: @charlie74,1
This looks good.,0
I’m interested in this item.,0
What’s the price?,0
Contact: +1-697-190-2898,1
Nice product!,0
This looks good.,0
Connect on LinkedIn (linkedin.com/in/devguy30),1
Where do you ship from?,0
What’s the price?,0
Can you show more photos?,0
Can you show more photos?,0
Call me at (459) 998-9911,1
What’s the price?,0
Where do you ship from?,0
Follow me on Twitter: @frank176,1
Nice product!,0
I’m interested in this item.,0
Can you show more photos?,0
Where do you ship from?,0
Hit me up on WhatsApp at 555-167-9458,1
I’m interested in this item.,0
Can you show more photos?,0
Reach me at 246-565-7234,1
Where do you ship from?,0
📧 user9796@example.com,1
Does it come in other colors?,0
my email id is user3292@example.com,1
Do you have it in stock?,0
This looks good.,0
I’m interested in this item.,0
Mail me: eve32@email.net,1
Where do you ship from?,0
Where do you ship from?,0
e m a i l m e @ user4597@example.com,1
Do you have it in stock?,0
e m a i l m e @ user6345@example.com,1
This looks good.,0
What’s the price?,0
Connect on LinkedIn (linkedin.com/in/designer123),1
Do you have it in stock?,0
Do you have it in stock?,0
I’m interested in this item.,0
How soon can I get it?,0
Message me on Snapchat: shop_owner,1
Nice product!,0
Nice product!,0
I’m interested in this item.,0
What’s the price?,0
Nice product!,0
Where do you ship from?,0
What are the dimensions?,0
Please email me at user8188@example.com,1
What’s the price?,0
Do you have it in stock?,0
What’s the price?,0
Where do you ship from?,0
This looks good.,0
Nice product!,0
Nice product!,0
Where do you ship from?,0
Does it come in other colors?,0
My WeChat ID is fashionguru,1
Text me at 555-338-5194 for more info.,1
What are the dimensions?,0
I’m interested in this item.,0
I’m interested in this item.,0
I’m interested in this item.,0
message me via g m a i l at user6095@example.com,1
Nice product!,0
Text me at 585-249-9500,1
This looks good.,0
What are the dimensions?,0
Text me at +1-164-519-5001,1
How soon can I get it?,0
Nice product!,0
Nice product!,0
What’s the price?,0
This looks good.,0
Nice product!,0
Does it come in other colors?,0
What are the dimensions?,0
Do you have it in stock?,0
Do you have it in stock?,0
What’s the price?,0
This looks good.,0
Where do you ship from?,0
I’m interested in this item.,0
What’s the price?,0
What’s the price?,0
I’m interested in this item.,0
Do you have it in stock?,0
How soon can I get it?,0
Do you have it in stock?,0
What’s the price?,0
Nice product!,0
Can you show more photos?,0
What’s the price?,0
Does it come in other colors?,0
Ping me on Telegram: @david332,1
Where do you ship from?,0
Can you show more photos?,0
What are the dimensions?,0
Mail me: david95@email.net,1
What’s the price?,0
What’s the price?,0
Do you have it in stock?,0
Do you have it in stock?,0
What are the dimensions?,0
Can you show more photos?,0
Connect on LinkedIn (linkedin.com/in/shopper99),1
How soon can I get it?,0
This looks good.,0
fb.com/fashionista889,1
Nice product!,0
What are the dimensions?,0
Nice product!,0
I’m interested in this item.,0
Where do you ship from?,0
What are the dimensions?,0
Nice product!,0
Nice product!,0
Does it come in other colors?,0
This looks good.,0
Reach me at (590) 240-5667,1
What are the dimensions?,0
What’s the price?,0
Can you share your phone number so I can send you details?,1
DM me on Instagram @designer123,1
Does it come in other colors?,0
Nice product!,0
Does it come in other colors?,0
Nice product!,0
Do you have it in stock?,0
How soon can I get it?,0
What are the dimensions?,0
You can reach me at 555-688-9068,1
I’m interested in this item.,0
Nice product!,0
Do you have it in stock?,0
Do you have it in stock?,0
Does it come in other colors?,0
What’s the price?,0
What are the dimensions?,0
DM me on Instagram @designer123,1
Text me at +1-617-538-9197,1
Message me on Signal: 367-293-5417,1
DM me on Facebook: facebook.com/fashionista86,1
What are the dimensions?,0
How soon can I get it?,0
This looks good.,0
Nice product!,0
How soon can I get it?,0
What are the dimensions?,0
Message me on Signal: (369) 076-2630,1
What are the dimensions?,0
Do you have it in stock?,0
Nice product!,0
Can you show more photos?,0
Find me on Facebook: https://facebook.com/ivan461,1
Where do you ship from?,0
get in touch @ user1488@example.com,1
Does it come in other colors?,0
This looks good.,0
I’m interested in this item.,0
How soon can I get it?,0
What are the dimensions?,0
Message me on Snapchat: jane.smith,1
What’s the price?,0
Nice product!,0
Where do you ship from?,0
find me at user8722@example.com 😉,1
Nice product!,0
Nice product!,0
Does it come in other colors?,0
Nice product!,0
I’m interested in this item.,0
Does it come in other colors?,0
What are the dimensions?,0
Add me on Facebook (facebook.com/john_doe),1
Where do you ship from?,0
Nice product!,0
This looks good.,0
How soon can I get it?,0
What’s the price?,0
Does it come in other colors?,0
Do you have it in stock?,0
This looks good.,0
This looks good.,0
Do you have it in stock?,0
Can you show more photos?,0
Where do you ship from?,0
What are the dimensions?,0
Do you have it in stock?,0
"My contact is 555-815-7452, call me.",1
Can you show more photos?,0
How soon can I get it?,0
Do you have it in stock?,0
This looks good.,0
What’s the price?,0
Nice product!,0
How soon can I get it?,0
How soon can I get it?,0
I’m interested in this item.,0
DM me on Instagram @jane.smith,1
This looks good.,0
How soon can I get it?,0
This looks good.,0
What’s the price?,0
Does it come in other colors?,0
Does it come in other colors?,0
My TikTok: @bob599,1
hmu @ coolcat991,1
Does it come in other colors?,0
Can you show more photos?,0
I’m interested in this item.,0
Does it come in other colors?,0
Do you have it in stock?,0
Does it come in other colors?,0
Nice product!,0
What’s the price?,0
Does it come in other colors?,0
Can you show more photos?,0
I’m interested in this item.,0
What’s the price?,0
I’m interested in this item.,0
How soon can I get it?,0
"Email is user8840@example.com, reach out anytime.",1
Does it come in other colors?,0
I’m interested in this item.,0
Nice product!,0
How soon can I get it?,0
Reach me at 875-435-2774,1
Nice product!,0
How soon can I get it?,0
Do you have it in stock?,0
Where do you ship from?,0
Connect on LinkedIn (linkedin.com/in/devguy488),1
Where do you ship from?,0
I’m interested in this item.,0
I’m interested in this item.,0
snap me at s-n-a-p devguy232,1
What’s the price?,0
What’s the price?,0
How soon can I get it?,0
Can you show more photos?,0
How soon can I get it?,0
What are the dimensions?,0
Where do you ship from?,0
My number is +1 183 609 1019,1
This looks good.,0
I’m interested in this item.,0
How soon can I get it?,0
Where do you ship from?,0
How soon can I get it?,0
How soon can I get it?,0
Does it come in other colors?,0
"Email is user9904@example.com, reach out anytime.",1
Call me at (853) 184-5961,1
Here is my email: user1884@example.com,1
This looks good.,0
This looks good.,0
Let's connect on LinkedIn: linkedin.com/in/best_pizza,1
Do you have it in stock?,0
This looks good.,0
Can you show more photos?,0
WhatsApp me at (155) 213-0772,1
wanna chat? +1-563-987-8627,1
Nice product!,0
What’s the price?,0
What’s the price?,0
message me via g m a i l at user3126@example.com,1
I’m interested in this item.,0
Let's connect on LinkedIn: linkedin.com/in/john_doe,1
Email me at david76@email.net,1
DM me on Instagram @designer123,1
What’s the price?,0
reach at t w o o o @example.com,1
Does it come in other colors?,0
Can you show more photos?,0
e m a i l m e @ user7782@example.com,1
"Email is user3096@example.com, reach out anytime.",1
Follow me on Instagram @shop_owner and DM.,1
What’s the price?,0
Can you show more photos?,0
What’s the price?,0
How soon can I get it?,0
Follow me on Instagram @tech_lead and DM.,1
"My contact is 555-526-3319, call me.",1
This looks good.,0
find me at user2209@example.com 😉,1
Does it come in other colors?,0
Do you have it in stock?,0
What’s the price?,0
reach at t w o o o @example.com,1
Where do you ship from?,0
Can you show more photos?,0
Nice product!,0
Where do you ship from?,0
What’s the price?,0
Can you show more photos?,0
Where do you ship from?,0
What’s the price?,0
What are the dimensions?,0
What are the dimensions?,0
What are the dimensions?,0
Where do you ship from?,0
I’m interested in this item.,0
I’m interested in this item.,0
Does it come in other colors?,0
Does it come in other colors?,0
What are the dimensions?,0
What’s the price?,0
This looks good.,0
Nice product!,0
What are the dimensions?,0
Text me at 555-501-2464 for more info.,1
Where do you ship from?,0
Where do you ship from?,0
Does it come in other colors?,0
Do you have it in stock?,0
Nice product!,0
Can you show more photos?,0
snap me at s-n-a-p fashionista362,1
Does it come in other colors?,0
Can you show more photos?,0
Find me on Facebook: https://facebook.com/grace95,1
What are the dimensions?,0
How soon can I get it?,0
What are the dimensions?,0
Do you have it in stock?,0
Nice product!,0
What are the dimensions?,0
What’s the price?,0
Contact: +1-382-484-1289,1
Where do you ship from?,0
This looks good.,0
How soon can I get it?,0
What are the dimensions?,0
How soon can I get it?,0
How soon can I get it?,0
What’s the price?,0
Add me on WhatsApp: 6733282135,1
Connect on LinkedIn (linkedin.com/in/coolcat58),1
Can you show more photos?,0
Where do you ship from?,0
Can you show more photos?,0
What’s the price?,0
I’m interested in this item.,0
I’m interested in this item.,0
Contact: +1-440-185-6217,1
I’m interested in this item.,0
Where do you ship from?,0
Does it come in other colors?,0
message me via g m a i l at user567@example.com,1
How soon can I get it?,0
This looks good.,0
fb.com/shopper628,1
I’m interested in this item.,0
Can you show more photos?,0
This looks good.,0
Do you have it in stock?,0
What’s the price?,0
Does it come in other colors?,0
Email me at ivan1@mail.com,1
I’m interested in this item.,0
Does it come in other colors?,0
I’m interested in this item.,0
What’s the price?,0
my email id is user6141@example.com,1
This looks good.,0
Does it come in other colors?,0
Where do you ship from?,0
DM me on Facebook: facebook.com/shopper928,1
My TikTok: @heidi377,1
Nice product!,0
What are the dimensions?,0
Text me at 555-373-8061 for more info.,1
What are the dimensions?,0
Does it come in other colors?,0
Nice product!,0
Contact me via Telegram: @shopper99,1
Does it come in other colors?,0
What are the dimensions?,0
Do you have it in stock?,0
This looks good.,0
Where do you ship from?,0
Text me at +1 241 461 0381,1
Can you show more photos?,0
I’m interested in this item.,0
Do you have it in stock?,0
Does it come in other colors?,0
What are the dimensions?,0
How soon can I get it?,0
This looks good.,0
Let's connect on LinkedIn: linkedin.com/in/jane.smith,1
Do you have it in stock?,0
Do you have it in stock?,0
Can you show more photos?,0
Can you show more photos?,0
Reach me at 783-214-8656,1
What’s the price?,0
Can you show more photos?,0
What are the dimensions?,0
Here's my email: user2259@example.com,1
Can you show more photos?,0
Can you show more photos?,0
What’s the price?,0
Where do you ship from?,0
What’s the price?,0
My Snapchat is david391,1
What’s the price?,0
Do you have it in stock?,0
What’s the price?,0
This looks good.,0
Where do you ship from?,0
Where do you ship from?,0
I’m interested in this item.,0
Can you show more photos?,0
I’m interested in this item.,0
This looks good.,0
Where do you ship from?,0
telegram: t dot me slash shopper450,1
C a l l   m e :   4 3 0 - 2 1 3 - 9 0 6 1,1
Contact via email: heidi66@example.com,1
How soon can I get it?,0
Nice product!,0
Can you show more photos?,0
Can you show more photos?,0
Reach me at 4875920133,1
Let's connect on LinkedIn: https://linkedin.com/in/alice527,1
What’s the price?,0
message me via g m a i l at user5864@example.com,1
How soon can I get it?,0
snap me at s-n-a-p fashionista883,1
I’m interested in this item.,0
How soon can I get it?,0
Snapchat me @ fashionista955,1
Where do you ship from?,0
Email me at user5124@example.com,1
Does it come in other colors?,0
Can I have your email address?,1
Do you have it in stock?,0
Where do you ship from?,0
You can reach me at +1-876-500-2437,1
Let's connect on LinkedIn: https://linkedin.com/in/frank505,1
Nice product!,0
Does it come in other colors?,0
Do you have it in stock?,0
Do you have it in stock?,0
Can you show more photos?,0
DM me on Facebook: facebook.com/fashionista400,1
Where do you ship from?,0
This looks good.,0
You can reach me at +1-361-272-7326,1
Can you show more photos?,0
Nice product!,0
This looks good.,0
This looks good.,0
Where do you ship from?,0
How soon can I get it?,0
How soon can I get it?,0
What’s the price?,0
Does it come in other colors?,0
Does it come in other colors?,0
Can you show more photos?,0
Nice product!,0
Nice product!,0
How soon can I get it?,0
I’m interested in this item.,0
Nice product!,0
This looks good.,0
Can you show more photos?,0
Do you have it in stock?,0
Do you have it in stock?,0
I’m interested in this item.,0
Do you have it in stock?,0
Hit me up on WhatsApp at 555-805-9245,1
I’m interested in this item.,0
Does it come in other colors?,0
How soon can I get it?,0
I’m interested in this item.,0
Hit me up on WhatsApp at 555-200-8994,1
Do you have it in stock?,0
Nice product!,0
This looks good.,0
Nice product!,0
Does it come in other colors?,0
Do you have it in stock?,0
Does it come in other colors?,0
Does it come in other colors?,0
Does it come in other colors?,0
Mail me: charlie20@mail.com,1
Where do you ship from?,0
Can you show more photos?,0
Where do you ship from?,0
What are the dimensions?,0
You can reach me at 555-876-9733,1
Here's my email: user1072@example.com,1
Do you have it in stock?,0
Ping me on Telegram: @frank988,1
What are the dimensions?,0
I’m interested in this item.,0
What are the dimensions?,0
Does it come in other colors?,0
Contact via email: charlie71@test.org,1
I’m interested in this item.,0
What’s the price?,0
Where do you ship from?,0
Where do you ship from?,0
My Snapchat is heidi696,1
Can you show more photos?,0
What are the dimensions?,0
Message via email: grace52@example.com,1
Message me on Snapchat: shopper99,1
Where do you ship from?,0
wanna chat? +1-282-849-8908,1
Does it come in other colors?,0
This looks good.,0
Can you show more photos?,0
Where do you ship from?,0
This looks good.,0
Nice product!,0
What are the dimensions?,0
Does it come in other colors?,0
C o n t a c t :   9 5 4 - 7 6 3 - 8 8 3 9,1
What are the dimensions?,0
Does it come in other colors?,0
Nice product!,0
I’m interested in this item.,0
Do you have it in stock?,0
reach at t w o o o @example.com,1
Nice product!,0
Reach me at (125) 728-5384,1
Can you show more photos?,0
What are the dimensions?,0
This looks good.,0
Nice product!,0
What are the dimensions?,0
Can you show more photos?,0
This looks good.,0
This looks good.,0
Where do you ship from?,0
How soon can I get it?,0
Where do you ship from?,0
Where do you ship from?,0
Where do you ship from?,0
e v e 3 5 @ t e s t . o r g,1
What are the dimensions?,0
Where do you ship from?,0
Add me on Facebook (facebook.com/designer123),1
Can you show more photos?,0
WhatsApp me at +1-555-463-9905,1
c   o   n   t   a   c   t   m   e   + 1   0 3 3   3 8 0   7 8 5 3,1
What’s the price?,0
Nice product!,0
This looks good.,0
This looks good.,0
How soon can I get it?,0
Do you have it in stock?,0
I’m interested in this item.,0
C o n t a c t :   ( 2 4 3 )   0 7 3 - 1 0 4 1,1
Nice product!,0
Where do you ship from?,0
Where do you ship from?,0
Nice product!,0
snap me at s-n-a-p coolcat103,1
What are the dimensions?,0
Snapchat me @ coolcat661,1
Where do you ship from?,0
What are the dimensions?,0
Can you show more photos?,0
Do you have it in stock?,0
Hit me up on WhatsApp at 555-756-2401,1
How soon can I get it?,0
Does it come in other colors?,0
Does it come in other colors?,0
Nice product!,0
What are the dimensions?,0
Where do you ship from?,0
Nice product!,0
Contact me via Telegram: @tech_lead,1
Does it come in other colors?,0
Nice product!,0
What are the dimensions?,0
Where do you ship from?,0
You can reach me at +1-718-648-8972,1
Does it come in other colors?,0
e m a i l m e @ user5716@example.com,1
What are the dimensions?,0
What’s the price?,0
How soon can I get it?,0
This looks good.,0
Telegram me at 3838745142,1
I’m interested in this item.,0
Nice product!,0
What’s the price?,0
Where do you ship from?,0
Can you show more photos?,0
C o n t a c t :   + 1   8 1 7   9 7 0   3 5 0 5,1
What’s the price?,0
Does it come in other colors?,0
Does it come in other colors?,0
This looks good.,0
WhatsApp me at +1-555-919-8916,1
Does it come in other colors?,0
DM me on Instagram: @david969,1
My TikTok: @charlie187,1
Do you have it in stock?,0
What are the dimensions?,0
Do you have it in stock?,0
This looks good.,0
What’s the price?,0
This looks good.,0
Do you have it in stock?,0
Does it come in other colors?,0
Add me on WhatsApp: 555-267-2269,1
Does it come in other colors?,0
Can you show more photos?,0
Can you share your phone number so I can send you details?,1
What are the dimensions?,0
📱 +1-392-178-6283,1
What are the dimensions?,0
What are the dimensions?,0
Does it come in other colors?,0
This looks good.,0
This looks good.,0
t e l : +1-277-888-8759,1
What are the dimensions?,0
Does it come in other colors?,0
What are the dimensions?,0
Can you show more photos?,0
I’m interested in this item.,0
I’m interested in this item.,0
Where do you ship from?,0
What’s the price?,0
I’m interested in this item.,0
Does it come in other colors?,0
Send me a DM on Facebook: facebook.com/shopper99,1
Where do you ship from?,0
What’s the price?,0
Do you have it in stock?,0
Nice product!,0
What’s the price?,0
Can you show more photos?,0
I’m interested in this item.,0
fb.com/devguy530,1
I’m interested in this item.,0
telegram: t dot me slash fashionista442,1
How soon can I get it?,0
What are the dimensions?,0
I’m interested in this item.,0
Nice product!,0
Does it come in other colors?,0
Do you have it in stock?,0
I’m interested in this item.,0
Message me at user9559@example.com,1
What are the dimensions?,0
fb.com/fashionista273,1
This looks good.,0
What are the dimensions?,0
Nice product!,0
Nice product!,0
What are the dimensions?,0
Do you have it in stock?,0
Nice product!,0
How soon can I get it?,0
Do you have it in stock?,0
Does it come in other colors?,0
Nice product!,0
Can you show more photos?,0
Does it come in other colors?,0
How soon can I get it?,0
Connect on LinkedIn (linkedin.com/in/fashionguru),1
This looks good.,0
This looks good.,0
What’s the price?,0
Reach me at +1 521 700 2446,1
Do you have it in stock?,0
Does it come in other colors?,0
What are the dimensions?,0
Nice product!,0
Do you have it in stock?,0
How soon can I get it?,0
Hit me up on WhatsApp at +1-813-985-9424,1
I’m interested in this item.,0
What are the dimensions?,0
This looks good.,0
What are the dimensions?,0
This looks good.,0
Do you have it in stock?,0
What’s the price?,0
you can DM me at devguy486 on Insta,1
Nice product!,0
Contact: +1-521-214-6528,1
What are the dimensions?,0
I’m interested in this item.,0
I’m interested in this item.,0
Connect on LinkedIn (linkedin.com/in/john_doe),1
You can reach me at 555-130-5171,1
Do you have it in stock?,0
This looks good.,0
Message me on Snapchat: tech_lead,1
What’s the price?,0
I’m interested in this item.,0
I’m interested in this item.,0
Do you have it in stock?,0
Contact via email: bob7@email.net,1
Does it come in other colors?,0
Can you share your phone number so I can send you details?,1
How soon can I get it?,0
Where do you ship from?,0
Nice product!,0
Message me at user9605@example.com,1
Add me on Facebook (facebook.com/shopper99),1
Nice product!,0
This looks good.,0
Let's connect on LinkedIn: linkedin.com/in/jane.smith,1
What are the dimensions?,0
Where do you ship from?,0
Do you have it in stock?,0
What are the dimensions?,0
What are the dimensions?,0
What’s the price?,0
What are the dimensions?,0
Nice product!,0
Where do you ship from?,0
Where do you ship from?,0
Nice product!,0
What are the dimensions?,0
"Email is user2385@example.com, reach out anytime.",1
Connect on LinkedIn (linkedin.com/in/tech_lead),1
This looks good.,0
Do you have it in stock?,0
Nice product!,0
Can you show more photos?,0
I’m interested in this item.,0
This looks good.,0
Can you show more photos?,0
snap me at s-n-a-p fashionista269,1
Does it come in other colors?,0
Can you show more photos?,0
Can you show more photos?,0
you can DM me at coolcat202 on Insta,1
Hit me up on WhatsApp at +1-499-298-7400,1
What’s the price?,0
📱 +1-711-821-6328,1
Where do you ship from?,0
What are the dimensions?,0
Can you show more photos?,0
What’s the price?,0
Nice product!,0
Add me on Facebook (facebook.com/designer123),1
Call me at (616) 884-6106,1
This looks good.,0
Nice product!,0
Find me on Facebook: https://facebook.com/grace418,1
How soon can I get it?,0
What’s the price?,0
What are the dimensions?,0
Do you have it in stock?,0
Does it come in other colors?,0
Can you show more photos?,0
What’s the price?,0
Nice product!,0
telegram: t dot me slash shopper838,1
This looks good.,0
Where do you ship from?,0
C a l l   m e :   + 1   9 3 0   8 7 2   7 4 6 7,1
Please email me at user8123@example.com,1
What’s the price?,0
What are the dimensions?,0
Nice product!,0
Nice product!,0
What’s the price?,0
This looks good.,0
How soon can I get it?,0
Do you have it in stock?,0
What’s the price?,0
my email id is user2576@example.com,1
What’s the price?,0
Can you show more photos?,0
Do you have it in stock?,0
get in touch @ user9739@example.com,1
Does it come in other colors?,0
wanna chat? +1-690-664-3343,1
Where do you ship from?,0
I’m interested in this item.,0
How soon can I get it?,0
Can you show more photos?,0
Nice product!,0
Where do you ship from?,0
This looks good.,0
This looks good.,0
This looks good.,0
What are the dimensions?,0
How soon can I get it?,0
Here is my email: user9690@example.com,1
Message via email: judy25@example.com,1
This looks good.,0
Can I have your email address?,1
What are the dimensions?,0
This looks good.,0
What’s the price?,0
Do you have it in stock?,0
What’s the price?,0
This looks good.,0
Can you show more photos?,0
Where do you ship from?,0
What’s the price?,0
How soon can I get it?,0
Ping me on Telegram: @bob372,1
How soon can I get it?,0
This looks good.,0
My number is 6584182964,1
Connect on LinkedIn (linkedin.com/in/tech_lead),1
Can you show more photos?,0
What’s the price?,0
DM me on Instagram: @heidi641,1
What are the dimensions?,0
Nice product!,0
Do you have it in stock?,0
What are the dimensions?,0
Where do you ship from?,0
Nice product!,0
I’m interested in this item.,0
Where do you ship from?,0
I’m interested in this item.,0
Nice product!,0
How soon can I get it?,0
Text me at (191) 070-9567,1
You can reach me at +1-484-714-3880,1
I’m interested in this item.,0
I’m interested in this item.,0
Where do you ship from?,0
Call me at +1 079 152 9497,1
Does it come in other colors?,0
c o n t a c t : +1-284-216-2285,1
Hit me up on WhatsApp at 555-738-3949,1
Does it come in other colors?,0
Do you have it in stock?,0
My WeChat ID is shop_owner,1
Reach me at 3474625194,1
What’s the price?,0
Does it come in other colors?,0
Can you show more photos?,0
Follow me on Instagram @john_doe and DM.,1
Does it come in other colors?,0
What are the dimensions?,0
Nice product!,0
What’s the price?,0
Do you have it in stock?,0
Does it come in other colors?,0
What are the dimensions?,0
I’m interested in this item.,0
How soon can I get it?,0
Does it come in other colors?,0
Email me at frank38@example.com,1
This looks good.,0
Nice product!,0
Nice product!,0
Nice product!,0
Where do you ship from?,0
Can you show more photos?,0
How soon can I get it?,0
How soon can I get it?,0
What’s the price?,0
How soon can I get it?,0
This looks good.,0
I’m interested in this item.,0
Can you share your phone number so I can send you details?,1
What’s the price?,0
Does it come in other colors?,0
Do you have it in stock?,0
📧 user1778@example.com,1
Does it come in other colors?,0
Do you have it in stock?,0
Nice product!,0
How soon can I get it?,0
Can you show more photos?,0
What’s the price?,0
What’s the price?,0
This looks good.,0
Hit me up on WhatsApp at 555-306-3106,1
I’m interested in this item.,0
Nice product!,0
Add me on WhatsApp: 555-640-5282,1
Does it come in other colors?,0
Does it come in other colors?,0
How soon can I get it?,0
Nice product!,0
My WeChat ID is jane.smith,1
Nice product!,0
Does it come in other colors?,0
Email me at bob57@mail.com,1
This looks good.,0
Can you show more photos?,0
Nice product!,0
What are the dimensions?,0
Does it come in other colors?,0
I’m interested in this item.,0
Here's my email: user7251@example.com,1
What’s the price?,0
Can you show more photos?,0
What’s the price?,0
This looks good.,0
This looks good.,0
What are the dimensions?,0
Can you show more photos?,0
My Snapchat is judy187,1
Can you show more photos?,0
What are the dimensions?,0
Can you show more photos?,0
find me at user2995@example.com 😉,1
How soon can I get it?,0
What’s the price?,0
What are the dimensions?,0
What are the dimensions?,0
DM me on Instagram @jane.smith,1
What’s the price?,0
Can I have your email address?,1
Does it come in other colors?,0
Can you show more photos?,0
Call me at 3832474323,1
Contact me on Skype: grace254,1
Do you have it in stock?,0
Nice product!,0
This looks good.,0
Where do you ship from?,0
What are the dimensions?,0
Nice product!,0
What are the dimensions?,0
Do you have it in stock?,0
Does it come in other colors?,0
This looks good.,0
Can you show more photos?,0
This looks good.,0
I’m interested in this item.,0
How soon can I get it?,0
My number is 746-067-7459,1
Here is my email: user3580@example.com,1
Nice product!,0
Nice product!,0
Contact: +1-615-245-9576,1
Where do you ship from?,0
Email me at grace7@test.org,1
I’m interested in this item.,0
Can you show more photos?,0
Do you have it in stock?,0
Can you share your phone number so I can send you details?,1
c o n t a c t : +1-844-556-1008,1
Follow me on Instagram @best_pizza and DM.,1
What are the dimensions?,0
I’m interested in this item.,0
What’s the price?,0
I’m interested in this item.,0
What are the dimensions?,0
Call me at (573) 423-0296,1
This looks good.,0
What’s the price?,0
My WeChat ID is best_pizza,1
Can you show more photos?,0
Follow me on Instagram @shop_owner and DM.,1
Do you have it in stock?,0
I’m interested in this item.,0
Do you have it in stock?,0
Do you have it in stock?,0
I’m interested in this item.,0
What are the dimensions?,0
my email id is user7579@example.com,1
I’m interested in this item.,0
How soon can I get it?,0
This looks good.,0
What are the dimensions?,0
My TikTok: @ivan908,1
Can you show more photos?,0
What are the dimensions?,0
Does it come in other colors?,0
I’m interested in this item.,0
Can you show more photos?,0
Follow me on Instagram @designer123 and DM.,1
What’s the price?,0
This looks good.,0
Nice product!,0
Hit me up on WhatsApp at 555-263-6173,1
I’m interested in this item.,0
Where do you ship from?,0
What’s the price?,0
Can you show more photos?,0
Do you have it in stock?,0
WhatsApp me at +1-555-652-5134,1
How soon can I get it?,0
I’m interested in this item.,0
This looks good.,0
What’s the price?,0
What are the dimensions?,0
📱 +1-341-113-5233,1
What are the dimensions?,0
Can you show more photos?,0
What are the dimensions?,0
Where do you ship from?,0
How soon can I get it?,0
Does it come in other colors?,0
Does it come in other colors?,0
Nice product!,0
Do you have it in stock?,0
Where do you ship from?,0
This looks good.,0
Do you have it in stock?,0
Add me on Facebook (facebook.com/fashionguru),1
Do you have it in stock?,0
message me via g m a i l at user3373@example.com,1
How soon can I get it?,0
Does it come in other colors?,0
What’s the price?,0
Connect on LinkedIn (linkedin.com/in/shop_owner),1
Nice product!,0
Does it come in other colors?,0
What are the dimensions?,0
Can you show more photos?,0
This looks good.,0
What are the dimensions?,0
Text me at 555-265-3698 for more info.,1
c   o   n   t   a   c   t   m   e   8 2 3 - 8 9 3 - 7 4 5 8,1
Connect on LinkedIn (linkedin.com/in/john_doe),1
Can you show more photos?,0
Nice product!,0
How soon can I get it?,0
Contact me via Telegram: @jane.smith,1
my email id is user6099@example.com,1
Nice product!,0
How soon can I get it?,0
Can you show more photos?,0
Can you show more photos?,0
c   o   n   t   a   c   t   m   e   3 0 3 - 6 7 2 - 1 5 3 9,1
Can you show more photos?,0
What are the dimensions?,0
What are the dimensions?,0
Can you show more photos?,0
Can you show more photos?,0
What are the dimensions?,0
What are the dimensions?,0
Does it come in other colors?,0
How soon can I get it?,0
Do you have it in stock?,0
Where do you ship from?,0
What are the dimensions?,0
What are the dimensions?,0
What’s the price?,0
Does it come in other colors?,0
How soon can I get it?,0
Reach out on WhatsApp at +1-347-521-8841,1
What are the dimensions?,0
C a l l   m e :   3 9 6 - 4 2 9 - 4 2 1 7,1
I’m interested in this item.,0
Where do you ship from?,0
How soon can I get it?,0
My number is 4936956888,1
What are the dimensions?,0
Can you show more photos?,0
What’s the price?,0
I’m interested in this item.,0
This looks good.,0
Nice product!,0
Message me at user7062@example.com,1
Can you show more photos?,0
I’m interested in this item.,0
I’m interested in this item.,0
I’m interested in this item.,0
How soon can I get it?,0
Find me on Facebook: https://facebook.com/bob109,1
Where do you ship from?,0
Where do you ship from?,0
This looks good.,0
What are the dimensions?,0
C o n t a c t :   + 1   4 7 0   5 9 4   5 3 8 3,1
Do you have it in stock?,0
Can you show more photos?,0
Call me at 068-393-2448,1
Nice product!,0
Can you show more photos?,0
Add me on Facebook (facebook.com/jane.smith),1
I’m interested in this item.,0
Where do you ship from?,0
How soon can I get it?,0
Can you show more photos?,0
This looks good.,0
What’s the price?,0
Message via email: eve85@email.net,1
Nice product!,0
What are the dimensions?,0
What’s the price?,0
Do you have it in stock?,0
Can you show more photos?,0
Send me a DM on Facebook: facebook.com/john_doe,1
My WeChat ID is jane.smith,1
What’s the price?,0
Can you show more photos?,0
I’m interested in this item.,0
snap me at s-n-a-p shopper122,1
What are the dimensions?,0
Does it come in other colors?,0
Where do you ship from?,0
reach at t w o o o @example.com,1
Nice product!,0
What’s the price?,0
Hit me up on WhatsApp at 555-890-6080,1
Does it come in other colors?,0
message me via g m a i l at user3302@example.com,1
Call me at (820) 936-1421,1
What are the dimensions?,0
Can you show more photos?,0
I’m interested in this item.,0
Does it come in other colors?,0
Can you show more photos?,0
This looks good.,0
fb.com/devguy459,1
message me via g m a i l at user717@example.com,1
How soon can I get it?,0
Do you have it in stock?,0
Message me on Snapchat: shopper99,1
What’s the price?,0
C a l l   m e :   0 3 7 7 5 0 6 9 1 7,1
What’s the price?,0
Text me at +1-865-998-4670,1
What are the dimensions?,0
Follow me on Twitter: @bob964,1
Do you have it in stock?,0
What’s the price?,0
Contact via email: alice96@email.net,1
Nice product!,0
Where do you ship from?,0
Reach me at 8367968940,1
get in touch @ user2039@example.com,1
Can you show more photos?,0
What’s the price?,0
What’s the price?,0
Send me a DM on Facebook: facebook.com/john_doe,1
How soon can I get it?,0
Can you show more photos?,0
How soon can I get it?,0
Do you have it in stock?,0
"My contact is 555-692-3022, call me.",1
This looks good.,0
Does it come in other colors?,0
Call me at 277-386-7684,1
Nice product!,0
Does it come in other colors?,0
Do you have it in stock?,0
I’m interested in this item.,0
How soon can I get it?,0
I’m interested in this item.,0
Can you show more photos?,0
Can you show more photos?,0
How soon can I get it?,0
Does it come in other colors?,0
What’s the price?,0
What are the dimensions?,0
What’s the price?,0
Can you show more photos?,0
This looks good.,0
Here's my email: user7557@example.com,1
Does it come in other colors?,0
Do you have it in stock?,0
What are the dimensions?,0
What’s the price?,0
Can you show more photos?,0
I’m interested in this item.,0
This looks good.,0
This looks good.,0
What’s the price?,0
What are the dimensions?,0
What are the dimensions?,0
Can you show more photos?,0
Do you have it in stock?,0
Where do you ship from?,0
I’m interested in this item.,0
Nice product!,0
Do you have it in stock?,0
You can reach me at 555-505-2304,1
What are the dimensions?,0
my email id is user5403@example.com,1
Where do you ship from?,0
This looks good.,0
Does it come in other colors?,0
What’s the price?,0
Can you show more photos?,0
What’s the price?,0
find me at user3033@example.com 😉,1
I’m interested in this item.,0
Can you show more photos?,0
DM me on Facebook: facebook.com/shopper917,1
Where do you ship from?,0
Does it come in other colors?,0
Nice product!,0
What’s the price?,0
you can DM me at devguy124 on Insta,1
This looks good.,0
Does it come in other colors?,0
fb.com/devguy211,1
Can you show more photos?,0
Can you show more photos?,0
What’s the price?,0
Can you show more photos?,0
How soon can I get it?,0
What are the dimensions?,0
Reach me at 2347692029,1
I’m interested in this item.,0
Text me at +1-916-960-4153,1
I’m interested in this item.,0
Do you have it in stock?,0
Add me on WhatsApp: 3962377837,1
How soon can I get it?,0
Here is my email: user5136@example.com,1
What’s the price?,0
Can you share your phone number so I can send you details?,1
Does it come in other colors?,0
I’m interested in this item.,0
Does it come in other colors?,0
I’m interested in this item.,0
Message me on Signal: (641) 281-0944,1
This looks good.,0
Where do you ship from?,0
Where do you ship from?,0
I’m interested in this item.,0
What are the dimensions?,0
You can reach me at 555-812-5148,1
Where do you ship from?,0
How soon can I get it?,0
How soon can I get it?,0
Message me at user7704@example.com,1
What’s the price?,0
How soon can I get it?,0
Can you show more photos?,0
Does it come in other colors?,0
Do you have it in stock?,0
This looks good.,0
Nice product!,0
Does it come in other colors?,0
Nice product!,0
Where do you ship from?,0
Does it come in other colors?,0
Can you show more photos?,0
C a l l   m e :   9 2 1 9 3 4 0 9 6 5,1
Does it come in other colors?,0
Do you have it in stock?,0
What are the dimensions?,0
Where do you ship from?,0
Can you show more photos?,0
Nice product!,0
Text me at +1-718-910-3316,1
This looks good.,0
How soon can I get it?,0
What are the dimensions?,0
Can you show more photos?,0
Does it come in other colors?,0
What’s the price?,0
Please email me at user1204@example.com,1
How soon can I get it?,0
This looks good.,0
Can you show more photos?,0
Does it come in other colors?,0
How soon can I get it?,0
What are the dimensions?,0
What are the dimensions?,0
I’m interested in this item.,0
Can you show more photos?,0
How soon can I get it?,0
How soon can I get it?,0
Where do you ship from?,0
Find me on Facebook: https://facebook.com/bob861,1
Does it come in other colors?,0
This looks good.,0
Find me on Facebook: https://facebook.com/frank992,1
Does it come in other colors?,0
I’m interested in this item.,0
Skype me at (760) 922-8219,1
Let's connect on LinkedIn: linkedin.com/in/best_pizza,1
This looks good.,0
This looks good.,0
Do you have it in stock?,0
Does it come in other colors?,0
What are the dimensions?,0
Nice product!,0
How soon can I get it?,0
Can you show more photos?,0
Where do you ship from?,0
Can you show more photos?,0
This looks good.,0
Where do you ship from?,0
Can you show more photos?,0
Can you show more photos?,0
Where do you ship from?,0
Where do you ship from?,0
📧 user6701@example.com,1
Do you have it in stock?,0
What are the dimensions?,0
This looks good.,0
reach at t w o o o @example.com,1
What are the dimensions?,0
Follow me on Twitter: @charlie35,1
This looks good.,0
What are the dimensions?,0
Does it come in other colors?,0
Nice product!,0
I’m interested in this item.,0
📧 user6363@example.com,1
C o n t a c t :   + 1   1 0 7   2 2 6   3 9 6 2,1
What are the dimensions?,0
Can you show more photos?,0
Where do you ship from?,0
Do you have it in stock?,0
What are the dimensions?,0
How soon can I get it?,0
Where do you ship from?,0
Does it come in other colors?,0
This looks good.,0
This looks good.,0
Can you show more photos?,0
How soon can I get it?,0
Call me at 493-449-3132,1
This looks good.,0
What’s the price?,0
Do you have it in stock?,0
Does it come in other colors?,0
This looks good.,0
Where do you ship from?,0
I’m interested in this item.,0
Does it come in other colors?,0
fb.com/shopper760,1
I’m interested in this item.,0
What’s the price?,0
I’m interested in this item.,0
Can you show more photos?,0
Do you have it in stock?,0
How soon can I get it?,0
Do you have it in stock?,0
What are the dimensions?,0
Nice product!,0
What’s the price?,0
You can reach me at +1-240-394-6057,1
What’s the price?,0
Message me on Snapchat: john_doe,1
What are the dimensions?,0
Can you show more photos?,0
What are the dimensions?,0
Do you have it in stock?,0
What’s the price?,0
My Snapchat is david931,1
Do you have it in stock?,0
Does it come in other colors?,0
Where do you ship from?,0
Where do you ship from?,0
This looks good.,0
Follow me on Twitter: @frank959,1
What are the dimensions?,0
Hit me up on WhatsApp at 555-170-4587,1
This looks good.,0
Here is my email: user3469@example.com,1
This looks good.,0
This looks good.,0
This looks good.,0
Nice product!,0
What’s the price?,0
Connect on LinkedIn (linkedin.com/in/coolcat271),1
Where do you ship from?,0
Does it come in other colors?,0
This looks good.,0
I’m interested in this item.,0
Message via email: eve57@mail.com,1
This looks good.,0
Where do you ship from?,0
Can you show more photos?,0
Contact: +1-530-792-4569,1
Connect on LinkedIn (linkedin.com/in/best_pizza),1
Does it come in other colors?,0
How soon can I get it?,0
Ping me on Telegram: @frank209,1
Nice product!,0
This looks good.,0
I’m interested in this item.,0
Do you have it in stock?,0
Do you have it in stock?,0
Where do you ship from?,0
DM me on Instagram: @judy784,1
Where do you ship from?,0
Do you have it in stock?,0
Text me at +1-466-608-8389,1
I’m interested in this item.,0
How soon can I get it?,0
What’s the price?,0
Do you have it in stock?,0
This looks good.,0
Let's connect on LinkedIn: https://linkedin.com/in/heidi340,1
I’m interested in this item.,0
What’s the price?,0
"Email is user6554@example.com, reach out anytime.",1
What are the dimensions?,0
Can you show more photos?,0
Does it come in other colors?,0
Contact via email: frank54@email.net,1
How soon can I get it?,0
Do you have it in stock?,0
Contact me on Skype: frank340,1
Can you show more photos?,0
What are the dimensions?,0
Reach out on WhatsApp at +1-204-718-3627,1
Can you show more photos?,0
Can you show more photos?,0
Where do you ship from?,0
You can reach me at +1-436-235-6516,1
My number is 8826136128,1
hmu @ fashionista625,1
Nice product!,0
This looks good.,0
I’m interested in this item.,0
Nice product!,0
Nice product!,0
What are the dimensions?,0
What are the dimensions?,0
Can you show more photos?,0
What’s the price?,0
Does it come in other colors?,0
Does it come in other colors?,0
I’m interested in this item.,0
This looks good.,0
This looks good.,0
Can you show more photos?,0
What are the dimensions?,0
hmu @ fashionista456,1
I’m interested in this item.,0
you can DM me at devguy950 on Insta,1
This looks good.,0
Can you show more photos?,0
I’m interested in this item.,0
Does it come in other colors?,0
Can you share your phone number so I can send you details?,1
DM me on Facebook: facebook.com/fashionista985,1
What’s the price?,0
WhatsApp me at +1-555-889-9026,1
How soon can I get it?,0
Does it come in other colors?,0
Where do you ship from?,0
How soon can I get it?,0
Does it come in other colors?,0
This looks good.,0
What’s the price?,0
I’m interested in this item.,0
Do you have it in stock?,0
Please email me at user3631@example.com,1
Where do you ship from?,0
Nice product!,0
Can you show more photos?,0
Does it come in other colors?,0
h e i d i 5 5 @ m a i l . c o m,1
Nice product!,0
telegram: t dot me slash coolcat818,1
Message via email: heidi69@example.com,1
Message me at user2126@example.com,1
I’m interested in this item.,0
Does it come in other colors?,0
Email me at user2038@example.com,1
What are the dimensions?,0
How soon can I get it?,0
Nice product!,0
I’m interested in this item.,0
What’s the price?,0
How soon can I get it?,0
This looks good.,0
What’s the price?,0
Nice product!,0
What’s the price?,0
Can you show more photos?,0
What’s the price?,0
Where do you ship from?,0
What’s the price?,0
Message me at user6322@example.com,1
Can you show more photos?,0
Do you have it in stock?,0
fb.com/shopper431,1
What’s the price?,0
How soon can I get it?,0
Where do you ship from?,0
My Snapchat is heidi115,1
Here's my email: user8846@example.com,1
What are the dimensions?,0
What’s the price?,0
How soon can I get it?,0
How soon can I get it?,0
Can you show more photos?,0
What are the dimensions?,0
Do you have it in stock?,0
Where do you ship from?,0
Message via email: bob92@example.com,1
Do you have it in stock?,0
What’s the price?,0
This looks good.,0
What are the dimensions?,0
What are the dimensions?,0
C a l l   m e :   0 7 1 4 0 1 4 3 6 7,1
Does it come in other colors?,0
Where do you ship from?,0
What are the dimensions?,0
Nice product!,0
What are the dimensions?,0
This looks good.,0
Nice product!,0
Snapchat me @ shopper848,1
Nice product!,0
Hit me up on WhatsApp at 555-456-6667,1
Can you show more photos?,0
Contact me on Skype: charlie779,1
I’m interested in this item.,0
Where do you ship from?,0
Where do you ship from?,0
Can you show more photos?,0
What are the dimensions?,0
What’s the price?,0
I’m interested in this item.,0
Send me a DM on Facebook: facebook.com/shop_owner,1
How soon can I get it?,0
Let's connect on LinkedIn: linkedin.com/in/tech_lead,1
Does it come in other colors?,0
I’m interested in this item.,0
Do you have it in stock?,0
My Snapchat is bob308,1
Nice product!,0
Do you have it in stock?,0
I’m interested in this item.,0
I’m interested in this item.,0
Can I have your email address?,1
Does it come in other colors?,0
Where do you ship from?,0
I’m interested in this item.,0
What’s the price?,0
How soon can I get it?,0
Can you show more photos?,0
message me via g m a i l at user4873@example.com,1
How soon can I get it?,0
Nice product!,0
What’s the price?,0
Nice product!,0
What’s the price?,0
Do you have it in stock?,0
c   o   n   t   a   c   t   m   e   1 0 4 - 9 2 9 - 6 4 6 9,1
Where do you ship from?,0
get in touch @ user3263@example.com,1
Do you have it in stock?,0
Does it come in other colors?,0
Where do you ship from?,0
How soon can I get it?,0
This looks good.,0
Do you have it in stock?,0
Send me a DM on Facebook: facebook.com/shop_owner,1
Where do you ship from?,0
This looks good.,0
Nice product!,0
Where do you ship from?,0
What are the dimensions?,0
Where do you ship from?,0
This looks good.,0
How soon can I get it?,0
What’s the price?,0
What are the dimensions?,0
Can you show more photos?,0
What are the dimensions?,0
What are the dimensions?,0
What are the dimensions?,0
How soon can I get it?,0
What are the dimensions?,0
Nice product!,0
This looks good.,0
Text me at 555-686-9707 for more info.,1
Do you have it in stock?,0
What’s the price?,0
Nice product!,0
What’s the price?,0
This looks good.,0
This looks good.,0
Nice product!,0
Does it come in other colors?,0
Where do you ship from?,0
Do you have it in stock?,0
What’s the price?,0
What are the dimensions?,0
Follow me on Instagram @shop_owner and DM.,1
I’m interested in this item.,0
What are the dimensions?,0
📧 user5132@example.com,1
This looks good.,0
Does it come in other colors?,0
I’m interested in this item.,0
Can you share your phone number so I can send you details?,1
Do you have it in stock?,0
Where do you ship from?,0
Here is my email: user5709@example.com,1
I’m interested in this item.,0
How soon can I get it?,0
I’m interested in this item.,0
Add me on WhatsApp: 643-918-2235,1
Do you have it in stock?,0
Nice product!,0
Do you have it in stock?,0
Text me at 555-384-9599 for more info.,1
Nice product!,0
Do you have it in stock?,0
Message me on Signal: 510-909-0844,1
Send me a DM on Facebook: facebook.com/fashionguru,1
Nice product!,0
Where do you ship from?,0
Does it come in other colors?,0
What are the dimensions?,0
This looks good.,0
Follow me on Instagram @tech_lead and DM.,1
What are the dimensions?,0
Do you have it in stock?,0
DM me on Facebook: facebook.com/fashionista19,1
I’m interested in this item.,0
Where do you ship from?,0
Message me at user5159@example.com,1
What are the dimensions?,0
j u d y 9 9 @ e x a m p l e . c o m,1
What are the dimensions?,0
my digits: +1-447-200-2366,1
How soon can I get it?,0
Where do you ship from?,0
Please email me at user9785@example.com,1
What’s the price?,0
snap me at s-n-a-p coolcat924,1
Ping me on Telegram: @frank627,1
Can you show more photos?,0
Where do you ship from?,0
Where do you ship from?,0
fb.com/fashionista801,1
What’s the price?,0
Text me at 555-275-7472 for more info.,1
Message me on Signal: (670) 840-9616,1
Message via email: alice85@email.net,1
Do you have it in stock?,0
"My contact is 555-280-8196, call me.",1
Nice product!,0
What’s the price?,0
What are the dimensions?,0
Nice product!,0
Connect on LinkedIn (linkedin.com/in/fashionista124),1
Does it come in other colors?,0
Do you have it in stock?,0
Message me on Snapchat: fashioneer,1
fb.com/fashionista658,1
What are the dimensions?,0
Where do you ship from?,0
I’m interested in this item.,0
My Snapchat is grace503,1
What are the dimensions?,0
What’s the price?,0
Here's my email: user3605@example.com,1
Nice product!,0
Add me on Facebook (facebook.com/designer123),1
I’m interested in this item.,0
What’s the price?,0
What are the dimensions?,0
How soon can I get it?,0
Do you have it in stock?,0
Message me on Signal: 796-226-5969,1
This looks good.,0
This looks good.,0
Message via email: alice70@example.com,1
Add me on WhatsApp: 555-694-3052,1
What’s the price?,0
Here's my email: user330@example.com,1
What are the dimensions?,0
What’s the price?,0
Can you show more photos?,0
How soon can I get it?,0
What’s the price?,0
Text me at 555-891-3714 for more info.,1
This looks good.,0
How soon can I get it?,0
What’s the price?,0
What are the dimensions?,0
How soon can I get it?,0
How soon can I get it?,0
This looks good.,0
How soon can I get it?,0
Does it come in other colors?,0
Text me at +1-447-732-4604,1
How soon can I get it?,0
Can you show more photos?,0
hmu @ devguy812,1
c   o   n   t   a   c   t   m   e   8 3 1 0 5 7 9 1 1 2,1
Can you share your phone number so I can send you details?,1
What’s the price?,0
Nice product!,0
What are the dimensions?,0
You can reach me at +1-102-560-9443,1
How soon can I get it?,0
I’m interested in this item.,0
Nice product!,0
What’s the price?,0
How soon can I get it?,0
Do you have it in stock?,0
Where do you ship from?,0
How soon can I get it?,0
Where do you ship from?,0
Email me at user2609@example.com,1
my digits: +1-326-563-7827,1
What’s the price?,0
How soon can I get it?,0
Add me on WhatsApp: 555-469-1545,1
What’s the price?,0
How soon can I get it?,0
Please email me at user2189@example.com,1
Nice product!,0
Do you have it in stock?,0
You can reach me at 555-855-7276,1
What are the dimensions?,0
I’m interested in this item.,0
What are the dimensions?,0
Where do you ship from?,0
Can you show more photos?,0
Does it come in other colors?,0
Where do you ship from?,0
This looks good.,0
Here's my email: user347@example.com,1
Email me at user6315@example.com,1
Reach me at +1 217 891 4032,1
Where do you ship from?,0
This looks good.,0
Message me on Signal: 8865795531,1
How soon can I get it?,0
Does it come in other colors?,0
How soon can I get it?,0
Does it come in other colors?,0
What’s the price?,0
Contact me via Telegram: @designer123,1
What are the dimensions?,0
Nice product!,0
How soon can I get it?,0
This looks good.,0
Follow me on Instagram @designer123 and DM.,1
I’m interested in this item.,0
Where do you ship from?,0
What are the dimensions?,0
What’s the price?,0
Can you show more photos?,0
Do you have it in stock?,0
What are the dimensions?,0
Do you have it in stock?,0
What are the dimensions?,0
Do you have it in stock?,0
Reach me at 707-086-6159,1
Send me a DM on Facebook: facebook.com/best_pizza,1
I’m interested in this item.,0
Nice product!,0
Nice product!,0
This looks good.,0
find me at user7488@example.com 😉,1
Where do you ship from?,0
Do you have it in stock?,0
I’m interested in this item.,0
This looks good.,0
wanna chat? +1-651-754-8872,1
Does it come in other colors?,0
Do you have it in stock?,0
What are the dimensions?,0
Can you show more photos?,0
Do you have it in stock?,0
I’m interested in this item.,0
Message me on Signal: 7301804848,1
What are the dimensions?,0
Message me on Signal: (065) 368-4236,1
This looks good.,0
Nice product!,0
t e l : +1-512-308-2761,1
Can you show more photos?,0
What’s the price?,0
What are the dimensions?,0
Nice product!,0
Does it come in other colors?,0
Find me on Facebook: https://facebook.com/bob385,1
Can you show more photos?,0
How soon can I get it?,0
What’s the price?,0
Where do you ship from?,0
DM me on Facebook: facebook.com/devguy648,1
get in touch @ user755@example.com,1
Message via email: alice22@example.com,1
What’s the price?,0
Does it come in other colors?,0
Do you have it in stock?,0
Can you show more photos?,0
Message me on Signal: (410) 868-3395,1
Do you have it in stock?,0
What are the dimensions?,0
Add me on Facebook (facebook.com/shopper99),1
Nice product!,0
Contact: +1-252-565-3168,1
Contact me via Telegram: @shop_owner,1
Nice product!,0
Nice product!,0
Can you share your phone number so I can send you details?,1
Do you have it in stock?,0
Contact: +1-890-743-3562,1
LinkedIn me at (845) 276-4945,1
What are the dimensions?,0
What are the dimensions?,0
Ping me on Telegram: @charlie746,1
This looks good.,0
I’m interested in this item.,0
I’m interested in this item.,0
What’s the price?,0
Nice product!,0
My WeChat ID is jane.smith,1
Does it come in other colors?,0
This looks good.,0
I’m interested in this item.,0
I’m interested in this item.,0
What’s the price?,0
Nice product!,0
Do you have it in stock?,0
Where do you ship from?,0
Do you have it in stock?,0
c o n t a c t : +1-719-770-6835,1
This looks good.,0
Ping me on Telegram: @heidi575,1
Do you have it in stock?,0
Nice product!,0
Can you show more photos?,0
This looks good.,0
Message me on Snapchat: tech_lead,1
Nice product!,0
How soon can I get it?,0
Can you show more photos?,0
How soon can I get it?,0
Where do you ship from?,0
I’m interested in this item.,0
Contact via email: frank4@test.org,1
Do you have it in stock?,0
Connect on LinkedIn (linkedin.com/in/devguy713),1
I’m interested in this item.,0
My WeChat ID is coolguy42,1
How soon can I get it?,0
Can you show more photos?,0
I’m interested in this item.,0
What are the dimensions?,0
What’s the price?,0
Nice product!,0
How soon can I get it?,0
Reach me at 8200463403,1
Can you show more photos?,0
I’m interested in this item.,0
Can you show more photos?,0
What’s the price?,0
Connect on LinkedIn (linkedin.com/in/shopper73),1
Where do you ship from?,0
Signal me at 961-784-0431,1
Where do you ship from?,0
Nice product!,0
Nice product!,0
Nice product!,0
t e l : +1-641-291-6342,1
Nice product!,0
Nice product!,0
Hit me up on WhatsApp at +1-482-890-5728,1
I’m interested in this item.,0
Do you have it in stock?,0
I’m interested in this item.,0
Where do you ship from?,0
This looks good.,0
I’m interested in this item.,0
How soon can I get it?,0
What are the dimensions?,0
Can you show more photos?,0
How soon can I get it?,0
How soon can I get it?,0
Mail me: grace41@example.com,1
I’m interested in this item.,0
How soon can I get it?,0
This looks good.,0
Where do you ship from?,0
Does it come in other colors?,0
This looks good.,0
What’s the price?,0
What’s the price?,0
How soon can I get it?,0
Nice product!,0
What’s the price?,0
I’m interested in this item.,0
Follow me on Instagram @coolguy42 and DM.,1
Does it come in other colors?,0
get in touch @ user1622@example.com,1
Where do you ship from?,0
Do you have it in stock?,0
This looks good.,0
Does it come in other colors?,0
Where do you ship from?,0
This looks good.,0
Do you have it in stock?,0
Does it come in other colors?,0
Let's connect on LinkedIn: https://linkedin.com/in/ivan701,1
Can you show more photos?,0
Where do you ship from?,0
Where do you ship from?,0
Does it come in other colors?,0
This looks good.,0
Does it come in other colors?,0
What are the dimensions?,0
You can reach me at +1-913-356-8586,1
telegram: t dot me slash devguy125,1
This looks good.,0
What are the dimensions?,0
This looks good.,0
This looks good.,0
DM me on Facebook: facebook.com/shopper231,1
What are the dimensions?,0
Connect on LinkedIn (linkedin.com/in/coolcat991),1
Can you show more photos?,0
This looks good.,0
How soon can I get it?,0
you can DM me at devguy841 on Insta,1
I’m interested in this item.,0
Nice product!,0
Do you have it in stock?,0
How soon can I get it?,0
Can you show more photos?,0
How soon can I get it?,0
What are the dimensions?,0
Nice product!,0
Do you have it in stock?,0
I’m interested in this item.,0
Nice product!,0
This looks good.,0
What’s the price?,0
Can you show more photos?,0
Do you have it in stock?,0
You can reach me at +1-590-611-8919,1
This looks good.,0
Messenger me at 732-099-5035,1
you can DM me at devguy743 on Insta,1
Does it come in other colors?,0
My number is 0260124896,1
This looks good.,0
Do you have it in stock?,0
Can you show more photos?,0
Does it come in other colors?,0
Message me at user8635@example.com,1
What’s the price?,0
I’m interested in this item.,0
Can you show more photos?,0
Does it come in other colors?,0
Does it come in other colors?,0
Add me on WhatsApp: 555-289-6729,1
Reach out on WhatsApp at +1-501-554-3122,1
My Snapchat is bob732,1
Nice product!,0
Where do you ship from?,0
Nice product!,0
What’s the price?,0
Do you have it in stock?,0
Do you have it in stock?,0
Can you show more photos?,0
What are the dimensions?,0
Do you have it in stock?,0
What are the dimensions?,0
Where do you ship from?,0
Message via email: eve88@mail.com,1
Hit me up on WhatsApp at 555-365-7213,1
Does it come in other colors?,0
I’m interested in this item.,0
I’m interested in this item.,0
Do you have it in stock?,0
What’s the price?,0
How soon can I get it?,0
What’s the price?,0
What’s the price?,0
How soon can I get it?,0
Hit me up on WhatsApp at +1-236-490-8814,1
Do you have it in stock?,0
Can you show more photos?,0
Do you have it in stock?,0
I’m interested in this item.,0
Where do you ship from?,0
Where do you ship from?,0
What are the dimensions?,0
Nice product!,0
You can reach me at +1-960-418-8988,1
What’s the price?,0
Nice product!,0
Do you have it in stock?,0
Does it come in other colors?,0
I’m interested in this item.,0
How soon can I get it?,0
How soon can I get it?,0
What are the dimensions?,0
Connect on LinkedIn (linkedin.com/in/fashionista818),1
This looks good.,0
What are the dimensions?,0
WhatsApp me at +1-555-612-2353,1
Contact me on Skype: david28,1
Do you have it in stock?,0
"My contact is 555-391-5455, call me.",1
This looks good.,0
Let's connect on LinkedIn: https://linkedin.com/in/eve828,1
I’m interested in this item.,0
📱 +1-153-862-8033,1
Can you show more photos?,0
How soon can I get it?,0
What’s the price?,0
This looks good.,0
What are the dimensions?,0
Can you show more photos?,0
Does it come in other colors?,0
find me at user9992@example.com 😉,1
What are the dimensions?,0
I’m interested in this item.,0
This looks good.,0
What’s the price?,0
Telegram me at 024-760-4749,1
Do you have it in stock?,0
Do you have it in stock?,0
Does it come in other colors?,0
How soon can I get it?,0
I’m interested in this item.,0
t e l : +1-749-929-8701,1
Can you show more photos?,0
Nice product!,0
Can you show more photos?,0
How soon can I get it?,0
Hit me up on WhatsApp at 555-230-5606,1
What’s the price?,0
How soon can I get it?,0
What are the dimensions?,0
My Snapchat is bob720,1
Hit me up on WhatsApp at 555-702-6279,1
This looks good.,0
Where do you ship from?,0
Does it come in other colors?,0
Do you have it in stock?,0
Can you show more photos?,0
This looks good.,0
Find me on Facebook: https://facebook.com/ivan248,1
Nice product!,0
Message me on Signal: 0781670958,1
Does it come in other colors?,0
Follow me on Twitter: @frank959,1
How soon can I get it?,0
Can you show more photos?,0
This looks good.,0
I’m interested in this item.,0
This looks good.,0
Follow me on Instagram @john_doe and DM.,1
Nice product!,0
What’s the price?,0
This looks good.,0
Where do you ship from?,0
This looks good.,0
What are the dimensions?,0
Nice product!,0
How soon can I get it?,0
Can you show more photos?,0
Nice product!,0
What’s the price?,0
Do you have it in stock?,0
Can you show more photos?,0
fb.com/devguy889,1
Can you show more photos?,0
Nice product!,0
What’s the price?,0
c   o   n   t   a   c   t   m   e   3 5 3 - 5 3 9 - 1 0 9 4,1
What’s the price?,0
Where do you ship from?,0
Follow me on Twitter: @bob373,1
Can you show more photos?,0
How soon can I get it?,0
Where do you ship from?,0
Here is my email: user1840@example.com,1
Where do you ship from?,0
This looks good.,0
Nice product!,0
How soon can I get it?,0
Nice product!,0
Can you show more photos?,0
Snapchat me @ devguy108,1
DM me on Instagram: @charlie798,1
Can you show more photos?,0
Hit me up on WhatsApp at 555-712-2427,1
What are the dimensions?,0
Do you have it in stock?,0
This looks good.,0
Do you have it in stock?,0
How soon can I get it?,0
This looks good.,0
This looks good.,0
Do you have it in stock?,0
Where do you ship from?,0
How soon can I get it?,0
C a l l   m e :   ( 5 5 9 )   4 8 6 - 6 3 2 8,1
DM me on Instagram: @judy423,1
You can reach me at 555-475-5321,1
What are the dimensions?,0
Can you show more photos?,0
Can you show more photos?,0
I’m interested in this item.,0
How soon can I get it?,0
What are the dimensions?,0
This looks good.,0
How soon can I get it?,0
C a l l   m e :   ( 6 7 2 )   2 4 4 - 6 4 4 8,1
TikTok me at 9350445033,1
This looks good.,0
What’s the price?,0
This looks good.,0
Do you have it in stock?,0
Find me on Facebook: https://facebook.com/eve637,1
t e l : +1-406-539-9711,1
What are the dimensions?,0
Do you have it in stock?,0
My WeChat ID is best_pizza,1
My TikTok: @charlie874,1
Nice product!,0
Can you show more photos?,0
How soon can I get it?,0
Reach out on WhatsApp at +1-640-369-4182,1
My TikTok: @heidi786,1
This looks good.,0
I’m interested in this item.,0
What are the dimensions?,0
Nice product!,0
Connect on LinkedIn (linkedin.com/in/tech_lead),1
Can you show more photos?,0
This looks good.,0
Does it come in other colors?,0
Email me at judy15@test.org,1
You can reach me at 555-910-2029,1
Nice product!,0
Can you show more photos?,0
This looks good.,0
Does it come in other colors?,0
Does it come in other colors?,0
Do you have it in stock?,0
Can you show more photos?,0
Where do you ship from?,0
Where do you ship from?,0
Do you have it in stock?,0
wanna chat? +1-842-529-8719,1
This looks good.,0
What are the dimensions?,0
Email me at david85@example.com,1
Where do you ship from?,0
This looks good.,0
How soon can I get it?,0
What are the dimensions?,0
Can you show more photos?,0
I’m interested in this item.,0
Message via email: eve52@test.org,1
Where do you ship from?,0
Do you have it in stock?,0
my email id is user7635@example.com,1
Nice product!,0
Does it come in other colors?,0
telegram: t dot me slash coolcat995,1
Can you show more photos?,0
Message me on Signal: (967) 323-8720,1
How soon can I get it?,0
Do you have it in stock?,0
Where do you ship from?,0
What’s the price?,0
Does it come in other colors?,0
My Snapchat is frank444,1
What’s the price?,0
telegram: t dot me slash coolcat574,1
What are the dimensions?,0
Let's connect on LinkedIn: linkedin.com/in/coolguy42,1
This looks good.,0
What are the dimensions?,0
Does it come in other colors?,0
Send me a DM on Facebook: facebook.com/jane.smith,1
Hit me up on WhatsApp at 555-455-1778,1
I’m interested in this item.,0
Does it come in other colors?,0
I’m interested in this item.,0
This looks good.,0
Can you show more photos?,0
Nice product!,0
"My contact is 555-212-9593, call me.",1
This looks good.,0
What are the dimensions?,0
Does it come in other colors?,0
Where do you ship from?,0
Add me on WhatsApp: 555-769-8898,1
I’m interested in this item.,0
What’s the price?,0
I’m interested in this item.,0
I’m interested in this item.,0
Where do you ship from?,0
Text me at (507) 695-9839,1
This looks good.,0
Nice product!,0
Where do you ship from?,0
Nice product!,0
This looks good.,0
This looks good.,0
Can you show more photos?,0
This looks good.,0
What are the dimensions?,0
Text me at +1 996 326 3570,1
What’s the price?,0
I’m interested in this item.,0
Follow me on Instagram @fashioneer and DM.,1
Does it come in other colors?,0
This looks good.,0
What’s the price?,0
Do you have it in stock?,0
Do you have it in stock?,0
my email id is user8534@example.com,1
Ping me on Telegram: @judy391,1
What are the dimensions?,0
Do you have it in stock?,0
How soon can I get it?,0
Reach me at (106) 218-8719,1
What’s the price?,0
How soon can I get it?,0
What’s the price?,0
Do you have it in stock?,0
Message me on Signal: (642) 460-3882,1
What are the dimensions?,0
Does it come in other colors?,0
What’s the price?,0
This looks good.,0
How soon can I get it?,0
Message via email: charlie57@mail.com,1
Can you show more photos?,0
How soon can I get it?,0
What’s the price?,0
Can you show more photos?,0
Message me at user9873@example.com,1
hmu @ shopper302,1
Do you have it in stock?,0
"Email is user8429@example.com, reach out anytime.",1
I’m interested in this item.,0
Can you show more photos?,0
This looks good.,0
What’s the price?,0
This looks good.,0
wanna chat? +1-748-395-1842,1
My number is +1 824 860 6590,1
What’s the price?,0
This looks good.,0
Where do you ship from?,0
Where do you ship from?,0
Does it come in other colors?,0
Nice product!,0
Can you show more photos?,0
Reach out on WhatsApp at +1-197-326-1945,1
I’m interested in this item.,0
This looks good.,0
My number is +1 636 914 5895,1
What are the dimensions?,0
Can you show more photos?,0
Nice product!,0
How soon can I get it?,0
Text me at (788) 573-9643,1
DM me on Instagram: @grace944,1
Does it come in other colors?,0
Connect on LinkedIn (linkedin.com/in/shop_owner),1
This looks good.,0
Can I have your email address?,1
Connect on LinkedIn (linkedin.com/in/coolcat531),1
I’m interested in this item.,0
Do you have it in stock?,0
Mail me: judy22@mail.com,1
WhatsApp me at +1-555-461-9110,1
Where do you ship from?,0
What are the dimensions?,0
Does it come in other colors?,0
What are the dimensions?,0
I’m interested in this item.,0
What are the dimensions?,0
What are the dimensions?,0
Message via email: alice62@email.net,1
I’m interested in this item.,0
How soon can I get it?,0
This looks good.,0
Connect on LinkedIn (linkedin.com/in/fashioneer),1
Does it come in other colors?,0
Can you show more photos?,0
Where do you ship from?,0
How soon can I get it?,0
g r a c e 1 2 @ e m a i l . n e t,1
Where do you ship from?,0
What are the dimensions?,0
I’m interested in this item.,0
Where do you ship from?,0
Nice product!,0
Where do you ship from?,0
How soon can I get it?,0
How soon can I get it?,0
This looks good.,0
What’s the price?,0
C a l l   m e :   5 5 4 0 1 0 5 2 9 4,1
I’m interested in this item.,0
How soon can I get it?,0
Does it come in other colors?,0
What’s the price?,0
Nice product!,0
Nice product!,0
How soon can I get it?,0
Can you show more photos?,0
Nice product!,0
I’m interested in this item.,0
What are the dimensions?,0
I’m interested in this item.,0
Do you have it in stock?,0
Send me a DM on Facebook: facebook.com/shopper99,1
Nice product!,0
Do you have it in stock?,0
Connect on LinkedIn (linkedin.com/in/designer123),1
What are the dimensions?,0
I’m interested in this item.,0
Can you show more photos?,0
reach at t w o o o @example.com,1
Does it come in other colors?,0
Nice product!,0
Can you show more photos?,0
Here is my email: user8547@example.com,1
Do you have it in stock?,0
What are the dimensions?,0
This looks good.,0
What are the dimensions?,0
WhatsApp me at +1-555-948-4820,1
Nice product!,0
You can reach me at 555-780-9653,1
This looks good.,0
You can reach me at 555-837-6701,1
Where do you ship from?,0
Snapchat me @ coolcat857,1
What’s the price?,0
Does it come in other colors?,0
Nice product!,0
get in touch @ user7036@example.com,1
I’m interested in this item.,0
Here is my email: user5585@example.com,1
What’s the price?,0
my digits: +1-157-364-4839,1
I’m interested in this item.,0
Do you have it in stock?,0
Do you have it in stock?,0
Nice product!,0
I’m interested in this item.,0
What’s the price?,0
Can you show more photos?,0
How soon can I get it?,0
What’s the price?,0
Where do you ship from?,0
Does it come in other colors?,0
Does it come in other colors?,0
Where do you ship from?,0
Nice product!,0
What are the dimensions?,0
I’m interested in this item.,0
What are the dimensions?,0
How soon can I get it?,0
Snapchat me @ fashionista751,1
This looks good.,0
Does it come in other colors?,0
DM me on Instagram @best_pizza,1
This looks good.,0
Message me on Snapchat: jane.smith,1
find me at user1667@example.com 😉,1
message me via g m a i l at user1243@example.com,1
Can you show more photos?,0
Do you have it in stock?,0
Can you show more photos?,0
Does it come in other colors?,0
Does it come in other colors?,0
What’s the price?,0
Follow me on Twitter: @david778,1
Nice product!,0
What are the dimensions?,0
How soon can I get it?,0
Where do you ship from?,0
What are the dimensions?,0
Where do you ship from?,0
This looks good.,0
What’s the price?,0
Does it come in other colors?,0
What’s the price?,0
How soon can I get it?,0
How soon can I get it?,0
What’s the price?,0
I’m interested in this item.,0
e m a i l m e @ user4744@example.com,1
Where do you ship from?,0
message me via g m a i l at user4863@example.com,1
Contact me on Skype: eve881,1
Where do you ship from?,0
Add me on Facebook (facebook.com/designer123),1
Ping me on Telegram: @bob127,1
Does it come in other colors?,0
How soon can I get it?,0
Can you show more photos?,0
Do you have it in stock?,0
Call me at (638) 156-6153,1
Connect on LinkedIn (linkedin.com/in/tech_lead),1
What’s the price?,0
Do you have it in stock?,0
What’s the price?,0
This looks good.,0
Contact: +1-291-575-3723,1
What are the dimensions?,0
Nice product!,0
Do you have it in stock?,0
What are the dimensions?,0
How soon can I get it?,0
wanna chat? +1-283-170-8621,1
Does it come in other colors?,0
What are the dimensions?,0
Text me at (938) 108-8172,1
I’m interested in this item.,0
What’s the price?,0
This looks good.,0
Do you have it in stock?,0
I’m interested in this item.,0
Hit me up on WhatsApp at 555-815-6121,1
What’s the price?,0
You can reach me at +1-978-164-6714,1
This looks good.,0
Do you have it in stock?,0
Can you show more photos?,0
Please email me at user8609@example.com,1
Where do you ship from?,0
You can reach me at 555-383-1929,1
Can you share your phone number so I can send you details?,1
This looks good.,0
This looks good.,0
I’m interested in this item.,0
Do you have it in stock?,0
I’m interested in this item.,0
I’m interested in this item.,0
Let's connect on LinkedIn: https://linkedin.com/in/alice685,1
Can you show more photos?,0
Contact me on Skype: eve782,1
Where do you ship from?,0
This looks good.,0
Do you have it in stock?,0
Can you show more photos?,0
Nice product!,0
How soon can I get it?,0
How soon can I get it?,0
How soon can I get it?,0
Do you have it in stock?,0
Can you show more photos?,0
This looks good.,0
I’m interested in this item.,0
This looks good.,0
What are the dimensions?,0
What’s the price?,0
Nice product!,0
My Snapchat is eve178,1
I’m interested in this item.,0
Can you show more photos?,0
wanna chat? +1-410-953-1845,1
Can I have your email address?,1
Can you show more photos?,0
I’m interested in this item.,0
Where do you ship from?,0
I’m interested in this item.,0
What are the dimensions?,0
telegram: t dot me slash shopper50,1
Where do you ship from?,0
How soon can I get it?,0
Do you have it in stock?,0
Nice product!,0
Do you have it in stock?,0
You can reach me at 555-854-7992,1
Does it come in other colors?,0
What are the dimensions?,0
Can you show more photos?,0
How soon can I get it?,0
Can you show more photos?,0
How soon can I get it?,0
Can you show more photos?,0
Message me on Snapchat: john_doe,1
Nice product!,0
What are the dimensions?,0
How soon can I get it?,0
fb.com/fashionista29,1
Can you show more photos?,0
What’s the price?,0
I’m interested in this item.,0
Can you show more photos?,0
Do you have it in stock?,0
How soon can I get it?,0
Nice product!,0
How soon can I get it?,0
This looks good.,0
Do you have it in stock?,0
c   o   n   t   a   c   t   m   e   ( 1 5 6 )   6 6 3 - 1 3 8 7,1
get in touch @ user5925@example.com,1
How soon can I get it?,0
What’s the price?,0
This looks good.,0
What are the dimensions?,0
Nice product!,0
Do you have it in stock?,0
What’s the price?,0
Nice product!,0
I’m interested in this item.,0
Nice product!,0
I’m interested in this item.,0
Let's connect on LinkedIn: https://linkedin.com/in/ivan156,1
What are the dimensions?,0
Email me at user7048@example.com,1
This looks good.,0
DM me on Instagram @shopper99,1
snap me at s-n-a-p devguy894,1
Do you have it in stock?,0
What’s the price?,0
How soon can I get it?,0
Message via email: grace54@mail.com,1
I’m interested in this item.,0
Connect on LinkedIn (linkedin.com/in/jane.smith),1
I’m interested in this item.,0
What’s the price?,0
What are the dimensions?,0
How soon can I get it?,0
How soon can I get it?,0
Do you have it in stock?,0
This looks good.,0
Do you have it in stock?,0
Can you show more photos?,0
This looks good.,0
Where do you ship from?,0
I’m interested in this item.,0
How soon can I get it?,0
This looks good.,0
What’s the price?,0
What’s the price?,0
Does it come in other colors?,0
Nice product!,0
Does it come in other colors?,0
Can you show more photos?,0
DM me on Instagram: @eve546,1
Let's connect on LinkedIn: https://linkedin.com/in/heidi579,1
How soon can I get it?,0
Add me on WhatsApp: 555-608-4090,1
Hit me up on WhatsApp at 555-341-5502,1
Where do you ship from?,0
Where do you ship from?,0
My TikTok: @frank975,1
I’m interested in this item.,0
Do you have it in stock?,0
What’s the price?,0
What are the dimensions?,0
I’m interested in this item.,0
Where do you ship from?,0
Does it come in other colors?,0
snap me at s-n-a-p devguy356,1
This looks good.,0
How soon can I get it?,0
Do you have it in stock?,0
This looks good.,0
Nice product!,0
Where do you ship from?,0
Does it come in other colors?,0
Can you show more photos?,0
This looks good.,0
This looks good.,0
Does it come in other colors?,0
What’s the price?,0
Let's connect on LinkedIn: https://linkedin.com/in/alice721,1
Does it come in other colors?,0
I’m interested in this item.,0
I’m interested in this item.,0
I’m interested in this item.,0
Does it come in other colors?,0
This looks good.,0
Where do you ship from?,0
Please email me at user6571@example.com,1
Does it come in other colors?,0
Can you show more photos?,0
Can you show more photos?,0
Message me on Snapchat: john_doe,1
Do you have it in stock?,0
This looks good.,0
Nice product!,0
How soon can I get it?,0
What’s the price?,0
This looks good.,0
C o n t a c t :   3 5 1 - 3 8 5 - 3 3 1 2,1
I’m interested in this item.,0
Can you show more photos?,0
This looks good.,0
What are the dimensions?,0
Add me on Facebook (facebook.com/shop_owner),1
e v e 8 7 @ e x a m p l e . c o m,1
Can you show more photos?,0
I’m interested in this item.,0
How soon can I get it?,0
Email me at user2810@example.com,1
Nice product!,0
Where do you ship from?,0
What’s the price?,0
Does it come in other colors?,0
What are the dimensions?,0
Does it come in other colors?,0
Can you show more photos?,0
This looks good.,0
This looks good.,0
Do you have it in stock?,0
Where do you ship from?,0
I’m interested in this item.,0
Do you have it in stock?,0
I’m interested in this item.,0
Do you have it in stock?,0
Does it come in other colors?,0
What’s the price?,0
What’s the price?,0
Hit me up on WhatsApp at +1-903-628-2143,1
Do you have it in stock?,0
What’s the price?,0
Message me on Snapchat: fashioneer,1
What are the dimensions?,0
This looks good.,0
Contact me via Telegram: @fashioneer,1
Can you show more photos?,0
Does it come in other colors?,0
Text me at +1-798-718-5715,1
Do you have it in stock?,0
Nice product!,0
Does it come in other colors?,0
What are the dimensions?,0
I’m interested in this item.,0
Does it come in other colors?,0
How soon can I get it?,0
Do you have it in stock?,0
My TikTok: @frank342,1
What’s the price?,0
Can you show more photos?,0
Add me on Facebook (facebook.com/shopper99),1
I’m interested in this item.,0
Does it come in other colors?,0
I’m interested in this item.,0
Add me on WhatsApp: 555-923-9367,1
What’s the price?,0
Can you show more photos?,0
Do you have it in stock?,0
Nice product!,0
Where do you ship from?,0
What are the dimensions?,0
How soon can I get it?,0
What’s the price?,0
What’s the price?,0
I’m interested in this item.,0
How soon can I get it?,0
Does it come in other colors?,0
you can DM me at shopper120 on Insta,1
Reach out on WhatsApp at +1-522-239-4210,1
Do you have it in stock?,0
What’s the price?,0
Nice product!,0
I’m interested in this item.,0
Do you have it in stock?,0
I’m interested in this item.,0
Telegram me at +1 890 501 2252,1
WhatsApp me at +1-555-596-8893,1
Does it come in other colors?,0
Can you show more photos?,0
This looks good.,0
I’m interested in this item.,0
Nice product!,0
DM me on Instagram: @frank892,1
Message me on Snapchat: designer123,1
find me at user7789@example.com 😉,1
Hit me up on WhatsApp at +1-128-263-2722,1
Nice product!,0
I’m interested in this item.,0
This looks good.,0
What’s the price?,0
This looks good.,0
My WeChat ID is shop_owner,1
What’s the price?,0
This looks good.,0
Where do you ship from?,0
Nice product!,0
Does it come in other colors?,0
Do you have it in stock?,0
This looks good.,0
C a l l   m e :   3 7 2 5 1 4 6 9 8 1,1
My Snapchat is eve418,1
c o n t a c t : +1-941-966-4101,1
How soon can I get it?,0
Nice product!,0
How soon can I get it?,0
Let's connect on LinkedIn: https://linkedin.com/in/heidi785,1
Do you have it in stock?,0
Can you show more photos?,0
Can you share your phone number so I can send you details?,1
What are the dimensions?,0
Can you show more photos?,0
Nice product!,0
Do you have it in stock?,0
Does it come in other colors?,0
Does it come in other colors?,0
How soon can I get it?,0
What’s the price?,0
Do you have it in stock?,0
What are the dimensions?,0
What are the dimensions?,0
Send me a DM on Facebook: facebook.com/shop_owner,1
Do you have it in stock?,0
I’m interested in this item.,0
Does it come in other colors?,0
Reach me at +1 921 590 4714,1
Can you show more photos?,0
My number is +1 375 493 9274,1
my email id is user8954@example.com,1
Does it come in other colors?,0
How soon can I get it?,0
fb.com/fashionista899,1
Contact via email: alice70@mail.com,1
This looks good.,0
This looks good.,0
What’s the price?,0
I’m interested in this item.,0
Do you have it in stock?,0
How soon can I get it?,0
What are the dimensions?,0
I’m interested in this item.,0
Do you have it in stock?,0
What are the dimensions?,0
What are the dimensions?,0
What are the dimensions?,0
Can you show more photos?,0
Nice product!,0
How soon can I get it?,0
What are the dimensions?,0
What are the dimensions?,0
Nice product!,0
Add me on Facebook (facebook.com/shopper99),1
I’m interested in this item.,0
You can reach me at 555-885-9358,1
This looks good.,0
Where do you ship from?,0
Where do you ship from?,0
Does it come in other colors?,0
Can you show more photos?,0
What are the dimensions?,0
Add me on Facebook (facebook.com/tech_lead),1
What are the dimensions?,0
I’m interested in this item.,0
Nice product!,0
Does it come in other colors?,0
Ping me on Telegram: @david710,1
I’m interested in this item.,0
How soon can I get it?,0
Where do you ship from?,0
How soon can I get it?,0
Please email me at user2552@example.com,1
Does it come in other colors?,0
Contact me on Skype: heidi404,1
Can you show more photos?,0
Do you have it in stock?,0
What are the dimensions?,0
What’s the price?,0
Does it come in other colors?,0
What are the dimensions?,0
What are the dimensions?,0
Can you show more photos?,0
This looks good.,0
What’s the price?,0
Where do you ship from?,0
Where do you ship from?,0
telegram: t dot me slash shopper318,1
Where do you ship from?,0
Find me on Facebook: https://facebook.com/eve881,1
Where do you ship from?,0
t e l : +1-276-543-3441,1
How soon can I get it?,0
I’m interested in this item.,0
I’m interested in this item.,0
What’s the price?,0
Do you have it in stock?,0
This looks good.,0
How soon can I get it?,0
Nice product!,0
How soon can I get it?,0
DM me on Instagram @jane.smith,1
What are the dimensions?,0
What’s the price?,0
Let's connect on LinkedIn: linkedin.com/in/shopper99,1
Send me a DM on Facebook: facebook.com/fashionguru,1
my email id is user41@example.com,1
I’m interested in this item.,0
How soon can I get it?,0
Do you have it in stock?,0
Do you have it in stock?,0
Send me a DM on Facebook: facebook.com/john_doe,1
hmu @ shopper478,1
Does it come in other colors?,0
What are the dimensions?,0
Can you show more photos?,0
Does it come in other colors?,0
How soon can I get it?,0
This looks good.,0
Does it come in other colors?,0
Can you show more photos?,0
What are the dimensions?,0
I’m interested in this item.,0
Where do you ship from?,0
Can you show more photos?,0
Can you show more photos?,0
This looks good.,0
Can you show more photos?,0
Nice product!,0
Do you have it in stock?,0
What’s the price?,0
How soon can I get it?,0
Contact via email: heidi77@email.net,1
This looks good.,0
This looks good.,0
Let's connect on LinkedIn: linkedin.com/in/jane.smith,1
Nice product!,0
"Email is user4859@example.com, reach out anytime.",1
This looks good.,0
you can DM me at devguy949 on Insta,1
What’s the price?,0
What’s the price?,0
Do you have it in stock?,0
This looks good.,0
Where do you ship from?,0
Contact: +1-404-381-9778,1
Does it come in other colors?,0
Can you show more photos?,0
Nice product!,0
Can you show more photos?,0
What’s the price?,0
What’s the price?,0
How soon can I get it?,0
WhatsApp me at +1-555-965-9494,1
Can you show more photos?,0
What’s the price?,0
DM me on Instagram: @judy17,1
telegram: t dot me slash devguy364,1
DM me on Instagram: @charlie270,1
Do you have it in stock?,0
This looks good.,0
I’m interested in this item.,0
my email id is user4061@example.com,1
I’m interested in this item.,0
Can you show more photos?,0
Do you have it in stock?,0
Can you show more photos?,0
This looks good.,0
Can you show more photos?,0
Nice product!,0
This looks good.,0
How soon can I get it?,0
How soon can I get it?,0
e m a i l m e @ user4048@example.com,1
This looks good.,0
Do you have it in stock?,0
I’m interested in this item.,0
Nice product!,0
Where do you ship from?,0
This looks good.,0
What’s the price?,0
Can you share your phone number so I can send you details?,1
Do you have it in stock?,0
Where do you ship from?,0
Where do you ship from?,0
What are the dimensions?,0
j u d y 9 0 @ e m a i l . n e t,1
What are the dimensions?,0
How soon can I get it?,0
I’m interested in this item.,0
I’m interested in this item.,0
telegram: t dot me slash coolcat319,1
Do you have it in stock?,0
Follow me on Instagram @fashioneer and DM.,1
Do you have it in stock?,0
Does it come in other colors?,0
c   o   n   t   a   c   t   m   e   + 1   0 3 1   6 0 3   6 8 7 4,1
What’s the price?,0
This looks good.,0
Nice product!,0
What are the dimensions?,0
This looks good.,0
This looks good.,0
Can you show more photos?,0
Where do you ship from?,0
"My contact is 555-418-7305, call me.",1
I’m interested in this item.,0
What are the dimensions?,0
What are the dimensions?,0
Add me on Facebook (facebook.com/tech_lead),1
Let's connect on LinkedIn: linkedin.com/in/jane.smith,1
How soon can I get it?,0
Where do you ship from?,0
What’s the price?,0
What are the dimensions?,0
Can you show more photos?,0
This looks good.,0
DM me on Facebook: facebook.com/fashionista907,1
Where do you ship from?,0
Where do you ship from?,0
Message me on Signal: 5479954024,1
How soon can I get it?,0
Snapchat me @ shopper547,1
Where do you ship from?,0
How soon can I get it?,0
Where do you ship from?,0
I’m interested in this item.,0
Does it come in other colors?,0
Do you have it in stock?,0
Do you have it in stock?,0
I’m interested in this item.,0
Can you show more photos?,0
I’m interested in this item.,0
Where do you ship from?,0
Where do you ship from?,0
I’m interested in this item.,0
How soon can I get it?,0
Connect on LinkedIn (linkedin.com/in/shopper791),1
What’s the price?,0
Message me at user271@example.com,1
Can you show more photos?,0
What are the dimensions?,0
What’s the price?,0
Email me at bob50@test.org,1
What are the dimensions?,0
Connect on LinkedIn (linkedin.com/in/tech_lead),1
Hit me up on WhatsApp at +1-248-815-5725,1
Do you have it in stock?,0
How soon can I get it?,0
"My contact is 555-447-8548, call me.",1
Can you show more photos?,0
What are the dimensions?,0
Where do you ship from?,0
How soon can I get it?,0
What’s the price?,0
Nice product!,0
Nice product!,0
Nice product!,0
What’s the price?,0
Where do you ship from?,0
What are the dimensions?,0
This looks good.,0
Can you show more photos?,0
This looks good.,0
What’s the price?,0
📱 +1-188-457-7305,1
Does it come in other colors?,0
How soon can I get it?,0
Does it come in other colors?,0
Do you have it in stock?,0
Where do you ship from?,0
I’m interested in this item.,0
What’s the price?,0
What are the dimensions?,0
What’s the price?,0
I’m interested in this item.,0
What’s the price?,0
get in touch @ user9334@example.com,1
What are the dimensions?,0
Text me at +1-806-467-8672,1
What’s the price?,0
How soon can I get it?,0
Can you show more photos?,0
What’s the price?,0
Here's my email: user9937@example.com,1
What are the dimensions?,0
Let's connect on LinkedIn: https://linkedin.com/in/heidi488,1
Do you have it in stock?,0
Does it come in other colors?,0
Follow me on Instagram @shop_owner and DM.,1
Does it come in other colors?,0
Can you show more photos?,0
Where do you ship from?,0
Where do you ship from?,0
Does it come in other colors?,0
This looks good.,0
📧 user3497@example.com,1
This looks good.,0
What’s the price?,0
Can you show more photos?,0
How soon can I get it?,0
Let's connect on LinkedIn: linkedin.com/in/john_doe,1
Can you show more photos?,0
What’s the price?,0
Do you have it in stock?,0
Ping me on Telegram: @heidi300,1
What are the dimensions?,0
Where do you ship from?,0
Does it come in other colors?,0
Nice product!,0
How soon can I get it?,0
Does it come in other colors?,0
I’m interested in this item.,0
Nice product!,0
Does it come in other colors?,0
Text me at 555-619-1837 for more info.,1
Do you have it in stock?,0
Does it come in other colors?,0
Where do you ship from?,0
Nice product!,0
Does it come in other colors?,0
What’s the price?,0
What’s the price?,0
Do you have it in stock?,0
How soon can I get it?,0
How soon can I get it?,0
I’m interested in this item.,0
This looks good.,0
This looks good.,0
What are the dimensions?,0
📧 user8242@example.com,1
Do you have it in stock?,0
Nice product!,0
Does it come in other colors?,0
Does it come in other colors?,0
Does it come in other colors?,0
What are the dimensions?,0
Email me at user1527@example.com,1
What’s the price?,0
What’s the price?,0
Can I have your email address?,1
Can you show more photos?,0
How soon can I get it?,0
Nice product!,0
Message me on Snapchat: best_pizza,1
Where do you ship from?,0
Do you have it in stock?,0
I’m interested in this item.,0
Can you show more photos?,0
Nice product!,0
Does it come in other colors?,0
Where do you ship from?,0
Do you have it in stock?,0
What’s the price?,0
Do you have it in stock?,0
Add me on Facebook (facebook.com/fashioneer),1
How soon can I get it?,0
I’m interested in this item.,0
Please email me at user1415@example.com,1
How soon can I get it?,0
This looks good.,0
DM me on Facebook: facebook.com/fashionista268,1
What’s the price?,0
Call me at (165) 154-7378,1
You can reach me at 555-652-1438,1
How soon can I get it?,0
WhatsApp me at +1-555-160-6575,1
What’s the price?,0
my email id is user4921@example.com,1
I’m interested in this item.,0
Where do you ship from?,0
I’m interested in this item.,0
Where do you ship from?,0
Nice product!,0
How soon can I get it?,0
What are the dimensions?,0
What’s the price?,0
Nice product!,0
Text me at +1 661 795 1784,1
Nice product!,0
Let's connect on LinkedIn: linkedin.com/in/tech_lead,1
Can you show more photos?,0
I’m interested in this item.,0
This looks good.,0
Does it come in other colors?,0
I’m interested in this item.,0
Where do you ship from?,0
Does it come in other colors?,0
This looks good.,0
I’m interested in this item.,0
Can you show more photos?,0
Where do you ship from?,0
Where do you ship from?,0
How soon can I get it?,0
Where do you ship from?,0
message me via g m a i l at user4637@example.com,1
What’s the price?,0
I’m interested in this item.,0
Does it come in other colors?,0
What’s the price?,0
Telegram me at 205-775-7851,1
This looks good.,0
Does it come in other colors?,0
Text me at 555-474-1712 for more info.,1
What are the dimensions?,0
What’s the price?,0
How soon can I get it?,0
How soon can I get it?,0
Do you have it in stock?,0
What are the dimensions?,0
Can you show more photos?,0
Does it come in other colors?,0
Can you show more photos?,0
What are the dimensions?,0
What are the dimensions?,0
Nice product!,0
Do you have it in stock?,0
Do you have it in stock?,0
How soon can I get it?,0
This looks good.,0
Does it come in other colors?,0
What’s the price?,0
What’s the price?,0
How soon can I get it?,0
Nice product!,0
This looks good.,0
What are the dimensions?,0
Where do you ship from?,0
"Email is user4650@example.com, reach out anytime.",1
Can you show more photos?,0
Where do you ship from?,0
snap me at s-n-a-p devguy975,1
DM me on Instagram: @grace792,1
What are the dimensions?,0
Mail me: grace40@test.org,1
What’s the price?,0
How soon can I get it?,0
Add me on WhatsApp: 555-312-7369,1
What’s the price?,0
What are the dimensions?,0
Add me on Facebook (facebook.com/john_doe),1
This looks good.,0
This looks good.,0
Can you show more photos?,0
How soon can I get it?,0
Can you share your phone number so I can send you details?,1
How soon can I get it?,0
Reach out on WhatsApp at +1-595-988-4825,1
How soon can I get it?,0
Call me at (879) 578-8179,1
Does it come in other colors?,0
Do you have it in stock?,0
This looks good.,0
How soon can I get it?,0
Can you show more photos?,0
I’m interested in this item.,0
I’m interested in this item.,0
Does it come in other colors?,0
What’s the price?,0
This looks good.,0
What are the dimensions?,0
My Snapchat is alice966,1
Nice product!,0
Where do you ship from?,0
What’s the price?,0
Does it come in other colors?,0
Hit me up on WhatsApp at 555-198-4308,1
This looks good.,0
Ping me on Telegram: @judy733,1
How soon can I get it?,0
Nice product!,0
Nice product!,0
How soon can I get it?,0
Do you have it in stock?,0
Connect on LinkedIn (linkedin.com/in/shopper901),1
g r a c e 9 0 @ m a i l . c o m,1
This looks good.,0
Where do you ship from?,0
What are the dimensions?,0
Where do you ship from?,0
Do you have it in stock?,0
Can you show more photos?,0
I’m interested in this item.,0
Can you share your phone number so I can send you details?,1
Do you have it in stock?,0
c o n t a c t : +1-751-865-4385,1
Do you have it in stock?,0
I’m interested in this item.,0
Ping me on Telegram: @alice606,1
What are the dimensions?,0
How soon can I get it?,0
Connect on LinkedIn (linkedin.com/in/shopper99),1
Message via email: eve33@email.net,1
Can you show more photos?,0
Do you have it in stock?,0
Where do you ship from?,0
Do you have it in stock?,0
Do you have it in stock?,0
What’s the price?,0
How soon can I get it?,0
How soon can I get it?,0
This looks good.,0
I’m interested in this item.,0
What are the dimensions?,0
Can you show more photos?,0
You can reach me at 555-122-1591,1
Do you have it in stock?,0
fb.com/coolcat962,1
This looks good.,0
Message via email: judy40@mail.com,1
What’s the price?,0
How soon can I get it?,0
Can you show more photos?,0
Do you have it in stock?,0
Let's connect on LinkedIn: https://linkedin.com/in/heidi539,1
Does it come in other colors?,0
Can you show more photos?,0
Reach me at 702-821-8388,1
Can you show more photos?,0
Hit me up on WhatsApp at +1-282-910-3627,1
find me at user4412@example.com 😉,1
Can you show more photos?,0
Send me a DM on Facebook: facebook.com/tech_lead,1
DM me on Instagram @shop_owner,1
How soon can I get it?,0
How soon can I get it?,0
Add me on WhatsApp: 555-469-1545,1
This looks good.,0
I’m interested in this item.,0
Nice product!,0
Can you show more photos?,0
Here's my email: user2490@example.com,1
Can you show more photos?,0
Do you have it in stock?,0
I’m interested in this item.,0
This looks good.,0
Does it come in other colors?,0
Where do you ship from?,0
Nice product!,0
What’s the price?,0
Do you have it in stock?,0
What are the dimensions?,0
"Email is user9904@example.com, reach out anytime.",1
How soon can I get it?,0
This looks good.,0
Can you show more photos?,0
What are the dimensions?,0
How soon can I get it?,0
What are the dimensions?,0
Do you have it in stock?,0
What are the dimensions?,0
Do you have it in stock?,0
This looks good.,0
telegram: t dot me slash devguy436,1
How soon can I get it?,0
What’s the price?,0
How soon can I get it?,0
What’s the price?,0
Do you have it in stock?,0
i v a n 8 6 @ m a i l . c o m,1
What are the dimensions?,0
Do you have it in stock?,0
This looks good.,0
This looks good.,0
What are the dimensions?,0
This looks good.,0
I’m interested in this item.,0
Where do you ship from?,0
Can you show more photos?,0
Where do you ship from?,0
Ping me on Telegram: @judy522,1
Where do you ship from?,0
Where do you ship from?,0
How soon can I get it?,0
Does it come in other colors?,0
This looks good.,0
Does it come in other colors?,0
This looks good.,0
What are the dimensions?,0
This looks good.,0
Reach out on WhatsApp at +1-142-422-7869,1
This looks good.,0
Does it come in other colors?,0
This looks good.,0
Where do you ship from?,0
c   o   n   t   a   c   t   m   e   + 1   4 8 1   6 9 0   0 1 9 5,1
Can you show more photos?,0
What are the dimensions?,0
Do you have it in stock?,0
Add me on WhatsApp: 555-167-1407,1
How soon can I get it?,0
message me via g m a i l at user4658@example.com,1
What are the dimensions?,0
Do you have it in stock?,0
This looks good.,0
Can you show more photos?,0
How soon can I get it?,0
Contact via email: judy47@test.org,1
I’m interested in this item.,0
What’s the price?,0
Where do you ship from?,0
I’m interested in this item.,0
You can reach me at 555-183-4025,1
What’s the price?,0
Can you show more photos?,0
What’s the price?,0
What are the dimensions?,0
Nice product!,0
You can reach me at 555-979-6411,1
How soon can I get it?,0
I’m interested in this item.,0
How soon can I get it?,0
What’s the price?,0
This looks good.,0
Snapchat me @ devguy282,1
Do you have it in stock?,0
Add me on Facebook (facebook.com/coolguy42),1
Do you have it in stock?,0
Message me at user4288@example.com,1
How soon can I get it?,0
What are the dimensions?,0
Where do you ship from?,0
Snapchat me @ devguy860,1
What are the dimensions?,0
Please email me at user1204@example.com,1
Let's connect on LinkedIn: linkedin.com/in/best_pizza,1
This looks good.,0
c   o   n   t   a   c   t   m   e   + 1   4 3 5   4 9 3   3 6 5 3,1
Nice product!,0
This looks good.,0
I’m interested in this item.,0
Do you have it in stock?,0
This looks good.,0
How soon can I get it?,0
Does it come in other colors?,0
How soon can I get it?,0
Where do you ship from?,0
What are the dimensions?,0
This looks good.,0
Do you have it in stock?,0
What are the dimensions?,0
Do you have it in stock?,0
What’s the price?,0
Where do you ship from?,0
Follow me on Instagram @best_pizza and DM.,1
Can you show more photos?,0
You can reach me at 555-481-9190,1
This looks good.,0
Does it come in other colors?,0
I’m interested in this item.,0
📱 +1-611-860-6286,1
Can you show more photos?,0
Nice product!,0
Nice product!,0
Do you have it in stock?,0
How soon can I get it?,0
Does it come in other colors?,0
Where do you ship from?,0
📧 user1947@example.com,1
c h a r l i e 5 1 @ m a i l . c o m,1
Where do you ship from?,0
get in touch @ user1892@example.com,1
I’m interested in this item.,0
This looks good.,0
This looks good.,0
Nice product!,0
Text me at +1-367-188-1690,1
Message me on Signal: +1 589 160 2043,1
Do you have it in stock?,0
Does it come in other colors?,0
Do you have it in stock?,0
I’m interested in this item.,0
Does it come in other colors?,0
Does it come in other colors?,0
Signal me at 036-827-8556,1
you can DM me at coolcat977 on Insta,1
Does it come in other colors?,0
Do you have it in stock?,0
Hit me up on WhatsApp at 555-183-2601,1
What are the dimensions?,0
Nice product!,0
Do you have it in stock?,0
You can reach me at 555-870-4420,1
My number is 9544960953,1
What are the dimensions?,0
What’s the price?,0
What’s the price?,0
Where do you ship from?,0
Nice product!,0
Call me at +1 710 356 9532,1
Do you have it in stock?,0
Do you have it in stock?,0
DM me on Instagram @coolguy42,1
Nice product!,0
Does it come in other colors?,0
This looks good.,0
Where do you ship from?,0
Where do you ship from?,0
Do you have it in stock?,0
What are the dimensions?,0
my digits: +1-146-694-4310,1
What are the dimensions?,0
Nice product!,0
Where do you ship from?,0
What are the dimensions?,0
Can you show more photos?,0
I’m interested in this item.,0
How soon can I get it?,0
wanna chat? +1-259-709-8241,1
Can you show more photos?,0
I’m interested in this item.,0
message me via g m a i l at user9842@example.com,1
What’s the price?,0
Nice product!,0
How soon can I get it?,0
How soon can I get it?,0
Message me on Snapchat: designer123,1
Snapchat me @ coolcat31,1
This looks good.,0
Does it come in other colors?,0
Does it come in other colors?,0
How soon can I get it?,0
Can you show more photos?,0
Can you show more photos?,0
Nice product!,0
Add me on Facebook (facebook.com/fashionguru),1
Nice product!,0
What are the dimensions?,0
Can you show more photos?,0
Mail me: grace17@mail.com,1
Can you show more photos?,0
This looks good.,0
What’s the price?,0
Snapchat me @ fashionista793,1
Where do you ship from?,0
Can you show more photos?,0
This looks good.,0
This looks good.,0
Nice product!,0
Where do you ship from?,0
What’s the price?,0
This looks good.,0
What’s the price?,0
Can you show more photos?,0
What are the dimensions?,0
Hit me up on WhatsApp at +1-705-351-2740,1
Do you have it in stock?,0
Does it come in other colors?,0
What’s the price?,0
Does it come in other colors?,0
Do you have it in stock?,0
Does it come in other colors?,0
What are the dimensions?,0
Add me on WhatsApp: +1 249 655 9944,1
Nice product!,0
This looks good.,0
Can you show more photos?,0
Message me on Signal: 3035726019,1
How soon can I get it?,0
Can you show more photos?,0
What’s the price?,0
What are the dimensions?,0
How soon can I get it?,0
Does it come in other colors?,0
Where do you ship from?,0
Nice product!,0
I’m interested in this item.,0
My TikTok: @eve893,1
What’s the price?,0
What are the dimensions?,0
This looks good.,0
Nice product!,0
Nice product!,0
What’s the price?,0
Can you share your phone number so I can send you details?,1
Where do you ship from?,0
I’m interested in this item.,0
Nice product!,0
Do you have it in stock?,0
Where do you ship from?,0
Can you show more photos?,0
Do you have it in stock?,0
wanna chat? +1-226-214-1818,1
📱 +1-377-209-3140,1
Nice product!,0
Connect on LinkedIn (linkedin.com/in/fashionista543),1
reach at t w o o o @example.com,1
Do you have it in stock?,0
How soon can I get it?,0
Does it come in other colors?,0
Nice product!,0
This looks good.,0
This looks good.,0
Nice product!,0
Does it come in other colors?,0
Call me at 818-563-7146,1
What are the dimensions?,0
Can you show more photos?,0
How soon can I get it?,0
Hit me up on WhatsApp at 555-341-4633,1
Do you have it in stock?,0
Message me at user4249@example.com,1
Email me at grace11@mail.com,1
I’m interested in this item.,0
Message me on Snapchat: designer123,1
Do you have it in stock?,0
Can I have your email address?,1
How soon can I get it?,0
I’m interested in this item.,0
fb.com/fashionista87,1
Where do you ship from?,0
you can DM me at devguy59 on Insta,1
Can you show more photos?,0
I’m interested in this item.,0
Do you have it in stock?,0
My WeChat ID is fashionguru,1
c o n t a c t : +1-938-713-4035,1
Do you have it in stock?,0
I’m interested in this item.,0
Hit me up on WhatsApp at +1-387-256-1597,1
Nice product!,0
Nice product!,0
Where do you ship from?,0
This looks good.,0
Where do you ship from?,0
"Email is user5015@example.com, reach out anytime.",1
Can you show more photos?,0
Does it come in other colors?,0
What’s the price?,0
This looks good.,0
Where do you ship from?,0
I’m interested in this item.,0
How soon can I get it?,0
Nice product!,0
What’s the price?,0
Nice product!,0
How soon can I get it?,0
Nice product!,0
Do you have it in stock?,0
Does it come in other colors?,0
I’m interested in this item.,0
This looks good.,0
I’m interested in this item.,0
What are the dimensions?,0
Does it come in other colors?,0
This looks good.,0
What are the dimensions?,0
Does it come in other colors?,0
Does it come in other colors?,0
Do you have it in stock?,0
What are the dimensions?,0
Message me on Snapchat: shop_owner,1
Twitter me at 986-193-3097,1
Follow me on Instagram @tech_lead and DM.,1
Where do you ship from?,0
Do you have it in stock?,0
Do you have it in stock?,0
Do you have it in stock?,0
wanna chat? +1-154-218-1096,1
Does it come in other colors?,0
What are the dimensions?,0
What’s the price?,0
Nice product!,0
Can you share your phone number so I can send you details?,1
What are the dimensions?,0
Can you show more photos?,0
What are the dimensions?,0
Do you have it in stock?,0
This looks good.,0
Can you show more photos?,0
Can you show more photos?,0
What are the dimensions?,0
Connect on LinkedIn (linkedin.com/in/shopper445),1
What’s the price?,0
Where do you ship from?,0
What are the dimensions?,0
How soon can I get it?,0
📱 +1-847-989-4775,1
Nice product!,0
This looks good.,0
Does it come in other colors?,0
Does it come in other colors?,0
Email me at judy93@email.net,1
Nice product!,0
Do you have it in stock?,0
I’m interested in this item.,0
How soon can I get it?,0
How soon can I get it?,0
Here is my email: user2818@example.com,1
Where do you ship from?,0
Follow me on Instagram @tech_lead and DM.,1
Do you have it in stock?,0
This looks good.,0
Does it come in other colors?,0
Can you show more photos?,0
Message me at user4618@example.com,1
Contact via email: david27@mail.com,1
Can you show more photos?,0
What’s the price?,0
Where do you ship from?,0
How soon can I get it?,0
My WeChat ID is coolguy42,1
Where do you ship from?,0
fb.com/devguy852,1
Does it come in other colors?,0
Can you show more photos?,0
Does it come in other colors?,0
I’m interested in this item.,0
This looks good.,0
Text me at +1 998 235 7535,1
Nice product!,0
Nice product!,0
What are the dimensions?,0
Does it come in other colors?,0
Where do you ship from?,0
This looks good.,0
How soon can I get it?,0
Ping me on Telegram: @judy30,1
telegram: t dot me slash fashionista614,1
Where do you ship from?,0
Snapchat me @ fashionista179,1
How soon can I get it?,0
Does it come in other colors?,0
Does it come in other colors?,0
What are the dimensions?,0
Text me at +1-468-385-7498,1
Do you have it in stock?,0
You can reach me at 555-358-3296,1
What’s the price?,0
C o n t a c t :   + 1   7 5 5   5 1 1   5 8 4 5,1
Nice product!,0
Nice product!,0
Nice product!,0
Connect on LinkedIn (linkedin.com/in/fashioneer),1
DM me on Instagram: @grace12,1
e m a i l m e @ user515@example.com,1
I’m interested in this item.,0
e m a i l m e @ user6041@example.com,1
This looks good.,0
Where do you ship from?,0
I’m interested in this item.,0
Nice product!,0
What are the dimensions?,0
I’m interested in this item.,0
What’s the price?,0
I’m interested in this item.,0
Email me at frank10@example.com,1
I’m interested in this item.,0
How soon can I get it?,0
Do you have it in stock?,0
How soon can I get it?,0
Nice product!,0
Ping me on Telegram: @ivan460,1
How soon can I get it?,0
Can you show more photos?,0
Does it come in other colors?,0
DM me on Instagram @shopper99,1
What’s the price?,0
Can you show more photos?,0
Do you have it in stock?,0
Send me a DM on Facebook: facebook.com/shopper99,1
I’m interested in this item.,0
I’m interested in this item.,0
Connect on LinkedIn (linkedin.com/in/shop_owner),1
What are the dimensions?,0
This looks good.,0
Add me on WhatsApp: 555-687-5586,1
Nice product!,0
Nice product!,0
How soon can I get it?,0
What’s the price?,0
Do you have it in stock?,0
What are the dimensions?,0
How soon can I get it?,0
Nice product!,0
This looks good.,0
Where do you ship from?,0
Can you show more photos?,0
I’m interested in this item.,0
Nice product!,0
Where do you ship from?,0
What’s the price?,0
I’m interested in this item.,0
telegram: t dot me slash fashionista573,1
Do you have it in stock?,0
Nice product!,0
Nice product!,0
I’m interested in this item.,0
Can you show more photos?,0
Does it come in other colors?,0
What are the dimensions?,0
Contact: +1-515-492-9853,1
Where do you ship from?,0
What’s the price?,0
I’m interested in this item.,0
What are the dimensions?,0
Can you show more photos?,0
Does it come in other colors?,0
Do you have it in stock?,0
What’s the price?,0
Does it come in other colors?,0
How soon can I get it?,0
What’s the price?,0
How soon can I get it?,0
This looks good.,0
Where do you ship from?,0
Reach out on WhatsApp at +1-212-655-6736,1
This looks good.,0
Do you have it in stock?,0
What are the dimensions?,0
This looks good.,0
How soon can I get it?,0
wanna chat? +1-225-297-6208,1
Message via email: frank55@test.org,1
Where do you ship from?,0
Does it come in other colors?,0
What’s the price?,0
This looks good.,0
What are the dimensions?,0
What’s the price?,0
Does it come in other colors?,0
Does it come in other colors?,0
Does it come in other colors?,0
Does it come in other colors?,0
How soon can I get it?,0
This looks good.,0
Does it come in other colors?,0
Can you show more photos?,0
Does it come in other colors?,0
This looks good.,0
Nice product!,0
Nice product!,0
What’s the price?,0
Here's my email: user8191@example.com,1
Add me on WhatsApp: 872-707-0054,1
Nice product!,0
Add me on WhatsApp: 255-041-1138,1
Please email me at user1216@example.com,1
This looks good.,0
Do you have it in stock?,0
Add me on Facebook (facebook.com/coolguy42),1
What’s the price?,0
Nice product!,0
I’m interested in this item.,0
Do you have it in stock?,0
Does it come in other colors?,0
This looks good.,0
This looks good.,0
Do you have it in stock?,0
I’m interested in this item.,0
Follow me on Instagram @coolguy42 and DM.,1
This looks good.,0
I’m interested in this item.,0
Where do you ship from?,0
What’s the price?,0
What are the dimensions?,0
Do you have it in stock?,0
What’s the price?,0
Nice product!,0
Ping me on Telegram: @frank923,1
I’m interested in this item.,0
I’m interested in this item.,0
I’m interested in this item.,0
Does it come in other colors?,0
Does it come in other colors?,0
Call me at 498-965-9921,1
How soon can I get it?,0
Find me on Facebook: https://facebook.com/david698,1
Snapchat me @ coolcat544,1
Message me on Signal: +1 867 167 0719,1
Do you have it in stock?,0
How soon can I get it?,0
I’m interested in this item.,0
Reach me at +1 770 622 5300,1
You can reach me at +1-424-247-8156,1
This looks good.,0
This looks good.,0
"Email is user9566@example.com, reach out anytime.",1
I’m interested in this item.,0
Can you show more photos?,0
I’m interested in this item.,0
This looks good.,0
Facebook me at (199) 348-6605,1
Can you show more photos?,0
Does it come in other colors?,0
This looks good.,0
"Email is user1997@example.com, reach out anytime.",1
Does it come in other colors?,0
What are the dimensions?,0
Nice product!,0
I’m interested in this item.,0
d a v i d 8 0 @ t e s t . o r g,1
How soon can I get it?,0
This looks good.,0
Do you have it in stock?,0
This looks good.,0
get in touch @ user9461@example.com,1
Where do you ship from?,0
What are the dimensions?,0
What’s the price?,0
My WeChat ID is shopper99,1
Does it come in other colors?,0
Can you show more photos?,0
What are the dimensions?,0
This looks good.,0
Nice product!,0
I’m interested in this item.,0
Do you have it in stock?,0
Where do you ship from?,0
Can you show more photos?,0
Hit me up on WhatsApp at +1-933-205-3564,1
What are the dimensions?,0
This looks good.,0
My Snapchat is frank113,1
Does it come in other colors?,0
What are the dimensions?,0
DM me on Facebook: facebook.com/fashionista219,1
Do you have it in stock?,0
Hit me up on WhatsApp at +1-936-149-4849,1
I’m interested in this item.,0
Connect on LinkedIn (linkedin.com/in/coolcat708),1
I’m interested in this item.,0
Where do you ship from?,0
What’s the price?,0
wanna chat? +1-194-674-4261,1
Nice product!,0
Do you have it in stock?,0
Let's connect on LinkedIn: linkedin.com/in/tech_lead,1
Does it come in other colors?,0
Nice product!,0
This looks good.,0
What’s the price?,0
What’s the price?,0
Nice product!,0
What’s the price?,0
What are the dimensions?,0
Contact via email: grace91@email.net,1
Let's connect on LinkedIn: linkedin.com/in/fashioneer,1
This looks good.,0
This looks good.,0
"My contact is 555-549-2940, call me.",1
What’s the price?,0
Mail me: eve14@email.net,1
What are the dimensions?,0
Does it come in other colors?,0
What are the dimensions?,0
What’s the price?,0
Does it come in other colors?,0
How soon can I get it?,0
Can you show more photos?,0
Where do you ship from?,0
"Email is user3796@example.com, reach out anytime.",1
How soon can I get it?,0
DM me on Facebook: facebook.com/fashionista758,1
What’s the price?,0
reach at t w o o o @example.com,1
How soon can I get it?,0
Can you show more photos?,0
Where do you ship from?,0
Where do you ship from?,0
Does it come in other colors?,0
Add me on WhatsApp: +1 924 224 5741,1
What’s the price?,0
This looks good.,0
Does it come in other colors?,0
What’s the price?,0
Contact me via Telegram: @coolguy42,1
Where do you ship from?,0
How soon can I get it?,0
Can you show more photos?,0
Follow me on Twitter: @frank737,1
Can you show more photos?,0
This looks good.,0
Where do you ship from?,0
I’m interested in this item.,0
Nice product!,0
Nice product!,0
Nice product!,0
This looks good.,0
This looks good.,0
Can you show more photos?,0
What’s the price?,0
This looks good.,0
Do you have it in stock?,0
Can you show more photos?,0
Where do you ship from?,0
How soon can I get it?,0
Where do you ship from?,0
My Snapchat is grace112,1
c   o   n   t   a   c   t   m   e   ( 9 6 1 )   9 8 3 - 6 9 4 7,1
Nice product!,0
Can you show more photos?,0
Nice product!,0
Nice product!,0
Do you have it in stock?,0
What are the dimensions?,0
Nice product!,0
Where do you ship from?,0
b o b 6 9 @ e x a m p l e . c o m,1
Does it come in other colors?,0
Do you have it in stock?,0
DM me on Facebook: facebook.com/devguy568,1
Reach me at 265-141-5211,1
How soon can I get it?,0
Nice product!,0
Does it come in other colors?,0
This looks good.,0
My WeChat ID is john_doe,1
This looks good.,0
Does it come in other colors?,0
Where do you ship from?,0
I’m interested in this item.,0
Nice product!,0
Does it come in other colors?,0
Where do you ship from?,0
What’s the price?,0
Where do you ship from?,0
my email id is user974@example.com,1
Add me on WhatsApp: 8426649214,1
Where do you ship from?,0
Do you have it in stock?,0
Can you show more photos?,0
What’s the price?,0
Does it come in other colors?,0
What are the dimensions?,0
Can you show more photos?,0
Where do you ship from?,0
Does it come in other colors?,0
Does it come in other colors?,0
How soon can I get it?,0
How soon can I get it?,0
I’m interested in this item.,0
Add me on WhatsApp: 555-228-5622,1
Can you show more photos?,0
Nice product!,0
Does it come in other colors?,0
What are the dimensions?,0
Can you show more photos?,0
I’m interested in this item.,0
Email me at ivan47@example.com,1
Do you have it in stock?,0
WhatsApp me at +1 565 872 9203,1
This looks good.,0
How soon can I get it?,0
Nice product!,0
Where do you ship from?,0
How soon can I get it?,0
I’m interested in this item.,0
What’s the price?,0
How soon can I get it?,0
This looks good.,0
Do you have it in stock?,0
my digits: +1-569-650-8982,1
Can you show more photos?,0
Do you have it in stock?,0
What’s the price?,0
Add me on Facebook (facebook.com/fashioneer),1
What’s the price?,0
Do you have it in stock?,0
Do you have it in stock?,0
Do you have it in stock?,0
What are the dimensions?,0
I’m interested in this item.,0
Where do you ship from?,0
Do you have it in stock?,0
Text me at (969) 962-1287,1
This looks good.,0
Where do you ship from?,0
What’s the price?,0
Do you have it in stock?,0
What’s the price?,0
Do you have it in stock?,0
Skype me at (819) 951-6751,1
How soon can I get it?,0
This looks good.,0
Does it come in other colors?,0
What are the dimensions?,0
DM me on Instagram @fashioneer,1
What are the dimensions?,0
Does it come in other colors?,0
LinkedIn me at 711-401-3130,1
Do you have it in stock?,0
Do you have it in stock?,0
Do you have it in stock?,0
Where do you ship from?,0
Does it come in other colors?,0
Follow me on Instagram @john_doe and DM.,1
What are the dimensions?,0
Where do you ship from?,0
Message me on Snapchat: john_doe,1
DM me on Instagram @best_pizza,1
What are the dimensions?,0
Message me on Snapchat: shopper99,1
my digits: +1-411-201-4509,1
Can you share your phone number so I can send you details?,1
Does it come in other colors?,0
Here is my email: user3403@example.com,1
Nice product!,0
What are the dimensions?,0
Mail me: judy58@email.net,1
my digits: +1-687-975-2764,1
What are the dimensions?,0
You can reach me at 555-945-3534,1
How soon can I get it?,0
Hit me up on WhatsApp at +1-890-556-3201,1
How soon can I get it?,0
How soon can I get it?,0
What are the dimensions?,0
What’s the price?,0
Do you have it in stock?,0
What’s the price?,0
What are the dimensions?,0
My number is 843-633-3098,1
What’s the price?,0
Do you have it in stock?,0
Do you have it in stock?,0
Do you have it in stock?,0
Can you show more photos?,0
Does it come in other colors?,0
my digits: +1-150-291-6785,1
I’m interested in this item.,0
Can you show more photos?,0
I’m interested in this item.,0
What are the dimensions?,0
What are the dimensions?,0
Does it come in other colors?,0
What are the dimensions?,0
📱 +1-724-765-7300,1
Where do you ship from?,0
What’s the price?,0
How soon can I get it?,0
Can you share your phone number so I can send you details?,1
Message me on Snapchat: best_pizza,1
Nice product!,0
Nice product!,0
What’s the price?,0
How soon can I get it?,0
How soon can I get it?,0
I’m interested in this item.,0
This looks good.,0
reach at t w o o o @example.com,1
Nice product!,0
Where do you ship from?,0
I’m interested in this item.,0
Can you show more photos?,0
Can you show more photos?,0
Nice product!,0
Can you show more photos?,0
Does it come in other colors?,0
my email id is user9034@example.com,1
Do you have it in stock?,0
Does it come in other colors?,0
How soon can I get it?,0
How soon can I get it?,0
Can you show more photos?,0
Do you have it in stock?,0
I’m interested in this item.,0
What are the dimensions?,0
Can you show more photos?,0
Nice product!,0
My number is +1 412 790 9597,1
Can you show more photos?,0
Can you show more photos?,0
This looks good.,0
My number is 0599234137,1
Can you show more photos?,0
I’m interested in this item.,0
What’s the price?,0
Contact me via Telegram: @fashioneer,1
This looks good.,0
Does it come in other colors?,0
WhatsApp me at +1-555-437-6678,1
Email me at grace57@mail.com,1
Nice product!,0
Does it come in other colors?,0
Where do you ship from?,0
Nice product!,0
Text me at +1-151-159-2224,1
Nice product!,0
This looks good.,0
I’m interested in this item.,0
get in touch @ user4253@example.com,1
I’m interested in this item.,0
Does it come in other colors?,0
DM me on Instagram: @frank99,1
How soon can I get it?,0
Instagram me at 658-846-5587,1
Does it come in other colors?,0
What’s the price?,0
Does it come in other colors?,0
This looks good.,0
Where do you ship from?,0
I’m interested in this item.,0
Message via email: charlie30@test.org,1
Does it come in other colors?,0
c o n t a c t : +1-240-101-4060,1
Can you show more photos?,0
This looks good.,0
How soon can I get it?,0
Do you have it in stock?,0
Does it come in other colors?,0
What are the dimensions?,0
My Snapchat is charlie380,1
Can you show more photos?,0
e m a i l m e @ user9012@example.com,1
My WeChat ID is shop_owner,1
What are the dimensions?,0
Contact me via Telegram: @tech_lead,1
reach at t w o o o @example.com,1
Ping me on Telegram: @alice885,1
How soon can I get it?,0
Nice product!,0
Do you have it in stock?,0
Contact via email: david98@mail.com,1
Do you have it in stock?,0
Nice product!,0
This looks good.,0
Message via email: ivan48@mail.com,1
My number is 267-523-2936,1
Does it come in other colors?,0
Nice product!,0
Does it come in other colors?,0
reach at t w o o o @example.com,1
This looks good.,0
My number is 5775992487,1
Text me at (271) 774-5026,1
Can you show more photos?,0
I’m interested in this item.,0
How soon can I get it?,0
How soon can I get it?,0
How soon can I get it?,0
I’m interested in this item.,0
Nice product!,0
Can you show more photos?,0
Nice product!,0
My WeChat ID is jane.smith,1
How soon can I get it?,0
I’m interested in this item.,0
Email me at bob35@example.com,1
Do you have it in stock?,0
Email me at user9279@example.com,1
Send me a DM on Facebook: facebook.com/john_doe,1
This looks good.,0
This looks good.,0
Email me at user6534@example.com,1
Can you show more photos?,0
Text me at +1-708-403-5185,1
C a l l   m e :   8 2 8 - 3 4 4 - 8 0 9 4,1
Can you share your phone number so I can send you details?,1
Hit me up on WhatsApp at 555-542-9335,1
How soon can I get it?,0
my email id is user314@example.com,1
How soon can I get it?,0
What’s the price?,0
Where do you ship from?,0
This looks good.,0
Do you have it in stock?,0
Where do you ship from?,0
Let's connect on LinkedIn: linkedin.com/in/john_doe,1
What are the dimensions?,0
Do you have it in stock?,0
Follow me on Instagram @tech_lead and DM.,1
Does it come in other colors?,0
Do you have it in stock?,0
Here is my email: user6047@example.com,1
Can you show more photos?,0
This looks good.,0
"My contact is 555-800-2807, call me.",1
Can you show more photos?,0
Do you have it in stock?,0
Does it come in other colors?,0
Email me at user4580@example.com,1
Can you show more photos?,0
Can you show more photos?,0
This looks good.,0
fb.com/fashionista941,1
Do you have it in stock?,0
Where do you ship from?,0
How soon can I get it?,0
Does it come in other colors?,0
What are the dimensions?,0
How soon can I get it?,0
What are the dimensions?,0
DM me on Instagram: @bob996,1
Can you show more photos?,0
Do you have it in stock?,0
Nice product!,0
What are the dimensions?,0
How soon can I get it?,0
I’m interested in this item.,0
What are the dimensions?,0
I’m interested in this item.,0
What’s the price?,0
Do you have it in stock?,0
How soon can I get it?,0
Does it come in other colors?,0
I’m interested in this item.,0
I’m interested in this item.,0
Can you show more photos?,0
Reach out on WhatsApp at +1-860-647-5935,1
Can you show more photos?,0
Where do you ship from?,0
I’m interested in this item.,0
Nice product!,0
Does it come in other colors?,0
Does it come in other colors?,0
Does it come in other colors?,0
Does it come in other colors?,0
What’s the price?,0
Do you have it in stock?,0
Where do you ship from?,0
Where do you ship from?,0
DM me on Facebook: facebook.com/shopper90,1
Where do you ship from?,0
How soon can I get it?,0
Do you have it in stock?,0
My WeChat ID is jane.smith,1
This looks good.,0
How soon can I get it?,0
What’s the price?,0
How soon can I get it?,0
Nice product!,0
I’m interested in this item.,0
Can you show more photos?,0
Does it come in other colors?,0
Nice product!,0
Reach me at +1 178 187 7934,1
Nice product!,0
Where do you ship from?,0
What are the dimensions?,0
Can you show more photos?,0
How soon can I get it?,0
Does it come in other colors?,0
Reach out on WhatsApp at +1-778-464-9754,1
Do you have it in stock?,0
e m a i l m e @ user3270@example.com,1
Can you show more photos?,0
Does it come in other colors?,0
C o n t a c t :   ( 1 7 2 )   1 7 5 - 8 3 5 6,1
What’s the price?,0
This looks good.,0
What are the dimensions?,0
What’s the price?,0
I’m interested in this item.,0
What are the dimensions?,0
Text me at +1-438-981-3304,1
Can you show more photos?,0
What are the dimensions?,0
Can you show more photos?,0
Add me on Facebook (facebook.com/john_doe),1
Do you have it in stock?,0
g r a c e 2 @ t e s t . o r g,1
How soon can I get it?,0
What are the dimensions?,0
Does it come in other colors?,0
Do you have it in stock?,0
What’s the price?,0
I’m interested in this item.,0
Mail me: heidi49@example.com,1
Does it come in other colors?,0
What’s the price?,0
What are the dimensions?,0
Can you show more photos?,0
Where do you ship from?,0
Nice product!,0
my digits: +1-736-563-6652,1
Can you show more photos?,0
Do you have it in stock?,0
Nice product!,0
Text me at 645-055-6152,1
g r a c e 4 8 @ t e s t . o r g,1
I’m interested in this item.,0
Message via email: bob52@email.net,1
Can you show more photos?,0
Can you show more photos?,0
Ping me on Telegram: @charlie273,1
Do you have it in stock?,0
Where do you ship from?,0
Nice product!,0
What’s the price?,0
Can you show more photos?,0
What’s the price?,0
Connect on LinkedIn (linkedin.com/in/jane.smith),1
I’m interested in this item.,0
Email me at judy49@mail.com,1
Does it come in other colors?,0
Nice product!,0
Can you show more photos?,0
What’s the price?,0
What’s the price?,0
This looks good.,0
Email me at user1292@example.com,1
Nice product!,0
How soon can I get it?,0
Does it come in other colors?,0
Can you show more photos?,0
Hit me up on WhatsApp at 555-930-4977,1
Message me on Snapchat: jane.smith,1
How soon can I get it?,0
Nice product!,0
Does it come in other colors?,0
I’m interested in this item.,0
This looks good.,0
Connect on LinkedIn (linkedin.com/in/fashionista496),1
Do you have it in stock?,0
This looks good.,0
I’m interested in this item.,0
Does it come in other colors?,0
I’m interested in this item.,0
C a l l   m e :   ( 2 9 0 )   8 3 9 - 9 8 9 4,1
Find me on Facebook: https://facebook.com/bob725,1
Does it come in other colors?,0
I’m interested in this item.,0
Reach me at 8652918429,1
Text me at 408-879-5106,1
What are the dimensions?,0
Does it come in other colors?,0
Where do you ship from?,0
Does it come in other colors?,0
Nice product!,0
This looks good.,0
Where do you ship from?,0
Can you show more photos?,0
t e l : +1-385-179-7730,1
What’s the price?,0
I’m interested in this item.,0
Nice product!,0
What are the dimensions?,0
How soon can I get it?,0
Do you have it in stock?,0
How soon can I get it?,0
my email id is user5695@example.com,1
DM me on Instagram @shopper99,1
Where do you ship from?,0
Reach me at 095-371-4886,1
This looks good.,0
What’s the price?,0
Nice product!,0
Contact me on Skype: ivan884,1
Do you have it in stock?,0
Where do you ship from?,0
This looks good.,0
What’s the price?,0
My WeChat ID is best_pizza,1
message me via g m a i l at user3555@example.com,1
I’m interested in this item.,0
I’m interested in this item.,0
How soon can I get it?,0
Does it come in other colors?,0
Do you have it in stock?,0
reach at t w o o o @example.com,1
What’s the price?,0
My WeChat ID is fashioneer,1
g r a c e 8 8 @ e m a i l . n e t,1
Can you show more photos?,0
What are the dimensions?,0
How soon can I get it?,0
Does it come in other colors?,0
Nice product!,0
This looks good.,0
Do you have it in stock?,0
I’m interested in this item.,0
What’s the price?,0
Does it come in other colors?,0
What are the dimensions?,0
Do you have it in stock?,0
What are the dimensions?,0
Nice product!,0
Where do you ship from?,0
Where do you ship from?,0
reach at t w o o o @example.com,1
How soon can I get it?,0
What’s the price?,0
Where do you ship from?,0
This looks good.,0
Does it come in other colors?,0
Can you show more photos?,0
What’s the price?,0
Snapchat me @ shopper885,1
What are the dimensions?,0
Can you show more photos?,0
Where do you ship from?,0
Can you show more photos?,0
Do you have it in stock?,0
t e l : +1-106-238-8369,1
Does it come in other colors?,0
Connect on LinkedIn (linkedin.com/in/john_doe),1
Nice product!,0
Message me on Snapchat: fashionguru,1
t e l : +1-490-128-5371,1
Contact me via Telegram: @tech_lead,1
What are the dimensions?,0
Where do you ship from?,0
Can I have your email address?,1
Does it come in other colors?,0
Mail me: ivan6@example.com,1
Connect on LinkedIn (linkedin.com/in/john_doe),1
What are the dimensions?,0
Does it come in other colors?,0
Can you show more photos?,0
c o n t a c t : +1-777-693-2315,1
Where do you ship from?,0
e m a i l m e @ user8789@example.com,1
Can you show more photos?,0
📱 +1-654-806-2843,1
my digits: +1-491-314-5304,1
Do you have it in stock?,0
Does it come in other colors?,0
This looks good.,0
📧 user1843@example.com,1
You can reach me at +1-846-999-8064,1
Can you show more photos?,0
What’s the price?,0
Let's connect on LinkedIn: https://linkedin.com/in/heidi48,1
This looks good.,0
Do you have it in stock?,0
Does it come in other colors?,0
Does it come in other colors?,0
This looks good.,0
I’m interested in this item.,0
C a l l   m e :   9 9 8 - 0 9 9 - 4 6 3 6,1
What’s the price?,0
How soon can I get it?,0
Can you show more photos?,0
Add me on WhatsApp: 555-467-3508,1
This looks good.,0
Where do you ship from?,0
Do you have it in stock?,0
This looks good.,0
Where do you ship from?,0
Follow me on Instagram @fashionguru and DM.,1
e m a i l m e @ user3543@example.com,1
Where do you ship from?,0
You can reach me at 555-378-8653,1
What’s the price?,0
What are the dimensions?,0
What are the dimensions?,0
What are the dimensions?,0
What are the dimensions?,0
hmu @ devguy639,1
How soon can I get it?,0
I’m interested in this item.,0
you can DM me at shopper622 on Insta,1
Do you have it in stock?,0
What’s the price?,0
Contact via email: alice43@mail.com,1
Where do you ship from?,0
Does it come in other colors?,0
Do you have it in stock?,0
What’s the price?,0
c   o   n   t   a   c   t   m   e   4 3 9 - 4 2 6 - 7 3 2 7,1
📧 user7120@example.com,1
Where do you ship from?,0
What are the dimensions?,0
This looks good.,0
Follow me on Instagram @designer123 and DM.,1
What are the dimensions?,0
Where do you ship from?,0
Does it come in other colors?,0
Where do you ship from?,0
Nice product!,0
Do you have it in stock?,0
What’s the price?,0
My WeChat ID is fashioneer,1
What are the dimensions?,0
Nice product!,0
My TikTok: @ivan81,1
Do you have it in stock?,0
Signal me at (184) 614-8254,1
Does it come in other colors?,0
Email me at alice94@test.org,1
c o n t a c t : +1-633-363-1806,1
Where do you ship from?,0
Can you show more photos?,0
What’s the price?,0
How soon can I get it?,0
Where do you ship from?,0
How soon can I get it?,0
Message via email: frank25@email.net,1
Add me on WhatsApp: 555-742-4102,1
What’s the price?,0
Does it come in other colors?,0
This looks good.,0
Does it come in other colors?,0
Does it come in other colors?,0
I’m interested in this item.,0
Text me at 8111075477,1
I’m interested in this item.,0
I’m interested in this item.,0
What are the dimensions?,0
Where do you ship from?,0
Can I have your email address?,1
This looks good.,0
Where do you ship from?,0
This looks good.,0
How soon can I get it?,0
This looks good.,0
"My contact is 555-102-3356, call me.",1
How soon can I get it?,0
Nice product!,0
Do you have it in stock?,0
Do you have it in stock?,0
How soon can I get it?,0
Where do you ship from?,0
You can reach me at 555-198-6225,1
Nice product!,0
Can you show more photos?,0
What’s the price?,0
Does it come in other colors?,0
What’s the price?,0
Does it come in other colors?,0
You can reach me at +1-450-739-5276,1
Can you show more photos?,0
What’s the price?,0
How soon can I get it?,0
I’m interested in this item.,0
What’s the price?,0
This looks good.,0
This looks good.,0
How soon can I get it?,0
Follow me on Twitter: @alice159,1
my email id is user9640@example.com,1
hmu @ fashionista500,1
Can I have your email address?,1
Where do you ship from?,0
Ping me on Telegram: @eve261,1
Snapchat me @ devguy463,1
I’m interested in this item.,0
This looks good.,0
What are the dimensions?,0
I’m interested in this item.,0
Where do you ship from?,0
Message via email: charlie17@test.org,1
Follow me on Twitter: @grace166,1
Add me on Facebook (facebook.com/tech_lead),1
telegram: t dot me slash coolcat346,1
wanna chat? +1-232-452-7803,1
Find me on Facebook: https://facebook.com/bob751,1
How soon can I get it?,0
Add me on WhatsApp: 555-103-9663,1
Reach out on WhatsApp at +1-108-542-2144,1
my digits: +1-322-237-5767,1
Where do you ship from?,0
I’m interested in this item.,0
Can you show more photos?,0
How soon can I get it?,0
What are the dimensions?,0
Can you show more photos?,0
Text me at +1 712 855 9861,1
Nice product!,0
I’m interested in this item.,0
How soon can I get it?,0
Nice product!,0
Can you show more photos?,0
Nice product!,0
How soon can I get it?,0
"My contact is 555-206-4953, call me.",1
Where do you ship from?,0
Do you have it in stock?,0
I’m interested in this item.,0
Can you show more photos?,0
Do you have it in stock?,0
What’s the price?,0
Can you show more photos?,0
Do you have it in stock?,0
My TikTok: @frank795,1
Here's my email: user2703@example.com,1
Nice product!,0
This looks good.,0
Do you have it in stock?,0
Where do you ship from?,0
Nice product!,0
I’m interested in this item.,0
What’s the price?,0
Please email me at user7306@example.com,1
Can you show more photos?,0
I’m interested in this item.,0
Can you show more photos?,0
Do you have it in stock?,0
This looks good.,0
This looks good.,0
Where do you ship from?,0
Nice product!,0
Follow me on Instagram @designer123 and DM.,1
Do you have it in stock?,0
Where do you ship from?,0
I’m interested in this item.,0
Nice product!,0
Here is my email: user6239@example.com,1
Can you show more photos?,0
This looks good.,0
Where do you ship from?,0
How soon can I get it?,0
DM me on Instagram @john_doe,1
Can you show more photos?,0
I’m interested in this item.,0
"My contact is 555-941-1545, call me.",1
You can reach me at +1-565-184-9063,1
Can you show more photos?,0
I’m interested in this item.,0
message me via g m a i l at user8034@example.com,1
Where do you ship from?,0
I’m interested in this item.,0
I’m interested in this item.,0
How soon can I get it?,0
What are the dimensions?,0
What’s the price?,0
Mail me: ivan84@email.net,1
What’s the price?,0
This looks good.,0
Nice product!,0
What are the dimensions?,0
What are the dimensions?,0
Does it come in other colors?,0
Nice product!,0
Does it come in other colors?,0
WhatsApp me at +1-555-916-4528,1
How soon can I get it?,0
c   o   n   t   a   c   t   m   e   1 8 9 - 4 8 3 - 0 3 9 6,1
Do you have it in stock?,0
How soon can I get it?,0
Can I have your email address?,1
Do you have it in stock?,0
Where do you ship from?,0
Can you show more photos?,0
Nice product!,0
I’m interested in this item.,0
WhatsApp me at +1-555-107-8274,1
snap me at s-n-a-p coolcat222,1
What’s the price?,0
This looks good.,0
My Snapchat is frank512,1
What are the dimensions?,0
My WeChat ID is best_pizza,1
Do you have it in stock?,0
Nice product!,0
Does it come in other colors?,0
What’s the price?,0
What are the dimensions?,0
How soon can I get it?,0
Does it come in other colors?,0
Nice product!,0
Does it come in other colors?,0
Nice product!,0
Where do you ship from?,0
I’m interested in this item.,0
How soon can I get it?,0
What are the dimensions?,0
This looks good.,0
What’s the price?,0
Can you show more photos?,0
Message via email: heidi17@example.com,1
Can you show more photos?,0
Where do you ship from?,0
What’s the price?,0
I’m interested in this item.,0
Nice product!,0
DM me on Instagram: @frank855,1
This looks good.,0
Reach out on WhatsApp at +1-610-624-4255,1
What’s the price?,0
How soon can I get it?,0
What’s the price?,0
Where do you ship from?,0
Where do you ship from?,0
How soon can I get it?,0
Nice product!,0
How soon can I get it?,0
What’s the price?,0
Where do you ship from?,0
I’m interested in this item.,0
c o n t a c t : +1-972-873-1175,1
This looks good.,0
Let's connect on LinkedIn: https://linkedin.com/in/charlie321,1
Nice product!,0
This looks good.,0
Does it come in other colors?,0
This looks good.,0
Please email me at user3631@example.com,1
What’s the price?,0
Add me on WhatsApp: 085-646-4640,1
Where do you ship from?,0
What’s the price?,0
Where do you ship from?,0
Can you show more photos?,0
What’s the price?,0
How soon can I get it?,0
Does it come in other colors?,0
What are the dimensions?,0
Nice product!,0
What are the dimensions?,0
What’s the price?,0
This looks good.,0
Ping me on Telegram: @david317,1
Where do you ship from?,0
Hit me up on WhatsApp at 555-226-9275,1
Can you show more photos?,0
Connect on LinkedIn (linkedin.com/in/shopper99),1
What’s the price?,0
What’s the price?,0
wanna chat? +1-678-413-5366,1
Ping me on Telegram: @alice505,1
Where do you ship from?,0
Add me on WhatsApp: 555-321-8671,1
What are the dimensions?,0
Follow me on Instagram @jane.smith and DM.,1
telegram: t dot me slash devguy526,1
Where do you ship from?,0
Nice product!,0
Do you have it in stock?,0
Does it come in other colors?,0
Can you show more photos?,0
Do you have it in stock?,0
How soon can I get it?,0
Does it come in other colors?,0
What are the dimensions?,0
Where do you ship from?,0
How soon can I get it?,0
Do you have it in stock?,0
Where do you ship from?,0
I’m interested in this item.,0
Does it come in other colors?,0
Do you have it in stock?,0
Does it come in other colors?,0
This looks good.,0
Can you show more photos?,0
This looks good.,0
This looks good.,0
Nice product!,0
This looks good.,0
Can you share your phone number so I can send you details?,1
How soon can I get it?,0
Can you show more photos?,0
Can you show more photos?,0
Does it come in other colors?,0
My Snapchat is grace132,1
DM me on Facebook: facebook.com/devguy608,1
Nice product!,0
WhatsApp me at +1-555-579-4127,1
I’m interested in this item.,0
I’m interested in this item.,0
Where do you ship from?,0
Where do you ship from?,0
What are the dimensions?,0
f r a n k 8 7 @ e x a m p l e . c o m,1
you can DM me at fashionista770 on Insta,1
What are the dimensions?,0
What are the dimensions?,0
Do you have it in stock?,0
Find me on Facebook: https://facebook.com/grace92,1
What are the dimensions?,0
Follow me on Twitter: @frank124,1
This looks good.,0
What’s the price?,0
Please email me at user9704@example.com,1
Can you show more photos?,0
How soon can I get it?,0
Do you have it in stock?,0
Does it come in other colors?,0
Nice product!,0
Nice product!,0
Can you show more photos?,0
Can you show more photos?,0
Nice product!,0
I’m interested in this item.,0
How soon can I get it?,0
Does it come in other colors?,0
I’m interested in this item.,0
Do you have it in stock?,0
My number is +1 812 444 9205,1
Where do you ship from?,0
Can you show more photos?,0
message me via g m a i l at user169@example.com,1
Ping me on Telegram: @judy528,1
Can you show more photos?,0
Contact me via Telegram: @shop_owner,1
This looks good.,0
This looks good.,0
Ping me on Telegram: @david317,1
Email me at judy12@test.org,1
Can you show more photos?,0
telegram: t dot me slash coolcat614,1
Nice product!,0
This looks good.,0
Can you show more photos?,0
Where do you ship from?,0
How soon can I get it?,0
Message via email: heidi34@mail.com,1
Text me at +1-351-984-7538,1
I’m interested in this item.,0
How soon can I get it?,0
Can you show more photos?,0
What’s the price?,0
telegram: t dot me slash shopper551,1
Can you show more photos?,0
Message via email: charlie74@mail.com,1
I’m interested in this item.,0
Where do you ship from?,0
Can I have your email address?,1
WhatsApp me at +1-555-240-7287,1
How soon can I get it?,0
Do you have it in stock?,0
fb.com/coolcat236,1
Do you have it in stock?,0
What’s the price?,0
What’s the price?,0
This looks good.,0
How soon can I get it?,0
Nice product!,0
Nice product!,0
wanna chat? +1-153-804-8434,1
How soon can I get it?,0
What’s the price?,0
C a l l   m e :   4 9 5 - 2 3 8 - 6 4 7 4,1
What are the dimensions?,0
Can you show more photos?,0
I’m interested in this item.,0
Can you show more photos?,0
This looks good.,0
What’s the price?,0
Do you have it in stock?,0
I’m interested in this item.,0
Do you have it in stock?,0
Does it come in other colors?,0
Do you have it in stock?,0
What’s the price?,0
Nice product!,0
What are the dimensions?,0
Do you have it in stock?,0
Nice product!,0
Instagram me at +1 149 188 4670,1
What’s the price?,0
Can you show more photos?,0
"My contact is 555-422-7099, call me.",1
snap me at s-n-a-p coolcat520,1
Does it come in other colors?,0
Where do you ship from?,0
This looks good.,0
I’m interested in this item.,0
Can you show more photos?,0
This looks good.,0
I’m interested in this item.,0
telegram: t dot me slash devguy44,1
Do you have it in stock?,0
Do you have it in stock?,0
DM me on Facebook: facebook.com/coolcat326,1
This looks good.,0
hmu @ fashionista223,1
Nice product!,0
Follow me on Instagram @shop_owner and DM.,1
Where do you ship from?,0
Does it come in other colors?,0
What are the dimensions?,0
Does it come in other colors?,0
This looks good.,0
Do you have it in stock?,0
Do you have it in stock?,0
Do you have it in stock?,0
How soon can I get it?,0
What are the dimensions?,0
What are the dimensions?,0
Contact me via Telegram: @best_pizza,1
Text me at +1 197 164 2515,1
Where do you ship from?,0
Can you show more photos?,0
What’s the price?,0
Do you have it in stock?,0
This looks good.,0
Do you have it in stock?,0
I’m interested in this item.,0
What are the dimensions?,0
Where do you ship from?,0
I’m interested in this item.,0
Where do you ship from?,0
Email me at ivan35@example.com,1
This looks good.,0
My WeChat ID is shop_owner,1
What’s the price?,0
Message me on Snapchat: designer123,1
📱 +1-136-909-7470,1
Does it come in other colors?,0
How soon can I get it?,0
Does it come in other colors?,0
This looks good.,0
wanna chat? +1-638-409-4988,1
Nice product!,0
Where do you ship from?,0
Can you show more photos?,0
I’m interested in this item.,0
How soon can I get it?,0
How soon can I get it?,0
What are the dimensions?,0
Can you show more photos?,0
Can you show more photos?,0
How soon can I get it?,0
c   o   n   t   a   c   t   m   e   + 1   3 2 8   1 0 2   1 0 5 1,1
What are the dimensions?,0
This looks good.,0
Can you show more photos?,0
C o n t a c t :   8 2 9 - 4 1 3 - 2 7 5 1,1
Connect on LinkedIn (linkedin.com/in/coolcat840),1
Does it come in other colors?,0
What are the dimensions?,0
Nice product!,0
What are the dimensions?,0
How soon can I get it?,0
Does it come in other colors?,0
Can you show more photos?,0
Does it come in other colors?,0
Add me on Facebook (facebook.com/john_doe),1
What’s the price?,0
This looks good.,0
Does it come in other colors?,0
What are the dimensions?,0
What’s the price?,0
Add me on Facebook (facebook.com/fashioneer),1
What are the dimensions?,0
What’s the price?,0
What’s the price?,0
What are the dimensions?,0
Hit me up on WhatsApp at 555-554-6219,1
Where do you ship from?,0
Does it come in other colors?,0
Hit me up on WhatsApp at 555-901-6270,1
Where do you ship from?,0
What’s the price?,0
What’s the price?,0
Does it come in other colors?,0
How soon can I get it?,0
Can you show more photos?,0
What are the dimensions?,0
I’m interested in this item.,0
find me at user9265@example.com 😉,1
Where do you ship from?,0
I’m interested in this item.,0
What are the dimensions?,0
What are the dimensions?,0
What’s the price?,0
"My contact is 555-517-9000, call me.",1
I’m interested in this item.,0
Nice product!,0
What’s the price?,0
What are the dimensions?,0
I’m interested in this item.,0
This looks good.,0
What’s the price?,0
I’m interested in this item.,0
What are the dimensions?,0
I’m interested in this item.,0
Nice product!,0
Where do you ship from?,0
Can you show more photos?,0
How soon can I get it?,0
Add me on Facebook (facebook.com/shopper99),1
How soon can I get it?,0
Do you have it in stock?,0
Does it come in other colors?,0
I’m interested in this item.,0
You can reach me at +1-817-813-4672,1
What’s the price?,0
Does it come in other colors?,0
Where do you ship from?,0
What’s the price?,0
get in touch @ user1805@example.com,1
Do you have it in stock?,0
Where do you ship from?,0
This looks good.,0
What are the dimensions?,0
Do you have it in stock?,0
Can you show more photos?,0
Do you have it in stock?,0
What are the dimensions?,0
Nice product!,0
get in touch @ user3435@example.com,1
What are the dimensions?,0
Where do you ship from?,0
What are the dimensions?,0
Can you show more photos?,0
Nice product!,0
snap me at s-n-a-p devguy121,1
Where do you ship from?,0
Where do you ship from?,0
Where do you ship from?,0
This looks good.,0
What’s the price?,0
Contact me on Skype: eve992,1
"Email is user5588@example.com, reach out anytime.",1
Where do you ship from?,0
Does it come in other colors?,0
Do you have it in stock?,0
Nice product!,0
Send me a DM on Facebook: facebook.com/designer123,1
What are the dimensions?,0
Can you show more photos?,0
Can you show more photos?,0
What are the dimensions?,0
Do you have it in stock?,0
get in touch @ user4423@example.com,1
What’s the price?,0
Can you show more photos?,0
Connect on LinkedIn (linkedin.com/in/designer123),1
Here is my email: user7459@example.com,1
Does it come in other colors?,0
Do you have it in stock?,0
This looks good.,0
Do you have it in stock?,0
Does it come in other colors?,0
What are the dimensions?,0
What’s the price?,0
What are the dimensions?,0
What are the dimensions?,0
I’m interested in this item.,0
My TikTok: @bob145,1
Does it come in other colors?,0
This looks good.,0
Where do you ship from?,0
WhatsApp me at +1-555-719-8268,1
Add me on Facebook (facebook.com/shopper99),1
How soon can I get it?,0
How soon can I get it?,0
Can you show more photos?,0
Nice product!,0
WhatsApp me at +1-555-750-6146,1
What are the dimensions?,0
I’m interested in this item.,0
Does it come in other colors?,0
Can you show more photos?,0
Nice product!,0
Nice product!,0
I’m interested in this item.,0
This looks good.,0
What are the dimensions?,0
What’s the price?,0
Where do you ship from?,0
Here is my email: user2352@example.com,1
DM me on Instagram: @ivan913,1
Contact via email: eve29@email.net,1
What’s the price?,0
reach at t w o o o @example.com,1
What are the dimensions?,0
How soon can I get it?,0
DM me on Facebook: facebook.com/shopper782,1
Does it come in other colors?,0
I’m interested in this item.,0
I’m interested in this item.,0
What are the dimensions?,0
Nice product!,0
What are the dimensions?,0
This looks good.,0
What are the dimensions?,0
Nice product!,0
How soon can I get it?,0
How soon can I get it?,0
This looks good.,0
Nice product!,0
my digits: +1-653-931-2867,1
Nice product!,0
Nice product!,0
What are the dimensions?,0
Does it come in other colors?,0
What’s the price?,0
Do you have it in stock?,0
Does it come in other colors?,0
What’s the price?,0
What’s the price?,0
Can you show more photos?,0
Where do you ship from?,0
My number is (063) 529-6028,1
Contact me on Skype: bob509,1
Follow me on Instagram @shop_owner and DM.,1
Let's connect on LinkedIn: https://linkedin.com/in/charlie916,1
Where do you ship from?,0
My WeChat ID is shopper99,1
Please email me at user2621@example.com,1
My WeChat ID is shop_owner,1
This looks good.,0
This looks good.,0
Can you show more photos?,0
How soon can I get it?,0
Nice product!,0
Does it come in other colors?,0
Telegram me at 2089600830,1
Do you have it in stock?,0
"My contact is 555-327-8883, call me.",1
Where do you ship from?,0
What’s the price?,0
Can you show more photos?,0
I’m interested in this item.,0
This looks good.,0
This looks good.,0
Here is my email: user5403@example.com,1
Nice product!,0
Does it come in other colors?,0
Nice product!,0
Where do you ship from?,0
What’s the price?,0
I’m interested in this item.,0
My Snapchat is david763,1
This looks good.,0
Do you have it in stock?,0
This looks good.,0
What’s the price?,0
What are the dimensions?,0
This looks good.,0
Nice product!,0
C a l l   m e :   ( 5 4 7 )   0 8 4 - 7 9 1 5,1
This looks good.,0
How soon can I get it?,0
Where do you ship from?,0
Text me at 7128807683,1
How soon can I get it?,0
Nice product!,0
Can you show more photos?,0
Can you show more photos?,0
Do you have it in stock?,0
hmu @ shopper326,1
Connect on LinkedIn (linkedin.com/in/coolcat974),1
Does it come in other colors?,0
What are the dimensions?,0
Does it come in other colors?,0
Nice product!,0
This looks good.,0
What are the dimensions?,0
Let's connect on LinkedIn: linkedin.com/in/john_doe,1
Where do you ship from?,0
Do you have it in stock?,0
Where do you ship from?,0
What’s the price?,0
Connect on LinkedIn (linkedin.com/in/jane.smith),1
C o n t a c t :   + 1   0 6 2   3 0 7   9 1 5 6,1
t e l : +1-456-998-6656,1
Do you have it in stock?,0
I’m interested in this item.,0
Nice product!,0
Does it come in other colors?,0
What’s the price?,0
Connect on LinkedIn (linkedin.com/in/designer123),1
Does it come in other colors?,0
Email me at user2905@example.com,1
Do you have it in stock?,0
Does it come in other colors?,0
I’m interested in this item.,0
This looks good.,0
How soon can I get it?,0
Can you show more photos?,0
Does it come in other colors?,0
Snapchat me @ coolcat91,1
Can you show more photos?,0
What are the dimensions?,0
Can you show more photos?,0
Do you have it in stock?,0
Can you show more photos?,0
Can you show more photos?,0
Nice product!,0
How soon can I get it?,0
Does it come in other colors?,0
What’s the price?,0
Can you show more photos?,0
Does it come in other colors?,0
Email me at charlie40@mail.com,1
Do you have it in stock?,0
Do you have it in stock?,0
Send me a DM on Facebook: facebook.com/shop_owner,1
Do you have it in stock?,0
How soon can I get it?,0
What’s the price?,0
This looks good.,0
Where do you ship from?,0
Where do you ship from?,0
What’s the price?,0
What’s the price?,0
snap me at s-n-a-p fashionista659,1
Nice product!,0
What’s the price?,0
Can you show more photos?,0
I’m interested in this item.,0
You can reach me at +1-871-517-1324,1
What’s the price?,0
How soon can I get it?,0
Can you show more photos?,0
This looks good.,0
Does it come in other colors?,0
c   o   n   t   a   c   t   m   e   1 7 8 - 6 2 2 - 8 1 1 9,1
How soon can I get it?,0
Do you have it in stock?,0
How soon can I get it?,0
Nice product!,0
What’s the price?,0
What’s the price?,0
I’m interested in this item.,0
Nice product!,0
Connect on LinkedIn (linkedin.com/in/shop_owner),1
Do you have it in stock?,0
get in touch @ user6712@example.com,1
Do you have it in stock?,0
This looks good.,0
I’m interested in this item.,0
How soon can I get it?,0
How soon can I get it?,0
Contact: +1-551-578-7287,1
Do you have it in stock?,0
Connect on LinkedIn (linkedin.com/in/best_pizza),1
I’m interested in this item.,0
How soon can I get it?,0
My WeChat ID is best_pizza,1
Can you show more photos?,0
How soon can I get it?,0
This looks good.,0
This looks good.,0
Here is my email: user2058@example.com,1
Nice product!,0
What’s the price?,0
Hit me up on WhatsApp at +1-429-656-9095,1
Does it come in other colors?,0
Nice product!,0
Contact me on Skype: ivan342,1
What are the dimensions?,0
WhatsApp me at +1-555-933-3060,1
Nice product!,0
How soon can I get it?,0
Does it come in other colors?,0
Does it come in other colors?,0
C o n t a c t :   7 5 0 - 2 6 3 - 7 1 8 0,1
I’m interested in this item.,0
How soon can I get it?,0
Nice product!,0
Nice product!,0
You can reach me at +1-361-668-2395,1
What’s the price?,0
I’m interested in this item.,0
Can you show more photos?,0
Let's connect on LinkedIn: https://linkedin.com/in/eve920,1
What’s the price?,0
Does it come in other colors?,0
Can you show more photos?,0
C a l l   m e :   ( 7 4 8 )   5 6 0 - 4 5 3 0,1
Send me a DM on Facebook: facebook.com/john_doe,1
What’s the price?,0
Where do you ship from?,0
Can you show more photos?,0
What’s the price?,0
Where do you ship from?,0
Where do you ship from?,0
Call me at +1 332 744 1312,1
Nice product!,0
Does it come in other colors?,0
What’s the price?,0
Can you show more photos?,0
Can you show more photos?,0
Message me on Signal: 399-650-5431,1
I’m interested in this item.,0
Where do you ship from?,0
Can you show more photos?,0
Nice product!,0
Where do you ship from?,0
My Snapchat is charlie168,1
Here is my email: user5896@example.com,1
DM me on Instagram @fashionguru,1
Nice product!,0
What’s the price?,0
This looks good.,0
Where do you ship from?,0
Nice product!,0
Does it come in other colors?,0
Do you have it in stock?,0
What’s the price?,0
DM me on Instagram: @bob514,1
Contact via email: ivan21@email.net,1
How soon can I get it?,0
This looks good.,0
I’m interested in this item.,0
Can you show more photos?,0
What’s the price?,0
What’s the price?,0
Can you show more photos?,0
How soon can I get it?,0
This looks good.,0
Add me on WhatsApp: 555-899-1377,1
c   o   n   t   a   c   t   m   e   ( 1 2 4 )   3 5 6 - 4 8 4 1,1
DM me on Instagram @coolguy42,1
Follow me on Twitter: @frank949,1
This looks good.,0
Does it come in other colors?,0
My TikTok: @frank897,1
What are the dimensions?,0
C a l l   m e :   ( 3 1 6 )   5 3 4 - 5 2 2 9,1
snap me at s-n-a-p fashionista142,1
Message me on Snapchat: john_doe,1
What are the dimensions?,0
What are the dimensions?,0
Do you have it in stock?,0
Where do you ship from?,0
I’m interested in this item.,0
What are the dimensions?,0
How soon can I get it?,0
hmu @ fashionista502,1
Nice product!,0
What’s the price?,0
What’s the price?,0
This looks good.,0
"Email is user5486@example.com, reach out anytime.",1
Email me at user8590@example.com,1
Does it come in other colors?,0
Can you show more photos?,0
What’s the price?,0
How soon can I get it?,0
Where do you ship from?,0
Where do you ship from?,0
I’m interested in this item.,0
DM me on Instagram @shopper99,1
Does it come in other colors?,0
Does it come in other colors?,0
Text me at 555-295-1541 for more info.,1
reach at t w o o o @example.com,1
How soon can I get it?,0
What’s the price?,0
Can you show more photos?,0
What are the dimensions?,0
Can you show more photos?,0
How soon can I get it?,0
Do you have it in stock?,0
How soon can I get it?,0
📧 user4167@example.com,1
Nice product!,0
Add me on Facebook (facebook.com/designer123),1
Do you have it in stock?,0
Where do you ship from?,0
Mail me: eve67@example.com,1
b o b 5 0 @ e m a i l . n e t,1
message me via g m a i l at user3080@example.com,1
Do you have it in stock?,0
How soon can I get it?,0
Does it come in other colors?,0
Reach me at (968) 417-7495,1
What’s the price?,0
What are the dimensions?,0
I’m interested in this item.,0
This looks good.,0
I’m interested in this item.,0
Do you have it in stock?,0
I’m interested in this item.,0
Where do you ship from?,0
I’m interested in this item.,0
Nice product!,0
What’s the price?,0
Nice product!,0
Message me at user6277@example.com,1
How soon can I get it?,0
What’s the price?,0
Nice product!,0
This looks good.,0
What are the dimensions?,0
I’m interested in this item.,0
Nice product!,0
What’s the price?,0
WhatsApp me at +1-555-955-3789,1
message me via g m a i l at user3338@example.com,1
What’s the price?,0
Messenger me at +1 997 613 7344,1
C a l l   m e :   + 1   2 5 0   2 0 9   2 3 5 3,1
you can DM me at coolcat117 on Insta,1
What’s the price?,0
Nice product!,0
"My contact is 555-956-7869, call me.",1
I’m interested in this item.,0
Nice product!,0
Do you have it in stock?,0
This looks good.,0
Add me on WhatsApp: 555-488-4519,1
This looks good.,0
Let's connect on LinkedIn: https://linkedin.com/in/charlie195,1
Please email me at user2159@example.com,1
Nice product!,0
What’s the price?,0
Where do you ship from?,0
You can reach me at +1-787-628-1465,1
What’s the price?,0
Contact: +1-633-325-2138,1
What are the dimensions?,0
What are the dimensions?,0
Where do you ship from?,0
Nice product!,0
Does it come in other colors?,0
What are the dimensions?,0
What’s the price?,0
How soon can I get it?,0
Follow me on Twitter: @david971,1
Where do you ship from?,0
e v e 9 7 @ e m a i l . n e t,1
This looks good.,0
I’m interested in this item.,0
DM me on Facebook: facebook.com/coolcat106,1
Nice product!,0
Find me on Facebook: https://facebook.com/frank7,1
What’s the price?,0
Where do you ship from?,0
What are the dimensions?,0
I’m interested in this item.,0
What’s the price?,0
What’s the price?,0
Ping me on Telegram: @bob46,1
Can you show more photos?,0
Do you have it in stock?,0
This looks good.,0
What are the dimensions?,0
How soon can I get it?,0
Does it come in other colors?,0
Do you have it in stock?,0
Can you show more photos?,0
Do you have it in stock?,0
What are the dimensions?,0
Here is my email: user8234@example.com,1
What are the dimensions?,0
Can you show more photos?,0
Does it come in other colors?,0
What are the dimensions?,0
I’m interested in this item.,0
What are the dimensions?,0
I’m interested in this item.,0
Connect on LinkedIn (linkedin.com/in/fashionista293),1
I’m interested in this item.,0
What are the dimensions?,0
This looks good.,0
This looks good.,0
What are the dimensions?,0
Do you have it in stock?,0
Can you show more photos?,0
Here's my email: user3841@example.com,1
Text me at +1-724-518-3381,1
Send me a DM on Facebook: facebook.com/best_pizza,1
Can you show more photos?,0
What’s the price?,0
What’s the price?,0
What are the dimensions?,0
This looks good.,0
c   o   n   t   a   c   t   m   e   + 1   9 2 4   1 8 7   3 4 2 9,1
Please email me at user4792@example.com,1
I’m interested in this item.,0
Where do you ship from?,0
What are the dimensions?,0
This looks good.,0
Here's my email: user4587@example.com,1
Can you show more photos?,0
Nice product!,0
This looks good.,0
Here's my email: user4129@example.com,1
Here is my email: user9752@example.com,1
Does it come in other colors?,0
What’s the price?,0
I’m interested in this item.,0
What are the dimensions?,0
What’s the price?,0
I’m interested in this item.,0
Can you show more photos?,0
Can you show more photos?,0
Message me on Signal: +1 512 734 9381,1
Do you have it in stock?,0
Does it come in other colors?,0
Nice product!,0
I’m interested in this item.,0
Let's connect on LinkedIn: https://linkedin.com/in/grace405,1
Do you have it in stock?,0
Connect on LinkedIn (linkedin.com/in/fashioneer),1
How soon can I get it?,0
What’s the price?,0
Can you show more photos?,0
What are the dimensions?,0
My Snapchat is ivan301,1
How soon can I get it?,0
Nice product!,0
Can you show more photos?,0
Nice product!,0
Connect on LinkedIn (linkedin.com/in/devguy778),1
Where do you ship from?,0
What’s the price?,0
How soon can I get it?,0
This looks good.,0
How soon can I get it?,0
Can you show more photos?,0
I’m interested in this item.,0
How soon can I get it?,0
This looks good.,0
How soon can I get it?,0
Can you show more photos?,0
I’m interested in this item.,0
Does it come in other colors?,0
This looks good.,0
Does it come in other colors?,0
Do you have it in stock?,0
Nice product!,0
How soon can I get it?,0
What’s the price?,0
C a l l   m e :   8 8 5 3 0 0 5 9 6 0,1
Can you show more photos?,0
This looks good.,0
Where do you ship from?,0
Nice product!,0
Where do you ship from?,0
t e l : +1-352-387-3741,1
Mail me: charlie3@test.org,1
"Email is user5610@example.com, reach out anytime.",1
This looks good.,0
DM me on Instagram @fashionguru,1
Do you have it in stock?,0
Can you show more photos?,0
What’s the price?,0
Does it come in other colors?,0
This looks good.,0
Does it come in other colors?,0
Do you have it in stock?,0
Where do you ship from?,0
Do you have it in stock?,0
Where do you ship from?,0
I’m interested in this item.,0
This looks good.,0
I’m interested in this item.,0
What’s the price?,0
What are the dimensions?,0
Add me on WhatsApp: 555-464-3996,1
What are the dimensions?,0
This looks good.,0
Can you show more photos?,0
Can you show more photos?,0
Contact me on Skype: eve368,1
What are the dimensions?,0
This looks good.,0
What are the dimensions?,0
Where do you ship from?,0
What’s the price?,0
Connect on LinkedIn (linkedin.com/in/jane.smith),1
How soon can I get it?,0
This looks good.,0
Can you show more photos?,0
How soon can I get it?,0
telegram: t dot me slash coolcat495,1
Nice product!,0
I’m interested in this item.,0
I’m interested in this item.,0
Can you show more photos?,0
Here is my email: user6701@example.com,1
DM me on Instagram @designer123,1
How soon can I get it?,0
How soon can I get it?,0
My TikTok: @heidi581,1
Nice product!,0
What’s the price?,0
What are the dimensions?,0
This looks good.,0
Do you have it in stock?,0
I’m interested in this item.,0
How soon can I get it?,0
What’s the price?,0
My Snapchat is bob773,1
Where do you ship from?,0
Where do you ship from?,0
Nice product!,0
What’s the price?,0
My TikTok: @frank720,1
Do you have it in stock?,0
I’m interested in this item.,0
I’m interested in this item.,0
How soon can I get it?,0
Can you show more photos?,0
Nice product!,0
Do you have it in stock?,0
Add me on Facebook (facebook.com/shopper99),1
Where do you ship from?,0
What’s the price?,0
How soon can I get it?,0
Can you share your phone number so I can send you details?,1
Does it come in other colors?,0
Can you show more photos?,0
Snapchat me @ coolcat11,1
This looks good.,0
Do you have it in stock?,0
How soon can I get it?,0
Text me at 555-455-2390 for more info.,1
Where do you ship from?,0
How soon can I get it?,0
Send me a DM on Facebook: facebook.com/fashioneer,1
How soon can I get it?,0
Where do you ship from?,0
What’s the price?,0
This looks good.,0
Where do you ship from?,0
Call me at 4784469192,1
What’s the price?,0
Contact me via Telegram: @coolguy42,1
How soon can I get it?,0
How soon can I get it?,0
Does it come in other colors?,0
This looks good.,0
I’m interested in this item.,0
Follow me on Instagram @jane.smith and DM.,1
Can you show more photos?,0
I’m interested in this item.,0
How soon can I get it?,0
Can you show more photos?,0
What’s the price?,0
What are the dimensions?,0
How soon can I get it?,0
WhatsApp me at +1-555-213-4748,1
Nice product!,0
I’m interested in this item.,0
Where do you ship from?,0
Does it come in other colors?,0
What are the dimensions?,0
you can DM me at fashionista650 on Insta,1
What’s the price?,0
I’m interested in this item.,0
Where do you ship from?,0
my email id is user464@example.com,1
Can you show more photos?,0
What are the dimensions?,0
Does it come in other colors?,0
Can you show more photos?,0
Message me on Snapchat: fashioneer,1
How soon can I get it?,0
Can you show more photos?,0
Can you share your phone number so I can send you details?,1
What’s the price?,0
This looks good.,0
Where do you ship from?,0
What’s the price?,0
I’m interested in this item.,0
This looks good.,0
Nice product!,0
I’m interested in this item.,0
I’m interested in this item.,0
f r a n k 8 4 @ t e s t . o r g,1
Nice product!,0
What’s the price?,0
I’m interested in this item.,0
Does it come in other colors?,0
I’m interested in this item.,0
How soon can I get it?,0
What are the dimensions?,0
This looks good.,0
Nice product!,0
Nice product!,0
Nice product!,0
Do you have it in stock?,0
How soon can I get it?,0
Nice product!,0
Do you have it in stock?,0
Where do you ship from?,0
What’s the price?,0
Let's connect on LinkedIn: https://linkedin.com/in/heidi360,1
Can you show more photos?,0
Can you share your phone number so I can send you details?,1
Does it come in other colors?,0
Do you have it in stock?,0
Can you show more photos?,0
Can you show more photos?,0
How soon can I get it?,0
Hit me up on WhatsApp at 555-183-2601,1
Text me at 555-622-5986 for more info.,1
Where do you ship from?,0
Let's connect on LinkedIn: linkedin.com/in/coolguy42,1
fb.com/coolcat354,1
wanna chat? +1-411-483-2969,1
What’s the price?,0
Do you have it in stock?,0
Does it come in other colors?,0
Can you show more photos?,0
Nice product!,0
I’m interested in this item.,0
My WeChat ID is fashionguru,1
Do you have it in stock?,0
This looks good.,0
Do you have it in stock?,0
I’m interested in this item.,0
c o n t a c t : +1-650-415-7937,1
📧 user3165@example.com,1
Nice product!,0
Does it come in other colors?,0
Reach out on WhatsApp at +1-463-439-8606,1
What’s the price?,0
How soon can I get it?,0
Follow me on Instagram @fashioneer and DM.,1
Let's connect on LinkedIn: linkedin.com/in/jane.smith,1
Contact me on Skype: frank779,1
Does it come in other colors?,0
Nice product!,0
Does it come in other colors?,0
Contact: +1-619-679-2947,1
How soon can I get it?,0
What’s the price?,0
This looks good.,0
What are the dimensions?,0
What are the dimensions?,0
This looks good.,0
Here is my email: user2058@example.com,1
What are the dimensions?,0
What are the dimensions?,0
This looks good.,0
Where do you ship from?,0
Nice product!,0
Nice product!,0
Does it come in other colors?,0
Do you have it in stock?,0
What’s the price?,0
What’s the price?,0
Here's my email: user1579@example.com,1
Do you have it in stock?,0
Do you have it in stock?,0
What’s the price?,0
Do you have it in stock?,0
What’s the price?,0
Do you have it in stock?,0
Do you have it in stock?,0
What are the dimensions?,0
What’s the price?,0
Let's connect on LinkedIn: linkedin.com/in/shopper99,1
Can you show more photos?,0
What’s the price?,0
Nice product!,0
This looks good.,0
I’m interested in this item.,0
This looks good.,0
Where do you ship from?,0
Message me on Snapchat: fashioneer,1
How soon can I get it?,0
Does it come in other colors?,0
This looks good.,0
Reach out on WhatsApp at +1-646-904-6627,1
This looks good.,0
Does it come in other colors?,0
Where do you ship from?,0
My TikTok: @charlie784,1
This looks good.,0
Does it come in other colors?,0
What’s the price?,0
Do you have it in stock?,0
What are the dimensions?,0
Do you have it in stock?,0
This looks good.,0
Nice product!,0
Does it come in other colors?,0
Does it come in other colors?,0
I’m interested in this item.,0
Can you show more photos?,0
Does it come in other colors?,0
I’m interested in this item.,0
my digits: +1-808-939-8061,1
DM me on Instagram @john_doe,1
This looks good.,0
How soon can I get it?,0
my digits: +1-705-152-8517,1
Nice product!,0
Nice product!,0
What are the dimensions?,0
Connect on LinkedIn (linkedin.com/in/designer123),1
This looks good.,0
How soon can I get it?,0
Do you have it in stock?,0
What are the dimensions?,0
Connect on LinkedIn (linkedin.com/in/coolguy42),1
Where do you ship from?,0
How soon can I get it?,0
Hit me up on WhatsApp at +1-772-150-9529,1
Do you have it in stock?,0
Nice product!,0
Where do you ship from?,0
What’s the price?,0
Does it come in other colors?,0
I’m interested in this item.,0
I’m interested in this item.,0
How soon can I get it?,0
I’m interested in this item.,0
Does it come in other colors?,0
Do you have it in stock?,0
hmu @ coolcat746,1
Reach out on WhatsApp at +1-889-727-4737,1
Do you have it in stock?,0
What’s the price?,0
What’s the price?,0
Can you show more photos?,0
Do you have it in stock?,0
What’s the price?,0
What’s the price?,0
Do you have it in stock?,0
How soon can I get it?,0
My WeChat ID is shopper99,1
telegram: t dot me slash coolcat774,1
Does it come in other colors?,0
Nice product!,0
Can you show more photos?,0
How soon can I get it?,0
Can I have your email address?,1
Can you show more photos?,0
Where do you ship from?,0
Can you show more photos?,0
Does it come in other colors?,0
Does it come in other colors?,0
This looks good.,0
DM me on Facebook: facebook.com/devguy570,1
Where do you ship from?,0
Can you show more photos?,0
Does it come in other colors?,0
Do you have it in stock?,0
Does it come in other colors?,0
Where do you ship from?,0
Can I have your email address?,1
How soon can I get it?,0
Do you have it in stock?,0
Message me on Snapchat: shopper99,1
Do you have it in stock?,0
Can you show more photos?,0
I’m interested in this item.,0
What’s the price?,0
Do you have it in stock?,0
Does it come in other colors?,0
Does it come in other colors?,0
Do you have it in stock?,0
Can I have your email address?,1
Does it come in other colors?,0
This looks good.,0
Where do you ship from?,0
Where do you ship from?,0
Can you show more photos?,0
Let's connect on LinkedIn: linkedin.com/in/john_doe,1
Can you show more photos?,0
What are the dimensions?,0
Where do you ship from?,0
Email me at bob90@mail.com,1
My Snapchat is ivan786,1
Do you have it in stock?,0
Do you have it in stock?,0
I’m interested in this item.,0
How soon can I get it?,0
Nice product!,0
Connect on LinkedIn (linkedin.com/in/best_pizza),1
What’s the price?,0
Can you show more photos?,0
"My contact is 555-969-5005, call me.",1
Nice product!,0
How soon can I get it?,0
Do you have it in stock?,0
What are the dimensions?,0
How soon can I get it?,0
DM me on Instagram @tech_lead,1
How soon can I get it?,0
How soon can I get it?,0
What’s the price?,0
Does it come in other colors?,0
Nice product!,0
What are the dimensions?,0
Can you show more photos?,0
Can you show more photos?,0
Can you show more photos?,0
Nice product!,0
Nice product!,0
What’s the price?,0
I’m interested in this item.,0
snap me at s-n-a-p shopper406,1
What are the dimensions?,0
How soon can I get it?,0
What’s the price?,0
This looks good.,0
C a l l   m e :   ( 1 7 8 )   1 9 7 - 5 2 9 5,1
Do you have it in stock?,0
Can I have your email address?,1
What are the dimensions?,0
This looks good.,0
Where do you ship from?,0
Can you show more photos?,0
Can you show more photos?,0
I’m interested in this item.,0
Can you show more photos?,0
Does it come in other colors?,0
Nice product!,0
How soon can I get it?,0
Can you show more photos?,0
Where do you ship from?,0
What’s the price?,0
Nice product!,0
Hit me up on WhatsApp at 555-461-5101,1
Do you have it in stock?,0
What are the dimensions?,0
Contact me via Telegram: @tech_lead,1
d a v i d 7 @ m a i l . c o m,1
My TikTok: @grace59,1
Does it come in other colors?,0
How soon can I get it?,0
Message me at user4636@example.com,1
Nice product!,0
What’s the price?,0
c h a r l i e 2 5 @ t e s t . o r g,1
I’m interested in this item.,0
find me at user4525@example.com 😉,1
This looks good.,0
Text me at +1 344 871 9491,1
I’m interested in this item.,0
I’m interested in this item.,0
Where do you ship from?,0
What are the dimensions?,0
Do you have it in stock?,0
I’m interested in this item.,0
What’s the price?,0
Do you have it in stock?,0
This looks good.,0
Where do you ship from?,0
I’m interested in this item.,0
What’s the price?,0
Ping me on Telegram: @heidi473,1
Can you show more photos?,0
I’m interested in this item.,0
Please email me at user6313@example.com,1
Nice product!,0
Do you have it in stock?,0
This looks good.,0
I’m interested in this item.,0
What are the dimensions?,0
Text me at 1339336797,1
I’m interested in this item.,0
What are the dimensions?,0
I’m interested in this item.,0
This looks good.,0
DM me on Facebook: facebook.com/shopper135,1
I’m interested in this item.,0
What are the dimensions?,0
Does it come in other colors?,0
How soon can I get it?,0
Hit me up on WhatsApp at +1-765-776-9283,1
message me via g m a i l at user4293@example.com,1
I’m interested in this item.,0
I’m interested in this item.,0
Can you show more photos?,0
Does it come in other colors?,0
I’m interested in this item.,0
Can you show more photos?,0
Do you have it in stock?,0
Does it come in other colors?,0
Do you have it in stock?,0
What are the dimensions?,0
Where do you ship from?,0
my email id is user8123@example.com,1
Does it come in other colors?,0
What’s the price?,0
Contact me via Telegram: @shopper99,1
How soon can I get it?,0
Where do you ship from?,0
Do you have it in stock?,0
How soon can I get it?,0
e v e 2 1 @ e m a i l . n e t,1
What are the dimensions?,0
Let's connect on LinkedIn: https://linkedin.com/in/alice405,1
DM me on Instagram: @ivan952,1
you can DM me at devguy714 on Insta,1
You can reach me at 555-803-1795,1
What’s the price?,0
This looks good.,0
Nice product!,0
Nice product!,0
Contact me on Skype: frank687,1
Contact via email: eve71@email.net,1
This looks good.,0
Contact: +1-573-807-2138,1
Where do you ship from?,0
What are the dimensions?,0
Where do you ship from?,0
Can you show more photos?,0
Do you have it in stock?,0
Does it come in other colors?,0
Do you have it in stock?,0
Does it come in other colors?,0
What are the dimensions?,0
I’m interested in this item.,0
Does it come in other colors?,0
What are the dimensions?,0
I’m interested in this item.,0
Mail me: heidi75@mail.com,1
Send me a DM on Facebook: facebook.com/fashioneer,1
How soon can I get it?,0
DM me on Facebook: facebook.com/devguy877,1
Nice product!,0
Does it come in other colors?,0
I’m interested in this item.,0
Reach me at 371-532-8138,1
"My contact is 555-173-5369, call me.",1
What’s the price?,0
Does it come in other colors?,0
Nice product!,0
Connect on LinkedIn (linkedin.com/in/shopper99),1
Do you have it in stock?,0
This looks good.,0
Does it come in other colors?,0
How soon can I get it?,0
Do you have it in stock?,0
Can you show more photos?,0
What’s the price?,0
My Snapchat is alice276,1
I’m interested in this item.,0
Do you have it in stock?,0
Where do you ship from?,0
Does it come in other colors?,0
C o n t a c t :   6 6 8 9 0 5 8 3 0 3,1
What’s the price?,0
Does it come in other colors?,0
Where do you ship from?,0
"My contact is 555-199-1637, call me.",1
my digits: +1-139-261-7243,1
My WeChat ID is coolguy42,1
What are the dimensions?,0
I’m interested in this item.,0
What are the dimensions?,0
What are the dimensions?,0
What’s the price?,0
This looks good.,0
Where do you ship from?,0
What are the dimensions?,0
Does it come in other colors?,0
Do you have it in stock?,0
Contact: +1-233-249-2812,1
What’s the price?,0
Here is my email: user7658@example.com,1
Can you show more photos?,0
Do you have it in stock?,0
Message me on Signal: +1 610 112 9809,1
find me at user8618@example.com 😉,1
Do you have it in stock?,0
C o n t a c t :   1 6 1 - 2 9 6 - 1 5 0 3,1
Call me at 9245692110,1
I’m interested in this item.,0
What’s the price?,0
This looks good.,0
Where do you ship from?,0
How soon can I get it?,0
Can you show more photos?,0
Can I have your email address?,1
Can you show more photos?,0
Do you have it in stock?,0
Does it come in other colors?,0
Can I have your email address?,1
Contact me on Skype: heidi986,1
What are the dimensions?,0
reach at t w o o o @example.com,1
What are the dimensions?,0
This looks good.,0
Can you show more photos?,0
What are the dimensions?,0
What’s the price?,0
What are the dimensions?,0
I’m interested in this item.,0
What’s the price?,0
What are the dimensions?,0
Let's connect on LinkedIn: https://linkedin.com/in/grace778,1
I’m interested in this item.,0
This looks good.,0
Where do you ship from?,0
Can you show more photos?,0
Does it come in other colors?,0
Do you have it in stock?,0
This looks good.,0
Nice product!,0
Does it come in other colors?,0
Nice product!,0
Nice product!,0
Nice product!,0
Nice product!,0
Connect on LinkedIn (linkedin.com/in/shopper528),1
What’s the price?,0
Mail me: frank82@email.net,1
This looks good.,0
Nice product!,0
Nice product!,0
Do you have it in stock?,0
Does it come in other colors?,0
Does it come in other colors?,0
Where do you ship from?,0
What are the dimensions?,0
Can I have your email address?,1
Can you show more photos?,0
I’m interested in this item.,0
Does it come in other colors?,0
I’m interested in this item.,0
snap me at s-n-a-p shopper950,1
Can you show more photos?,0
Does it come in other colors?,0
This looks good.,0
Message me on Snapchat: shop_owner,1
Add me on Facebook (facebook.com/best_pizza),1
t e l : +1-574-779-1461,1
get in touch @ user3964@example.com,1
What’s the price?,0
I’m interested in this item.,0
I’m interested in this item.,0
Send me a DM on Facebook: facebook.com/shopper99,1
Where do you ship from?,0
Does it come in other colors?,0
Can you show more photos?,0
Where do you ship from?,0
What’s the price?,0
Can you show more photos?,0
What are the dimensions?,0
What’s the price?,0
Where do you ship from?,0
Nice product!,0
Send me a DM on Facebook: facebook.com/shop_owner,1
Where do you ship from?,0
"Email is user9911@example.com, reach out anytime.",1
Does it come in other colors?,0
Can you show more photos?,0
get in touch @ user6517@example.com,1
This looks good.,0
This looks good.,0
What are the dimensions?,0
Please email me at user5410@example.com,1
How soon can I get it?,0
What’s the price?,0
Do you have it in stock?,0
How soon can I get it?,0
"My contact is 555-763-2724, call me.",1
Do you have it in stock?,0
f r a n k 7 7 @ e x a m p l e . c o m,1
What’s the price?,0
Does it come in other colors?,0
Here is my email: user4477@example.com,1
Add me on WhatsApp: +1 793 477 6553,1
How soon can I get it?,0
What are the dimensions?,0
What’s the price?,0
Nice product!,0
my digits: +1-433-505-7148,1
Where do you ship from?,0
What’s the price?,0
Contact me via Telegram: @tech_lead,1
Here's my email: user5868@example.com,1
Nice product!,0
What’s the price?,0
Do you have it in stock?,0
Connect on LinkedIn (linkedin.com/in/coolcat708),1
Hit me up on WhatsApp at 555-951-2692,1
Can you share your phone number so I can send you details?,1
I’m interested in this item.,0
Contact me on Skype: alice612,1
This looks good.,0
you can DM me at coolcat770 on Insta,1
This looks good.,0
Does it come in other colors?,0
Do you have it in stock?,0
Where do you ship from?,0
Do you have it in stock?,0
Text me at +1-125-411-6130,1
What’s the price?,0
Nice product!,0
This looks good.,0
I’m interested in this item.,0
Nice product!,0
What are the dimensions?,0
Where do you ship from?,0
What’s the price?,0
Nice product!,0
What’s the price?,0
fb.com/shopper512,1
wanna chat? +1-227-406-1808,1
Hit me up on WhatsApp at 555-218-4883,1
Do you have it in stock?,0
Here is my email: user5040@example.com,1
Message me on Signal: +1 816 560 1364,1
How soon can I get it?,0
Can you show more photos?,0
Connect on LinkedIn (linkedin.com/in/fashionguru),1
Call me at 640-285-0743,1
Nice product!,0
t e l : +1-421-631-2422,1
Nice product!,0
What’s the price?,0
Can you show more photos?,0
My Snapchat is heidi336,1
📧 user415@example.com,1
Message me on Signal: +1 151 913 6581,1
I’m interested in this item.,0
How soon can I get it?,0
📱 +1-808-345-4892,1
I’m interested in this item.,0
This looks good.,0
How soon can I get it?,0
This looks good.,0
Message via email: david49@mail.com,1
Nice product!,0
Nice product!,0
Ping me on Telegram: @alice140,1
Where do you ship from?,0
How soon can I get it?,0
This looks good.,0
Does it come in other colors?,0
Does it come in other colors?,0
Nice product!,0
I’m interested in this item.,0
C a l l   m e :   6 6 8 - 1 5 7 - 5 3 1 4,1
What’s the price?,0
C a l l   m e :   ( 0 0 9 )   7 7 0 - 2 2 8 5,1
This looks good.,0
Does it come in other colors?,0
Can you show more photos?,0
Add me on Facebook (facebook.com/john_doe),1
Where do you ship from?,0
Does it come in other colors?,0
Hit me up on WhatsApp at 555-496-7619,1
What’s the price?,0
TikTok me at +1 893 716 1154,1
Where do you ship from?,0
Does it come in other colors?,0
Messenger me at (594) 447-1001,1
Can you show more photos?,0
WhatsApp me at +1-555-198-1545,1
What are the dimensions?,0
This looks good.,0
This looks good.,0
Where do you ship from?,0
You can reach me at +1-265-806-3857,1
How soon can I get it?,0
This looks good.,0
Nice product!,0
This looks good.,0
Where do you ship from?,0
I’m interested in this item.,0
Nice product!,0
I’m interested in this item.,0
fb.com/shopper139,1
Nice product!,0
How soon can I get it?,0
Can you show more photos?,0
Reach out on WhatsApp at +1-616-890-3973,1
Ping me on Telegram: @charlie155,1
What’s the price?,0
Connect on LinkedIn (linkedin.com/in/designer123),1
Add me on WhatsApp: 555-564-2703,1
What are the dimensions?,0
What are the dimensions?,0
Reach me at 345-673-9338,1
I’m interested in this item.,0
What are the dimensions?,0
How soon can I get it?,0
Nice product!,0
Nice product!,0
This looks good.,0
Do you have it in stock?,0
How soon can I get it?,0
What are the dimensions?,0
Add me on WhatsApp: 555-192-6449,1
What are the dimensions?,0
Does it come in other colors?,0
snap me at s-n-a-p shopper988,1
This looks good.,0
What are the dimensions?,0
Nice product!,0
This looks good.,0
Connect on LinkedIn (linkedin.com/in/shopper876),1
Can you show more photos?,0
Let's connect on LinkedIn: https://linkedin.com/in/charlie989,1
Where do you ship from?,0
What’s the price?,0
Where do you ship from?,0
How soon can I get it?,0
How soon can I get it?,0
Do you have it in stock?,0
How soon can I get it?,0
Do you have it in stock?,0
Do you have it in stock?,0
This looks good.,0
What are the dimensions?,0
Does it come in other colors?,0
How soon can I get it?,0
How soon can I get it?,0
Do you have it in stock?,0
This looks good.,0
What are the dimensions?,0
snap me at s-n-a-p coolcat623,1
How soon can I get it?,0
I’m interested in this item.,0
Do you have it in stock?,0
What are the dimensions?,0
Here is my email: user2429@example.com,1
Where do you ship from?,0
Follow me on Instagram @john_doe and DM.,1
Nice product!,0
This looks good.,0
Do you have it in stock?,0
📱 +1-313-826-2736,1
What’s the price?,0
How soon can I get it?,0
Can you show more photos?,0
How soon can I get it?,0
Where do you ship from?,0
c o n t a c t : +1-660-849-8277,1
How soon can I get it?,0
What’s the price?,0
Can you show more photos?,0
Does it come in other colors?,0
How soon can I get it?,0
What’s the price?,0
Does it come in other colors?,0
Where do you ship from?,0
What are the dimensions?,0
Connect on LinkedIn (linkedin.com/in/shopper860),1
Where do you ship from?,0
Do you have it in stock?,0
Do you have it in stock?,0
Text me at (162) 910-5355,1
Can you show more photos?,0
What are the dimensions?,0
Where do you ship from?,0
Ping me on Telegram: @eve392,1
Can you show more photos?,0
Nice product!,0
You can reach me at 555-622-5811,1
Nice product!,0
I’m interested in this item.,0
Add me on WhatsApp: 555-608-4090,1
This looks good.,0
Text me at 555-216-9295 for more info.,1
What’s the price?,0
you can DM me at fashionista247 on Insta,1
Call me at (769) 183-3711,1
📧 user5629@example.com,1
Where do you ship from?,0
How soon can I get it?,0
I’m interested in this item.,0
I’m interested in this item.,0
Where do you ship from?,0
Here's my email: user6125@example.com,1
I’m interested in this item.,0
Where do you ship from?,0
This looks good.,0
How soon can I get it?,0
This looks good.,0
What’s the price?,0
Message me on Snapchat: coolguy42,1
Where do you ship from?,0
This looks good.,0
I’m interested in this item.,0
Does it come in other colors?,0
What are the dimensions?,0
Nice product!,0
Where do you ship from?,0
I’m interested in this item.,0
Can you show more photos?,0
Do you have it in stock?,0
Please email me at user5189@example.com,1
Where do you ship from?,0
c   o   n   t   a   c   t   m   e   ( 2 4 1 )   5 6 6 - 0 4 7 9,1
Does it come in other colors?,0
Add me on WhatsApp: 555-736-2574,1
Do you have it in stock?,0
I’m interested in this item.,0
Do you have it in stock?,0
Where do you ship from?,0
Ping me on Telegram: @heidi521,1
I’m interested in this item.,0
Does it come in other colors?,0
WhatsApp me at +1-555-932-1071,1
DM me on Instagram @fashioneer,1
Do you have it in stock?,0
Can you show more photos?,0
Does it come in other colors?,0
What are the dimensions?,0
Can you show more photos?,0
Does it come in other colors?,0
snap me at s-n-a-p fashionista719,1
Mail me: eve9@test.org,1
Do you have it in stock?,0
Do you have it in stock?,0
Nice product!,0
What are the dimensions?,0
I’m interested in this item.,0
Can you show more photos?,0
my email id is user3968@example.com,1
Where do you ship from?,0
Can you show more photos?,0
Can you show more photos?,0
This looks good.,0
Where do you ship from?,0
What are the dimensions?,0
"My contact is 555-794-8335, call me.",1
I’m interested in this item.,0
What’s the price?,0
How soon can I get it?,0
This looks good.,0
fb.com/shopper610,1
What’s the price?,0
c o n t a c t : +1-819-773-1054,1
What’s the price?,0
I’m interested in this item.,0
What’s the price?,0
Message me on Snapchat: tech_lead,1
This looks good.,0
What are the dimensions?,0
Add me on Facebook (facebook.com/john_doe),1
Message me on Signal: (333) 331-8137,1
What’s the price?,0
Can you show more photos?,0
What’s the price?,0
You can reach me at 555-111-3794,1
Do you have it in stock?,0
This looks good.,0
This looks good.,0
What’s the price?,0
Add me on WhatsApp: +1 941 494 9558,1
What’s the price?,0
Reach me at 8330935380,1
Can you show more photos?,0
Add me on Facebook (facebook.com/best_pizza),1
you can DM me at coolcat376 on Insta,1
This looks good.,0
How soon can I get it?,0
What’s the price?,0
Nice product!,0
Do you have it in stock?,0
my digits: +1-167-379-9204,1
This looks good.,0
Do you have it in stock?,0
Nice product!,0
What’s the price?,0
C o n t a c t :   1 1 9 4 6 4 7 8 1 3,1
I’m interested in this item.,0
How soon can I get it?,0
Ping me on Telegram: @heidi938,1
find me at user2757@example.com 😉,1
Can you show more photos?,0
Can you show more photos?,0
Nice product!,0
Does it come in other colors?,0
Nice product!,0
Nice product!,0
Nice product!,0
Can you show more photos?,0
Does it come in other colors?,0
This looks good.,0
Nice product!,0
Message me on Snapchat: tech_lead,1
What are the dimensions?,0
What are the dimensions?,0
How soon can I get it?,0
How soon can I get it?,0
This looks good.,0
Add me on Facebook (facebook.com/coolguy42),1
Can you show more photos?,0
I’m interested in this item.,0
Can you show more photos?,0
Do you have it in stock?,0
Nice product!,0
What’s the price?,0
Where do you ship from?,0
How soon can I get it?,0
What’s the price?,0
I’m interested in this item.,0
Can you show more photos?,0
Do you have it in stock?,0
snap me at s-n-a-p coolcat726,1
Do you have it in stock?,0
I’m interested in this item.,0
Do you have it in stock?,0
I’m interested in this item.,0
Do you have it in stock?,0
What’s the price?,0
Do you have it in stock?,0
Nice product!,0
How soon can I get it?,0
Can you show more photos?,0
Does it come in other colors?,0
Do you have it in stock?,0
What are the dimensions?,0
Can I have your email address?,1
You can reach me at +1-361-133-8231,1
Do you have it in stock?,0
Nice product!,0
Where do you ship from?,0
This looks good.,0
Add me on WhatsApp: 555-968-2336,1
Text me at +1-743-356-6568,1
Nice product!,0
Message me on Snapchat: fashioneer,1
This looks good.,0
What’s the price?,0
Where do you ship from?,0
Does it come in other colors?,0
I’m interested in this item.,0
What’s the price?,0
What are the dimensions?,0
Can you show more photos?,0
c   o   n   t   a   c   t   m   e   7 0 7 - 5 4 0 - 9 9 6 6,1
Nice product!,0
How soon can I get it?,0
Can you show more photos?,0
Add me on WhatsApp: 555-232-4870,1
Can you show more photos?,0
What’s the price?,0
Can you show more photos?,0
This looks good.,0
Do you have it in stock?,0
Where do you ship from?,0
How soon can I get it?,0
Where do you ship from?,0
My WeChat ID is shop_owner,1
I’m interested in this item.,0
This looks good.,0
Here is my email: user3644@example.com,1
What’s the price?,0
Can you show more photos?,0
Where do you ship from?,0
How soon can I get it?,0
Nice product!,0
What’s the price?,0
Send me a DM on Facebook: facebook.com/john_doe,1
Do you have it in stock?,0
Where do you ship from?,0
Can you show more photos?,0
Does it come in other colors?,0
My number is +1 194 212 0449,1
Do you have it in stock?,0
Does it come in other colors?,0
What are the dimensions?,0
What’s the price?,0
How soon can I get it?,0
Where do you ship from?,0
I’m interested in this item.,0
How soon can I get it?,0
I’m interested in this item.,0
This looks good.,0
I’m interested in this item.,0
I’m interested in this item.,0
Where do you ship from?,0
Do you have it in stock?,0
I’m interested in this item.,0
Reach out on WhatsApp at +1-542-341-2820,1
How soon can I get it?,0
What’s the price?,0
Do you have it in stock?,0
This looks good.,0
Nice product!,0
Can you show more photos?,0
Nice product!,0
How soon can I get it?,0
What’s the price?,0
My Snapchat is judy760,1
What’s the price?,0
Where do you ship from?,0
What are the dimensions?,0
This looks good.,0
What are the dimensions?,0
"Email is user2169@example.com, reach out anytime.",1
This looks good.,0
Can you show more photos?,0
Can you show more photos?,0
DM me on Instagram @best_pizza,1
What’s the price?,0
Contact via email: heidi27@mail.com,1
What are the dimensions?,0
Where do you ship from?,0
What’s the price?,0
I’m interested in this item.,0
I’m interested in this item.,0
c o n t a c t : +1-376-373-5955,1
wanna chat? +1-762-843-4035,1
How soon can I get it?,0
How soon can I get it?,0
This looks good.,0
Does it come in other colors?,0
Do you have it in stock?,0
Where do you ship from?,0
How soon can I get it?,0
My number is 7546047890,1
How soon can I get it?,0
What’s the price?,0
Contact me via Telegram: @tech_lead,1
Where do you ship from?,0
C o n t a c t :   + 1   6 5 4   7 4 7   1 8 6 6,1
How soon can I get it?,0
Where do you ship from?,0
This looks good.,0
This looks good.,0
What’s the price?,0
What’s the price?,0
Can you show more photos?,0
I’m interested in this item.,0
How soon can I get it?,0
How soon can I get it?,0
What are the dimensions?,0
Do you have it in stock?,0
Nice product!,0
This looks good.,0
Add me on WhatsApp: 294-603-6416,1
Does it come in other colors?,0
Can you show more photos?,0
Nice product!,0
Does it come in other colors?,0
Ping me on Telegram: @grace740,1
Do you have it in stock?,0
Add me on WhatsApp: 5887186608,1
What’s the price?,0
This looks good.,0
Where do you ship from?,0
Do you have it in stock?,0
Does it come in other colors?,0
Can you show more photos?,0
Does it come in other colors?,0
WhatsApp me at +1-555-538-6936,1
I’m interested in this item.,0
How soon can I get it?,0
How soon can I get it?,0
What are the dimensions?,0
"My contact is 555-724-7706, call me.",1
What’s the price?,0
Can you show more photos?,0
Reach me at +1 140 189 8123,1
I’m interested in this item.,0
What’s the price?,0
Can you show more photos?,0
What’s the price?,0
wanna chat? +1-647-171-5036,1
What’s the price?,0
This looks good.,0
How soon can I get it?,0
This looks good.,0
Text me at 4274899379,1
This looks good.,0
How soon can I get it?,0
How soon can I get it?,0
This looks good.,0
Where do you ship from?,0
Can you show more photos?,0
Mail me: ivan15@email.net,1
I’m interested in this item.,0
Can you share your phone number so I can send you details?,1
C o n t a c t :   1 0 8 - 1 8 4 - 7 5 4 9,1
Can you show more photos?,0
What’s the price?,0
my email id is user1580@example.com,1
Where do you ship from?,0
What are the dimensions?,0
How soon can I get it?,0
Can I have your email address?,1
Can you show more photos?,0
Do you have it in stock?,0
Can you show more photos?,0
Here's my email: user2980@example.com,1
Nice product!,0
How soon can I get it?,0
Where do you ship from?,0
Do you have it in stock?,0
How soon can I get it?,0
I’m interested in this item.,0
Nice product!,0
Message via email: david30@mail.com,1
Where do you ship from?,0
I’m interested in this item.,0
This looks good.,0
I’m interested in this item.,0
How soon can I get it?,0
Does it come in other colors?,0
Can you show more photos?,0
Nice product!,0
Can you show more photos?,0
What are the dimensions?,0
t e l : +1-284-760-7682,1
What are the dimensions?,0
What’s the price?,0
Does it come in other colors?,0
Nice product!,0
This looks good.,0
"Email is user1443@example.com, reach out anytime.",1
Can you show more photos?,0
What are the dimensions?,0
Let's connect on LinkedIn: https://linkedin.com/in/bob437,1
Does it come in other colors?,0
Mail me: judy89@example.com,1
Does it come in other colors?,0
Nice product!,0
What’s the price?,0
Can you show more photos?,0
This looks good.,0
How soon can I get it?,0
Where do you ship from?,0
Does it come in other colors?,0
Connect on LinkedIn (linkedin.com/in/fashionguru),1
Does it come in other colors?,0
Can you show more photos?,0
Where do you ship from?,0
Do you have it in stock?,0
Can you show more photos?,0
Nice product!,0
What are the dimensions?,0
Can you show more photos?,0
What are the dimensions?,0
What are the dimensions?,0
Where do you ship from?,0
How soon can I get it?,0
I’m interested in this item.,0
Nice product!,0
Does it come in other colors?,0
What are the dimensions?,0
"My contact is 555-742-7901, call me.",1
Can you show more photos?,0
I’m interested in this item.,0
Do you have it in stock?,0
This looks good.,0
Does it come in other colors?,0
Add me on WhatsApp: (892) 780-8937,1
Does it come in other colors?,0
How soon can I get it?,0
Do you have it in stock?,0
I’m interested in this item.,0
This looks good.,0
Does it come in other colors?,0
Nice product!,0
Where do you ship from?,0
Does it come in other colors?,0
Does it come in other colors?,0
I’m interested in this item.,0
Nice product!,0
"My contact is 555-862-1059, call me.",1
Can I have your email address?,1
What’s the price?,0
What’s the price?,0
You can reach me at +1-132-624-7074,1
How soon can I get it?,0
Follow me on Instagram @designer123 and DM.,1
Snapchat me @ fashionista377,1
This looks good.,0
I’m interested in this item.,0
Where do you ship from?,0
Where do you ship from?,0
What’s the price?,0
Where do you ship from?,0
Where do you ship from?,0
This looks good.,0
How soon can I get it?,0
What’s the price?,0
I’m interested in this item.,0
Can you show more photos?,0
c   o   n   t   a   c   t   m   e   ( 8 6 4 )   5 8 2 - 2 6 1 6,1
wanna chat? +1-734-869-2479,1
Does it come in other colors?,0
You can reach me at 555-564-6406,1
You can reach me at +1-231-106-8529,1
Where do you ship from?,0
What are the dimensions?,0
Nice product!,0
I’m interested in this item.,0
How soon can I get it?,0
Send me a DM on Facebook: facebook.com/coolguy42,1
Does it come in other colors?,0
Where do you ship from?,0
I’m interested in this item.,0
What’s the price?,0
Follow me on Instagram @best_pizza and DM.,1
What are the dimensions?,0
My WeChat ID is shopper99,1
This looks good.,0
Nice product!,0
I’m interested in this item.,0
Add me on WhatsApp: 874-287-0206,1
Where do you ship from?,0
Do you have it in stock?,0
This looks good.,0
What are the dimensions?,0
What’s the price?,0
Where do you ship from?,0
Nice product!,0
Contact me via Telegram: @john_doe,1
Where do you ship from?,0
Can you show more photos?,0
What are the dimensions?,0
Can you show more photos?,0
Hit me up on WhatsApp at 555-325-6060,1
I’m interested in this item.,0
You can reach me at +1-397-212-7370,1
Message me on Snapchat: fashioneer,1
Does it come in other colors?,0
Contact me on Skype: bob279,1
What’s the price?,0
Can I have your email address?,1
Can you show more photos?,0
I’m interested in this item.,0
Hit me up on WhatsApp at +1-749-385-2473,1
This looks good.,0
c o n t a c t : +1-954-533-4258,1
This looks good.,0
my digits: +1-685-459-4289,1
Nice product!,0
Nice product!,0
Follow me on Twitter: @alice199,1
Nice product!,0
Can you show more photos?,0
What are the dimensions?,0
Can you show more photos?,0
I’m interested in this item.,0
Can I have your email address?,1
What are the dimensions?,0
How soon can I get it?,0
How soon can I get it?,0
Where do you ship from?,0
Does it come in other colors?,0
This looks good.,0
Text me at 555-247-5311 for more info.,1
What’s the price?,0
Snapchat me @ devguy6,1
You can reach me at 555-160-9357,1
Text me at +1 126 013 5046,1
📧 user8664@example.com,1
Where do you ship from?,0
Where do you ship from?,0
Do you have it in stock?,0
Nice product!,0
Do you have it in stock?,0
What’s the price?,0
Do you have it in stock?,0
Can you show more photos?,0
Does it come in other colors?,0
How soon can I get it?,0
Does it come in other colors?,0
This looks good.,0
Do you have it in stock?,0
Can you show more photos?,0
Where do you ship from?,0
What’s the price?,0
What are the dimensions?,0
My Snapchat is ivan51,1
C o n t a c t :   + 1   8 7 4   5 9 4   4 2 9 0,1
I’m interested in this item.,0
How soon can I get it?,0
Ping me on Telegram: @charlie181,1
Where do you ship from?,0
How soon can I get it?,0
Do you have it in stock?,0
Does it come in other colors?,0
TikTok me at 683-504-1768,1
How soon can I get it?,0
Does it come in other colors?,0
You can reach me at 555-705-1863,1
Can you show more photos?,0
This looks good.,0
How soon can I get it?,0
Can you show more photos?,0
Can you show more photos?,0
This looks good.,0
What’s the price?,0
Let's connect on LinkedIn: linkedin.com/in/coolguy42,1
Does it come in other colors?,0
I’m interested in this item.,0
Does it come in other colors?,0
c   o   n   t   a   c   t   m   e   ( 5 4 6 )   4 8 9 - 1 0 3 3,1
I’m interested in this item.,0
Do you have it in stock?,0
This looks good.,0
Message me at user663@example.com,1
Can you show more photos?,0
Text me at 555-132-7291 for more info.,1
Can you show more photos?,0
Do you have it in stock?,0
Nice product!,0
reach at t w o o o @example.com,1
Message me on Snapchat: fashionguru,1
"My contact is 555-924-6905, call me.",1
Where do you ship from?,0
Where do you ship from?,0
Do you have it in stock?,0
Ping me on Telegram: @judy302,1
This looks good.,0
What’s the price?,0
Where do you ship from?,0
Does it come in other colors?,0
My TikTok: @ivan878,1
Does it come in other colors?,0
I’m interested in this item.,0
📱 +1-205-698-2873,1
This looks good.,0
Where do you ship from?,0
Nice product!,0
Connect on LinkedIn (linkedin.com/in/shopper427),1
Contact me via Telegram: @john_doe,1
Can you show more photos?,0
Do you have it in stock?,0
What’s the price?,0
Where do you ship from?,0
You can reach me at +1-496-741-5215,1
I’m interested in this item.,0
Does it come in other colors?,0
Email me at david81@example.com,1
Where do you ship from?,0
wanna chat? +1-250-344-1001,1
What are the dimensions?,0
Do you have it in stock?,0
My Snapchat is david869,1
I’m interested in this item.,0
Nice product!,0
Does it come in other colors?,0
Can you share your phone number so I can send you details?,1
reach at t w o o o @example.com,1
You can reach me at 555-201-6989,1
you can DM me at shopper176 on Insta,1
Does it come in other colors?,0
Message me on Signal: (854) 323-5682,1
What’s the price?,0
Nice product!,0
Can you show more photos?,0
What’s the price?,0
I’m interested in this item.,0
Can you show more photos?,0
How soon can I get it?,0
I’m interested in this item.,0
Can you show more photos?,0
Can you show more photos?,0
Connect on LinkedIn (linkedin.com/in/shopper99),1
Nice product!,0
My WeChat ID is shopper99,1
find me at user9754@example.com 😉,1
This looks good.,0
Where do you ship from?,0
📧 user4301@example.com,1
How soon can I get it?,0
I’m interested in this item.,0
Text me at 555-633-8369 for more info.,1
Do you have it in stock?,0
Where do you ship from?,0
How soon can I get it?,0
What are the dimensions?,0
This looks good.,0
C o n t a c t :   ( 4 1 2 )   3 7 3 - 1 6 9 5,1
Nice product!,0
This looks good.,0
Where do you ship from?,0
Can you show more photos?,0
Does it come in other colors?,0
Nice product!,0
Email me at grace60@email.net,1
Can you show more photos?,0
Does it come in other colors?,0
What are the dimensions?,0
Do you have it in stock?,0
What are the dimensions?,0
Where do you ship from?,0
Can you show more photos?,0
Does it come in other colors?,0
Can I have your email address?,1
My WeChat ID is john_doe,1
Where do you ship from?,0
Connect on LinkedIn (linkedin.com/in/coolcat627),1
Where do you ship from?,0
Does it come in other colors?,0
Nice product!,0
What are the dimensions?,0
telegram: t dot me slash fashionista768,1
What’s the price?,0
Does it come in other colors?,0
my digits: +1-538-246-7638,1
Where do you ship from?,0
Reach out on WhatsApp at +1-115-326-5719,1
This looks good.,0
Where do you ship from?,0
Does it come in other colors?,0
Where do you ship from?,0
How soon can I get it?,0
Let's connect on LinkedIn: linkedin.com/in/designer123,1
Text me at (744) 104-8258,1
Where do you ship from?,0
What’s the price?,0
I’m interested in this item.,0
Does it come in other colors?,0
How soon can I get it?,0
Where do you ship from?,0
This looks good.,0
This looks good.,0
This looks good.,0
Can you show more photos?,0
Email me at user9886@example.com,1
Does it come in other colors?,0
Do you have it in stock?,0
Where do you ship from?,0
Do you have it in stock?,0
What’s the price?,0
What’s the price?,0
WhatsApp me at +1-555-379-1607,1
I’m interested in this item.,0
Where do you ship from?,0
This looks good.,0
What’s the price?,0
Can you show more photos?,0
This looks good.,0
I’m interested in this item.,0
Follow me on Twitter: @eve694,1
Nice product!,0
Does it come in other colors?,0
Does it come in other colors?,0
telegram: t dot me slash shopper230,1
How soon can I get it?,0
Email me at user2560@example.com,1
This looks good.,0
How soon can I get it?,0
Hit me up on WhatsApp at +1-463-613-3888,1
What are the dimensions?,0
What’s the price?,0
Can you show more photos?,0
Nice product!,0
Nice product!,0
Do you have it in stock?,0
Where do you ship from?,0
What’s the price?,0
Nice product!,0
Instagram me at 3102179888,1
How soon can I get it?,0
Does it come in other colors?,0
Contact me on Skype: charlie985,1
What are the dimensions?,0
Can you show more photos?,0
Connect on LinkedIn (linkedin.com/in/tech_lead),1
Email me at charlie31@mail.com,1
Where do you ship from?,0
I’m interested in this item.,0
Where do you ship from?,0
I’m interested in this item.,0
Where do you ship from?,0
Nice product!,0
Can you show more photos?,0
How soon can I get it?,0
I’m interested in this item.,0
I’m interested in this item.,0
Nice product!,0
Do you have it in stock?,0
Where do you ship from?,0
What’s the price?,0
Do you have it in stock?,0
Here's my email: user2282@example.com,1
Can you show more photos?,0
Connect on LinkedIn (linkedin.com/in/devguy983),1
I’m interested in this item.,0
Can you show more photos?,0
Can you show more photos?,0
Can you show more photos?,0
Add me on Facebook (facebook.com/best_pizza),1
What’s the price?,0
Ping me on Telegram: @david257,1
hmu @ fashionista792,1
Do you have it in stock?,0
This looks good.,0
find me at user424@example.com 😉,1
What are the dimensions?,0
Nice product!,0
I’m interested in this item.,0
Do you have it in stock?,0
Does it come in other colors?,0
What’s the price?,0
Connect on LinkedIn (linkedin.com/in/best_pizza),1
Find me on Facebook: https://facebook.com/frank878,1
What’s the price?,0
What’s the price?,0
Do you have it in stock?,0
get in touch @ user9174@example.com,1
Can you show more photos?,0
hmu @ devguy724,1
DM me on Facebook: facebook.com/coolcat497,1
Mail me: ivan87@example.com,1
Do you have it in stock?,0
What’s the price?,0
C a l l   m e :   7 9 1 - 3 6 4 - 9 6 2 5,1
Where do you ship from?,0
Where do you ship from?,0
Where do you ship from?,0
I’m interested in this item.,0
Let's connect on LinkedIn: https://linkedin.com/in/alice470,1
This looks good.,0
This looks good.,0
Contact: +1-551-361-7233,1
I’m interested in this item.,0
you can DM me at fashionista662 on Insta,1
What’s the price?,0
What’s the price?,0
Nice product!,0
Does it come in other colors?,0
Hit me up on WhatsApp at 555-751-3498,1
Can you show more photos?,0
wanna chat? +1-393-324-9283,1
Where do you ship from?,0
I’m interested in this item.,0
g r a c e 2 6 @ e x a m p l e . c o m,1
What’s the price?,0
Do you have it in stock?,0
What are the dimensions?,0
Can you show more photos?,0
Nice product!,0
Do you have it in stock?,0
DM me on Instagram @jane.smith,1
Here is my email: user5661@example.com,1
This looks good.,0
Can you share your phone number so I can send you details?,1
Add me on WhatsApp: 397-038-7232,1
How soon can I get it?,0
What are the dimensions?,0
Where do you ship from?,0
Call me at 9784635347,1
This looks good.,0
What are the dimensions?,0
Contact me on Skype: ivan581,1
How soon can I get it?,0
Where do you ship from?,0
How soon can I get it?,0
Do you have it in stock?,0
Connect on LinkedIn (linkedin.com/in/coolcat593),1
C a l l   m e :   + 1   5 4 0   2 8 4   7 1 7 4,1
Do you have it in stock?,0
Can you share your phone number so I can send you details?,1
Mail me: bob77@test.org,1
What’s the price?,0
What are the dimensions?,0
What’s the price?,0
Where do you ship from?,0
Do you have it in stock?,0
Where do you ship from?,0
Let's connect on LinkedIn: https://linkedin.com/in/ivan1,1
Do you have it in stock?,0
I’m interested in this item.,0
Can you show more photos?,0
Send me a DM on Facebook: facebook.com/best_pizza,1
Can you show more photos?,0
Connect on LinkedIn (linkedin.com/in/coolcat748),1
What are the dimensions?,0
How soon can I get it?,0
Can you show more photos?,0
Do you have it in stock?,0
You can reach me at 555-223-6995,1
Nice product!,0
This looks good.,0
Nice product!,0
What are the dimensions?,0
I’m interested in this item.,0
What’s the price?,0
This looks good.,0
TikTok me at +1 314 253 7818,1
What’s the price?,0
Contact: +1-585-561-7194,1
Nice product!,0
Text me at (876) 388-6365,1
This looks good.,0
Do you have it in stock?,0
My number is 018-224-3492,1
This looks good.,0
Snapchat me @ fashionista573,1
Nice product!,0
Does it come in other colors?,0
Nice product!,0
How soon can I get it?,0
Can you show more photos?,0
What are the dimensions?,0
Does it come in other colors?,0
Does it come in other colors?,0
How soon can I get it?,0
Does it come in other colors?,0
Where do you ship from?,0
How soon can I get it?,0
Nice product!,0
I’m interested in this item.,0
e m a i l m e @ user6352@example.com,1
Do you have it in stock?,0
Does it come in other colors?,0
Nice product!,0
Contact me on Skype: david146,1
Do you have it in stock?,0
What are the dimensions?,0
I’m interested in this item.,0
Connect on LinkedIn (linkedin.com/in/jane.smith),1
Do you have it in stock?,0
Can you show more photos?,0
I’m interested in this item.,0
Do you have it in stock?,0
Nice product!,0
Nice product!,0
Do you have it in stock?,0
How soon can I get it?,0
Nice product!,0
Can you show more photos?,0
Can you show more photos?,0
Nice product!,0
Nice product!,0
What are the dimensions?,0
Add me on WhatsApp: 555-228-5140,1
How soon can I get it?,0
Does it come in other colors?,0
I’m interested in this item.,0
I’m interested in this item.,0
Do you have it in stock?,0
Where do you ship from?,0
This looks good.,0
Does it come in other colors?,0
This looks good.,0
Follow me on Instagram @fashionguru and DM.,1
Message me on Signal: 7789886601,1
Reach out on WhatsApp at +1-789-113-1735,1
Do you have it in stock?,0
Does it come in other colors?,0
I’m interested in this item.,0
Do you have it in stock?,0
What’s the price?,0
Contact me via Telegram: @fashionguru,1
Can you show more photos?,0
Can you show more photos?,0
"Email is user2360@example.com, reach out anytime.",1
Do you have it in stock?,0
Where do you ship from?,0
What are the dimensions?,0
I’m interested in this item.,0
Does it come in other colors?,0
What’s the price?,0
Where do you ship from?,0
Nice product!,0
I’m interested in this item.,0
What are the dimensions?,0
Where do you ship from?,0
How soon can I get it?,0
This looks good.,0
What are the dimensions?,0
How soon can I get it?,0
Does it come in other colors?,0
Nice product!,0
Does it come in other colors?,0
wanna chat? +1-503-767-6419,1
Where do you ship from?,0
Please email me at user8804@example.com,1
DM me on Facebook: facebook.com/devguy862,1
Does it come in other colors?,0
This looks good.,0
Can you show more photos?,0
This looks good.,0
Where do you ship from?,0
I’m interested in this item.,0
Can you show more photos?,0
My TikTok: @charlie281,1
hmu @ devguy341,1
📧 user5570@example.com,1
Do you have it in stock?,0
What’s the price?,0
I’m interested in this item.,0
Nice product!,0
What’s the price?,0
I’m interested in this item.,0
Can you show more photos?,0
"My contact is 555-517-9000, call me.",1
Can you show more photos?,0
Nice product!,0
Can you show more photos?,0
Email me at heidi5@test.org,1
I’m interested in this item.,0
This looks good.,0
Where do you ship from?,0
What are the dimensions?,0
Can you show more photos?,0
Can you show more photos?,0
What are the dimensions?,0
Do you have it in stock?,0
Do you have it in stock?,0
How soon can I get it?,0
Where do you ship from?,0
Can you show more photos?,0
I’m interested in this item.,0
Do you have it in stock?,0
I’m interested in this item.,0
What are the dimensions?,0
Add me on Facebook (facebook.com/shop_owner),1
What are the dimensions?,0
Nice product!,0
Can you show more photos?,0
hmu @ fashionista118,1
Where do you ship from?,0
How soon can I get it?,0
Hit me up on WhatsApp at +1-442-550-8478,1
I’m interested in this item.,0
Nice product!,0
What’s the price?,0
Does it come in other colors?,0
Send me a DM on Facebook: facebook.com/john_doe,1
t e l : +1-157-460-2385,1
Nice product!,0
What are the dimensions?,0
Connect on LinkedIn (linkedin.com/in/jane.smith),1
Can you show more photos?,0
I’m interested in this item.,0
Do you have it in stock?,0
C a l l   m e :   7 3 5 3 7 4 9 4 5 5,1
What are the dimensions?,0
What are the dimensions?,0
How soon can I get it?,0
Email me at alice21@example.com,1
Do you have it in stock?,0
"My contact is 555-715-9897, call me.",1
Can you show more photos?,0
What are the dimensions?,0
I’m interested in this item.,0
Can you show more photos?,0
Do you have it in stock?,0
This looks good.,0
What’s the price?,0
I’m interested in this item.,0
c o n t a c t : +1-479-586-2256,1
What are the dimensions?,0
This looks good.,0
I’m interested in this item.,0
Can you show more photos?,0
How soon can I get it?,0
What are the dimensions?,0
How soon can I get it?,0
What’s the price?,0
Add me on Facebook (facebook.com/fashionguru),1
Can you show more photos?,0
How soon can I get it?,0
Does it come in other colors?,0
Do you have it in stock?,0
Can you show more photos?,0
Do you have it in stock?,0
Nice product!,0
Can you show more photos?,0
Nice product!,0
Does it come in other colors?,0
What’s the price?,0
Email me at david22@mail.com,1
Does it come in other colors?,0
My WeChat ID is tech_lead,1
Where do you ship from?,0
This looks good.,0
How soon can I get it?,0
I’m interested in this item.,0
I’m interested in this item.,0
This looks good.,0
Where do you ship from?,0
I’m interested in this item.,0
How soon can I get it?,0
Hit me up on WhatsApp at +1-471-413-6735,1
Does it come in other colors?,0
What are the dimensions?,0
Does it come in other colors?,0
How soon can I get it?,0
Email me at user6770@example.com,1
How soon can I get it?,0
How soon can I get it?,0
Do you have it in stock?,0
What’s the price?,0
This looks good.,0
What are the dimensions?,0
Where do you ship from?,0
This looks good.,0
Nice product!,0
What are the dimensions?,0
Can you show more photos?,0
What are the dimensions?,0
How soon can I get it?,0
Can you show more photos?,0
Message me on Signal: 634-773-8945,1
What’s the price?,0
Instagram me at (150) 389-4626,1
What are the dimensions?,0
Does it come in other colors?,0
Do you have it in stock?,0
This looks good.,0
Does it come in other colors?,0
What’s the price?,0
Email me at judy17@example.com,1
How soon can I get it?,0
This looks good.,0
Do you have it in stock?,0
Contact me via Telegram: @john_doe,1
Contact me via Telegram: @coolguy42,1
What are the dimensions?,0
Can I have your email address?,1
Where do you ship from?,0
DM me on Instagram: @charlie381,1
What’s the price?,0
Where do you ship from?,0
Do you have it in stock?,0
t e l : +1-961-983-2908,1
Can you show more photos?,0
How soon can I get it?,0
"My contact is 555-805-2287, call me.",1
Does it come in other colors?,0
What are the dimensions?,0
What are the dimensions?,0
Where do you ship from?,0
Here is my email: user5381@example.com,1
What’s the price?,0
This looks good.,0
Can you show more photos?,0
This looks good.,0
Do you have it in stock?,0
Nice product!,0
Where do you ship from?,0
Where do you ship from?,0
j u d y 9 2 @ m a i l . c o m,1
Where do you ship from?,0
Nice product!,0
How soon can I get it?,0
This looks good.,0
I’m interested in this item.,0
"Email is user7516@example.com, reach out anytime.",1
I’m interested in this item.,0
Can you show more photos?,0
Add me on Facebook (facebook.com/shopper99),1
This looks good.,0
This looks good.,0
C a l l   m e :   0 6 8 - 0 0 5 - 0 5 9 4,1
Nice product!,0
Does it come in other colors?,0
Nice product!,0
I’m interested in this item.,0
Nice product!,0
Message me on Signal: 225-738-6021,1
This looks good.,0
Do you have it in stock?,0
Where do you ship from?,0
Do you have it in stock?,0
Does it come in other colors?,0
I’m interested in this item.,0
Does it come in other colors?,0
How soon can I get it?,0
Nice product!,0
snap me at s-n-a-p coolcat193,1
Text me at +1 848 696 2541,1
t e l : +1-462-937-9388,1
Can you show more photos?,0
Where do you ship from?,0
How soon can I get it?,0
How soon can I get it?,0
What’s the price?,0
Nice product!,0
Does it come in other colors?,0
Hit me up on WhatsApp at 555-866-3761,1
Does it come in other colors?,0
Nice product!,0
This looks good.,0
Can you show more photos?,0
Where do you ship from?,0
This looks good.,0
How soon can I get it?,0
e m a i l m e @ user9415@example.com,1
Does it come in other colors?,0
Does it come in other colors?,0
Nice product!,0
Nice product!,0
wanna chat? +1-847-866-5610,1
Call me at (923) 483-0885,1
What are the dimensions?,0
Can you show more photos?,0
Does it come in other colors?,0
What are the dimensions?,0
I’m interested in this item.,0
This looks good.,0
How soon can I get it?,0
Can you show more photos?,0
Can you show more photos?,0
Nice product!,0
Let's connect on LinkedIn: linkedin.com/in/shop_owner,1
What’s the price?,0
Nice product!,0
Contact me on Skype: eve616,1
Can you share your phone number so I can send you details?,1
C o n t a c t :   2 9 5 9 9 9 0 2 3 4,1
fb.com/fashionista118,1
Where do you ship from?,0
What’s the price?,0
What are the dimensions?,0
I’m interested in this item.,0
Nice product!,0
Does it come in other colors?,0
How soon can I get it?,0
Does it come in other colors?,0
Does it come in other colors?,0
What’s the price?,0
Nice product!,0
Does it come in other colors?,0
How soon can I get it?,0
What’s the price?,0
Where do you ship from?,0
What’s the price?,0
What’s the price?,0
Where do you ship from?,0
C a l l   m e :   7 8 5 8 4 0 2 1 1 5,1
How soon can I get it?,0
Does it come in other colors?,0
What are the dimensions?,0
I’m interested in this item.,0
message me via g m a i l at user9381@example.com,1
Where do you ship from?,0
fb.com/devguy832,1
Hit me up on WhatsApp at +1-958-141-2499,1
message me via g m a i l at user1333@example.com,1
Can you show more photos?,0
This looks good.,0
Nice product!,0
Call me at +1 971 057 2001,1
This looks good.,0
Do you have it in stock?,0
Where do you ship from?,0
C a l l   m e :   + 1   1 7 6   1 7 1   4 2 8 3,1
How soon can I get it?,0
Where do you ship from?,0
Where do you ship from?,0
Do you have it in stock?,0
How soon can I get it?,0
Text me at +1 837 707 5372,1
Nice product!,0
I’m interested in this item.,0
What’s the price?,0
Nice product!,0
I’m interested in this item.,0
message me via g m a i l at user2548@example.com,1
What’s the price?,0
I’m interested in this item.,0
This looks good.,0
I’m interested in this item.,0
This looks good.,0
Does it come in other colors?,0
Do you have it in stock?,0
Where do you ship from?,0
What’s the price?,0
I’m interested in this item.,0
Where do you ship from?,0
Reach me at +1 569 684 1835,1
Do you have it in stock?,0
Do you have it in stock?,0
you can DM me at shopper222 on Insta,1
What are the dimensions?,0
How soon can I get it?,0
This looks good.,0
Does it come in other colors?,0
Does it come in other colors?,0
📧 user4214@example.com,1
How soon can I get it?,0
Let's connect on LinkedIn: linkedin.com/in/shopper99,1
What are the dimensions?,0
Where do you ship from?,0
Do you have it in stock?,0
Nice product!,0
I’m interested in this item.,0
What’s the price?,0
What are the dimensions?,0
Does it come in other colors?,0
How soon can I get it?,0
Nice product!,0
t e l : +1-163-781-6684,1
Do you have it in stock?,0
I’m interested in this item.,0
Can you show more photos?,0
Can you show more photos?,0
Can you show more photos?,0
How soon can I get it?,0
How soon can I get it?,0
Call me at +1 686 645 5346,1
What are the dimensions?,0
Can you show more photos?,0
What’s the price?,0
Follow me on Twitter: @ivan494,1
What are the dimensions?,0
Nice product!,0
Does it come in other colors?,0
Where do you ship from?,0
WhatsApp me at +1-555-782-2739,1
How soon can I get it?,0
Do you have it in stock?,0
I’m interested in this item.,0
you can DM me at coolcat874 on Insta,1
Does it come in other colors?,0
What are the dimensions?,0
What are the dimensions?,0
Let's connect on LinkedIn: https://linkedin.com/in/david46,1
WhatsApp me at +1-555-254-3170,1
Where do you ship from?,0
Where do you ship from?,0
Where do you ship from?,0
Do you have it in stock?,0
How soon can I get it?,0
What are the dimensions?,0
What are the dimensions?,0
This looks good.,0
Call me at 464-181-8055,1
Does it come in other colors?,0
Do you have it in stock?,0
What’s the price?,0
WhatsApp me at +1-555-544-1713,1
Can you show more photos?,0
Can you show more photos?,0
Nice product!,0
Does it come in other colors?,0
Can you show more photos?,0
Nice product!,0
Reach me at +1 895 254 6303,1
How soon can I get it?,0
Do you have it in stock?,0
I’m interested in this item.,0
Where do you ship from?,0
What are the dimensions?,0
This looks good.,0
Message me on Snapchat: shop_owner,1
Do you have it in stock?,0
How soon can I get it?,0
Nice product!,0
What are the dimensions?,0
I’m interested in this item.,0
Can you show more photos?,0
Call me at +1 027 944 6567,1
Does it come in other colors?,0
my digits: +1-950-116-8089,1
What’s the price?,0
This looks good.,0
Add me on WhatsApp: 555-537-5007,1
What’s the price?,0
Does it come in other colors?,0
Where do you ship from?,0
Where do you ship from?,0
Do you have it in stock?,0
I’m interested in this item.,0
Where do you ship from?,0
Where do you ship from?,0
Nice product!,0
How soon can I get it?,0
Nice product!,0
I’m interested in this item.,0
Can I have your email address?,1
telegram: t dot me slash shopper859,1
Can you show more photos?,0
WhatsApp me at +1-555-993-1007,1
Nice product!,0
How soon can I get it?,0
Nice product!,0
Can you show more photos?,0
I’m interested in this item.,0
Does it come in other colors?,0
What’s the price?,0
How soon can I get it?,0
Does it come in other colors?,0
"Email is user8079@example.com, reach out anytime.",1
Does it come in other colors?,0
Does it come in other colors?,0
Please email me at user5201@example.com,1
Can I have your email address?,1
Do you have it in stock?,0
I’m interested in this item.,0
Nice product!,0
What are the dimensions?,0
What are the dimensions?,0
I’m interested in this item.,0
This looks good.,0
Do you have it in stock?,0
Can you show more photos?,0
This looks good.,0
Where do you ship from?,0
C a l l   m e :   ( 6 6 1 )   4 8 0 - 6 2 3 1,1
I’m interested in this item.,0
How soon can I get it?,0
Can you show more photos?,0
Nice product!,0
e m a i l m e @ user2032@example.com,1
What’s the price?,0
What’s the price?,0
I’m interested in this item.,0
Where do you ship from?,0
How soon can I get it?,0
I’m interested in this item.,0
get in touch @ user450@example.com,1
How soon can I get it?,0
Mail me: bob18@mail.com,1
Connect on LinkedIn (linkedin.com/in/fashioneer),1
Where do you ship from?,0
What’s the price?,0
Can you show more photos?,0
What’s the price?,0
Where do you ship from?,0
Please email me at user9646@example.com,1
Does it come in other colors?,0
I’m interested in this item.,0
You can reach me at 555-558-2951,1
📧 user4327@example.com,1
This looks good.,0
Find me on Facebook: https://facebook.com/david99,1
Where do you ship from?,0
What are the dimensions?,0
Where do you ship from?,0
How soon can I get it?,0
Contact via email: charlie49@test.org,1
Hit me up on WhatsApp at 555-433-2453,1
How soon can I get it?,0
Can you show more photos?,0
Here's my email: user4404@example.com,1
Does it come in other colors?,0
Do you have it in stock?,0
What are the dimensions?,0
Does it come in other colors?,0
Can you show more photos?,0
Does it come in other colors?,0
How soon can I get it?,0
Where do you ship from?,0
Nice product!,0
Do you have it in stock?,0
This looks good.,0
Do you have it in stock?,0
What’s the price?,0
I’m interested in this item.,0
This looks good.,0
This looks good.,0
find me at user9818@example.com 😉,1
How soon can I get it?,0
wanna chat? +1-590-761-8178,1
Where do you ship from?,0
How soon can I get it?,0
Nice product!,0
Ping me on Telegram: @ivan100,1
Can you show more photos?,0
Do you have it in stock?,0
How soon can I get it?,0
Nice product!,0
This looks good.,0
This looks good.,0
get in touch @ user5074@example.com,1
I’m interested in this item.,0
Where do you ship from?,0
This looks good.,0
What’s the price?,0
Message me on Signal: 3172303634,1
message me via g m a i l at user2474@example.com,1
Can you show more photos?,0
Where do you ship from?,0
Where do you ship from?,0
Nice product!,0
Can you show more photos?,0
Can you show more photos?,0
What’s the price?,0
Text me at +1-495-670-1028,1
How soon can I get it?,0
Do you have it in stock?,0
Can you show more photos?,0
Contact me via Telegram: @john_doe,1
I’m interested in this item.,0
Skype me at (652) 608-8227,1
How soon can I get it?,0
Email me at judy75@example.com,1
Follow me on Instagram @tech_lead and DM.,1
Can I have your email address?,1
What are the dimensions?,0
Can you show more photos?,0
Nice product!,0
Do you have it in stock?,0
Can you show more photos?,0
What’s the price?,0
My TikTok: @ivan585,1
fb.com/fashionista177,1
What are the dimensions?,0
Do you have it in stock?,0
Do you have it in stock?,0
How soon can I get it?,0
What’s the price?,0
I’m interested in this item.,0
Contact via email: heidi30@email.net,1
I’m interested in this item.,0
Nice product!,0
I’m interested in this item.,0
Can you show more photos?,0
This looks good.,0
This looks good.,0
This looks good.,0
How soon can I get it?,0
How soon can I get it?,0
Mail me: grace18@mail.com,1
Send me a DM on Facebook: facebook.com/designer123,1
get in touch @ user4437@example.com,1
How soon can I get it?,0
Nice product!,0
What are the dimensions?,0
What are the dimensions?,0
I’m interested in this item.,0
Where do you ship from?,0
Does it come in other colors?,0
g r a c e 6 8 @ e m a i l . n e t,1
What’s the price?,0
How soon can I get it?,0
This looks good.,0
Can you show more photos?,0
What’s the price?,0
Nice product!,0
How soon can I get it?,0
Where do you ship from?,0
What’s the price?,0
Does it come in other colors?,0
Can you show more photos?,0
Text me at +1 917 334 9027,1
Can you show more photos?,0
Here's my email: user6948@example.com,1
Do you have it in stock?,0
Do you have it in stock?,0
Connect on LinkedIn (linkedin.com/in/coolcat284),1
What’s the price?,0
What are the dimensions?,0
Can you show more photos?,0
Can you show more photos?,0
Call me at (101) 319-5020,1
What’s the price?,0
What are the dimensions?,0
Where do you ship from?,0
What are the dimensions?,0
Email me at user8217@example.com,1
I’m interested in this item.,0
Does it come in other colors?,0
I’m interested in this item.,0
Where do you ship from?,0
What are the dimensions?,0
t e l : +1-991-116-8509,1
Where do you ship from?,0
What’s the price?,0
This looks good.,0
Can you show more photos?,0
How soon can I get it?,0
How soon can I get it?,0
Do you have it in stock?,0
What are the dimensions?,0
Can you show more photos?,0
This looks good.,0
Message me on Signal: (789) 595-1103,1
What are the dimensions?,0
What are the dimensions?,0
How soon can I get it?,0
Does it come in other colors?,0
Where do you ship from?,0
What are the dimensions?,0
What’s the price?,0
Nice product!,0
Follow me on Twitter: @judy321,1
Do you have it in stock?,0
Do you have it in stock?,0
Here is my email: user1558@example.com,1
I’m interested in this item.,0
Where do you ship from?,0
"Email is user4650@example.com, reach out anytime.",1
What’s the price?,0
Can you show more photos?,0
Does it come in other colors?,0
I’m interested in this item.,0
Do you have it in stock?,0
DM me on Instagram @john_doe,1
Do you have it in stock?,0
Nice product!,0
What are the dimensions?,0
How soon can I get it?,0
I’m interested in this item.,0
This looks good.,0
Can you show more photos?,0
How soon can I get it?,0
How soon can I get it?,0
I’m interested in this item.,0
Nice product!,0
What are the dimensions?,0
How soon can I get it?,0
Nice product!,0
I’m interested in this item.,0
What’s the price?,0
I’m interested in this item.,0
What’s the price?,0
How soon can I get it?,0
Contact via email: heidi90@email.net,1
Does it come in other colors?,0
Do you have it in stock?,0
Text me at +1-199-833-9368,1
📧 user7366@example.com,1
Let's connect on LinkedIn: linkedin.com/in/shopper99,1
This looks good.,0
I’m interested in this item.,0
This looks good.,0
Nice product!,0
message me via g m a i l at user209@example.com,1
How soon can I get it?,0
I’m interested in this item.,0
This looks good.,0
You can reach me at 555-646-5969,1
Can you show more photos?,0
How soon can I get it?,0
This looks good.,0
Nice product!,0
This looks good.,0
Can you show more photos?,0
Where do you ship from?,0
Where do you ship from?,0
Can you show more photos?,0
Do you have it in stock?,0
I’m interested in this item.,0
This looks good.,0
Mail me: alice65@test.org,1
What’s the price?,0
Can you show more photos?,0
This looks good.,0
snap me at s-n-a-p shopper636,1
Can you show more photos?,0
Nice product!,0
What are the dimensions?,0
How soon can I get it?,0
Nice product!,0
What’s the price?,0
I’m interested in this item.,0
Text me at +1 614 242 0217,1
"Email is user1198@example.com, reach out anytime.",1
What’s the price?,0
Nice product!,0
Can you show more photos?,0
What are the dimensions?,0
This looks good.,0
Reach me at 8668504809,1
What’s the price?,0
What are the dimensions?,0
Where do you ship from?,0
This looks good.,0
Please email me at user6356@example.com,1
This looks good.,0
"Email is user9330@example.com, reach out anytime.",1
Text me at 555-580-8908 for more info.,1
Let's connect on LinkedIn: linkedin.com/in/designer123,1
Contact me on Skype: ivan776,1
How soon can I get it?,0
find me at user7968@example.com 😉,1
Please email me at user6669@example.com,1
Does it come in other colors?,0
Reach me at 311-609-6883,1
Do you have it in stock?,0
How soon can I get it?,0
Nice product!,0
Nice product!,0
telegram: t dot me slash shopper384,1
Do you have it in stock?,0
I’m interested in this item.,0
I’m interested in this item.,0
Does it come in other colors?,0
This looks good.,0
What’s the price?,0
Here's my email: user3769@example.com,1
Does it come in other colors?,0
What’s the price?,0
Follow me on Twitter: @judy936,1
What are the dimensions?,0
Contact: +1-969-284-6162,1
Where do you ship from?,0
Can you show more photos?,0
How soon can I get it?,0
Nice product!,0
Do you have it in stock?,0
Where do you ship from?,0
C a l l   m e :   + 1   6 2 8   2 2 1   8 2 8 9,1
DM me on Instagram: @grace573,1
Can you show more photos?,0
my email id is user5913@example.com,1
How soon can I get it?,0
Where do you ship from?,0
Nice product!,0
What are the dimensions?,0
What’s the price?,0
Please email me at user6313@example.com,1
📱 +1-739-402-7660,1
Nice product!,0
"Email is user4135@example.com, reach out anytime.",1
Where do you ship from?,0
Where do you ship from?,0
Can you show more photos?,0
How soon can I get it?,0
Where do you ship from?,0
Where do you ship from?,0
Does it come in other colors?,0
I’m interested in this item.,0
You can reach me at +1-667-106-9448,1
I’m interested in this item.,0
What are the dimensions?,0
Do you have it in stock?,0
Where do you ship from?,0
Can you show more photos?,0
Does it come in other colors?,0
How soon can I get it?,0
Where do you ship from?,0
Add me on WhatsApp: 555-510-7682,1
snap me at s-n-a-p shopper846,1
Add me on Facebook (facebook.com/best_pizza),1
Can you show more photos?,0
What are the dimensions?,0
Where do you ship from?,0
Nice product!,0
Does it come in other colors?,0
What’s the price?,0
How soon can I get it?,0
My TikTok: @alice46,1
I’m interested in this item.,0
I’m interested in this item.,0
Does it come in other colors?,0
Can you show more photos?,0
How soon can I get it?,0
Contact me on Skype: alice38,1
What are the dimensions?,0
What’s the price?,0
Does it come in other colors?,0
What are the dimensions?,0
message me via g m a i l at user2898@example.com,1
This looks good.,0
This looks good.,0
Nice product!,0
This looks good.,0
How soon can I get it?,0
I’m interested in this item.,0
What’s the price?,0
Follow me on Instagram @john_doe and DM.,1
How soon can I get it?,0
Do you have it in stock?,0
Can you show more photos?,0
What are the dimensions?,0
Where do you ship from?,0
What’s the price?,0
I’m interested in this item.,0
Contact via email: ivan11@email.net,1
This looks good.,0
Do you have it in stock?,0
What’s the price?,0
DM me on Instagram @fashionguru,1
I’m interested in this item.,0
What are the dimensions?,0
Can you show more photos?,0
Do you have it in stock?,0
This looks good.,0
What’s the price?,0
This looks good.,0
Connect on LinkedIn (linkedin.com/in/tech_lead),1
Follow me on Instagram @shop_owner and DM.,1
Add me on WhatsApp: 268-142-2717,1
Where do you ship from?,0
Can you show more photos?,0
Add me on Facebook (facebook.com/fashionguru),1
Where do you ship from?,0
What’s the price?,0
you can DM me at shopper421 on Insta,1
What are the dimensions?,0
What’s the price?,0
Does it come in other colors?,0
Reach out on WhatsApp at +1-216-613-9382,1
Nice product!,0
I’m interested in this item.,0
Contact: +1-191-831-3763,1
C a l l   m e :   3 7 2 - 8 0 1 - 1 9 7 2,1
Do you have it in stock?,0
Contact me on Skype: charlie710,1
This looks good.,0
Where do you ship from?,0
Call me at (756) 263-2328,1
Nice product!,0
wanna chat? +1-200-264-8639,1
Does it come in other colors?,0
What are the dimensions?,0
This looks good.,0
You can reach me at +1-395-350-9248,1
Ping me on Telegram: @ivan633,1
Can you share your phone number so I can send you details?,1
Where do you ship from?,0
What are the dimensions?,0
c   o   n   t   a   c   t   m   e   + 1   5 9 9   6 0 4   2 2 2 8,1
Can you show more photos?,0
Does it come in other colors?,0
my email id is user4738@example.com,1
Do you have it in stock?,0
Does it come in other colors?,0
Do you have it in stock?,0
What’s the price?,0
Nice product!,0
Can you show more photos?,0
I’m interested in this item.,0
Does it come in other colors?,0
Where do you ship from?,0
I’m interested in this item.,0
This looks good.,0
fb.com/coolcat510,1
Does it come in other colors?,0
How soon can I get it?,0
My WeChat ID is fashioneer,1
get in touch @ user9970@example.com,1
Does it come in other colors?,0
This looks good.,0
C o n t a c t :   1 4 3 - 9 1 4 - 2 3 6 4,1
t e l : +1-255-974-3810,1
What are the dimensions?,0
This looks good.,0
Does it come in other colors?,0
Where do you ship from?,0
Message me on Signal: 607-393-2257,1
Does it come in other colors?,0
How soon can I get it?,0
Does it come in other colors?,0
Can you show more photos?,0
Hit me up on WhatsApp at 555-476-2997,1
This looks good.,0
What’s the price?,0
Nice product!,0
What’s the price?,0
You can reach me at +1-461-779-4291,1
Can you show more photos?,0
How soon can I get it?,0
c   o   n   t   a   c   t   m   e   1 3 0 1 7 1 0 0 5 0,1
I’m interested in this item.,0
Does it come in other colors?,0
Let's connect on LinkedIn: linkedin.com/in/designer123,1
This looks good.,0
What’s the price?,0
I’m interested in this item.,0
Do you have it in stock?,0
This looks good.,0
Where do you ship from?,0
How soon can I get it?,0
What’s the price?,0
Does it come in other colors?,0
What’s the price?,0
Ping me on Telegram: @alice131,1
Where do you ship from?,0
Email me at user6165@example.com,1
Can you show more photos?,0
Where do you ship from?,0
What are the dimensions?,0
What’s the price?,0
Nice product!,0
This looks good.,0
Can you show more photos?,0
Do you have it in stock?,0
What’s the price?,0
telegram: t dot me slash devguy870,1
What’s the price?,0
Do you have it in stock?,0
Do you have it in stock?,0
Does it come in other colors?,0
Can you share your phone number so I can send you details?,1
What are the dimensions?,0
I’m interested in this item.,0
Do you have it in stock?,0
Do you have it in stock?,0
I’m interested in this item.,0
I’m interested in this item.,0
What’s the price?,0
I’m interested in this item.,0
c   o   n   t   a   c   t   m   e   3 0 2 0 1 1 6 3 0 2,1
I’m interested in this item.,0
How soon can I get it?,0
What’s the price?,0
WhatsApp me at +1-555-416-3799,1
Nice product!,0
Does it come in other colors?,0
Nice product!,0
Can you show more photos?,0
Do you have it in stock?,0
What are the dimensions?,0
I’m interested in this item.,0
This looks good.,0
This looks good.,0
Message me on Signal: 800-656-4893,1
Nice product!,0
How soon can I get it?,0
snap me at s-n-a-p devguy897,1
get in touch @ user2800@example.com,1
Can you show more photos?,0
t e l : +1-849-582-7443,1
This looks good.,0
What’s the price?,0
You can reach me at 555-561-2355,1
You can reach me at 555-733-4882,1
Where do you ship from?,0
What’s the price?,0
How soon can I get it?,0
What are the dimensions?,0
I’m interested in this item.,0
I’m interested in this item.,0
What are the dimensions?,0
Where do you ship from?,0
This looks good.,0
My WeChat ID is john_doe,1
Can you show more photos?,0
hmu @ shopper171,1
This looks good.,0
"My contact is 555-833-9040, call me.",1
Where do you ship from?,0
Do you have it in stock?,0
Where do you ship from?,0
Nice product!,0
How soon can I get it?,0
This looks good.,0
Ping me on Telegram: @bob776,1
Email me at user1457@example.com,1
e m a i l m e @ user4648@example.com,1
Does it come in other colors?,0
Can you show more photos?,0
What’s the price?,0
Nice product!,0
Do you have it in stock?,0
Snapchat me @ devguy530,1
Where do you ship from?,0
How soon can I get it?,0
Where do you ship from?,0
Can you show more photos?,0
I’m interested in this item.,0
Nice product!,0
Follow me on Instagram @coolguy42 and DM.,1
I’m interested in this item.,0
What are the dimensions?,0
Nice product!,0
Do you have it in stock?,0
Where do you ship from?,0
How soon can I get it?,0
I’m interested in this item.,0
Nice product!,0
Text me at +1-480-813-4479,1
I’m interested in this item.,0
How soon can I get it?,0
Can you show more photos?,0
Where do you ship from?,0
This looks good.,0
This looks good.,0
Text me at 555-546-9611 for more info.,1
What’s the price?,0
How soon can I get it?,0
DM me on Instagram: @judy648,1
Does it come in other colors?,0
Do you have it in stock?,0
DM me on Facebook: facebook.com/devguy723,1
Can you show more photos?,0
What’s the price?,0
Nice product!,0
How soon can I get it?,0
Can you show more photos?,0
Call me at 607-106-6203,1
Can you show more photos?,0
Nice product!,0
What are the dimensions?,0
C o n t a c t :   + 1   4 9 0   6 7 8   9 6 8 5,1
Can you show more photos?,0
c   o   n   t   a   c   t   m   e   + 1   7 4 3   3 9 5   1 5 8 4,1
How soon can I get it?,0
snap me at s-n-a-p shopper65,1
Find me on Facebook: https://facebook.com/bob731,1
Nice product!,0
Where do you ship from?,0
Where do you ship from?,0
Can you show more photos?,0
Do you have it in stock?,0
Nice product!,0
What’s the price?,0
LinkedIn me at +1 018 163 8271,1
This looks good.,0
Can you show more photos?,0
Text me at 555-324-6859 for more info.,1
What are the dimensions?,0
This looks good.,0
Nice product!,0
Where do you ship from?,0
What are the dimensions?,0
How soon can I get it?,0
DM me on Instagram @shopper99,1
Where do you ship from?,0
Do you have it in stock?,0
Connect on LinkedIn (linkedin.com/in/coolcat523),1
This looks good.,0
I’m interested in this item.,0
Nice product!,0
How soon can I get it?,0
What’s the price?,0
Nice product!,0
Do you have it in stock?,0
Does it come in other colors?,0
How soon can I get it?,0
Email me at eve60@email.net,1
Does it come in other colors?,0
Where do you ship from?,0
This looks good.,0
What are the dimensions?,0
Do you have it in stock?,0
What are the dimensions?,0
Does it come in other colors?,0
Here's my email: user9182@example.com,1
Connect on LinkedIn (linkedin.com/in/designer123),1
Do you have it in stock?,0
Can you show more photos?,0
Where do you ship from?,0
How soon can I get it?,0
Does it come in other colors?,0
Can you show more photos?,0
This looks good.,0
Can you show more photos?,0
I’m interested in this item.,0
What are the dimensions?,0
Nice product!,0
Does it come in other colors?,0
Do you have it in stock?,0
Can you show more photos?,0
Can you show more photos?,0
How soon can I get it?,0
Where do you ship from?,0
c o n t a c t : +1-136-493-2676,1
What are the dimensions?,0
This looks good.,0
Nice product!,0
Does it come in other colors?,0
This looks good.,0
Do you have it in stock?,0
Where do you ship from?,0
Where do you ship from?,0
Here is my email: user2933@example.com,1
I’m interested in this item.,0
Does it come in other colors?,0
Can you show more photos?,0
How soon can I get it?,0
Nice product!,0
This looks good.,0
Where do you ship from?,0
I’m interested in this item.,0
Do you have it in stock?,0
I’m interested in this item.,0
What’s the price?,0
hmu @ coolcat826,1
What’s the price?,0
I’m interested in this item.,0
I’m interested in this item.,0
Nice product!,0
This looks good.,0
What’s the price?,0
"Email is user7105@example.com, reach out anytime.",1
Does it come in other colors?,0
You can reach me at 555-980-4070,1
C o n t a c t :   + 1   2 8 1   7 3 6   5 7 1 9,1
What are the dimensions?,0
Nice product!,0
My Snapchat is ivan917,1
What are the dimensions?,0
Do you have it in stock?,0
e m a i l m e @ user7394@example.com,1
t e l : +1-774-347-3819,1
Does it come in other colors?,0
Where do you ship from?,0
get in touch @ user5929@example.com,1
What’s the price?,0
Does it come in other colors?,0
This looks good.,0
Where do you ship from?,0
Does it come in other colors?,0
Nice product!,0
I’m interested in this item.,0
Does it come in other colors?,0
Contact via email: frank51@mail.com,1
Text me at +1-856-755-2735,1
This looks good.,0
What are the dimensions?,0
Do you have it in stock?,0
Do you have it in stock?,0
Nice product!,0
Where do you ship from?,0
fb.com/devguy449,1
Here is my email: user8950@example.com,1
What are the dimensions?,0
How soon can I get it?,0
c o n t a c t : +1-380-492-5514,1
What’s the price?,0
Please email me at user6887@example.com,1
Does it come in other colors?,0
How soon can I get it?,0
What’s the price?,0
I’m interested in this item.,0
Where do you ship from?,0
Does it come in other colors?,0
Can you show more photos?,0
Let's connect on LinkedIn: https://linkedin.com/in/frank565,1
Connect on LinkedIn (linkedin.com/in/shopper895),1
Where do you ship from?,0
Can you show more photos?,0
Do you have it in stock?,0
Can you show more photos?,0
Where do you ship from?,0
I’m interested in this item.,0
Where do you ship from?,0
Where do you ship from?,0
Add me on WhatsApp: 555-771-7811,1
What are the dimensions?,0
This looks good.,0
What are the dimensions?,0
Contact me on Skype: ivan711,1
This looks good.,0
DM me on Instagram: @judy904,1
This looks good.,0
Where do you ship from?,0
What are the dimensions?,0
Can you show more photos?,0
Nice product!,0
Does it come in other colors?,0
What’s the price?,0
How soon can I get it?,0
Do you have it in stock?,0
Does it come in other colors?,0
Telegram me at 5656580910,1
This looks good.,0
snap me at s-n-a-p shopper356,1
This looks good.,0
What are the dimensions?,0
Does it come in other colors?,0
How soon can I get it?,0
Nice product!,0
Add me on Facebook (facebook.com/designer123),1
Does it come in other colors?,0
Where do you ship from?,0
Contact via email: frank93@mail.com,1
What are the dimensions?,0
Connect on LinkedIn (linkedin.com/in/best_pizza),1
I’m interested in this item.,0
I’m interested in this item.,0
How soon can I get it?,0
What’s the price?,0
Does it come in other colors?,0
Where do you ship from?,0
DM me on Instagram: @david770,1
Can you share your phone number so I can send you details?,1
What are the dimensions?,0
How soon can I get it?,0
Does it come in other colors?,0
Nice product!,0
How soon can I get it?,0
Can you show more photos?,0
Here is my email: user7944@example.com,1
Can you share your phone number so I can send you details?,1
Can you show more photos?,0
Add me on Facebook (facebook.com/coolguy42),1
Does it come in other colors?,0
I’m interested in this item.,0
Connect on LinkedIn (linkedin.com/in/fashioneer),1
Nice product!,0
I’m interested in this item.,0
t e l : +1-881-267-9159,1
What’s the price?,0
This looks good.,0
This looks good.,0
Here's my email: user1056@example.com,1
Add me on WhatsApp: 555-477-9482,1
What’s the price?,0
c   o   n   t   a   c   t   m   e   + 1   0 4 1   6 8 8   1 7 7 9,1
This looks good.,0
Does it come in other colors?,0
What’s the price?,0
Contact me on Skype: charlie808,1
What are the dimensions?,0
Nice product!,0
I’m interested in this item.,0
This looks good.,0
Where do you ship from?,0
What are the dimensions?,0
This looks good.,0
Can you show more photos?,0
How soon can I get it?,0
Can you show more photos?,0
What are the dimensions?,0
Hit me up on WhatsApp at 555-231-3979,1
Where do you ship from?,0
Can you show more photos?,0
e m a i l m e @ user2241@example.com,1
This looks good.,0
Nice product!,0
Where do you ship from?,0
Can you show more photos?,0
Where do you ship from?,0
Where do you ship from?,0
Nice product!,0
Can you show more photos?,0
C o n t a c t :   6 9 5 5 0 5 4 8 0 9,1
Where do you ship from?,0
Can you show more photos?,0
How soon can I get it?,0
Where do you ship from?,0
Do you have it in stock?,0
How soon can I get it?,0
I’m interested in this item.,0
I’m interested in this item.,0
Can you show more photos?,0
What are the dimensions?,0
How soon can I get it?,0
How soon can I get it?,0
Where do you ship from?,0
What’s the price?,0
I’m interested in this item.,0
Does it come in other colors?,0
Do you have it in stock?,0
This looks good.,0
Do you have it in stock?,0
This looks good.,0
📧 user9554@example.com,1
Where do you ship from?,0
How soon can I get it?,0
How soon can I get it?,0
What’s the price?,0
I’m interested in this item.,0
Do you have it in stock?,0
I’m interested in this item.,0
Nice product!,0
Does it come in other colors?,0
Where do you ship from?,0
Nice product!,0
hmu @ coolcat474,1
hmu @ shopper488,1
Nice product!,0
Does it come in other colors?,0
Where do you ship from?,0
This looks good.,0
Can you show more photos?,0
What’s the price?,0
Do you have it in stock?,0
How soon can I get it?,0
This looks good.,0
How soon can I get it?,0
Nice product!,0
Connect on LinkedIn (linkedin.com/in/shopper99),1
I’m interested in this item.,0
What’s the price?,0
This looks good.,0
This looks good.,0
reach at t w o o o @example.com,1
You can reach me at 555-716-7728,1
Do you have it in stock?,0
How soon can I get it?,0
What are the dimensions?,0
Do you have it in stock?,0
This looks good.,0
Nice product!,0
Do you have it in stock?,0
How soon can I get it?,0
Add me on WhatsApp: 555-916-7058,1
Does it come in other colors?,0
Nice product!,0
This looks good.,0
Nice product!,0
Do you have it in stock?,0
you can DM me at devguy335 on Insta,1
What’s the price?,0
I’m interested in this item.,0
This looks good.,0
How soon can I get it?,0
What’s the price?,0
What’s the price?,0
Do you have it in stock?,0
What’s the price?,0
This looks good.,0
Can you share your phone number so I can send you details?,1
How soon can I get it?,0
What’s the price?,0
Nice product!,0
How soon can I get it?,0
Can you show more photos?,0
I’m interested in this item.,0
What are the dimensions?,0
How soon can I get it?,0
This looks good.,0
Do you have it in stock?,0
What’s the price?,0
This looks good.,0
This looks good.,0
Can you show more photos?,0
c o n t a c t : +1-253-911-1864,1
How soon can I get it?,0
I’m interested in this item.,0
I’m interested in this item.,0
What are the dimensions?,0
Does it come in other colors?,0
get in touch @ user9148@example.com,1
C a l l   m e :   3 2 8 9 3 7 1 0 7 2,1
This looks good.,0
Can you show more photos?,0
How soon can I get it?,0
I’m interested in this item.,0
What are the dimensions?,0
I’m interested in this item.,0
This looks good.,0
Nice product!,0
How soon can I get it?,0
I’m interested in this item.,0
Message me on Signal: 0920928952,1
Nice product!,0
Where do you ship from?,0
Can you show more photos?,0
What’s the price?,0
I’m interested in this item.,0
Where do you ship from?,0
Do you have it in stock?,0
What’s the price?,0
What are the dimensions?,0
C o n t a c t :   ( 9 5 8 )   9 6 3 - 4 8 7 8,1
I’m interested in this item.,0
Nice product!,0
Does it come in other colors?,0
You can reach me at +1-983-956-4510,1
Can you show more photos?,0
Do you have it in stock?,0
Where do you ship from?,0
WhatsApp me at +1-555-683-5863,1
What are the dimensions?,0
Do you have it in stock?,0
Where do you ship from?,0
This looks good.,0
How soon can I get it?,0
Message me at user9803@example.com,1
What are the dimensions?,0
I’m interested in this item.,0
What are the dimensions?,0
Here is my email: user5668@example.com,1
This looks good.,0
What’s the price?,0
How soon can I get it?,0
This looks good.,0
This looks good.,0
Can you show more photos?,0
Nice product!,0
Can you show more photos?,0
What are the dimensions?,0
Does it come in other colors?,0
message me via g m a i l at user4566@example.com,1
Can you show more photos?,0
Email me at heidi76@email.net,1
What’s the price?,0
What’s the price?,0
Does it come in other colors?,0
This looks good.,0
Do you have it in stock?,0
Does it come in other colors?,0
Follow me on Twitter: @david957,1
This looks good.,0
Can you show more photos?,0
Message me on Snapchat: fashionguru,1
Can you show more photos?,0
This looks good.,0
Does it come in other colors?,0
Where do you ship from?,0
Contact via email: alice62@mail.com,1
Where do you ship from?,0
Nice product!,0
I’m interested in this item.,0
What are the dimensions?,0
My TikTok: @heidi748,1
Can you show more photos?,0
This looks good.,0
How soon can I get it?,0
Can you show more photos?,0
How soon can I get it?,0
Can you show more photos?,0
Contact via email: judy74@email.net,1
Do you have it in stock?,0
What are the dimensions?,0
What’s the price?,0
What are the dimensions?,0
Where do you ship from?,0
Does it come in other colors?,0
Where do you ship from?,0
Can you show more photos?,0
Snapchat me @ fashionista575,1
Nice product!,0
Does it come in other colors?,0
Can you show more photos?,0
DM me on Instagram: @eve110,1
Do you have it in stock?,0
Do you have it in stock?,0
Can you show more photos?,0
I’m interested in this item.,0
How soon can I get it?,0
Here's my email: user8139@example.com,1
Follow me on Twitter: @heidi755,1
Does it come in other colors?,0
Where do you ship from?,0
This looks good.,0
What are the dimensions?,0
Does it come in other colors?,0
Message via email: eve89@mail.com,1
Nice product!,0
Can you show more photos?,0
I’m interested in this item.,0
Can you show more photos?,0
Does it come in other colors?,0
Nice product!,0
This looks good.,0
This looks good.,0
hmu @ fashionista889,1
Can you share your phone number so I can send you details?,1
Nice product!,0
Where do you ship from?,0
my digits: +1-361-915-8051,1
Can you show more photos?,0
How soon can I get it?,0
Can you show more photos?,0
Where do you ship from?,0
Follow me on Instagram @fashionguru and DM.,1
Do you have it in stock?,0
Do you have it in stock?,0
What’s the price?,0
Where do you ship from?,0
What’s the price?,0
I’m interested in this item.,0
Nice product!,0
find me at user3415@example.com 😉,1
Snapchat me @ fashionista496,1
Here is my email: user1491@example.com,1
What’s the price?,0
How soon can I get it?,0
I’m interested in this item.,0
How soon can I get it?,0
I’m interested in this item.,0
Can you show more photos?,0
h e i d i 5 3 @ e x a m p l e . c o m,1
Message via email: heidi18@test.org,1
C o n t a c t :   + 1   5 1 0   0 3 5   7 8 2 8,1
How soon can I get it?,0
Can I have your email address?,1
Messenger me at 2867694076,1
Reach me at 849-070-7303,1
This looks good.,0
Send me a DM on Facebook: facebook.com/best_pizza,1
Do you have it in stock?,0
What’s the price?,0
Contact: +1-780-900-4521,1
What’s the price?,0
Text me at 555-206-3109 for more info.,1
Follow me on Instagram @shop_owner and DM.,1
I’m interested in this item.,0
wanna chat? +1-720-150-1384,1
Where do you ship from?,0
Can I have your email address?,1
How soon can I get it?,0
Let's connect on LinkedIn: linkedin.com/in/fashionguru,1
Messenger me at 974-805-3335,1
Does it come in other colors?,0
Contact me on Skype: bob388,1
Do you have it in stock?,0
Where do you ship from?,0
Can you show more photos?,0
Does it come in other colors?,0
How soon can I get it?,0
📱 +1-813-813-2435,1
Where do you ship from?,0
Can you show more photos?,0
Can you show more photos?,0
get in touch @ user6578@example.com,1
Nice product!,0
This looks good.,0
Do you have it in stock?,0
Do you have it in stock?,0
Reach out on WhatsApp at +1-259-556-4765,1
Let's connect on LinkedIn: linkedin.com/in/tech_lead,1
This looks good.,0
Can you show more photos?,0
Contact me on Skype: alice5,1
What are the dimensions?,0
Does it come in other colors?,0
This looks good.,0
Does it come in other colors?,0
Can you show more photos?,0
Where do you ship from?,0
What are the dimensions?,0
How soon can I get it?,0
Does it come in other colors?,0
How soon can I get it?,0
Follow me on Instagram @tech_lead and DM.,1
Can you show more photos?,0
This looks good.,0
Text me at +1-392-996-9800,1
Nice product!,0
Nice product!,0
Add me on Facebook (facebook.com/jane.smith),1
What are the dimensions?,0
Nice product!,0
Can you show more photos?,0
Where do you ship from?,0
Nice product!,0
What are the dimensions?,0
My number is 261-338-9791,1
Nice product!,0
Follow me on Twitter: @alice318,1
Nice product!,0
Add me on WhatsApp: 609-638-2564,1
Nice product!,0
I’m interested in this item.,0
Can you show more photos?,0
This looks good.,0
Can you show more photos?,0
Nice product!,0
Where do you ship from?,0
This looks good.,0
Do you have it in stock?,0
What are the dimensions?,0
Do you have it in stock?,0
Does it come in other colors?,0
Let's connect on LinkedIn: https://linkedin.com/in/charlie557,1
Nice product!,0
Message me on Signal: +1 842 685 3880,1
Do you have it in stock?,0
Can you show more photos?,0
I’m interested in this item.,0
Nice product!,0
Where do you ship from?,0
Where do you ship from?,0
Where do you ship from?,0
Does it come in other colors?,0
What are the dimensions?,0
C a l l   m e :   4 9 2 - 6 8 9 - 6 0 9 2,1
Where do you ship from?,0
What’s the price?,0
I’m interested in this item.,0
My Snapchat is charlie577,1
Signal me at (224) 713-5414,1
Where do you ship from?,0
What’s the price?,0
Do you have it in stock?,0
What are the dimensions?,0
What’s the price?,0
Where do you ship from?,0
What are the dimensions?,0
You can reach me at 555-976-9609,1
Message me on Snapchat: john_doe,1
Do you have it in stock?,0
Do you have it in stock?,0
What are the dimensions?,0
Here's my email: user3384@example.com,1
Contact via email: ivan37@example.com,1
Nice product!,0
How soon can I get it?,0
What’s the price?,0
Where do you ship from?,0
How soon can I get it?,0
Let's connect on LinkedIn: linkedin.com/in/designer123,1
What’s the price?,0
Do you have it in stock?,0
Does it come in other colors?,0
Does it come in other colors?,0
How soon can I get it?,0
What are the dimensions?,0
How soon can I get it?,0
Email me at ivan61@email.net,1
Can you show more photos?,0
I’m interested in this item.,0
I’m interested in this item.,0
How soon can I get it?,0
"Email is user2953@example.com, reach out anytime.",1
How soon can I get it?,0
Follow me on Instagram @john_doe and DM.,1
Does it come in other colors?,0
This looks good.,0
This looks good.,0
Nice product!,0
Can you show more photos?,0
Does it come in other colors?,0
Does it come in other colors?,0
Can you show more photos?,0
What’s the price?,0
What’s the price?,0
Nice product!,0
Nice product!,0
message me via g m a i l at user7533@example.com,1
Nice product!,0
What’s the price?,0
Do you have it in stock?,0
Can I have your email address?,1
"My contact is 555-512-4255, call me.",1
Do you have it in stock?,0
Does it come in other colors?,0
I’m interested in this item.,0
What are the dimensions?,0
What are the dimensions?,0
Nice product!,0
You can reach me at +1-562-610-5401,1
What are the dimensions?,0
What’s the price?,0
Where do you ship from?,0
This looks good.,0
Snapchat me @ shopper176,1
Where do you ship from?,0
Please email me at user1779@example.com,1
What’s the price?,0
How soon can I get it?,0
Does it come in other colors?,0
My Snapchat is frank932,1
How soon can I get it?,0
Can you show more photos?,0
Nice product!,0
I’m interested in this item.,0
Nice product!,0
Can you show more photos?,0
Where do you ship from?,0
Do you have it in stock?,0
telegram: t dot me slash fashionista584,1
I’m interested in this item.,0
Does it come in other colors?,0
Do you have it in stock?,0
Where do you ship from?,0
Add me on Facebook (facebook.com/tech_lead),1
Does it come in other colors?,0
What’s the price?,0
Do you have it in stock?,0
What’s the price?,0
Connect on LinkedIn (linkedin.com/in/shopper596),1
Where do you ship from?,0
Connect on LinkedIn (linkedin.com/in/designer123),1
Does it come in other colors?,0
Nice product!,0
Where do you ship from?,0
What’s the price?,0
Does it come in other colors?,0
Where do you ship from?,0
What’s the price?,0
Can you show more photos?,0
I’m interested in this item.,0
This looks good.,0
Where do you ship from?,0
I’m interested in this item.,0
How soon can I get it?,0
Do you have it in stock?,0
Nice product!,0
My number is 996-405-1641,1
DM me on Instagram @best_pizza,1
Nice product!,0
Does it come in other colors?,0
You can reach me at +1-886-984-9758,1
Nice product!,0
Text me at 555-802-4664 for more info.,1
Can you show more photos?,0
Does it come in other colors?,0
I’m interested in this item.,0
Can you show more photos?,0
Can you show more photos?,0
Can I have your email address?,1
Does it come in other colors?,0
e m a i l m e @ user5171@example.com,1
This looks good.,0
How soon can I get it?,0
What are the dimensions?,0
Do you have it in stock?,0
Does it come in other colors?,0
Can you show more photos?,0
Where do you ship from?,0
What are the dimensions?,0
I’m interested in this item.,0
What’s the price?,0
Can you show more photos?,0
Mail me: eve55@test.org,1
This looks good.,0
hmu @ devguy156,1
This looks good.,0
What are the dimensions?,0
Does it come in other colors?,0
Can you show more photos?,0
Do you have it in stock?,0
My Snapchat is alice587,1
What are the dimensions?,0
How soon can I get it?,0
This looks good.,0
How soon can I get it?,0
Where do you ship from?,0
Nice product!,0
Nice product!,0
Do you have it in stock?,0
Message via email: charlie92@test.org,1
get in touch @ user3550@example.com,1
Can you show more photos?,0
This looks good.,0
What’s the price?,0
Do you have it in stock?,0
Do you have it in stock?,0
Do you have it in stock?,0
I’m interested in this item.,0
This looks good.,0
Does it come in other colors?,0
Can you show more photos?,0
Connect on LinkedIn (linkedin.com/in/fashionguru),1
Nice product!,0
Contact: +1-447-617-2159,1
Nice product!,0
Contact me via Telegram: @shopper99,1
How soon can I get it?,0
I’m interested in this item.,0
I’m interested in this item.,0
Reach me at 160-842-4465,1
You can reach me at +1-543-432-4943,1
Do you have it in stock?,0
This looks good.,0
Can you show more photos?,0
Where do you ship from?,0
Where do you ship from?,0
What’s the price?,0
How soon can I get it?,0
e v e 2 2 @ e m a i l . n e t,1
You can reach me at +1-727-544-8055,1
This looks good.,0
Do you have it in stock?,0
"My contact is 555-744-6836, call me.",1
How soon can I get it?,0
My WeChat ID is best_pizza,1
Nice product!,0
Nice product!,0
What are the dimensions?,0
Do you have it in stock?,0
Does it come in other colors?,0
Nice product!,0
How soon can I get it?,0
WhatsApp me at +1-555-498-4873,1
You can reach me at +1-211-125-7159,1
Send me a DM on Facebook: facebook.com/shopper99,1
I’m interested in this item.,0
What are the dimensions?,0
My number is +1 942 119 1006,1
What’s the price?,0
My number is +1 092 383 5879,1
you can DM me at coolcat572 on Insta,1
This looks good.,0
How soon can I get it?,0
Can you show more photos?,0
Can you show more photos?,0
What’s the price?,0
What are the dimensions?,0
Nice product!,0
What are the dimensions?,0
I’m interested in this item.,0
Do you have it in stock?,0
Hit me up on WhatsApp at +1-526-827-1156,1
How soon can I get it?,0
Does it come in other colors?,0
What are the dimensions?,0
Message via email: frank78@example.com,1
My WeChat ID is coolguy42,1
You can reach me at +1-431-855-2667,1
Can you show more photos?,0
Nice product!,0
Here is my email: user4626@example.com,1
This looks good.,0
How soon can I get it?,0
snap me at s-n-a-p shopper738,1
This looks good.,0
Text me at 3700039035,1
t e l : +1-800-569-8270,1
You can reach me at 555-192-8267,1
How soon can I get it?,0
Can you show more photos?,0
Does it come in other colors?,0
Where do you ship from?,0
Nice product!,0
Can you show more photos?,0
Do you have it in stock?,0
Please email me at user1397@example.com,1
What’s the price?,0
find me at user2645@example.com 😉,1
Do you have it in stock?,0
What’s the price?,0
Can you show more photos?,0
Does it come in other colors?,0
Do you have it in stock?,0
This looks good.,0
I’m interested in this item.,0
c o n t a c t : +1-352-520-9343,1
C a l l   m e :   + 1   4 0 2   5 8 6   3 6 4 1,1
Nice product!,0
Does it come in other colors?,0
"Email is user1280@example.com, reach out anytime.",1
Do you have it in stock?,0
hmu @ coolcat222,1
What’s the price?,0
Do you have it in stock?,0
I’m interested in this item.,0
e v e 5 1 @ e m a i l . n e t,1
I’m interested in this item.,0
Where do you ship from?,0
I’m interested in this item.,0
What’s the price?,0
Can you show more photos?,0
Here is my email: user1060@example.com,1
get in touch @ user9704@example.com,1
Do you have it in stock?,0
Can you show more photos?,0
What’s the price?,0
I’m interested in this item.,0
Message via email: frank25@example.com,1
How soon can I get it?,0
Where do you ship from?,0
Where do you ship from?,0
Contact me on Skype: frank256,1
What are the dimensions?,0
My Snapchat is david901,1
This looks good.,0
Please email me at user5126@example.com,1
Nice product!,0
This looks good.,0
Connect on LinkedIn (linkedin.com/in/coolcat74),1
What are the dimensions?,0
Nice product!,0
Where do you ship from?,0
Does it come in other colors?,0
telegram: t dot me slash coolcat670,1
Can you show more photos?,0
My number is 124-026-6050,1
You can reach me at 555-119-2457,1
Where do you ship from?,0
What’s the price?,0
Does it come in other colors?,0
My TikTok: @bob290,1
Reach out on WhatsApp at +1-874-273-2382,1
Do you have it in stock?,0
Message me on Snapchat: coolguy42,1
Nice product!,0
How soon can I get it?,0
What’s the price?,0
What are the dimensions?,0
Nice product!,0
This looks good.,0
How soon can I get it?,0
Do you have it in stock?,0
What are the dimensions?,0
This looks good.,0
c   o   n   t   a   c   t   m   e   9 4 0 9 7 8 3 8 9 1,1
Contact me on Skype: grace123,1
This looks good.,0
Where do you ship from?,0
How soon can I get it?,0
I’m interested in this item.,0
Do you have it in stock?,0
Does it come in other colors?,0
C a l l   m e :   + 1   3 4 3   4 4 8   6 0 0 9,1
Does it come in other colors?,0
Contact me via Telegram: @best_pizza,1
Can you show more photos?,0
Can you show more photos?,0
Can you show more photos?,0
Can you show more photos?,0
What’s the price?,0
What are the dimensions?,0
Nice product!,0
I’m interested in this item.,0
Where do you ship from?,0
Nice product!,0
Does it come in other colors?,0
Reach me at +1 830 332 0112,1
What’s the price?,0
DM me on Instagram @tech_lead,1
C a l l   m e :   ( 7 0 1 )   3 4 7 - 7 7 4 6,1
Find me on Facebook: https://facebook.com/ivan840,1
Do you have it in stock?,0
This looks good.,0
Can you show more photos?,0
Does it come in other colors?,0
What are the dimensions?,0
How soon can I get it?,0
Does it come in other colors?,0
Does it come in other colors?,0
Does it come in other colors?,0
How soon can I get it?,0
My TikTok: @david892,1
"Email is user9223@example.com, reach out anytime.",1
Can you show more photos?,0
How soon can I get it?,0
you can DM me at fashionista299 on Insta,1
What are the dimensions?,0
Where do you ship from?,0
What’s the price?,0
What’s the price?,0
DM me on Instagram @shopper99,1
I’m interested in this item.,0
I’m interested in this item.,0
This looks good.,0
What’s the price?,0
Where do you ship from?,0
Where do you ship from?,0
My TikTok: @frank120,1
How soon can I get it?,0
Can you show more photos?,0
DM me on Instagram: @charlie578,1
📧 user8672@example.com,1
This looks good.,0
This looks good.,0
What’s the price?,0
What’s the price?,0
WhatsApp me at +1-555-100-2352,1
This looks good.,0
Nice product!,0
📧 user4062@example.com,1
I’m interested in this item.,0
Nice product!,0
Does it come in other colors?,0
C a l l   m e :   1 2 3 - 4 4 8 - 2 5 8 4,1
How soon can I get it?,0
Email me at user3857@example.com,1
Does it come in other colors?,0
I’m interested in this item.,0
Can you show more photos?,0
Nice product!,0
How soon can I get it?,0
How soon can I get it?,0
What are the dimensions?,0
Does it come in other colors?,0
This looks good.,0
Do you have it in stock?,0
Does it come in other colors?,0
This looks good.,0
What are the dimensions?,0
Where do you ship from?,0
Does it come in other colors?,0
Can you show more photos?,0
Nice product!,0
What’s the price?,0
I’m interested in this item.,0
Nice product!,0
Here is my email: user6013@example.com,1
Do you have it in stock?,0
Do you have it in stock?,0
What are the dimensions?,0
What’s the price?,0
Nice product!,0
Nice product!,0
Reach out on WhatsApp at +1-530-673-7096,1
Do you have it in stock?,0
Contact me via Telegram: @shopper99,1
How soon can I get it?,0
What are the dimensions?,0
What’s the price?,0
Message me on Signal: +1 671 065 1044,1
What’s the price?,0
I’m interested in this item.,0
my digits: +1-102-638-8423,1
Do you have it in stock?,0
C a l l   m e :   8 1 0 1 0 1 2 8 6 6,1
Email me at david48@email.net,1
How soon can I get it?,0
What’s the price?,0
Can you show more photos?,0
I’m interested in this item.,0
What’s the price?,0
I’m interested in this item.,0
Nice product!,0
Nice product!,0
Can you show more photos?,0
This looks good.,0
Nice product!,0
What’s the price?,0
Ping me on Telegram: @charlie55,1
Can you show more photos?,0
Snapchat me @ coolcat420,1
Where do you ship from?,0
Does it come in other colors?,0
Add me on Facebook (facebook.com/fashioneer),1
Where do you ship from?,0
What’s the price?,0
What are the dimensions?,0
Nice product!,0
My Snapchat is judy729,1
Does it come in other colors?,0
I’m interested in this item.,0
Does it come in other colors?,0
My number is 6518817340,1
What are the dimensions?,0
Do you have it in stock?,0
What’s the price?,0
I’m interested in this item.,0
I’m interested in this item.,0
snap me at s-n-a-p shopper445,1
Contact: +1-911-515-2724,1
Where do you ship from?,0
Can you show more photos?,0
My Snapchat is grace611,1
Does it come in other colors?,0
What are the dimensions?,0
Reach me at 009-499-4990,1
This looks good.,0
c o n t a c t : +1-150-985-2806,1
How soon can I get it?,0
How soon can I get it?,0
How soon can I get it?,0
Do you have it in stock?,0
Can you show more photos?,0
Where do you ship from?,0
How soon can I get it?,0
Do you have it in stock?,0
Do you have it in stock?,0
What’s the price?,0
This looks good.,0
Nice product!,0
Can you show more photos?,0
Do you have it in stock?,0
What’s the price?,0
This looks good.,0
Does it come in other colors?,0
Nice product!,0
Nice product!,0
find me at user9765@example.com 😉,1
What are the dimensions?,0
My WeChat ID is john_doe,1
How soon can I get it?,0
Nice product!,0
I’m interested in this item.,0
Message via email: charlie35@example.com,1
Nice product!,0
Does it come in other colors?,0
Does it come in other colors?,0
This looks good.,0
What are the dimensions?,0
Contact via email: judy38@email.net,1
Do you have it in stock?,0
Can you show more photos?,0
How soon can I get it?,0
Where do you ship from?,0
Find me on Facebook: https://facebook.com/bob420,1
Where do you ship from?,0
How soon can I get it?,0
Nice product!,0
Does it come in other colors?,0
Connect on LinkedIn (linkedin.com/in/shop_owner),1
Where do you ship from?,0
What are the dimensions?,0
What are the dimensions?,0
Let's connect on LinkedIn: linkedin.com/in/coolguy42,1
Can you show more photos?,0
Here's my email: user3378@example.com,1
j u d y 2 8 @ e x a m p l e . c o m,1
Where do you ship from?,0
Nice product!,0
Nice product!,0
c o n t a c t : +1-226-957-2385,1
Mail me: david21@mail.com,1
Do you have it in stock?,0
Nice product!,0
Nice product!,0
This looks good.,0
What’s the price?,0
Where do you ship from?,0
Do you have it in stock?,0
My number is 968-821-4889,1
Contact via email: heidi93@example.com,1
This looks good.,0
Can you show more photos?,0
my digits: +1-124-962-3143,1
Do you have it in stock?,0
What are the dimensions?,0
How soon can I get it?,0
Where do you ship from?,0
Can you show more photos?,0
What are the dimensions?,0
I’m interested in this item.,0
Nice product!,0
This looks good.,0
Does it come in other colors?,0
Connect on LinkedIn (linkedin.com/in/tech_lead),1
Nice product!,0
Do you have it in stock?,0
Text me at +1 715 287 9882,1
What are the dimensions?,0
Where do you ship from?,0
This looks good.,0
What’s the price?,0
I’m interested in this item.,0
How soon can I get it?,0
Nice product!,0
Can you show more photos?,0
I’m interested in this item.,0
Do you have it in stock?,0
How soon can I get it?,0
What are the dimensions?,0
I’m interested in this item.,0
Contact via email: grace33@email.net,1
I’m interested in this item.,0
Nice product!,0
Nice product!,0
I’m interested in this item.,0
I’m interested in this item.,0
Message me on Snapchat: shop_owner,1
I’m interested in this item.,0
This looks good.,0
Where do you ship from?,0
Follow me on Instagram @best_pizza and DM.,1
How soon can I get it?,0
Do you have it in stock?,0
You can reach me at +1-803-432-6619,1
Message me on Snapchat: tech_lead,1
snap me at s-n-a-p coolcat478,1
Does it come in other colors?,0
Here is my email: user4524@example.com,1
What are the dimensions?,0
What’s the price?,0
What are the dimensions?,0
"Email is user7127@example.com, reach out anytime.",1
Where do you ship from?,0
How soon can I get it?,0
How soon can I get it?,0
Nice product!,0
Follow me on Twitter: @bob307,1
Can you show more photos?,0
How soon can I get it?,0
Nice product!,0
What are the dimensions?,0
Nice product!,0
Can you show more photos?,0
WhatsApp me at 321-689-3678,1
Do you have it in stock?,0
What are the dimensions?,0
Nice product!,0
Do you have it in stock?,0
Add me on WhatsApp: 555-421-2111,1
Can you show more photos?,0
Does it come in other colors?,0
Can you show more photos?,0
What are the dimensions?,0
snap me at s-n-a-p devguy456,1
I’m interested in this item.,0
Nice product!,0
How soon can I get it?,0
hmu @ shopper937,1
How soon can I get it?,0
What are the dimensions?,0
Nice product!,0
What are the dimensions?,0
How soon can I get it?,0
Can you show more photos?,0
This looks good.,0
Where do you ship from?,0
Where do you ship from?,0
What are the dimensions?,0
Where do you ship from?,0
What’s the price?,0
My number is 7962628973,1
Can you show more photos?,0
"My contact is 555-238-6128, call me.",1
My Snapchat is alice454,1
What are the dimensions?,0
Does it come in other colors?,0
What’s the price?,0
What are the dimensions?,0
How soon can I get it?,0
What’s the price?,0
Can you show more photos?,0
What’s the price?,0
Do you have it in stock?,0
Where do you ship from?,0
Do you have it in stock?,0
Can I have your email address?,1
Nice product!,0
Let's connect on LinkedIn: linkedin.com/in/coolguy42,1
Can you show more photos?,0
I’m interested in this item.,0
What’s the price?,0
What’s the price?,0
What are the dimensions?,0
Here is my email: user3797@example.com,1
This looks good.,0
Can you show more photos?,0
Does it come in other colors?,0
My TikTok: @charlie269,1
What’s the price?,0
Can you show more photos?,0
Do you have it in stock?,0
How soon can I get it?,0
How soon can I get it?,0
I’m interested in this item.,0
This looks good.,0
Can you show more photos?,0
How soon can I get it?,0
Can you show more photos?,0
Does it come in other colors?,0
Where do you ship from?,0
Where do you ship from?,0
Snapchat me @ coolcat159,1
Does it come in other colors?,0
What’s the price?,0
Where do you ship from?,0
Does it come in other colors?,0
I’m interested in this item.,0
I’m interested in this item.,0
What’s the price?,0
Nice product!,0
This looks good.,0
Does it come in other colors?,0
Do you have it in stock?,0
What are the dimensions?,0
Can you show more photos?,0
Please email me at user3539@example.com,1
Does it come in other colors?,0
This looks good.,0
Where do you ship from?,0
Can you show more photos?,0
Where do you ship from?,0
Do you have it in stock?,0
DM me on Instagram: @bob283,1
Where do you ship from?,0
This looks good.,0
I’m interested in this item.,0
I’m interested in this item.,0
This looks good.,0
Do you have it in stock?,0
Do you have it in stock?,0
Can you show more photos?,0
This looks good.,0
What are the dimensions?,0
Please email me at user5242@example.com,1
Does it come in other colors?,0
Can I have your email address?,1
This looks good.,0
How soon can I get it?,0
I’m interested in this item.,0
This looks good.,0
What’s the price?,0
What are the dimensions?,0
Can you show more photos?,0
Can you show more photos?,0
Nice product!,0
Do you have it in stock?,0
What are the dimensions?,0
Message me at user5477@example.com,1
This looks good.,0
Do you have it in stock?,0
Does it come in other colors?,0
This looks good.,0
What’s the price?,0
📱 +1-183-902-3840,1
Nice product!,0
How soon can I get it?,0
Does it come in other colors?,0
DM me on Facebook: facebook.com/shopper114,1
Where do you ship from?,0
Does it come in other colors?,0
How soon can I get it?,0
What’s the price?,0
How soon can I get it?,0
Can you show more photos?,0
Message me at user3171@example.com,1
Do you have it in stock?,0
I’m interested in this item.,0
my digits: +1-828-874-5999,1
How soon can I get it?,0
Nice product!,0
My number is 137-822-9188,1
Do you have it in stock?,0
How soon can I get it?,0
Message me on Signal: +1 205 717 8460,1
This looks good.,0
Do you have it in stock?,0
Do you have it in stock?,0
e v e 7 5 @ t e s t . o r g,1
"My contact is 555-798-4232, call me.",1
How soon can I get it?,0
Where do you ship from?,0
e m a i l m e @ user2303@example.com,1
How soon can I get it?,0
"Email is user1772@example.com, reach out anytime.",1
What are the dimensions?,0
Where do you ship from?,0
Connect on LinkedIn (linkedin.com/in/devguy946),1
How soon can I get it?,0
Does it come in other colors?,0
What are the dimensions?,0
I’m interested in this item.,0
Nice product!,0
Nice product!,0
I’m interested in this item.,0
Send me a DM on Facebook: facebook.com/best_pizza,1
How soon can I get it?,0
Do you have it in stock?,0
What are the dimensions?,0
How soon can I get it?,0
Nice product!,0
How soon can I get it?,0
reach at t w o o o @example.com,1
What are the dimensions?,0
Nice product!,0
wanna chat? +1-449-728-8567,1
Here is my email: user6616@example.com,1
Does it come in other colors?,0
fb.com/shopper619,1
Can you show more photos?,0
I’m interested in this item.,0
Email me at user7460@example.com,1
Where do you ship from?,0
What are the dimensions?,0
Nice product!,0
Hit me up on WhatsApp at 555-336-6662,1
Nice product!,0
How soon can I get it?,0
How soon can I get it?,0
Here is my email: user4626@example.com,1
I’m interested in this item.,0
What’s the price?,0
Where do you ship from?,0
Add me on WhatsApp: 555-590-4435,1
DM me on Instagram: @heidi731,1
hmu @ coolcat413,1
What’s the price?,0
Where do you ship from?,0
This looks good.,0
This looks good.,0
How soon can I get it?,0
What are the dimensions?,0
Can you show more photos?,0
I’m interested in this item.,0
Call me at 2630357817,1
This looks good.,0
Text me at (250) 731-1164,1
Nice product!,0
Text me at 555-677-8794 for more info.,1
Let's connect on LinkedIn: https://linkedin.com/in/frank788,1
Do you have it in stock?,0
Do you have it in stock?,0
Can you show more photos?,0
Does it come in other colors?,0
I’m interested in this item.,0
What are the dimensions?,0
How soon can I get it?,0
Can you show more photos?,0
Do you have it in stock?,0
What’s the price?,0
"My contact is 555-278-7695, call me.",1
I’m interested in this item.,0
Can you show more photos?,0
Do you have it in stock?,0
Hit me up on WhatsApp at 555-174-7544,1
I’m interested in this item.,0
What’s the price?,0
How soon can I get it?,0
This looks good.,0
What’s the price?,0
I’m interested in this item.,0
How soon can I get it?,0
Where do you ship from?,0
I’m interested in this item.,0
Does it come in other colors?,0
Do you have it in stock?,0
Does it come in other colors?,0
Message me on Snapchat: john_doe,1
Where do you ship from?,0
How soon can I get it?,0
Can you show more photos?,0
Nice product!,0
Hit me up on WhatsApp at +1-662-657-5819,1
Do you have it in stock?,0
b o b 9 8 @ e x a m p l e . c o m,1
you can DM me at fashionista127 on Insta,1
Where do you ship from?,0
Does it come in other colors?,0
Nice product!,0
How soon can I get it?,0
Can you show more photos?,0
Connect on LinkedIn (linkedin.com/in/shopper231),1
What are the dimensions?,0
Does it come in other colors?,0
Do you have it in stock?,0
This looks good.,0
What are the dimensions?,0
What’s the price?,0
Do you have it in stock?,0
Where do you ship from?,0
Connect on LinkedIn (linkedin.com/in/fashionista591),1
What are the dimensions?,0
Let's connect on LinkedIn: https://linkedin.com/in/frank934,1
What’s the price?,0
DM me on Facebook: facebook.com/fashionista531,1
What’s the price?,0
How soon can I get it?,0
My Snapchat is david675,1
What are the dimensions?,0
I’m interested in this item.,0
This looks good.,0
I’m interested in this item.,0
What are the dimensions?,0
How soon can I get it?,0
Does it come in other colors?,0
What’s the price?,0
Do you have it in stock?,0
Email me at user8850@example.com,1
Where do you ship from?,0
Does it come in other colors?,0
This looks good.,0
Connect on LinkedIn (linkedin.com/in/fashionista127),1
Do you have it in stock?,0
Reach out on WhatsApp at +1-821-456-5727,1
How soon can I get it?,0
How soon can I get it?,0
I’m interested in this item.,0
What’s the price?,0
Can you show more photos?,0
Can you show more photos?,0
Nice product!,0
Can you show more photos?,0
How soon can I get it?,0
Nice product!,0
I’m interested in this item.,0
This looks good.,0
C a l l   m e :   ( 9 1 2 )   5 7 5 - 8 7 8 1,1
Where do you ship from?,0
Nice product!,0
How soon can I get it?,0
Nice product!,0
How soon can I get it?,0
Message me on Signal: (905) 471-3666,1
What are the dimensions?,0
telegram: t dot me slash coolcat977,1
This looks good.,0
I’m interested in this item.,0
Connect on LinkedIn (linkedin.com/in/shop_owner),1
Can I have your email address?,1
This looks good.,0
What’s the price?,0
Nice product!,0
What are the dimensions?,0
snap me at s-n-a-p fashionista772,1
Nice product!,0
Nice product!,0
Does it come in other colors?,0
What are the dimensions?,0
my digits: +1-634-827-7863,1
I’m interested in this item.,0
Can you show more photos?,0
Can you show more photos?,0
Does it come in other colors?,0
What are the dimensions?,0
What’s the price?,0
t e l : +1-986-637-2544,1
You can reach me at 555-541-8234,1
What are the dimensions?,0
What are the dimensions?,0
Where do you ship from?,0
This looks good.,0
Where do you ship from?,0
Do you have it in stock?,0
Can you show more photos?,0
I’m interested in this item.,0
Do you have it in stock?,0
How soon can I get it?,0
Let's connect on LinkedIn: linkedin.com/in/tech_lead,1
Nice product!,0
Does it come in other colors?,0
Can you show more photos?,0
Can you show more photos?,0
Can you show more photos?,0
Do you have it in stock?,0
Connect on LinkedIn (linkedin.com/in/devguy985),1
Can you show more photos?,0
How soon can I get it?,0
This looks good.,0
Message me on Signal: (317) 305-2088,1
I’m interested in this item.,0
Nice product!,0
This looks good.,0
Message me at user5842@example.com,1
Do you have it in stock?,0
Reach me at 9305487178,1
Can you show more photos?,0
What’s the price?,0
Nice product!,0
I’m interested in this item.,0
Contact me on Skype: eve499,1
What’s the price?,0
DM me on Facebook: facebook.com/fashionista775,1
How soon can I get it?,0
How soon can I get it?,0
Where do you ship from?,0
I’m interested in this item.,0
This looks good.,0
telegram: t dot me slash fashionista931,1
What’s the price?,0
What are the dimensions?,0
Add me on Facebook (facebook.com/fashionguru),1
Do you have it in stock?,0
Can you show more photos?,0
What are the dimensions?,0
Can you show more photos?,0
What’s the price?,0
Nice product!,0
This looks good.,0
Nice product!,0
How soon can I get it?,0
Contact via email: frank34@test.org,1
Do you have it in stock?,0
Can you show more photos?,0
Do you have it in stock?,0
Does it come in other colors?,0
Does it come in other colors?,0
Add me on Facebook (facebook.com/fashionguru),1
Follow me on Instagram @jane.smith and DM.,1
Does it come in other colors?,0
How soon can I get it?,0
Nice product!,0
I’m interested in this item.,0
Does it come in other colors?,0
This looks good.,0
Add me on WhatsApp: 555-705-4693,1
Find me on Facebook: https://facebook.com/ivan645,1
Nice product!,0
Where do you ship from?,0
What are the dimensions?,0
This looks good.,0
What are the dimensions?,0
What are the dimensions?,0
Does it come in other colors?,0
What are the dimensions?,0
Where do you ship from?,0
Can I have your email address?,1
This looks good.,0
How soon can I get it?,0
Can you show more photos?,0
Can you show more photos?,0
What’s the price?,0
What are the dimensions?,0
Does it come in other colors?,0
Add me on Facebook (facebook.com/fashioneer),1
Can you show more photos?,0
Where do you ship from?,0
Add me on Facebook (facebook.com/john_doe),1
What are the dimensions?,0
This looks good.,0
Nice product!,0
Where do you ship from?,0
This looks good.,0
Nice product!,0
Ping me on Telegram: @judy335,1
My TikTok: @judy795,1
"Email is user1967@example.com, reach out anytime.",1
Message via email: eve4@mail.com,1
Does it come in other colors?,0
Nice product!,0
What’s the price?,0
What are the dimensions?,0
t e l : +1-502-514-8821,1
Nice product!,0
What are the dimensions?,0
Do you have it in stock?,0
Nice product!,0
How soon can I get it?,0
Nice product!,0
What are the dimensions?,0
Do you have it in stock?,0
Nice product!,0
What’s the price?,0
Nice product!,0
reach at t w o o o @example.com,1
My number is 905-376-4554,1
How soon can I get it?,0
message me via g m a i l at user7017@example.com,1
Can you show more photos?,0
What are the dimensions?,0
Connect on LinkedIn (linkedin.com/in/fashionista889),1
Email me at heidi98@mail.com,1
This looks good.,0
This looks good.,0
How soon can I get it?,0
Does it come in other colors?,0
"My contact is 555-941-1545, call me.",1
Can you show more photos?,0
What are the dimensions?,0
Do you have it in stock?,0
I’m interested in this item.,0
I’m interested in this item.,0
Nice product!,0
Here is my email: user8127@example.com,1
Where do you ship from?,0
What are the dimensions?,0
Does it come in other colors?,0
Nice product!,0
Do you have it in stock?,0
Does it come in other colors?,0
hmu @ coolcat93,1
Text me at 9774116170,1
I’m interested in this item.,0
Do you have it in stock?,0
This looks good.,0
Can you show more photos?,0
Where do you ship from?,0
This looks good.,0
This looks good.,0
What are the dimensions?,0
Does it come in other colors?,0
My Snapchat is ivan808,1
You can reach me at 555-201-6989,1
Do you have it in stock?,0
Do you have it in stock?,0
Do you have it in stock?,0
Where do you ship from?,0
This looks good.,0
Do you have it in stock?,0
What are the dimensions?,0
This looks good.,0
Let's connect on LinkedIn: https://linkedin.com/in/judy853,1
I’m interested in this item.,0
"My contact is 555-180-2871, call me.",1
Do you have it in stock?,0
What are the dimensions?,0
Can you show more photos?,0
Where do you ship from?,0
How soon can I get it?,0
I’m interested in this item.,0
What are the dimensions?,0
Where do you ship from?,0
Does it come in other colors?,0
Can you show more photos?,0
How soon can I get it?,0
My Snapchat is alice255,1
Text me at 555-916-4503 for more info.,1
Mail me: judy38@test.org,1
Where do you ship from?,0
What are the dimensions?,0
How soon can I get it?,0
Where do you ship from?,0
Let's connect on LinkedIn: https://linkedin.com/in/david60,1
Nice product!,0
What’s the price?,0
My Snapchat is ivan759,1
Do you have it in stock?,0
Where do you ship from?,0
How soon can I get it?,0
How soon can I get it?,0
"My contact is 555-730-3899, call me.",1
Can you show more photos?,0
This looks good.,0
Where do you ship from?,0
Can you show more photos?,0
Do you have it in stock?,0
What are the dimensions?,0
Email me at frank12@mail.com,1
Nice product!,0
Does it come in other colors?,0
d a v i d 8 4 @ e x a m p l e . c o m,1
Does it come in other colors?,0
Can you show more photos?,0
Where do you ship from?,0
Nice product!,0
Do you have it in stock?,0
Connect on LinkedIn (linkedin.com/in/designer123),1
What are the dimensions?,0
How soon can I get it?,0
This looks good.,0
Call me at 8346004448,1
I’m interested in this item.,0
Nice product!,0
How soon can I get it?,0
Where do you ship from?,0
I’m interested in this item.,0
My number is (362) 017-2993,1
How soon can I get it?,0
Where do you ship from?,0
Contact via email: heidi5@email.net,1
Do you have it in stock?,0
Nice product!,0
find me at user1850@example.com 😉,1
How soon can I get it?,0
I’m interested in this item.,0
How soon can I get it?,0
Do you have it in stock?,0
How soon can I get it?,0
Can you show more photos?,0
Do you have it in stock?,0
"My contact is 555-309-3824, call me.",1
I’m interested in this item.,0
you can DM me at coolcat627 on Insta,1
Contact me on Skype: heidi703,1
Does it come in other colors?,0
How soon can I get it?,0
Where do you ship from?,0
This looks good.,0
find me at user6711@example.com 😉,1
What are the dimensions?,0
How soon can I get it?,0
What’s the price?,0
Where do you ship from?,0
Where do you ship from?,0
This looks good.,0
C o n t a c t :   8 5 0 - 1 9 1 - 2 5 7 6,1
This looks good.,0
Where do you ship from?,0
📱 +1-941-585-2391,1
Can you share your phone number so I can send you details?,1
What are the dimensions?,0
What are the dimensions?,0
Text me at (056) 655-8045,1
Add me on Facebook (facebook.com/coolguy42),1
my email id is user6386@example.com,1
I’m interested in this item.,0
What are the dimensions?,0
What are the dimensions?,0
This looks good.,0
Does it come in other colors?,0
Do you have it in stock?,0
Nice product!,0
This looks good.,0
What’s the price?,0
Nice product!,0
Do you have it in stock?,0
Nice product!,0
Where do you ship from?,0
I’m interested in this item.,0
Here is my email: user6784@example.com,1
You can reach me at 555-135-2369,1
This looks good.,0
Can you show more photos?,0
What’s the price?,0
Contact via email: judy30@mail.com,1
What are the dimensions?,0
Where do you ship from?,0
Can you show more photos?,0
How soon can I get it?,0
Can you show more photos?,0
Nice product!,0
I’m interested in this item.,0
Hit me up on WhatsApp at 555-549-1895,1
Do you have it in stock?,0
Does it come in other colors?,0
Nice product!,0
Does it come in other colors?,0
📱 +1-310-896-8689,1
Connect on LinkedIn (linkedin.com/in/shopper181),1
Where do you ship from?,0
I’m interested in this item.,0
What’s the price?,0
Where do you ship from?,0
My TikTok: @bob603,1
Where do you ship from?,0
What are the dimensions?,0
Reach out on WhatsApp at +1-571-886-4275,1
Connect on LinkedIn (linkedin.com/in/best_pizza),1
What are the dimensions?,0
Can you show more photos?,0
What’s the price?,0
What are the dimensions?,0
Do you have it in stock?,0
Can you show more photos?,0
DM me on Instagram: @charlie753,1
C a l l   m e :   + 1   5 3 2   4 2 1   7 8 6 1,1
I’m interested in this item.,0
C a l l   m e :   8 0 0 - 6 9 0 - 4 1 7 4,1
Do you have it in stock?,0
Nice product!,0
Does it come in other colors?,0
Where do you ship from?,0
Reach me at (871) 749-5536,1
What are the dimensions?,0
Do you have it in stock?,0
What’s the price?,0
I’m interested in this item.,0
I’m interested in this item.,0
This looks good.,0
Can you show more photos?,0
Does it come in other colors?,0
I’m interested in this item.,0
fb.com/coolcat861,1
Does it come in other colors?,0
e m a i l m e @ user5044@example.com,1
My WeChat ID is coolguy42,1
Here is my email: user3502@example.com,1
Can you show more photos?,0
What’s the price?,0
This looks good.,0
Contact me via Telegram: @john_doe,1
This looks good.,0
I’m interested in this item.,0
snap me at s-n-a-p devguy711,1
This looks good.,0
This looks good.,0
How soon can I get it?,0
c   o   n   t   a   c   t   m   e   9 3 9 - 4 5 0 - 4 1 9 9,1
Does it come in other colors?,0
Where do you ship from?,0
Do you have it in stock?,0
Does it come in other colors?,0
Nice product!,0
Does it come in other colors?,0
Text me at 555-865-2091 for more info.,1
Nice product!,0
Reach me at 9714958993,1
Do you have it in stock?,0
Where do you ship from?,0
My TikTok: @grace628,1
What’s the price?,0
Can you show more photos?,0
This looks good.,0
What are the dimensions?,0
C a l l   m e :   2 7 2 - 2 6 4 - 3 2 3 4,1
Does it come in other colors?,0
Do you have it in stock?,0
Can you show more photos?,0
What’s the price?,0
Nice product!,0
Does it come in other colors?,0
Where do you ship from?,0
telegram: t dot me slash coolcat534,1
You can reach me at +1-379-458-5091,1
telegram: t dot me slash coolcat270,1
Where do you ship from?,0
Do you have it in stock?,0
Find me on Facebook: https://facebook.com/eve846,1
Nice product!,0
Message me on Snapchat: designer123,1
I’m interested in this item.,0
Where do you ship from?,0
What are the dimensions?,0
What are the dimensions?,0
What are the dimensions?,0
Nice product!,0
Message me on Signal: (300) 625-5919,1
How soon can I get it?,0
This looks good.,0
How soon can I get it?,0
Does it come in other colors?,0
What are the dimensions?,0
You can reach me at +1-554-461-4220,1
Where do you ship from?,0
I’m interested in this item.,0
What’s the price?,0
What are the dimensions?,0
Where do you ship from?,0
What are the dimensions?,0
Follow me on Instagram @designer123 and DM.,1
What are the dimensions?,0
How soon can I get it?,0
Do you have it in stock?,0
What are the dimensions?,0
Call me at 2333947379,1
This looks good.,0
I’m interested in this item.,0
Where do you ship from?,0
My number is (662) 303-0456,1
This looks good.,0
Ping me on Telegram: @ivan771,1
Nice product!,0
What’s the price?,0
I’m interested in this item.,0
Do you have it in stock?,0
How soon can I get it?,0
Where do you ship from?,0
What are the dimensions?,0
Where do you ship from?,0
How soon can I get it?,0
Where do you ship from?,0
What are the dimensions?,0
Does it come in other colors?,0
Nice product!,0
Reach out on WhatsApp at +1-868-100-5731,1
Where do you ship from?,0
This looks good.,0
Can you show more photos?,0
WhatsApp me at +1-555-132-7362,1
Does it come in other colors?,0
Can I have your email address?,1
Does it come in other colors?,0
Can you show more photos?,0
Do you have it in stock?,0
Can you show more photos?,0
Can you show more photos?,0
How soon can I get it?,0
My TikTok: @david805,1
Nice product!,0
Can I have your email address?,1
Do you have it in stock?,0
Can you show more photos?,0
Do you have it in stock?,0
Nice product!,0
What are the dimensions?,0
Does it come in other colors?,0
What’s the price?,0
Does it come in other colors?,0
Where do you ship from?,0
Connect on LinkedIn (linkedin.com/in/coolguy42),1
"My contact is 555-855-6108, call me.",1
My WeChat ID is coolguy42,1
I’m interested in this item.,0
Where do you ship from?,0
I’m interested in this item.,0
Do you have it in stock?,0
Do you have it in stock?,0
What’s the price?,0
What’s the price?,0
What’s the price?,0
You can reach me at +1-431-505-3535,1
Let's connect on LinkedIn: linkedin.com/in/fashioneer,1
How soon can I get it?,0
Where do you ship from?,0
This looks good.,0
How soon can I get it?,0
Do you have it in stock?,0
What are the dimensions?,0
Do you have it in stock?,0
Does it come in other colors?,0
What are the dimensions?,0
find me at user3531@example.com 😉,1
Where do you ship from?,0
Nice product!,0
What are the dimensions?,0
Can you show more photos?,0
Add me on WhatsApp: (782) 251-3509,1
Does it come in other colors?,0
Can you show more photos?,0
How soon can I get it?,0
Where do you ship from?,0
Do you have it in stock?,0
How soon can I get it?,0
What’s the price?,0
Message me on Signal: (989) 231-3118,1
How soon can I get it?,0
Mail me: judy29@email.net,1
Connect on LinkedIn (linkedin.com/in/fashioneer),1
Does it come in other colors?,0
Where do you ship from?,0
Does it come in other colors?,0
Where do you ship from?,0
reach at t w o o o @example.com,1
Can you show more photos?,0
Can you show more photos?,0
I’m interested in this item.,0
This looks good.,0
Does it come in other colors?,0
What’s the price?,0
What are the dimensions?,0
Do you have it in stock?,0
Do you have it in stock?,0
Do you have it in stock?,0
Do you have it in stock?,0
I’m interested in this item.,0
Email me at user6883@example.com,1
Where do you ship from?,0
This looks good.,0
Email me at bob72@test.org,1
What are the dimensions?,0
Where do you ship from?,0
C a l l   m e :   9 7 8 - 3 2 4 - 7 3 6 1,1
Does it come in other colors?,0
Do you have it in stock?,0
Nice product!,0
Nice product!,0
What are the dimensions?,0
What are the dimensions?,0
Can you show more photos?,0
Where do you ship from?,0
I’m interested in this item.,0
I’m interested in this item.,0
Can you share your phone number so I can send you details?,1
DM me on Facebook: facebook.com/shopper391,1
Please email me at user5595@example.com,1
Does it come in other colors?,0
Do you have it in stock?,0
How soon can I get it?,0
Does it come in other colors?,0
Do you have it in stock?,0
What are the dimensions?,0
What are the dimensions?,0
Contact me on Skype: heidi787,1
Does it come in other colors?,0
What’s the price?,0
My WeChat ID is shopper99,1
My number is 941-106-0150,1
This looks good.,0
Can you show more photos?,0
Can you show more photos?,0
I’m interested in this item.,0
Nice product!,0
What’s the price?,0
How soon can I get it?,0
I’m interested in this item.,0
What’s the price?,0
Send me a DM on Facebook: facebook.com/fashionguru,1
What’s the price?,0
What’s the price?,0
Email me at bob49@email.net,1
This looks good.,0
What’s the price?,0
Does it come in other colors?,0
Can you share your phone number so I can send you details?,1
My Snapchat is judy473,1
This looks good.,0
Call me at 345-436-4329,1
What’s the price?,0
What are the dimensions?,0
Does it come in other colors?,0
What’s the price?,0
Does it come in other colors?,0
This looks good.,0
Nice product!,0
How soon can I get it?,0
What’s the price?,0
Does it come in other colors?,0
Does it come in other colors?,0
Mail me: judy43@mail.com,1
Can you show more photos?,0
Can you show more photos?,0
What are the dimensions?,0
I’m interested in this item.,0
Message me on Snapchat: fashionguru,1
Please email me at user7738@example.com,1
What are the dimensions?,0
What are the dimensions?,0
This looks good.,0
Do you have it in stock?,0
What are the dimensions?,0
Does it come in other colors?,0
Nice product!,0
Does it come in other colors?,0
Where do you ship from?,0
Reach out on WhatsApp at +1-294-503-1546,1
Find me on Facebook: https://facebook.com/alice6,1
This looks good.,0
f r a n k 9 @ t e s t . o r g,1
Do you have it in stock?,0
Do you have it in stock?,0
Nice product!,0
Where do you ship from?,0
Nice product!,0
Where do you ship from?,0
This looks good.,0
Nice product!,0
What’s the price?,0
Does it come in other colors?,0
Can you show more photos?,0
e m a i l m e @ user418@example.com,1
c   o   n   t   a   c   t   m   e   6 8 4 3 0 5 3 7 2 0,1
I’m interested in this item.,0
My TikTok: @frank297,1
Does it come in other colors?,0
How soon can I get it?,0
What are the dimensions?,0
Nice product!,0
telegram: t dot me slash devguy750,1
What are the dimensions?,0
Can you show more photos?,0
Can you show more photos?,0
You can reach me at +1-524-824-9168,1
Nice product!,0
What are the dimensions?,0
Can you show more photos?,0
Nice product!,0
Contact me on Skype: frank118,1
Does it come in other colors?,0
Do you have it in stock?,0
Message me at user8989@example.com,1
Does it come in other colors?,0
b o b 3 8 @ t e s t . o r g,1
Can you show more photos?,0
Please email me at user9916@example.com,1
What are the dimensions?,0
Nice product!,0
What are the dimensions?,0
I’m interested in this item.,0
Can you show more photos?,0
Let's connect on LinkedIn: linkedin.com/in/designer123,1
Can you show more photos?,0
Where do you ship from?,0
Please email me at user1690@example.com,1
Does it come in other colors?,0
This looks good.,0
Where do you ship from?,0
Does it come in other colors?,0
Where do you ship from?,0
This looks good.,0
What’s the price?,0
Where do you ship from?,0
Can you show more photos?,0
What’s the price?,0
I’m interested in this item.,0
Nice product!,0
Contact me on Skype: eve178,1
Where do you ship from?,0
Text me at +1-292-700-1767,1
Where do you ship from?,0
What are the dimensions?,0
How soon can I get it?,0
This looks good.,0
Nice product!,0
Can you show more photos?,0
What are the dimensions?,0
Ping me on Telegram: @judy975,1
Email me at bob22@email.net,1
What’s the price?,0
"Email is user4859@example.com, reach out anytime.",1
What are the dimensions?,0
"Email is user8709@example.com, reach out anytime.",1
I’m interested in this item.,0
Nice product!,0
Message via email: ivan14@mail.com,1
I’m interested in this item.,0
Add me on WhatsApp: 555-673-8332,1
My TikTok: @eve147,1
Nice product!,0
This looks good.,0
How soon can I get it?,0
I’m interested in this item.,0
This looks good.,0
How soon can I get it?,0
Do you have it in stock?,0
What are the dimensions?,0
Do you have it in stock?,0
Contact me on Skype: eve873,1
What are the dimensions?,0
Contact me via Telegram: @shopper99,1
wanna chat? +1-962-418-7709,1
c   o   n   t   a   c   t   m   e   + 1   8 9 2   0 9 7   7 2 6 5,1
Nice product!,0
Where do you ship from?,0
Where do you ship from?,0
Can I have your email address?,1
Can you share your phone number so I can send you details?,1
What are the dimensions?,0
What are the dimensions?,0
Can I have your email address?,1
DM me on Instagram @designer123,1
Do you have it in stock?,0
How soon can I get it?,0
Text me at 555-847-2740 for more info.,1
What’s the price?,0
This looks good.,0
Nice product!,0
What are the dimensions?,0
What’s the price?,0
Text me at 555-715-8150 for more info.,1
Does it come in other colors?,0
Follow me on Twitter: @heidi653,1
Do you have it in stock?,0
Do you have it in stock?,0
get in touch @ user783@example.com,1
Send me a DM on Facebook: facebook.com/designer123,1
Message me at user9678@example.com,1
How soon can I get it?,0
My Snapchat is ivan65,1
Does it come in other colors?,0
I’m interested in this item.,0
This looks good.,0
my digits: +1-787-137-3778,1
Does it come in other colors?,0
Where do you ship from?,0
Where do you ship from?,0
How soon can I get it?,0
Call me at 204-464-6741,1
This looks good.,0
I’m interested in this item.,0
Can you show more photos?,0
I’m interested in this item.,0
Does it come in other colors?,0
Ping me on Telegram: @david678,1
This looks good.,0
my email id is user7839@example.com,1
Does it come in other colors?,0
What’s the price?,0
reach at t w o o o @example.com,1
This looks good.,0
What are the dimensions?,0
What’s the price?,0
This looks good.,0
Can you show more photos?,0
Nice product!,0
Does it come in other colors?,0
What’s the price?,0
Do you have it in stock?,0
What’s the price?,0
Nice product!,0
I’m interested in this item.,0
What are the dimensions?,0
What are the dimensions?,0
Does it come in other colors?,0
I’m interested in this item.,0
Do you have it in stock?,0
my digits: +1-412-254-9488,1
my digits: +1-440-472-2156,1
Do you have it in stock?,0
Can you show more photos?,0
Let's connect on LinkedIn: linkedin.com/in/john_doe,1
Nice product!,0
Do you have it in stock?,0
This looks good.,0
What are the dimensions?,0
Where do you ship from?,0
What are the dimensions?,0
Does it come in other colors?,0
Text me at 510-632-3838,1
What are the dimensions?,0
How soon can I get it?,0
Where do you ship from?,0
Does it come in other colors?,0
I’m interested in this item.,0
Reach me at +1 076 712 6323,1
Nice product!,0
c   o   n   t   a   c   t   m   e   ( 6 5 1 )   5 1 5 - 7 8 5 1,1
Do you have it in stock?,0
This looks good.,0
I’m interested in this item.,0
Email me at user7328@example.com,1
This looks good.,0
snap me at s-n-a-p shopper743,1
Do you have it in stock?,0
Do you have it in stock?,0
Can you show more photos?,0
Find me on Facebook: https://facebook.com/ivan577,1
Find me on Facebook: https://facebook.com/ivan284,1
c   o   n   t   a   c   t   m   e   6 9 2 9 0 3 6 7 5 9,1
How soon can I get it?,0
How soon can I get it?,0
What’s the price?,0
What’s the price?,0
What are the dimensions?,0
How soon can I get it?,0
What are the dimensions?,0
Can you share your phone number so I can send you details?,1
What’s the price?,0
I’m interested in this item.,0
What’s the price?,0
wanna chat? +1-542-447-3094,1
What’s the price?,0
Where do you ship from?,0
Where do you ship from?,0
This looks good.,0
Can you show more photos?,0
This looks good.,0
Where do you ship from?,0
Text me at +1-179-411-9090,1
This looks good.,0
I’m interested in this item.,0
c   o   n   t   a   c   t   m   e   + 1   0 9 6   0 3 0   7 7 0 0,1
What’s the price?,0
How soon can I get it?,0
Do you have it in stock?,0
How soon can I get it?,0
Does it come in other colors?,0
This looks good.,0
Where do you ship from?,0
This looks good.,0
Can you show more photos?,0
I’m interested in this item.,0
My number is +1 228 258 4598,1
Where do you ship from?,0
What’s the price?,0
Can you show more photos?,0
What are the dimensions?,0
How soon can I get it?,0
How soon can I get it?,0
What’s the price?,0
This looks good.,0
📱 +1-495-230-5950,1
Does it come in other colors?,0
Where do you ship from?,0
hmu @ fashionista827,1
Where do you ship from?,0
What’s the price?,0
Email me at eve77@mail.com,1
What are the dimensions?,0
Nice product!,0
t e l : +1-749-131-8901,1
Does it come in other colors?,0
Let's connect on LinkedIn: https://linkedin.com/in/heidi213,1
What’s the price?,0
What’s the price?,0
My Snapchat is ivan582,1
Can you show more photos?,0
I’m interested in this item.,0
Nice product!,0
What’s the price?,0
Does it come in other colors?,0
Do you have it in stock?,0
How soon can I get it?,0
I’m interested in this item.,0
Can you show more photos?,0
Connect on LinkedIn (linkedin.com/in/devguy635),1
How soon can I get it?,0
How soon can I get it?,0
Where do you ship from?,0
What are the dimensions?,0
What are the dimensions?,0
Nice product!,0
Contact me on Skype: judy27,1
I’m interested in this item.,0
Does it come in other colors?,0
What’s the price?,0
Can you show more photos?,0
Where do you ship from?,0
What’s the price?,0
What’s the price?,0
message me via g m a i l at user437@example.com,1
Do you have it in stock?,0
What’s the price?,0
WhatsApp me at +1-555-641-1604,1
Can you show more photos?,0
Nice product!,0
How soon can I get it?,0
Where do you ship from?,0
Does it come in other colors?,0
fb.com/coolcat745,1
Here's my email: user7324@example.com,1
Do you have it in stock?,0
Can you show more photos?,0
Does it come in other colors?,0
I’m interested in this item.,0
my digits: +1-518-369-8926,1
Can you show more photos?,0
Nice product!,0
What are the dimensions?,0
Can you show more photos?,0
Skype me at 473-603-6964,1
I’m interested in this item.,0
Ping me on Telegram: @heidi810,1
Message me on Snapchat: tech_lead,1
What’s the price?,0
This looks good.,0
Let's connect on LinkedIn: https://linkedin.com/in/frank211,1
Does it come in other colors?,0
What’s the price?,0
What’s the price?,0
Can you show more photos?,0
I’m interested in this item.,0
What’s the price?,0
Where do you ship from?,0
DM me on Instagram @tech_lead,1
c o n t a c t : +1-198-935-9591,1
What are the dimensions?,0
Do you have it in stock?,0
C a l l   m e :   + 1   4 3 9   4 3 5   9 2 5 3,1
I’m interested in this item.,0
Does it come in other colors?,0
C a l l   m e :   7 9 0 - 7 2 9 - 1 6 0 4,1
message me via g m a i l at user51@example.com,1
What’s the price?,0
Please email me at user2046@example.com,1
find me at user627@example.com 😉,1
What’s the price?,0
This looks good.,0
Do you have it in stock?,0
This looks good.,0
What are the dimensions?,0
How soon can I get it?,0
Do you have it in stock?,0
Where do you ship from?,0
What’s the price?,0
DM me on Instagram: @david787,1
What are the dimensions?,0
Do you have it in stock?,0
Reach out on WhatsApp at +1-434-703-3693,1
This looks good.,0
Here is my email: user9069@example.com,1
What’s the price?,0
Here is my email: user6616@example.com,1
Here is my email: user9153@example.com,1
What’s the price?,0
How soon can I get it?,0
Here's my email: user6077@example.com,1
I’m interested in this item.,0
What’s the price?,0
DM me on Instagram: @eve719,1
wanna chat? +1-975-684-4067,1
What’s the price?,0
Contact via email: ivan55@example.com,1
Do you have it in stock?,0
Does it come in other colors?,0
What are the dimensions?,0
Email me at user2369@example.com,1
Nice product!,0
Do you have it in stock?,0
Hit me up on WhatsApp at +1-241-853-4159,1
message me via g m a i l at user2844@example.com,1
Do you have it in stock?,0
Where do you ship from?,0
What’s the price?,0
Can you show more photos?,0
How soon can I get it?,0
Contact: +1-681-552-1574,1
Do you have it in stock?,0
Follow me on Twitter: @eve667,1
Text me at 555-232-3569 for more info.,1
Nice product!,0
What are the dimensions?,0
Does it come in other colors?,0
Where do you ship from?,0
This looks good.,0
What are the dimensions?,0
Where do you ship from?,0
My Snapchat is charlie136,1
Contact via email: charlie33@mail.com,1
Nice product!,0
Does it come in other colors?,0
My WeChat ID is coolguy42,1
Can you show more photos?,0
What are the dimensions?,0
Where do you ship from?,0
This looks good.,0
What’s the price?,0
Does it come in other colors?,0
What are the dimensions?,0
Nice product!,0
This looks good.,0
This looks good.,0
Nice product!,0
How soon can I get it?,0
I’m interested in this item.,0
Does it come in other colors?,0
This looks good.,0
I’m interested in this item.,0
What’s the price?,0
t e l : +1-176-149-4813,1
Does it come in other colors?,0
Nice product!,0
WhatsApp me at +1-555-480-8495,1
My WeChat ID is shopper99,1
How soon can I get it?,0
Signal me at (973) 491-8730,1
Does it come in other colors?,0
Where do you ship from?,0
What’s the price?,0
Do you have it in stock?,0
Contact: +1-320-961-1297,1
How soon can I get it?,0
Do you have it in stock?,0
I’m interested in this item.,0
What’s the price?,0
What’s the price?,0
Add me on Facebook (facebook.com/tech_lead),1
Does it come in other colors?,0
My Snapchat is heidi538,1
Does it come in other colors?,0
What are the dimensions?,0
What are the dimensions?,0
Does it come in other colors?,0
Connect on LinkedIn (linkedin.com/in/devguy528),1
Nice product!,0
t e l : +1-974-198-7273,1
Ping me on Telegram: @bob199,1
What are the dimensions?,0
Does it come in other colors?,0
e m a i l m e @ user2803@example.com,1
Does it come in other colors?,0
Where do you ship from?,0
Does it come in other colors?,0
I’m interested in this item.,0
What’s the price?,0
Can you show more photos?,0
How soon can I get it?,0
Does it come in other colors?,0
Hit me up on WhatsApp at +1-670-989-4227,1
How soon can I get it?,0
Do you have it in stock?,0
Where do you ship from?,0
I’m interested in this item.,0
How soon can I get it?,0
Do you have it in stock?,0
What’s the price?,0
How soon can I get it?,0
This looks good.,0
Does it come in other colors?,0
I’m interested in this item.,0
What are the dimensions?,0
Where do you ship from?,0
Can you show more photos?,0
Can you show more photos?,0
Can you show more photos?,0
Nice product!,0
C o n t a c t :   4 8 6 - 8 3 4 - 3 8 5 9,1
How soon can I get it?,0
Can you show more photos?,0
Does it come in other colors?,0
Nice product!,0
Can you show more photos?,0
Does it come in other colors?,0
I’m interested in this item.,0
Can you show more photos?,0
e m a i l m e @ user23@example.com,1
Nice product!,0
I’m interested in this item.,0
This looks good.,0
Do you have it in stock?,0
Where do you ship from?,0
Send me a DM on Facebook: facebook.com/fashionguru,1
What are the dimensions?,0
This looks good.,0
Do you have it in stock?,0
Does it come in other colors?,0
I’m interested in this item.,0
Where do you ship from?,0
telegram: t dot me slash shopper599,1
What’s the price?,0
What are the dimensions?,0
This looks good.,0
Can I have your email address?,1
Can you show more photos?,0
Where do you ship from?,0
Hit me up on WhatsApp at 555-941-9823,1
Nice product!,0
Contact me on Skype: heidi200,1
Where do you ship from?,0
How soon can I get it?,0
Do you have it in stock?,0
What’s the price?,0
Message via email: grace18@test.org,1
Message me at user7060@example.com,1
What are the dimensions?,0
Reach me at (800) 287-5567,1
Add me on WhatsApp: 555-432-9721,1
Does it come in other colors?,0
Do you have it in stock?,0
What are the dimensions?,0
Does it come in other colors?,0
What are the dimensions?,0
Can you show more photos?,0
Let's connect on LinkedIn: https://linkedin.com/in/bob396,1
Can you show more photos?,0
I’m interested in this item.,0
How soon can I get it?,0
Where do you ship from?,0
What are the dimensions?,0
Does it come in other colors?,0
Does it come in other colors?,0
Here is my email: user6034@example.com,1
Where do you ship from?,0
I’m interested in this item.,0
Does it come in other colors?,0
How soon can I get it?,0
Can you show more photos?,0
DM me on Facebook: facebook.com/shopper457,1
What are the dimensions?,0
What’s the price?,0
Do you have it in stock?,0
snap me at s-n-a-p devguy699,1
How soon can I get it?,0
Let's connect on LinkedIn: linkedin.com/in/shopper99,1
What’s the price?,0
Can you share your phone number so I can send you details?,1
Message me at user2556@example.com,1
What’s the price?,0
Does it come in other colors?,0
What’s the price?,0
Can you show more photos?,0
What’s the price?,0
Nice product!,0
Does it come in other colors?,0
This looks good.,0
Where do you ship from?,0
Nice product!,0
What’s the price?,0
Where do you ship from?,0
Does it come in other colors?,0
my email id is user3077@example.com,1
get in touch @ user3016@example.com,1
I’m interested in this item.,0
How soon can I get it?,0
Where do you ship from?,0
Where do you ship from?,0
How soon can I get it?,0
What are the dimensions?,0
DM me on Instagram @shopper99,1
Reach out on WhatsApp at +1-678-322-6602,1
Do you have it in stock?,0
Please email me at user3460@example.com,1
Where do you ship from?,0
Nice product!,0
How soon can I get it?,0
This looks good.,0
I’m interested in this item.,0
How soon can I get it?,0
Do you have it in stock?,0
Where do you ship from?,0
Do you have it in stock?,0
This looks good.,0
What’s the price?,0
What’s the price?,0
snap me at s-n-a-p devguy952,1
Where do you ship from?,0
Do you have it in stock?,0
Hit me up on WhatsApp at +1-726-491-8723,1
Nice product!,0
This looks good.,0
Where do you ship from?,0
What are the dimensions?,0
Does it come in other colors?,0
How soon can I get it?,0
I’m interested in this item.,0
What’s the price?,0
DM me on Instagram @fashioneer,1
How soon can I get it?,0
Can you show more photos?,0
hmu @ devguy336,1
Where do you ship from?,0
Where do you ship from?,0
Where do you ship from?,0
What’s the price?,0
Can you show more photos?,0
What are the dimensions?,0
I’m interested in this item.,0
What’s the price?,0
Does it come in other colors?,0
I’m interested in this item.,0
How soon can I get it?,0
This looks good.,0
How soon can I get it?,0
This looks good.,0
Nice product!,0
C a l l   m e :   6 7 0 1 6 5 8 0 1 6,1
Can you show more photos?,0
What are the dimensions?,0
How soon can I get it?,0
My WeChat ID is shop_owner,1
Send me a DM on Facebook: facebook.com/fashioneer,1
Let's connect on LinkedIn: https://linkedin.com/in/bob449,1
How soon can I get it?,0
I’m interested in this item.,0
Nice product!,0
How soon can I get it?,0
Connect on LinkedIn (linkedin.com/in/shop_owner),1
Contact via email: frank46@test.org,1
Where do you ship from?,0
This looks good.,0
Ping me on Telegram: @eve975,1
Connect on LinkedIn (linkedin.com/in/jane.smith),1
"My contact is 555-923-3180, call me.",1
c o n t a c t : +1-249-348-6867,1
What’s the price?,0
Do you have it in stock?,0
Follow me on Instagram @tech_lead and DM.,1
Do you have it in stock?,0
How soon can I get it?,0
This looks good.,0
Where do you ship from?,0
I’m interested in this item.,0
Do you have it in stock?,0
DM me on Instagram @fashionguru,1
Does it come in other colors?,0
Can you show more photos?,0
How soon can I get it?,0
Do you have it in stock?,0
This looks good.,0
This looks good.,0
Email me at user3440@example.com,1
Hit me up on WhatsApp at 555-502-6461,1
wanna chat? +1-879-245-1911,1
Where do you ship from?,0
What are the dimensions?,0
Does it come in other colors?,0
Here's my email: user2396@example.com,1
What’s the price?,0
This looks good.,0
hmu @ fashionista753,1
Do you have it in stock?,0
Can you show more photos?,0
I’m interested in this item.,0
Where do you ship from?,0
Nice product!,0
Message me on Signal: +1 571 865 4556,1
What are the dimensions?,0
Send me a DM on Facebook: facebook.com/tech_lead,1
Connect on LinkedIn (linkedin.com/in/devguy203),1
DM me on Instagram: @judy431,1
Can you show more photos?,0
Where do you ship from?,0
Find me on Facebook: https://facebook.com/grace580,1
Message me on Snapchat: jane.smith,1
Can you show more photos?,0
Where do you ship from?,0
C a l l   m e :   1 5 5 2 7 9 7 1 2 9,1
How soon can I get it?,0
Nice product!,0
What’s the price?,0
Mail me: eve30@test.org,1
telegram: t dot me slash shopper695,1
Nice product!,0
Let's connect on LinkedIn: https://linkedin.com/in/ivan491,1
I’m interested in this item.,0
Can you show more photos?,0
What’s the price?,0
Nice product!,0
Can you show more photos?,0
How soon can I get it?,0
Here is my email: user1014@example.com,1
How soon can I get it?,0
Reach me at +1 748 426 6585,1
Does it come in other colors?,0
How soon can I get it?,0
This looks good.,0
How soon can I get it?,0
Where do you ship from?,0
This looks good.,0
Where do you ship from?,0
Nice product!,0
My number is 7878322802,1
This looks good.,0
"My contact is 555-706-9534, call me.",1
Does it come in other colors?,0
What are the dimensions?,0
I’m interested in this item.,0
Can you show more photos?,0
Does it come in other colors?,0
Can you show more photos?,0
What are the dimensions?,0
How soon can I get it?,0
Where do you ship from?,0
What’s the price?,0
Does it come in other colors?,0
Do you have it in stock?,0
Do you have it in stock?,0
What are the dimensions?,0
Can I have your email address?,1
Does it come in other colors?,0
Reach me at (435) 740-2860,1
How soon can I get it?,0
What’s the price?,0
This looks good.,0
Follow me on Twitter: @david959,1
Where do you ship from?,0
What are the dimensions?,0
Text me at +1-225-646-5910,1
I’m interested in this item.,0
How soon can I get it?,0
I’m interested in this item.,0
fb.com/shopper850,1
Does it come in other colors?,0
Snapchat me @ fashionista948,1
Does it come in other colors?,0
I’m interested in this item.,0
Where do you ship from?,0
Nice product!,0
Where do you ship from?,0
Nice product!,0
What are the dimensions?,0
Nice product!,0
Follow me on Twitter: @judy255,1
What’s the price?,0
Can you show more photos?,0
Where do you ship from?,0
Message me at user2237@example.com,1
Does it come in other colors?,0
Nice product!,0
Can you show more photos?,0
Do you have it in stock?,0
Here is my email: user1108@example.com,1
What’s the price?,0
What are the dimensions?,0
Can I have your email address?,1
📧 user4198@example.com,1
My Snapchat is heidi422,1
How soon can I get it?,0
I’m interested in this item.,0
Can you show more photos?,0
Do you have it in stock?,0
I’m interested in this item.,0
How soon can I get it?,0
Nice product!,0
Does it come in other colors?,0
What’s the price?,0
I’m interested in this item.,0
This looks good.,0
What are the dimensions?,0
What’s the price?,0
Where do you ship from?,0
What are the dimensions?,0
Do you have it in stock?,0
Can I have your email address?,1
I’m interested in this item.,0
What are the dimensions?,0
e v e 4 4 @ m a i l . c o m,1
Nice product!,0
Message me at user417@example.com,1
What are the dimensions?,0
What’s the price?,0
C o n t a c t :   5 6 1 5 8 9 3 2 3 2,1
Send me a DM on Facebook: facebook.com/best_pizza,1
DM me on Instagram: @heidi575,1
Where do you ship from?,0
Do you have it in stock?,0
How soon can I get it?,0
Send me a DM on Facebook: facebook.com/fashioneer,1
Add me on WhatsApp: 555-288-5055,1
I’m interested in this item.,0
Do you have it in stock?,0
This looks good.,0
How soon can I get it?,0
Where do you ship from?,0
Does it come in other colors?,0
What are the dimensions?,0
Can you show more photos?,0
Can you show more photos?,0
Does it come in other colors?,0
Can you show more photos?,0
Can you show more photos?,0
What’s the price?,0
What are the dimensions?,0
Where do you ship from?,0
What’s the price?,0
Text me at +1-359-293-7968,1
Does it come in other colors?,0
I’m interested in this item.,0
How soon can I get it?,0
Nice product!,0
Nice product!,0
Can you share your phone number so I can send you details?,1
Does it come in other colors?,0
Can you show more photos?,0
I’m interested in this item.,0
Where do you ship from?,0
Can you show more photos?,0
Hit me up on WhatsApp at 555-643-8004,1
Does it come in other colors?,0
Find me on Facebook: https://facebook.com/alice76,1
reach at t w o o o @example.com,1
This looks good.,0
Does it come in other colors?,0
Call me at 2788029799,1
This looks good.,0
What are the dimensions?,0
Does it come in other colors?,0
Where do you ship from?,0
Does it come in other colors?,0
I’m interested in this item.,0
How soon can I get it?,0
you can DM me at coolcat944 on Insta,1
Can you show more photos?,0
Does it come in other colors?,0
Where do you ship from?,0
Can you show more photos?,0
Where do you ship from?,0
What are the dimensions?,0
📱 +1-689-233-1241,1
What are the dimensions?,0
This looks good.,0
Where do you ship from?,0
telegram: t dot me slash fashionista776,1
"My contact is 555-562-9732, call me.",1
Can you show more photos?,0
I’m interested in this item.,0
I’m interested in this item.,0
Do you have it in stock?,0
Can you share your phone number so I can send you details?,1
My Snapchat is frank632,1
Contact me on Skype: bob221,1
What are the dimensions?,0
Hit me up on WhatsApp at +1-296-512-5332,1
Where do you ship from?,0
How soon can I get it?,0
DM me on Instagram @shopper99,1
Does it come in other colors?,0
Here is my email: user2371@example.com,1
I’m interested in this item.,0
Nice product!,0
Please email me at user3634@example.com,1
This looks good.,0
How soon can I get it?,0
"My contact is 555-717-6715, call me.",1
I’m interested in this item.,0
What are the dimensions?,0
reach at t w o o o @example.com,1
Do you have it in stock?,0
This looks good.,0
Message via email: bob41@test.org,1
Does it come in other colors?,0
Can you show more photos?,0
Nice product!,0
Where do you ship from?,0
Does it come in other colors?,0
Hit me up on WhatsApp at +1-269-691-9277,1
This looks good.,0
Where do you ship from?,0
How soon can I get it?,0
Nice product!,0
How soon can I get it?,0
Do you have it in stock?,0
Nice product!,0
Text me at +1-193-561-2403,1
I’m interested in this item.,0
Does it come in other colors?,0
This looks good.,0
Does it come in other colors?,0
What’s the price?,0
WhatsApp me at +1-555-672-3544,1
Reach me at +1 804 232 3979,1
Can you show more photos?,0
TikTok me at (912) 541-8481,1
What are the dimensions?,0
I’m interested in this item.,0
I’m interested in this item.,0
What are the dimensions?,0
Connect on LinkedIn (linkedin.com/in/coolguy42),1
What’s the price?,0
How soon can I get it?,0
How soon can I get it?,0
Does it come in other colors?,0
Does it come in other colors?,0
Nice product!,0
I’m interested in this item.,0
What are the dimensions?,0
This looks good.,0
I’m interested in this item.,0
C a l l   m e :   7 2 4 - 1 2 1 - 9 8 0 2,1
What’s the price?,0
I’m interested in this item.,0
What are the dimensions?,0
Nice product!,0
Here's my email: user8117@example.com,1
I’m interested in this item.,0
This looks good.,0
What are the dimensions?,0
Where do you ship from?,0
Add me on WhatsApp: 555-272-3780,1
Nice product!,0
Does it come in other colors?,0
Nice product!,0
my email id is user625@example.com,1
Connect on LinkedIn (linkedin.com/in/jane.smith),1
Does it come in other colors?,0
What are the dimensions?,0
Nice product!,0
get in touch @ user7760@example.com,1
Does it come in other colors?,0
I’m interested in this item.,0
Let's connect on LinkedIn: https://linkedin.com/in/bob88,1
What are the dimensions?,0
Do you have it in stock?,0
Can you show more photos?,0
Do you have it in stock?,0
You can reach me at +1-646-873-3846,1
I’m interested in this item.,0
Nice product!,0
How soon can I get it?,0
What are the dimensions?,0
Do you have it in stock?,0
Contact me on Skype: judy219,1
What’s the price?,0
How soon can I get it?,0
Nice product!,0
Can you show more photos?,0
How soon can I get it?,0
Ping me on Telegram: @heidi731,1
Nice product!,0
Can you show more photos?,0
What are the dimensions?,0
What are the dimensions?,0
This looks good.,0
Can you show more photos?,0
What’s the price?,0
Where do you ship from?,0
You can reach me at +1-496-407-4511,1
Where do you ship from?,0
Message me at user4980@example.com,1
This looks good.,0
Nice product!,0
What’s the price?,0
Follow me on Instagram @shopper99 and DM.,1
What are the dimensions?,0
Where do you ship from?,0
Add me on WhatsApp: 555-741-1026,1
Do you have it in stock?,0
This looks good.,0
Does it come in other colors?,0
Does it come in other colors?,0
This looks good.,0
I’m interested in this item.,0
Can you show more photos?,0
Where do you ship from?,0
Nice product!,0
message me via g m a i l at user6067@example.com,1
What are the dimensions?,0
What’s the price?,0
What’s the price?,0
What’s the price?,0
How soon can I get it?,0
Nice product!,0
Instagram me at +1 360 129 0350,1
Nice product!,0
Nice product!,0
I’m interested in this item.,0
Email me at heidi16@test.org,1
This looks good.,0
Email me at ivan34@test.org,1
This looks good.,0
Does it come in other colors?,0
How soon can I get it?,0
This looks good.,0
Do you have it in stock?,0
Do you have it in stock?,0
What’s the price?,0
Can you show more photos?,0
Where do you ship from?,0
What are the dimensions?,0
Message me at user2507@example.com,1
📧 user5668@example.com,1
I’m interested in this item.,0
Nice product!,0
Do you have it in stock?,0
Hit me up on WhatsApp at 555-507-1392,1
What are the dimensions?,0
I’m interested in this item.,0
What’s the price?,0
Reach me at +1 855 259 5336,1
Where do you ship from?,0
How soon can I get it?,0
What are the dimensions?,0
Here's my email: user8257@example.com,1
How soon can I get it?,0
reach at t w o o o @example.com,1
How soon can I get it?,0
How soon can I get it?,0
This looks good.,0
What’s the price?,0
What are the dimensions?,0
Where do you ship from?,0
This looks good.,0
my digits: +1-847-761-5449,1
DM me on Instagram: @frank545,1
Does it come in other colors?,0
Does it come in other colors?,0
I’m interested in this item.,0
Can you show more photos?,0
Do you have it in stock?,0
You can reach me at +1-311-969-6524,1
How soon can I get it?,0
How soon can I get it?,0
What’s the price?,0
What are the dimensions?,0
Do you have it in stock?,0
What’s the price?,0
Can you show more photos?,0
WhatsApp me at +1-555-271-9948,1
What’s the price?,0
📱 +1-732-270-7188,1
What are the dimensions?,0
What are the dimensions?,0
Reach out on WhatsApp at +1-640-583-4242,1
Nice product!,0
Does it come in other colors?,0
Nice product!,0
I’m interested in this item.,0
Call me at (437) 999-0211,1
Where do you ship from?,0
Can you show more photos?,0
Do you have it in stock?,0
Does it come in other colors?,0
This looks good.,0
Do you have it in stock?,0
What’s the price?,0
I’m interested in this item.,0
Do you have it in stock?,0
get in touch @ user698@example.com,1
my digits: +1-328-124-7993,1
Follow me on Instagram @shopper99 and DM.,1
Do you have it in stock?,0
What are the dimensions?,0
Can you show more photos?,0
📧 user7504@example.com,1
This looks good.,0
This looks good.,0
What are the dimensions?,0
Do you have it in stock?,0
Nice product!,0
Nice product!,0
This looks good.,0
I’m interested in this item.,0
Let's connect on LinkedIn: https://linkedin.com/in/heidi412,1
This looks good.,0
How soon can I get it?,0
How soon can I get it?,0
This looks good.,0
Does it come in other colors?,0
c o n t a c t : +1-739-273-9229,1
This looks good.,0
This looks good.,0
Do you have it in stock?,0
Where do you ship from?,0
How soon can I get it?,0
Does it come in other colors?,0
you can DM me at devguy714 on Insta,1
Nice product!,0
What are the dimensions?,0
Email me at user8907@example.com,1
This looks good.,0
Does it come in other colors?,0
c o n t a c t : +1-827-113-4190,1
What’s the price?,0
Do you have it in stock?,0
You can reach me at +1-611-484-1958,1
Does it come in other colors?,0
Text me at +1 271 524 1966,1
This looks good.,0
get in touch @ user9270@example.com,1
What are the dimensions?,0
Where do you ship from?,0
wanna chat? +1-230-210-4256,1
Can you show more photos?,0
I’m interested in this item.,0
Where do you ship from?,0
Do you have it in stock?,0
Nice product!,0
e m a i l m e @ user4382@example.com,1
How soon can I get it?,0
How soon can I get it?,0
Nice product!,0
Hit me up on WhatsApp at 555-655-7240,1
I’m interested in this item.,0
This looks good.,0
Where do you ship from?,0
Can you show more photos?,0
I’m interested in this item.,0
Where do you ship from?,0
Where do you ship from?,0
Can you show more photos?,0
Send me a DM on Facebook: facebook.com/tech_lead,1
This looks good.,0
Can you show more photos?,0
How soon can I get it?,0
Where do you ship from?,0
What are the dimensions?,0
I’m interested in this item.,0
This looks good.,0
Does it come in other colors?,0
This looks good.,0
Let's connect on LinkedIn: linkedin.com/in/john_doe,1
Nice product!,0
What’s the price?,0
Do you have it in stock?,0
Nice product!,0
Message via email: heidi76@example.com,1
What’s the price?,0
Nice product!,0
Where do you ship from?,0
How soon can I get it?,0
This looks good.,0
I’m interested in this item.,0
How soon can I get it?,0
Call me at 7523262625,1
My number is 676-964-0141,1
I’m interested in this item.,0
Do you have it in stock?,0
Nice product!,0
This looks good.,0
How soon can I get it?,0
Nice product!,0
Text me at +1-870-344-3916,1
Do you have it in stock?,0
I’m interested in this item.,0
e m a i l m e @ user334@example.com,1
Can you share your phone number so I can send you details?,1
What’s the price?,0
Nice product!,0
This looks good.,0
My TikTok: @ivan771,1
Let's connect on LinkedIn: https://linkedin.com/in/heidi429,1
Nice product!,0
Nice product!,0
Nice product!,0
I’m interested in this item.,0
my digits: +1-436-156-9372,1
Connect on LinkedIn (linkedin.com/in/jane.smith),1
Nice product!,0
I’m interested in this item.,0
What are the dimensions?,0
What’s the price?,0
How soon can I get it?,0
📧 user117@example.com,1
What’s the price?,0
This looks good.,0
What’s the price?,0
Does it come in other colors?,0
What are the dimensions?,0
Does it come in other colors?,0
fb.com/devguy711,1
Do you have it in stock?,0
Can you show more photos?,0
How soon can I get it?,0
Find me on Facebook: https://facebook.com/heidi155,1
Nice product!,0
How soon can I get it?,0
Reach me at +1 659 231 0171,1
Can you show more photos?,0
Text me at (135) 229-2640,1
C a l l   m e :   3 5 7 3 0 3 1 0 7 8,1
What’s the price?,0
What’s the price?,0
Where do you ship from?,0
Does it come in other colors?,0
Does it come in other colors?,0
Text me at 929-806-8449,1
Can you show more photos?,0
Does it come in other colors?,0
Do you have it in stock?,0
"Email is user7458@example.com, reach out anytime.",1
Contact me on Skype: ivan407,1
Contact me on Skype: ivan39,1
This looks good.,0
How soon can I get it?,0
Hit me up on WhatsApp at 555-247-3389,1
Let's connect on LinkedIn: https://linkedin.com/in/grace372,1
How soon can I get it?,0
Do you have it in stock?,0
Where do you ship from?,0
"Email is user5358@example.com, reach out anytime.",1
What’s the price?,0
Do you have it in stock?,0
I’m interested in this item.,0
Nice product!,0
Can you show more photos?,0
Where do you ship from?,0
Nice product!,0
This looks good.,0
Where do you ship from?,0
What’s the price?,0
What are the dimensions?,0
This looks good.,0
Where do you ship from?,0
Add me on Facebook (facebook.com/best_pizza),1
Mail me: eve60@email.net,1
How soon can I get it?,0
My number is (852) 478-9214,1
Can you show more photos?,0
Where do you ship from?,0
Contact me via Telegram: @shop_owner,1
Where do you ship from?,0
Can you show more photos?,0
Can you show more photos?,0
Does it come in other colors?,0
Does it come in other colors?,0
Let's connect on LinkedIn: https://linkedin.com/in/bob391,1
Here is my email: user4690@example.com,1
I’m interested in this item.,0
Can you show more photos?,0
hmu @ shopper650,1
Do you have it in stock?,0
Follow me on Twitter: @eve363,1
DM me on Facebook: facebook.com/coolcat86,1
How soon can I get it?,0
Does it come in other colors?,0
Can you show more photos?,0
wanna chat? +1-742-489-2030,1
Where do you ship from?,0
What are the dimensions?,0
I’m interested in this item.,0
Find me on Facebook: https://facebook.com/charlie311,1
Nice product!,0
How soon can I get it?,0
Can you show more photos?,0
Nice product!,0
Does it come in other colors?,0
Hit me up on WhatsApp at 555-306-3106,1
Where do you ship from?,0
Can you show more photos?,0
What’s the price?,0
C o n t a c t :   + 1   0 0 4   4 6 1   3 1 2 3,1
Can you show more photos?,0
Do you have it in stock?,0
What are the dimensions?,0
snap me at s-n-a-p coolcat465,1
Call me at (689) 084-5613,1
I’m interested in this item.,0
Where do you ship from?,0
This looks good.,0
I’m interested in this item.,0
This looks good.,0
Mail me: judy41@mail.com,1
Where do you ship from?,0
How soon can I get it?,0
Do you have it in stock?,0
Mail me: alice78@example.com,1
Do you have it in stock?,0
Does it come in other colors?,0
wanna chat? +1-635-424-4717,1
How soon can I get it?,0
This looks good.,0
Does it come in other colors?,0
Does it come in other colors?,0
Do you have it in stock?,0
I’m interested in this item.,0
Contact me on Skype: frank316,1
Does it come in other colors?,0
Follow me on Instagram @jane.smith and DM.,1
This looks good.,0
How soon can I get it?,0
What’s the price?,0
Nice product!,0
Do you have it in stock?,0
Where do you ship from?,0
What’s the price?,0
My Snapchat is david121,1
I’m interested in this item.,0
Text me at 555-774-6096 for more info.,1
Where do you ship from?,0
Skype me at 743-300-4887,1
Can you show more photos?,0
Can you show more photos?,0
What are the dimensions?,0
Does it come in other colors?,0
Nice product!,0
This looks good.,0
I’m interested in this item.,0
You can reach me at 555-868-9294,1
What’s the price?,0
What’s the price?,0
My TikTok: @heidi772,1
Follow me on Instagram @john_doe and DM.,1
f r a n k 5 0 @ t e s t . o r g,1
What are the dimensions?,0
What are the dimensions?,0
How soon can I get it?,0
Do you have it in stock?,0
Message me at user4723@example.com,1
Where do you ship from?,0
What are the dimensions?,0
Nice product!,0
Nice product!,0
Nice product!,0
Nice product!,0
I’m interested in this item.,0
This looks good.,0
Where do you ship from?,0
Do you have it in stock?,0
What’s the price?,0
📧 user3511@example.com,1
message me via g m a i l at user1094@example.com,1
WhatsApp me at +1-555-968-8775,1
Can you show more photos?,0
Does it come in other colors?,0
Does it come in other colors?,0
Where do you ship from?,0
What are the dimensions?,0
Nice product!,0
What’s the price?,0
I’m interested in this item.,0
WhatsApp me at +1-555-348-1173,1
What’s the price?,0
Where do you ship from?,0
I’m interested in this item.,0
Can you show more photos?,0
This looks good.,0
snap me at s-n-a-p coolcat740,1
Can you show more photos?,0
Where do you ship from?,0
Let's connect on LinkedIn: https://linkedin.com/in/heidi581,1
I’m interested in this item.,0
My Snapchat is eve320,1
Nice product!,0
Nice product!,0
How soon can I get it?,0
What are the dimensions?,0
Does it come in other colors?,0
What’s the price?,0
Nice product!,0
Do you have it in stock?,0
Can I have your email address?,1
How soon can I get it?,0
Does it come in other colors?,0
e m a i l m e @ user8568@example.com,1
I’m interested in this item.,0
I’m interested in this item.,0
Where do you ship from?,0
What’s the price?,0
Do you have it in stock?,0
Text me at +1-187-787-1963,1
How soon can I get it?,0
How soon can I get it?,0
What are the dimensions?,0
Does it come in other colors?,0
Do you have it in stock?,0
How soon can I get it?,0
Email me at frank77@mail.com,1
What’s the price?,0
What are the dimensions?,0
What’s the price?,0
I’m interested in this item.,0
Do you have it in stock?,0
Where do you ship from?,0
Message me on Signal: +1 359 383 7360,1
My TikTok: @eve660,1
This looks good.,0
My Snapchat is eve848,1
This looks good.,0
Please email me at user4149@example.com,1
Can you show more photos?,0
Can you show more photos?,0
How soon can I get it?,0
Can you show more photos?,0
This looks good.,0
How soon can I get it?,0
Can you show more photos?,0
Does it come in other colors?,0
What’s the price?,0
What are the dimensions?,0
Nice product!,0
How soon can I get it?,0
Nice product!,0
I’m interested in this item.,0
This looks good.,0
find me at user4246@example.com 😉,1
Can you show more photos?,0
Where do you ship from?,0
This looks good.,0
Does it come in other colors?,0
WhatsApp me at +1-555-833-9943,1
Nice product!,0
Nice product!,0
Can you show more photos?,0
This looks good.,0
I’m interested in this item.,0
LinkedIn me at +1 369 018 1841,1
What are the dimensions?,0
📱 +1-258-350-1384,1
What are the dimensions?,0
Does it come in other colors?,0
Where do you ship from?,0
Nice product!,0
What’s the price?,0
DM me on Facebook: facebook.com/fashionista207,1
Can you show more photos?,0
Does it come in other colors?,0
fb.com/fashionista799,1
Nice product!,0
telegram: t dot me slash fashionista216,1
Where do you ship from?,0
What are the dimensions?,0
Does it come in other colors?,0
Can you show more photos?,0
This looks good.,0
Do you have it in stock?,0
I’m interested in this item.,0
Hit me up on WhatsApp at +1-704-698-2122,1
I’m interested in this item.,0
How soon can I get it?,0
Connect on LinkedIn (linkedin.com/in/designer123),1
How soon can I get it?,0
find me at user4663@example.com 😉,1
Send me a DM on Facebook: facebook.com/fashioneer,1
Can you show more photos?,0
Can you show more photos?,0
Can you show more photos?,0
Where do you ship from?,0
Nice product!,0
What are the dimensions?,0
Do you have it in stock?,0
c   o   n   t   a   c   t   m   e   7 8 0 - 6 0 0 - 3 2 0 8,1
How soon can I get it?,0
fb.com/devguy183,1
Find me on Facebook: https://facebook.com/judy850,1
Do you have it in stock?,0
Can you show more photos?,0
get in touch @ user6668@example.com,1
Connect on LinkedIn (linkedin.com/in/jane.smith),1
Message me on Snapchat: tech_lead,1
I’m interested in this item.,0
DM me on Facebook: facebook.com/shopper884,1
What are the dimensions?,0
This looks good.,0
This looks good.,0
Where do you ship from?,0
Contact: +1-704-242-2877,1
Can you show more photos?,0
Do you have it in stock?,0
get in touch @ user5209@example.com,1
I’m interested in this item.,0
my digits: +1-376-998-2665,1
What are the dimensions?,0
Message me at user1465@example.com,1
What are the dimensions?,0
Where do you ship from?,0
Does it come in other colors?,0
Where do you ship from?,0
This looks good.,0
Nice product!,0
Snapchat me @ devguy921,1
I’m interested in this item.,0
c o n t a c t : +1-628-525-8180,1
I’m interested in this item.,0
Where do you ship from?,0
Text me at 555-295-1541 for more info.,1
What’s the price?,0
This looks good.,0
Do you have it in stock?,0
What are the dimensions?,0
Can you show more photos?,0
Where do you ship from?,0
Nice product!,0
Does it come in other colors?,0
What’s the price?,0
Add me on WhatsApp: 5858298297,1
What’s the price?,0
Do you have it in stock?,0
Can you show more photos?,0
Where do you ship from?,0
This looks good.,0
What’s the price?,0
Nice product!,0
Does it come in other colors?,0
What’s the price?,0
Where do you ship from?,0
fb.com/devguy1,1
Where do you ship from?,0
Can you show more photos?,0
Do you have it in stock?,0
How soon can I get it?,0
Do you have it in stock?,0
What are the dimensions?,0
Does it come in other colors?,0
Contact: +1-893-458-2153,1
Where do you ship from?,0
Does it come in other colors?,0
What’s the price?,0
How soon can I get it?,0
Can you show more photos?,0
What’s the price?,0
What’s the price?,0
Where do you ship from?,0
Connect on LinkedIn (linkedin.com/in/tech_lead),1
Mail me: david49@mail.com,1
What’s the price?,0
Email me at bob66@mail.com,1
Can you show more photos?,0
Do you have it in stock?,0
Can you show more photos?,0
I’m interested in this item.,0
Does it come in other colors?,0
telegram: t dot me slash coolcat913,1
What are the dimensions?,0
What’s the price?,0
Let's connect on LinkedIn: https://linkedin.com/in/grace933,1
This looks good.,0
I’m interested in this item.,0
What’s the price?,0
What’s the price?,0
Where do you ship from?,0
What are the dimensions?,0
What are the dimensions?,0
I’m interested in this item.,0
Contact via email: alice16@test.org,1
Does it come in other colors?,0
How soon can I get it?,0
Let's connect on LinkedIn: linkedin.com/in/shopper99,1
Nice product!,0
Do you have it in stock?,0
What’s the price?,0
wanna chat? +1-812-319-9248,1
This looks good.,0
This looks good.,0
Does it come in other colors?,0
Connect on LinkedIn (linkedin.com/in/shopper499),1
What’s the price?,0
Nice product!,0
What are the dimensions?,0
Where do you ship from?,0
Nice product!,0
This looks good.,0
Follow me on Instagram @coolguy42 and DM.,1
This looks good.,0
Can you show more photos?,0
What are the dimensions?,0
What’s the price?,0
Here is my email: user4516@example.com,1
Add me on WhatsApp: 555-500-5803,1
Do you have it in stock?,0
Reach out on WhatsApp at +1-969-944-8676,1
Can you show more photos?,0
How soon can I get it?,0
I’m interested in this item.,0
Do you have it in stock?,0
Does it come in other colors?,0
Where do you ship from?,0
Do you have it in stock?,0
my email id is user75@example.com,1
What’s the price?,0
reach at t w o o o @example.com,1
What are the dimensions?,0
I’m interested in this item.,0
Here is my email: user1060@example.com,1
How soon can I get it?,0
Does it come in other colors?,0
Does it come in other colors?,0
Where do you ship from?,0
I’m interested in this item.,0
This looks good.,0
c   o   n   t   a   c   t   m   e   ( 3 4 4 )   8 8 0 - 7 3 9 3,1
Contact via email: heidi42@example.com,1
What’s the price?,0
What’s the price?,0
What’s the price?,0
wanna chat? +1-551-459-1194,1
Mail me: ivan61@email.net,1
This looks good.,0
I’m interested in this item.,0
How soon can I get it?,0
I’m interested in this item.,0
Nice product!,0
Can you show more photos?,0
I’m interested in this item.,0
How soon can I get it?,0
my digits: +1-491-223-6873,1
Can you show more photos?,0
I’m interested in this item.,0
Nice product!,0
Does it come in other colors?,0
Follow me on Instagram @jane.smith and DM.,1
Does it come in other colors?,0
How soon can I get it?,0
hmu @ coolcat31,1
Does it come in other colors?,0
Can you share your phone number so I can send you details?,1
What’s the price?,0
WhatsApp me at +1-555-948-4820,1
Do you have it in stock?,0
Nice product!,0
wanna chat? +1-381-984-8065,1
I’m interested in this item.,0
I’m interested in this item.,0
DM me on Instagram: @charlie590,1
Nice product!,0
C o n t a c t :   5 9 4 - 0 2 5 - 3 5 6 0,1
What are the dimensions?,0
Let's connect on LinkedIn: linkedin.com/in/john_doe,1
Contact via email: heidi66@test.org,1
Ping me on Telegram: @eve754,1
How soon can I get it?,0
Where do you ship from?,0
Connect on LinkedIn (linkedin.com/in/coolguy42),1
Can you show more photos?,0
Nice product!,0
Add me on Facebook (facebook.com/john_doe),1
How soon can I get it?,0
Can you show more photos?,0
I’m interested in this item.,0
What’s the price?,0
What are the dimensions?,0
Do you have it in stock?,0
Nice product!,0
e v e 8 7 @ e m a i l . n e t,1
Does it come in other colors?,0
Contact me on Skype: charlie600,1
How soon can I get it?,0
This looks good.,0
Add me on WhatsApp: 555-191-5343,1
Where do you ship from?,0
Let's connect on LinkedIn: linkedin.com/in/best_pizza,1
Can you share your phone number so I can send you details?,1
Does it come in other colors?,0
Can you show more photos?,0
message me via g m a i l at user5779@example.com,1
Can you show more photos?,0
Contact me on Skype: charlie698,1
Follow me on Twitter: @eve361,1
I’m interested in this item.,0
What are the dimensions?,0
Does it come in other colors?,0
I’m interested in this item.,0
Where do you ship from?,0
Let's connect on LinkedIn: https://linkedin.com/in/ivan194,1
How soon can I get it?,0
What’s the price?,0
Message via email: alice20@mail.com,1
This looks good.,0
Add me on WhatsApp: 555-916-7058,1
This looks good.,0
How soon can I get it?,0
Can you show more photos?,0
What are the dimensions?,0
Where do you ship from?,0
What’s the price?,0
Can you show more photos?,0
📱 +1-446-369-8886,1
Does it come in other colors?,0
What’s the price?,0
How soon can I get it?,0
Nice product!,0
Does it come in other colors?,0
Can you show more photos?,0
my email id is user7537@example.com,1
📱 +1-158-687-3071,1
Can you show more photos?,0
What’s the price?,0
Where do you ship from?,0
Hit me up on WhatsApp at 555-232-7109,1
Can you show more photos?,0
This looks good.,0
This looks good.,0
Where do you ship from?,0
Can you show more photos?,0
my email id is user5105@example.com,1
I’m interested in this item.,0
Can you show more photos?,0
I’m interested in this item.,0
Where do you ship from?,0
I’m interested in this item.,0
What’s the price?,0
I’m interested in this item.,0
Can you show more photos?,0
Contact me on Skype: grace513,1
Does it come in other colors?,0
This looks good.,0
Nice product!,0
How soon can I get it?,0
How soon can I get it?,0
Do you have it in stock?,0
Does it come in other colors?,0
Where do you ship from?,0
Add me on WhatsApp: 555-213-5105,1
Where do you ship from?,0
How soon can I get it?,0
"My contact is 555-338-6715, call me.",1
Do you have it in stock?,0
Can you show more photos?,0
Does it come in other colors?,0
This looks good.,0
Where do you ship from?,0
Can you show more photos?,0
What are the dimensions?,0
Snapchat me @ fashionista449,1
I’m interested in this item.,0
Do you have it in stock?,0
What are the dimensions?,0
Do you have it in stock?,0
This looks good.,0
Hit me up on WhatsApp at +1-829-228-8239,1
Nice product!,0
Does it come in other colors?,0
What’s the price?,0
Nice product!,0
I’m interested in this item.,0
Email me at alice4@test.org,1
Nice product!,0
This looks good.,0
Nice product!,0
What’s the price?,0
Does it come in other colors?,0
Can you show more photos?,0
Add me on WhatsApp: 555-229-9153,1
Do you have it in stock?,0
Nice product!,0
Can you show more photos?,0
Can you show more photos?,0
This looks good.,0
This looks good.,0
This looks good.,0
What are the dimensions?,0
This looks good.,0
Hit me up on WhatsApp at 555-611-7609,1
Do you have it in stock?,0
Do you have it in stock?,0
What are the dimensions?,0
DM me on Instagram @fashioneer,1
Does it come in other colors?,0
Does it come in other colors?,0
What’s the price?,0
Nice product!,0
Can you show more photos?,0
What are the dimensions?,0
What’s the price?,0
Where do you ship from?,0
Follow me on Twitter: @eve108,1
Here is my email: user9613@example.com,1
Can you show more photos?,0
How soon can I get it?,0
message me via g m a i l at user6649@example.com,1
Follow me on Instagram @fashioneer and DM.,1
I’m interested in this item.,0
Here's my email: user2678@example.com,1
This looks good.,0
Where do you ship from?,0
Where do you ship from?,0
You can reach me at +1-597-228-5856,1
This looks good.,0
This looks good.,0
I’m interested in this item.,0
Does it come in other colors?,0
Do you have it in stock?,0
Contact: +1-390-262-8251,1
Can you show more photos?,0
This looks good.,0
Nice product!,0
Nice product!,0
What are the dimensions?,0
Can you share your phone number so I can send you details?,1
This looks good.,0
What’s the price?,0
Can you show more photos?,0
This looks good.,0
Can you show more photos?,0
Do you have it in stock?,0
you can DM me at fashionista626 on Insta,1
Add me on Facebook (facebook.com/fashioneer),1
Where do you ship from?,0
How soon can I get it?,0
This looks good.,0
Does it come in other colors?,0
Nice product!,0
This looks good.,0
Nice product!,0
"Email is user3113@example.com, reach out anytime.",1
Do you have it in stock?,0
This looks good.,0
📧 user8245@example.com,1
Do you have it in stock?,0
Message via email: frank95@example.com,1
I’m interested in this item.,0
What are the dimensions?,0
What are the dimensions?,0
Does it come in other colors?,0
Where do you ship from?,0
"Email is user4471@example.com, reach out anytime.",1
What’s the price?,0
Do you have it in stock?,0
What’s the price?,0
I’m interested in this item.,0
Reach out on WhatsApp at +1-168-107-9333,1
Where do you ship from?,0
Call me at 419-893-1021,1
C a l l   m e :   2 6 5 - 7 5 0 - 6 6 8 7,1
Do you have it in stock?,0
Can you show more photos?,0
What are the dimensions?,0
DM me on Instagram @designer123,1
WhatsApp me at +1-555-407-5287,1
Message via email: ivan64@test.org,1
Nice product!,0
Where do you ship from?,0
What are the dimensions?,0
Where do you ship from?,0
📧 user5382@example.com,1
Do you have it in stock?,0
Do you have it in stock?,0
Do you have it in stock?,0
Contact: +1-503-982-8223,1
find me at user3538@example.com 😉,1
Can you show more photos?,0
Does it come in other colors?,0
Where do you ship from?,0
How soon can I get it?,0
Can you show more photos?,0
What are the dimensions?,0
t e l : +1-173-557-4725,1
What are the dimensions?,0
Can you show more photos?,0
Where do you ship from?,0
This looks good.,0
This looks good.,0
Nice product!,0
I’m interested in this item.,0
"Email is user2984@example.com, reach out anytime.",1
Do you have it in stock?,0
This looks good.,0
Nice product!,0
Find me on Facebook: https://facebook.com/bob107,1
Can you show more photos?,0
Nice product!,0
Text me at +1-759-847-2588,1
Find me on Facebook: https://facebook.com/judy188,1
This looks good.,0
I’m interested in this item.,0
snap me at s-n-a-p coolcat58,1
Do you have it in stock?,0
Nice product!,0
Does it come in other colors?,0
What are the dimensions?,0
Message me on Signal: +1 709 504 8909,1
Let's connect on LinkedIn: https://linkedin.com/in/david405,1
snap me at s-n-a-p fashionista3,1
How soon can I get it?,0
What are the dimensions?,0
What’s the price?,0
"My contact is 555-180-2871, call me.",1
What are the dimensions?,0
Nice product!,0
Does it come in other colors?,0
Does it come in other colors?,0
You can reach me at +1-114-968-4354,1
Do you have it in stock?,0
Add me on WhatsApp: 555-660-7770,1
Does it come in other colors?,0
I’m interested in this item.,0
This looks good.,0
Contact me on Skype: judy114,1
Do you have it in stock?,0
What are the dimensions?,0
Can you show more photos?,0
Do you have it in stock?,0
Where do you ship from?,0
My WeChat ID is tech_lead,1
Nice product!,0
Can you show more photos?,0
Where do you ship from?,0
What are the dimensions?,0
This looks good.,0
Does it come in other colors?,0
What are the dimensions?,0
Follow me on Instagram @fashionguru and DM.,1
Ping me on Telegram: @frank309,1
c   o   n   t   a   c   t   m   e   9 1 6 3 6 1 2 5 6 1,1
reach at t w o o o @example.com,1
This looks good.,0
What’s the price?,0
Where do you ship from?,0
How soon can I get it?,0
Nice product!,0
Message via email: alice24@email.net,1
You can reach me at +1-973-864-2135,1
I’m interested in this item.,0
How soon can I get it?,0
Where do you ship from?,0
Where do you ship from?,0
This looks good.,0
Add me on WhatsApp: 9353869152,1
Do you have it in stock?,0
Reach me at +1 215 745 7874,1
Message via email: heidi99@mail.com,1
Find me on Facebook: https://facebook.com/charlie426,1
DM me on Facebook: facebook.com/devguy647,1
Nice product!,0
Do you have it in stock?,0
Can you show more photos?,0
What’s the price?,0
What are the dimensions?,0
Nice product!,0
Do you have it in stock?,0
Does it come in other colors?,0
This looks good.,0
What are the dimensions?,0
Does it come in other colors?,0
c o n t a c t : +1-253-747-7559,1
What are the dimensions?,0
message me via g m a i l at user3700@example.com,1
Where do you ship from?,0
e m a i l m e @ user6059@example.com,1
How soon can I get it?,0
This looks good.,0
Do you have it in stock?,0
How soon can I get it?,0
Nice product!,0
What’s the price?,0
Email me at alice96@mail.com,1
Can you show more photos?,0
Reach me at +1 863 478 6131,1
Does it come in other colors?,0
wanna chat? +1-133-699-6730,1
My number is (576) 787-9732,1
Does it come in other colors?,0
DM me on Instagram @jane.smith,1
Text me at 2261543989,1
Email me at david18@mail.com,1
Follow me on Instagram @tech_lead and DM.,1
Nice product!,0
What’s the price?,0
Message me on Snapchat: fashionguru,1
Does it come in other colors?,0
How soon can I get it?,0
telegram: t dot me slash devguy920,1
Does it come in other colors?,0
This looks good.,0
Does it come in other colors?,0
What are the dimensions?,0
This looks good.,0
Does it come in other colors?,0
How soon can I get it?,0
Does it come in other colors?,0
Nice product!,0
Does it come in other colors?,0
Do you have it in stock?,0
What are the dimensions?,0
How soon can I get it?,0
How soon can I get it?,0
What’s the price?,0
Follow me on Twitter: @eve488,1
What’s the price?,0
Do you have it in stock?,0
Message via email: alice23@test.org,1
What are the dimensions?,0
How soon can I get it?,0
Does it come in other colors?,0
Can you show more photos?,0
Does it come in other colors?,0
Where do you ship from?,0
What’s the price?,0
This looks good.,0
e m a i l m e @ user8658@example.com,1
I’m interested in this item.,0
This looks good.,0
Message via email: heidi14@mail.com,1
Do you have it in stock?,0
Do you have it in stock?,0
How soon can I get it?,0
Nice product!,0
Where do you ship from?,0
Message me on Signal: 1286145580,1
What are the dimensions?,0
Does it come in other colors?,0
What’s the price?,0
This looks good.,0
How soon can I get it?,0
What are the dimensions?,0
What are the dimensions?,0
Text me at 555-903-8840 for more info.,1
Can you show more photos?,0
Where do you ship from?,0
This looks good.,0
I’m interested in this item.,0
This looks good.,0
This looks good.,0
I’m interested in this item.,0
DM me on Facebook: facebook.com/fashionista308,1
How soon can I get it?,0
What’s the price?,0
What’s the price?,0
I’m interested in this item.,0
Add me on WhatsApp: +1 932 002 1403,1
How soon can I get it?,0
Nice product!,0
What are the dimensions?,0
What’s the price?,0
I’m interested in this item.,0
Does it come in other colors?,0
Contact me on Skype: grace638,1
my email id is user4470@example.com,1
Nice product!,0
This looks good.,0
Can you show more photos?,0
What are the dimensions?,0
Do you have it in stock?,0
Does it come in other colors?,0
Does it come in other colors?,0
Follow me on Instagram @fashionguru and DM.,1
Where do you ship from?,0
DM me on Instagram @fashioneer,1
What are the dimensions?,0
Where do you ship from?,0
Nice product!,0
wanna chat? +1-958-688-6405,1
How soon can I get it?,0
Can you show more photos?,0
Signal me at 512-974-6206,1
Let's connect on LinkedIn: https://linkedin.com/in/frank887,1
Add me on WhatsApp: 461-294-9052,1
Snapchat me @ coolcat217,1
Do you have it in stock?,0
Does it come in other colors?,0
How soon can I get it?,0
You can reach me at 555-815-9021,1
Where do you ship from?,0
Can you show more photos?,0
Where do you ship from?,0
Can I have your email address?,1
Nice product!,0
This looks good.,0
What are the dimensions?,0
TikTok me at (069) 106-1523,1
Reach out on WhatsApp at +1-822-357-3223,1
This looks good.,0
Does it come in other colors?,0
How soon can I get it?,0
"Email is user3941@example.com, reach out anytime.",1
Nice product!,0
Nice product!,0
Contact via email: david53@test.org,1
Does it come in other colors?,0
How soon can I get it?,0
Can you show more photos?,0
Does it come in other colors?,0
Can you show more photos?,0
This looks good.,0
Nice product!,0
Snapchat me @ coolcat931,1
Follow me on Twitter: @ivan549,1
Where do you ship from?,0
How soon can I get it?,0
I’m interested in this item.,0
What’s the price?,0
What are the dimensions?,0
Can you show more photos?,0
Does it come in other colors?,0
Does it come in other colors?,0
This looks good.,0
Nice product!,0
Where do you ship from?,0
How soon can I get it?,0
Do you have it in stock?,0
Do you have it in stock?,0
Nice product!,0
What’s the price?,0
How soon can I get it?,0
Instagram me at 820-320-2748,1
DM me on Instagram @fashionguru,1
You can reach me at 555-658-5387,1
Add me on WhatsApp: 555-859-1106,1
I’m interested in this item.,0
Where do you ship from?,0
I’m interested in this item.,0
What’s the price?,0
Where do you ship from?,0
How soon can I get it?,0
Nice product!,0
Nice product!,0
How soon can I get it?,0
Where do you ship from?,0
c h a r l i e 2 7 @ e x a m p l e . c o m,1
This looks good.,0
What are the dimensions?,0
📱 +1-526-145-1192,1
Find me on Facebook: https://facebook.com/alice930,1
What’s the price?,0
What are the dimensions?,0
This looks good.,0
This looks good.,0
What’s the price?,0
you can DM me at fashionista16 on Insta,1
How soon can I get it?,0
Can you show more photos?,0
Nice product!,0
I’m interested in this item.,0
I’m interested in this item.,0
Does it come in other colors?,0
Nice product!,0
Can I have your email address?,1
How soon can I get it?,0
Nice product!,0
My WeChat ID is shopper99,1
I’m interested in this item.,0
What are the dimensions?,0
Can you show more photos?,0
This looks good.,0
snap me at s-n-a-p fashionista838,1
Text me at 3665166757,1
Send me a DM on Facebook: facebook.com/designer123,1
Please email me at user6987@example.com,1
Can you show more photos?,0
Can you show more photos?,0
This looks good.,0
Where do you ship from?,0
Add me on WhatsApp: 555-818-2350,1
Where do you ship from?,0
telegram: t dot me slash devguy22,1
Can you show more photos?,0
How soon can I get it?,0
Where do you ship from?,0
What are the dimensions?,0
How soon can I get it?,0
What’s the price?,0
What’s the price?,0
Can you show more photos?,0
What are the dimensions?,0
Connect on LinkedIn (linkedin.com/in/shop_owner),1
Nice product!,0
What are the dimensions?,0
Contact: +1-354-130-8446,1
Where do you ship from?,0
What’s the price?,0
Nice product!,0
Send me a DM on Facebook: facebook.com/tech_lead,1
Can you show more photos?,0
I’m interested in this item.,0
What are the dimensions?,0
This looks good.,0
DM me on Instagram: @david56,1
Connect on LinkedIn (linkedin.com/in/coolcat476),1
Do you have it in stock?,0
Add me on Facebook (facebook.com/shop_owner),1
Do you have it in stock?,0
Where do you ship from?,0
What’s the price?,0
What’s the price?,0
What’s the price?,0
Nice product!,0
Where do you ship from?,0
TikTok me at +1 610 434 9409,1
What are the dimensions?,0
What are the dimensions?,0
This looks good.,0
Where do you ship from?,0
Can you show more photos?,0
Connect on LinkedIn (linkedin.com/in/fashioneer),1
I’m interested in this item.,0
Where do you ship from?,0
This looks good.,0
i v a n 1 @ t e s t . o r g,1
Nice product!,0
Let's connect on LinkedIn: linkedin.com/in/john_doe,1
Can you show more photos?,0
Where do you ship from?,0
message me via g m a i l at user2264@example.com,1
Do you have it in stock?,0
Do you have it in stock?,0
Do you have it in stock?,0
Where do you ship from?,0
What are the dimensions?,0
What are the dimensions?,0
Can you show more photos?,0
Does it come in other colors?,0
Nice product!,0
📧 user4438@example.com,1
Nice product!,0
Does it come in other colors?,0
I’m interested in this item.,0
Do you have it in stock?,0
Nice product!,0
I’m interested in this item.,0
Contact: +1-395-543-4914,1
My WeChat ID is shop_owner,1
Let's connect on LinkedIn: https://linkedin.com/in/charlie385,1
Add me on Facebook (facebook.com/coolguy42),1
Where do you ship from?,0
Do you have it in stock?,0
How soon can I get it?,0
Let's connect on LinkedIn: linkedin.com/in/shop_owner,1
This looks good.,0
Do you have it in stock?,0
Find me on Facebook: https://facebook.com/judy158,1
Add me on WhatsApp: 555-483-8760,1
My TikTok: @alice511,1
Does it come in other colors?,0
I’m interested in this item.,0
I’m interested in this item.,0
What’s the price?,0
Email me at heidi86@example.com,1
This looks good.,0
I’m interested in this item.,0
What are the dimensions?,0
How soon can I get it?,0
How soon can I get it?,0
Can you show more photos?,0
What’s the price?,0
I’m interested in this item.,0
What are the dimensions?,0
Add me on WhatsApp: 555-789-5300,1
DM me on Instagram: @david313,1
Where do you ship from?,0
Nice product!,0
Do you have it in stock?,0
you can DM me at devguy976 on Insta,1
hmu @ shopper405,1
How soon can I get it?,0
This looks good.,0
Do you have it in stock?,0
Does it come in other colors?,0
Do you have it in stock?,0
What are the dimensions?,0
Do you have it in stock?,0
Does it come in other colors?,0
What’s the price?,0
What are the dimensions?,0
Find me on Facebook: https://facebook.com/david771,1
I’m interested in this item.,0
Does it come in other colors?,0
This looks good.,0
What are the dimensions?,0
"Email is user6661@example.com, reach out anytime.",1
Nice product!,0
What’s the price?,0
Where do you ship from?,0
Nice product!,0
message me via g m a i l at user8616@example.com,1
How soon can I get it?,0
Nice product!,0
I’m interested in this item.,0
Nice product!,0
C a l l   m e :   + 1   3 2 8   6 8 5   8 5 2 7,1
How soon can I get it?,0
Add me on Facebook (facebook.com/fashionguru),1
Where do you ship from?,0
This looks good.,0
What are the dimensions?,0
What are the dimensions?,0
Message me on Signal: 5258717072,1
Email me at user5221@example.com,1
Do you have it in stock?,0
Nice product!,0
Add me on Facebook (facebook.com/john_doe),1
Do you have it in stock?,0
What are the dimensions?,0
I’m interested in this item.,0
Mail me: david84@test.org,1
How soon can I get it?,0
How soon can I get it?,0
Email me at frank12@mail.com,1
c o n t a c t : +1-143-189-8135,1
What are the dimensions?,0
Can you show more photos?,0
Nice product!,0
Do you have it in stock?,0
Do you have it in stock?,0
This looks good.,0
What are the dimensions?,0
Does it come in other colors?,0
Can I have your email address?,1
Can you show more photos?,0
Do you have it in stock?,0
Where do you ship from?,0
This looks good.,0
What are the dimensions?,0
Do you have it in stock?,0
Text me at 555-166-7204 for more info.,1
Where do you ship from?,0
What’s the price?,0
reach at t w o o o @example.com,1
Nice product!,0
Does it come in other colors?,0
Nice product!,0
What are the dimensions?,0
I’m interested in this item.,0
You can reach me at +1-502-207-5176,1
C a l l   m e :   + 1   5 7 7   1 3 6   6 4 5 4,1
Contact me via Telegram: @fashioneer,1
e m a i l m e @ user4872@example.com,1
Does it come in other colors?,0
Can you show more photos?,0
How soon can I get it?,0
Does it come in other colors?,0
c o n t a c t : +1-838-749-3365,1
Can you show more photos?,0
What’s the price?,0
Does it come in other colors?,0
Reach out on WhatsApp at +1-192-570-5000,1
reach at t w o o o @example.com,1
Where do you ship from?,0
Do you have it in stock?,0
Do you have it in stock?,0
Follow me on Instagram @shop_owner and DM.,1
Does it come in other colors?,0
Do you have it in stock?,0
e m a i l m e @ user812@example.com,1
Nice product!,0
my digits: +1-822-190-3965,1
This looks good.,0
snap me at s-n-a-p shopper285,1
Can you show more photos?,0
How soon can I get it?,0
Contact via email: charlie38@test.org,1
Nice product!,0
I’m interested in this item.,0
I’m interested in this item.,0
What’s the price?,0
How soon can I get it?,0
Nice product!,0
What are the dimensions?,0
What are the dimensions?,0
Do you have it in stock?,0
How soon can I get it?,0
Does it come in other colors?,0
e m a i l m e @ user3735@example.com,1
What’s the price?,0
What are the dimensions?,0
Do you have it in stock?,0
I’m interested in this item.,0
I’m interested in this item.,0
Nice product!,0
What are the dimensions?,0
I’m interested in this item.,0
How soon can I get it?,0
What’s the price?,0
Can you show more photos?,0
What are the dimensions?,0
What are the dimensions?,0
Where do you ship from?,0
What’s the price?,0
How soon can I get it?,0
Call me at +1 025 236 4348,1
How soon can I get it?,0
Nice product!,0
Can you show more photos?,0
What’s the price?,0
How soon can I get it?,0
I’m interested in this item.,0
Nice product!,0
What are the dimensions?,0
telegram: t dot me slash shopper962,1
Where do you ship from?,0
What’s the price?,0
How soon can I get it?,0
What’s the price?,0
Does it come in other colors?,0
Where do you ship from?,0
Let's connect on LinkedIn: linkedin.com/in/jane.smith,1
wanna chat? +1-596-268-2328,1
This looks good.,0
Add me on WhatsApp: 555-528-4627,1
Do you have it in stock?,0
Where do you ship from?,0
Where do you ship from?,0
Does it come in other colors?,0
Does it come in other colors?,0
What are the dimensions?,0
I’m interested in this item.,0
telegram: t dot me slash fashionista942,1
What’s the price?,0
I’m interested in this item.,0
What’s the price?,0
This looks good.,0
get in touch @ user1656@example.com,1
Do you have it in stock?,0
How soon can I get it?,0
What’s the price?,0
Do you have it in stock?,0
Where do you ship from?,0
How soon can I get it?,0
Reach out on WhatsApp at +1-986-319-5205,1
Nice product!,0
Can you show more photos?,0
Does it come in other colors?,0
Do you have it in stock?,0
How soon can I get it?,0
This looks good.,0
What are the dimensions?,0
Where do you ship from?,0
Nice product!,0
What are the dimensions?,0
Contact: +1-560-618-1926,1
Where do you ship from?,0
"Email is user2217@example.com, reach out anytime.",1
Does it come in other colors?,0
Do you have it in stock?,0
This looks good.,0
Do you have it in stock?,0
Do you have it in stock?,0
Where do you ship from?,0
Do you have it in stock?,0
my email id is user6318@example.com,1
How soon can I get it?,0
How soon can I get it?,0
Does it come in other colors?,0
What’s the price?,0
What are the dimensions?,0
This looks good.,0
hmu @ devguy426,1
Instagram me at 355-133-7034,1
Do you have it in stock?,0
Do you have it in stock?,0
Nice product!,0
t e l : +1-978-359-9241,1
This looks good.,0
Can you show more photos?,0
I’m interested in this item.,0
I’m interested in this item.,0
t e l : +1-931-573-4864,1
Do you have it in stock?,0
Where do you ship from?,0
What are the dimensions?,0
This looks good.,0
Do you have it in stock?,0
What’s the price?,0
Where do you ship from?,0
What are the dimensions?,0
📱 +1-830-258-7032,1
Does it come in other colors?,0
Reach me at 127-799-0854,1
Can you show more photos?,0
Nice product!,0
Can you show more photos?,0
How soon can I get it?,0
I’m interested in this item.,0
Do you have it in stock?,0
How soon can I get it?,0
Nice product!,0
Can you show more photos?,0
📧 user6980@example.com,1
This looks good.,0
What’s the price?,0
What’s the price?,0
Does it come in other colors?,0
Skype me at +1 286 396 1577,1
Where do you ship from?,0
Nice product!,0
Can you share your phone number so I can send you details?,1
How soon can I get it?,0
This looks good.,0
Does it come in other colors?,0
Does it come in other colors?,0
Where do you ship from?,0
Do you have it in stock?,0
Does it come in other colors?,0
I’m interested in this item.,0
📱 +1-956-889-2676,1
Here is my email: user5709@example.com,1
I’m interested in this item.,0
Nice product!,0
Do you have it in stock?,0
Where do you ship from?,0
Do you have it in stock?,0
This looks good.,0
Nice product!,0
Email me at ivan95@test.org,1
What’s the price?,0
What’s the price?,0
Email me at frank49@mail.com,1
This looks good.,0
Nice product!,0
Can you show more photos?,0
Does it come in other colors?,0
What’s the price?,0
What are the dimensions?,0
Do you have it in stock?,0
Please email me at user9034@example.com,1
What’s the price?,0
How soon can I get it?,0
Nice product!,0
Add me on Facebook (facebook.com/shop_owner),1
Can you show more photos?,0
Does it come in other colors?,0
What are the dimensions?,0
Message via email: david47@example.com,1
Does it come in other colors?,0
Does it come in other colors?,0
How soon can I get it?,0
What are the dimensions?,0
Text me at 555-519-2728 for more info.,1
What’s the price?,0
📧 user2165@example.com,1
Can you show more photos?,0
Do you have it in stock?,0
Nice product!,0
This looks good.,0
What’s the price?,0
What are the dimensions?,0
This looks good.,0
Reach me at 672-815-2941,1
How soon can I get it?,0
This looks good.,0
Nice product!,0
I’m interested in this item.,0
What’s the price?,0
Follow me on Twitter: @frank640,1
What’s the price?,0
What’s the price?,0
Nice product!,0
Where do you ship from?,0
Hit me up on WhatsApp at +1-457-526-6952,1
Message me on Signal: +1 556 186 0950,1
Add me on WhatsApp: 555-735-2492,1
Send me a DM on Facebook: facebook.com/fashionguru,1
DM me on Instagram @fashionguru,1
What’s the price?,0
Nice product!,0
How soon can I get it?,0
Contact me on Skype: charlie867,1
What are the dimensions?,0
Do you have it in stock?,0
This looks good.,0
Nice product!,0
Do you have it in stock?,0
I’m interested in this item.,0
Message me on Snapchat: jane.smith,1
Nice product!,0
I’m interested in this item.,0
Do you have it in stock?,0
This looks good.,0
Nice product!,0
Can you show more photos?,0
Find me on Facebook: https://facebook.com/grace597,1
Can you show more photos?,0
I’m interested in this item.,0
Does it come in other colors?,0
What are the dimensions?,0
How soon can I get it?,0
This looks good.,0
How soon can I get it?,0
Where do you ship from?,0
I’m interested in this item.,0
What are the dimensions?,0
How soon can I get it?,0
What are the dimensions?,0
Can you show more photos?,0
What are the dimensions?,0
My WeChat ID is designer123,1
C a l l   m e :   8 1 8 - 3 5 7 - 9 0 6 8,1
Do you have it in stock?,0
Nice product!,0
Does it come in other colors?,0
Does it come in other colors?,0
Can you show more photos?,0
What’s the price?,0
Connect on LinkedIn (linkedin.com/in/best_pizza),1
Connect on LinkedIn (linkedin.com/in/coolcat43),1
I’m interested in this item.,0
This looks good.,0
Where do you ship from?,0
What are the dimensions?,0
This looks good.,0
Nice product!,0
My Snapchat is charlie337,1
Can you show more photos?,0
This looks good.,0
What are the dimensions?,0
Contact: +1-873-327-3243,1
How soon can I get it?,0
What’s the price?,0
Where do you ship from?,0
This looks good.,0
Can you show more photos?,0
Here is my email: user1266@example.com,1
What’s the price?,0
Nice product!,0
I’m interested in this item.,0
This looks good.,0
I’m interested in this item.,0
Can you show more photos?,0
How soon can I get it?,0
What are the dimensions?,0
I’m interested in this item.,0
Connect on LinkedIn (linkedin.com/in/coolcat132),1
Where do you ship from?,0
You can reach me at +1-608-179-8800,1
Where do you ship from?,0
Do you have it in stock?,0
Nice product!,0
How soon can I get it?,0
Do you have it in stock?,0
This looks good.,0
What are the dimensions?,0
What’s the price?,0
Can you show more photos?,0
Can you show more photos?,0
This looks good.,0
fb.com/fashionista984,1
Add me on Facebook (facebook.com/best_pizza),1
This looks good.,0
Nice product!,0
my digits: +1-410-544-8016,1
Text me at (538) 647-4877,1
My number is +1 604 398 2195,1
You can reach me at 555-916-6213,1
What’s the price?,0
I’m interested in this item.,0
Does it come in other colors?,0
How soon can I get it?,0
What’s the price?,0
Do you have it in stock?,0
What are the dimensions?,0
Does it come in other colors?,0
I’m interested in this item.,0
Find me on Facebook: https://facebook.com/heidi965,1
Where do you ship from?,0
Does it come in other colors?,0
What are the dimensions?,0
Can you show more photos?,0
I’m interested in this item.,0
What are the dimensions?,0
Where do you ship from?,0
This looks good.,0
Can you share your phone number so I can send you details?,1
Can you show more photos?,0
Reach out on WhatsApp at +1-219-681-3972,1
Do you have it in stock?,0
I’m interested in this item.,0
How soon can I get it?,0
Where do you ship from?,0
Nice product!,0
I’m interested in this item.,0
You can reach me at 555-967-7997,1
Do you have it in stock?,0
Nice product!,0
What are the dimensions?,0
How soon can I get it?,0
What’s the price?,0
How soon can I get it?,0
Do you have it in stock?,0
How soon can I get it?,0
This looks good.,0
I’m interested in this item.,0
Where do you ship from?,0
I’m interested in this item.,0
Where do you ship from?,0
What are the dimensions?,0
Can you show more photos?,0
How soon can I get it?,0
This looks good.,0
Do you have it in stock?,0
How soon can I get it?,0
This looks good.,0
I’m interested in this item.,0
Do you have it in stock?,0
What are the dimensions?,0
Can you show more photos?,0
Do you have it in stock?,0
Add me on WhatsApp: 289-736-8296,1
Nice product!,0
Add me on WhatsApp: 555-775-3089,1
This looks good.,0
Can you show more photos?,0
What are the dimensions?,0
Do you have it in stock?,0
Can you show more photos?,0
Nice product!,0
Does it come in other colors?,0
I’m interested in this item.,0
snap me at s-n-a-p coolcat171,1
C a l l   m e :   4 0 3 - 0 5 2 - 8 3 4 6,1
Does it come in other colors?,0
What are the dimensions?,0
Where do you ship from?,0
Nice product!,0
What’s the price?,0
Where do you ship from?,0
I’m interested in this item.,0
Does it come in other colors?,0
I’m interested in this item.,0
get in touch @ user6425@example.com,1
Can you share your phone number so I can send you details?,1
C a l l   m e :   8 2 0 0 3 6 4 4 5 6,1
Where do you ship from?,0
How soon can I get it?,0
I’m interested in this item.,0
Send me a DM on Facebook: facebook.com/jane.smith,1
Connect on LinkedIn (linkedin.com/in/designer123),1
Do you have it in stock?,0
I’m interested in this item.,0
Text me at +1-757-262-6613,1
How soon can I get it?,0
What’s the price?,0
What’s the price?,0
This looks good.,0
Nice product!,0
This looks good.,0
What’s the price?,0
Does it come in other colors?,0
message me via g m a i l at user886@example.com,1
I’m interested in this item.,0
Can you show more photos?,0
Can you show more photos?,0
What’s the price?,0
Can you show more photos?,0
I’m interested in this item.,0
Where do you ship from?,0
Text me at +1-303-356-4206,1
Do you have it in stock?,0
find me at user2216@example.com 😉,1
Do you have it in stock?,0
Can you show more photos?,0
I’m interested in this item.,0
This looks good.,0
Does it come in other colors?,0
Nice product!,0
How soon can I get it?,0
Where do you ship from?,0
Nice product!,0
How soon can I get it?,0
Message me on Signal: 7483657668,1
Can you show more photos?,0
I’m interested in this item.,0
What’s the price?,0
How soon can I get it?,0
Do you have it in stock?,0
Where do you ship from?,0
Do you have it in stock?,0
Text me at 555-872-2377 for more info.,1
I’m interested in this item.,0
Does it come in other colors?,0
Can you show more photos?,0
How soon can I get it?,0
I’m interested in this item.,0
I’m interested in this item.,0
What are the dimensions?,0
Nice product!,0
my email id is user3923@example.com,1
Hit me up on WhatsApp at 555-628-9828,1
Nice product!,0
How soon can I get it?,0
Can you show more photos?,0
How soon can I get it?,0
What are the dimensions?,0
hmu @ devguy74,1
What are the dimensions?,0
Does it come in other colors?,0
What’s the price?,0
Do you have it in stock?,0
Does it come in other colors?,0
How soon can I get it?,0
Where do you ship from?,0
Where do you ship from?,0
I’m interested in this item.,0
Mail me: ivan66@email.net,1
Follow me on Twitter: @ivan700,1
What’s the price?,0
Connect on LinkedIn (linkedin.com/in/designer123),1
Where do you ship from?,0
Does it come in other colors?,0
Text me at +1 422 924 4254,1
Does it come in other colors?,0
Nice product!,0
Can you show more photos?,0
Where do you ship from?,0
What’s the price?,0
How soon can I get it?,0
Do you have it in stock?,0
Where do you ship from?,0
Can you show more photos?,0
Nice product!,0
What are the dimensions?,0
t e l : +1-528-255-4460,1
Email me at user1004@example.com,1
Does it come in other colors?,0
What are the dimensions?,0
What are the dimensions?,0
What are the dimensions?,0
Can you show more photos?,0
Nice product!,0
Do you have it in stock?,0
How soon can I get it?,0
Where do you ship from?,0
Nice product!,0
Nice product!,0
You can reach me at +1-604-912-4811,1
This looks good.,0
What are the dimensions?,0
Where do you ship from?,0
Does it come in other colors?,0
Email me at user9465@example.com,1
I’m interested in this item.,0
Nice product!,0
Where do you ship from?,0
Does it come in other colors?,0
Where do you ship from?,0
Here is my email: user6652@example.com,1
Can you show more photos?,0
How soon can I get it?,0
Here's my email: user439@example.com,1
What are the dimensions?,0
Nice product!,0
What are the dimensions?,0
DM me on Facebook: facebook.com/devguy37,1
Do you have it in stock?,0
My Snapchat is david606,1
What are the dimensions?,0
reach at t w o o o @example.com,1
What’s the price?,0
DM me on Facebook: facebook.com/shopper302,1
This looks good.,0
Let's connect on LinkedIn: linkedin.com/in/shopper99,1
Where do you ship from?,0
Contact via email: heidi35@mail.com,1
Nice product!,0
I’m interested in this item.,0
Can you show more photos?,0
This looks good.,0
What are the dimensions?,0
What’s the price?,0
This looks good.,0
My TikTok: @heidi952,1
Message me on Snapchat: jane.smith,1
Nice product!,0
Does it come in other colors?,0
Can you show more photos?,0
Nice product!,0
Nice product!,0
Do you have it in stock?,0
Where do you ship from?,0
I’m interested in this item.,0
Send me a DM on Facebook: facebook.com/best_pizza,1
Message me on Signal: (686) 213-7027,1
What are the dimensions?,0
This looks good.,0
c o n t a c t : +1-115-259-2693,1
Do you have it in stock?,0
Where do you ship from?,0
This looks good.,0
What’s the price?,0
I’m interested in this item.,0
Do you have it in stock?,0
What are the dimensions?,0
Nice product!,0
Nice product!,0
My WeChat ID is tech_lead,1
Send me a DM on Facebook: facebook.com/fashioneer,1
I’m interested in this item.,0
What are the dimensions?,0
This looks good.,0
Text me at 555-171-3056 for more info.,1
What are the dimensions?,0
What are the dimensions?,0
Can you show more photos?,0
C a l l   m e :   0 6 5 - 2 8 6 - 3 0 0 7,1
C o n t a c t :   9 2 3 5 3 3 7 3 1 0,1
This looks good.,0
What are the dimensions?,0
I’m interested in this item.,0
What are the dimensions?,0
I’m interested in this item.,0
This looks good.,0
Do you have it in stock?,0
Does it come in other colors?,0
fb.com/fashionista636,1
Does it come in other colors?,0
I’m interested in this item.,0
Can you show more photos?,0
hmu @ coolcat30,1
Call me at 5513911008,1
Do you have it in stock?,0
Where do you ship from?,0
I’m interested in this item.,0
This looks good.,0
Can you show more photos?,0
I’m interested in this item.,0
Can you show more photos?,0
This looks good.,0
Does it come in other colors?,0
Where do you ship from?,0
This looks good.,0
How soon can I get it?,0
How soon can I get it?,0
This looks good.,0
This looks good.,0
Does it come in other colors?,0
I’m interested in this item.,0
"My contact is 555-628-4842, call me.",1
Here's my email: user416@example.com,1
How soon can I get it?,0
DM me on Facebook: facebook.com/devguy538,1
What are the dimensions?,0
This looks good.,0
I’m interested in this item.,0
"Email is user6565@example.com, reach out anytime.",1
What’s the price?,0
I’m interested in this item.,0
Text me at 555-405-3199 for more info.,1
Can you show more photos?,0
What’s the price?,0
This looks good.,0
📱 +1-586-724-8462,1
DM me on Instagram: @ivan508,1
My Snapchat is alice986,1
Nice product!,0
What’s the price?,0
Do you have it in stock?,0
What’s the price?,0
I’m interested in this item.,0
I’m interested in this item.,0
Do you have it in stock?,0
Where do you ship from?,0
Nice product!,0
This looks good.,0
Does it come in other colors?,0
Where do you ship from?,0
This looks good.,0
How soon can I get it?,0
Nice product!,0
What’s the price?,0
Nice product!,0
How soon can I get it?,0
Where do you ship from?,0
Can you show more photos?,0
Do you have it in stock?,0
Do you have it in stock?,0
Can you show more photos?,0
What are the dimensions?,0
Nice product!,0
Can you show more photos?,0
c o n t a c t : +1-962-473-9448,1
Do you have it in stock?,0
How soon can I get it?,0
Can you show more photos?,0
Nice product!,0
j u d y 8 @ e x a m p l e . c o m,1
Nice product!,0
Does it come in other colors?,0
What are the dimensions?,0
How soon can I get it?,0
Nice product!,0
How soon can I get it?,0
Can you show more photos?,0
Nice product!,0
Nice product!,0
This looks good.,0
Does it come in other colors?,0
Nice product!,0
This looks good.,0
DM me on Instagram: @eve757,1
I’m interested in this item.,0
How soon can I get it?,0
Do you have it in stock?,0
📱 +1-467-325-9400,1
How soon can I get it?,0
Call me at (484) 189-3714,1
What are the dimensions?,0
How soon can I get it?,0
c   o   n   t   a   c   t   m   e   3 0 1 - 2 4 2 - 7 0 2 7,1
I’m interested in this item.,0
I’m interested in this item.,0
This looks good.,0
What’s the price?,0
Do you have it in stock?,0
Message me on Signal: 0269489781,1
What’s the price?,0
I’m interested in this item.,0
I’m interested in this item.,0
What’s the price?,0
Can you show more photos?,0
Nice product!,0
What are the dimensions?,0
Nice product!,0
Do you have it in stock?,0
Where do you ship from?,0
Call me at +1 010 809 3319,1
Find me on Facebook: https://facebook.com/grace739,1
What’s the price?,0
This looks good.,0
Where do you ship from?,0
Reach me at 2788757675,1
Message me on Signal: 0265996395,1
I’m interested in this item.,0
Does it come in other colors?,0
c   o   n   t   a   c   t   m   e   0 8 4 - 9 1 9 - 7 1 8 9,1
Nice product!,0
Do you have it in stock?,0
Nice product!,0
I’m interested in this item.,0
Do you have it in stock?,0
Here's my email: user59@example.com,1
I’m interested in this item.,0
Contact me via Telegram: @jane.smith,1
Where do you ship from?,0
I’m interested in this item.,0
My number is +1 544 956 6793,1
Where do you ship from?,0
Nice product!,0
Nice product!,0
Do you have it in stock?,0
Does it come in other colors?,0
My Snapchat is grace954,1
Does it come in other colors?,0
Text me at 601-840-4945,1
What are the dimensions?,0
I’m interested in this item.,0
How soon can I get it?,0
t e l : +1-478-530-9819,1
What are the dimensions?,0
Can you show more photos?,0
What are the dimensions?,0
What are the dimensions?,0
How soon can I get it?,0
Let's connect on LinkedIn: linkedin.com/in/tech_lead,1
Reach out on WhatsApp at +1-728-438-3694,1
Follow me on Twitter: @heidi706,1
What’s the price?,0
Does it come in other colors?,0
This looks good.,0
Can you show more photos?,0
How soon can I get it?,0
I’m interested in this item.,0
I’m interested in this item.,0
What’s the price?,0
Does it come in other colors?,0
Where do you ship from?,0
Do you have it in stock?,0
Do you have it in stock?,0
What’s the price?,0
Does it come in other colors?,0
How soon can I get it?,0
How soon can I get it?,0
This looks good.,0
Nice product!,0
Send me a DM on Facebook: facebook.com/shop_owner,1
I’m interested in this item.,0
Please email me at user6580@example.com,1
Where do you ship from?,0
What’s the price?,0
I’m interested in this item.,0
Nice product!,0
snap me at s-n-a-p shopper306,1
I’m interested in this item.,0
How soon can I get it?,0
my digits: +1-711-190-7778,1
This looks good.,0
📱 +1-764-488-7614,1
"My contact is 555-459-6196, call me.",1
Where do you ship from?,0
Does it come in other colors?,0
You can reach me at 555-398-6950,1
Do you have it in stock?,0
find me at user6860@example.com 😉,1
How soon can I get it?,0
Nice product!,0
Can you show more photos?,0
Where do you ship from?,0
Do you have it in stock?,0
"Email is user7006@example.com, reach out anytime.",1
Can you show more photos?,0
Can you show more photos?,0
What are the dimensions?,0
What are the dimensions?,0
Does it come in other colors?,0
What are the dimensions?,0
This looks good.,0
What are the dimensions?,0
What’s the price?,0
Here's my email: user4894@example.com,1
How soon can I get it?,0
Connect on LinkedIn (linkedin.com/in/coolcat839),1
How soon can I get it?,0
Where do you ship from?,0
Does it come in other colors?,0
"My contact is 555-774-8285, call me.",1
Nice product!,0
This looks good.,0
What’s the price?,0
What’s the price?,0
Can you show more photos?,0
I’m interested in this item.,0
Email me at user1492@example.com,1
fb.com/devguy863,1
Contact me via Telegram: @jane.smith,1
Nice product!,0
Do you have it in stock?,0
Do you have it in stock?,0
Does it come in other colors?,0
I’m interested in this item.,0
What are the dimensions?,0
What’s the price?,0
Message me at user7906@example.com,1
What are the dimensions?,0
Where do you ship from?,0
Does it come in other colors?,0
Where do you ship from?,0
Where do you ship from?,0
Message via email: ivan83@example.com,1
Do you have it in stock?,0
Follow me on Twitter: @frank347,1
I’m interested in this item.,0
Does it come in other colors?,0
I’m interested in this item.,0
Do you have it in stock?,0
Can you show more photos?,0
Does it come in other colors?,0
What are the dimensions?,0
Where do you ship from?,0
What are the dimensions?,0
What are the dimensions?,0
Does it come in other colors?,0
I’m interested in this item.,0
What are the dimensions?,0
I’m interested in this item.,0
How soon can I get it?,0
This looks good.,0
Where do you ship from?,0
reach at t w o o o @example.com,1
Where do you ship from?,0
Do you have it in stock?,0
Do you have it in stock?,0
Can you show more photos?,0
Ping me on Telegram: @charlie464,1
I’m interested in this item.,0
Contact me via Telegram: @tech_lead,1
telegram: t dot me slash fashionista427,1
I’m interested in this item.,0
Reach out on WhatsApp at +1-363-766-9553,1
Where do you ship from?,0
Where do you ship from?,0
Nice product!,0
This looks good.,0
Do you have it in stock?,0
What are the dimensions?,0
I’m interested in this item.,0
How soon can I get it?,0
Do you have it in stock?,0
Does it come in other colors?,0
Does it come in other colors?,0
I’m interested in this item.,0
Can you show more photos?,0
How soon can I get it?,0
What’s the price?,0
Nice product!,0
Contact me via Telegram: @shop_owner,1
This looks good.,0
Nice product!,0
What are the dimensions?,0
Where do you ship from?,0
Do you have it in stock?,0
Do you have it in stock?,0
Does it come in other colors?,0
I’m interested in this item.,0
This looks good.,0
Do you have it in stock?,0
Mail me: alice26@example.com,1
This looks good.,0
How soon can I get it?,0
Nice product!,0
Can you show more photos?,0
What are the dimensions?,0
C o n t a c t :   ( 5 5 3 )   5 5 1 - 5 3 6 2,1
Nice product!,0
Nice product!,0
I’m interested in this item.,0
What’s the price?,0
How soon can I get it?,0
How soon can I get it?,0
you can DM me at devguy681 on Insta,1
Where do you ship from?,0
This looks good.,0
Do you have it in stock?,0
Where do you ship from?,0
Does it come in other colors?,0
I’m interested in this item.,0
LinkedIn me at (315) 174-0710,1
This looks good.,0
What are the dimensions?,0
e m a i l m e @ user2170@example.com,1
Where do you ship from?,0
Does it come in other colors?,0
What are the dimensions?,0
Does it come in other colors?,0
DM me on Facebook: facebook.com/fashionista60,1
I’m interested in this item.,0
C o n t a c t :   + 1   8 7 1   0 5 7   2 9 7 3,1
How soon can I get it?,0
I’m interested in this item.,0
Can you show more photos?,0
Do you have it in stock?,0
Do you have it in stock?,0
Ping me on Telegram: @frank801,1
What are the dimensions?,0
Do you have it in stock?,0
Do you have it in stock?,0
I’m interested in this item.,0
get in touch @ user1002@example.com,1
Reach me at +1 433 529 6485,1
How soon can I get it?,0
Do you have it in stock?,0
Nice product!,0
What are the dimensions?,0
This looks good.,0
Nice product!,0
My number is 1269822103,1
This looks good.,0
I’m interested in this item.,0
Snapchat me @ fashionista290,1
Do you have it in stock?,0
Where do you ship from?,0
This looks good.,0
What’s the price?,0
How soon can I get it?,0
Text me at +1-563-670-7725,1
e v e 8 @ m a i l . c o m,1
my email id is user9527@example.com,1
Do you have it in stock?,0
Do you have it in stock?,0
Call me at 1365427872,1
What’s the price?,0
Does it come in other colors?,0
Signal me at 447-500-8952,1
Do you have it in stock?,0
Does it come in other colors?,0
This looks good.,0
What are the dimensions?,0
How soon can I get it?,0
How soon can I get it?,0
my digits: +1-805-456-9823,1
I’m interested in this item.,0
Text me at 555-973-6553 for more info.,1
Can I have your email address?,1
Do you have it in stock?,0
How soon can I get it?,0
Can you show more photos?,0
Where do you ship from?,0
What are the dimensions?,0
Does it come in other colors?,0
Do you have it in stock?,0
Does it come in other colors?,0
Nice product!,0
Nice product!,0
I’m interested in this item.,0
How soon can I get it?,0
Message via email: bob69@example.com,1
Do you have it in stock?,0
I’m interested in this item.,0
I’m interested in this item.,0
How soon can I get it?,0
Do you have it in stock?,0
Do you have it in stock?,0
How soon can I get it?,0
Do you have it in stock?,0
Ping me on Telegram: @eve12,1
Contact me via Telegram: @tech_lead,1
my email id is user1126@example.com,1
I’m interested in this item.,0
Can you show more photos?,0
What are the dimensions?,0
Where do you ship from?,0
How soon can I get it?,0
Can you show more photos?,0
Email me at alice22@test.org,1
Nice product!,0
Can you share your phone number so I can send you details?,1
Can you show more photos?,0
What’s the price?,0
Do you have it in stock?,0
Add me on Facebook (facebook.com/john_doe),1
This looks good.,0
Do you have it in stock?,0
Nice product!,0
telegram: t dot me slash coolcat150,1
My Snapchat is charlie673,1
Can you show more photos?,0
I’m interested in this item.,0
Can you show more photos?,0
Can you show more photos?,0
Can you show more photos?,0
Can you show more photos?,0
What’s the price?,0
Where do you ship from?,0
I’m interested in this item.,0
What’s the price?,0
How soon can I get it?,0
I’m interested in this item.,0
This looks good.,0
This looks good.,0
Nice product!,0
What’s the price?,0
What are the dimensions?,0
Nice product!,0
Where do you ship from?,0
Do you have it in stock?,0
I’m interested in this item.,0
Do you have it in stock?,0
How soon can I get it?,0
My TikTok: @charlie180,1
Where do you ship from?,0
I’m interested in this item.,0
Nice product!,0
Text me at +1 797 765 4166,1
Nice product!,0
Where do you ship from?,0
How soon can I get it?,0
Nice product!,0
You can reach me at 555-708-2156,1
Does it come in other colors?,0
This looks good.,0
Here is my email: user4986@example.com,1
Follow me on Instagram @shop_owner and DM.,1
Do you have it in stock?,0
How soon can I get it?,0
I’m interested in this item.,0
Call me at 512-181-3119,1
Let's connect on LinkedIn: linkedin.com/in/john_doe,1
How soon can I get it?,0
How soon can I get it?,0
Message via email: david64@example.com,1
Does it come in other colors?,0
Does it come in other colors?,0
What are the dimensions?,0
Nice product!,0
Does it come in other colors?,0
This looks good.,0
Does it come in other colors?,0
Do you have it in stock?,0
Can you show more photos?,0
Call me at 587-882-9633,1
This looks good.,0
Send me a DM on Facebook: facebook.com/best_pizza,1
Can you show more photos?,0
I’m interested in this item.,0
Send me a DM on Facebook: facebook.com/fashionguru,1
How soon can I get it?,0
This looks good.,0
This looks good.,0
What are the dimensions?,0
Can I have your email address?,1
DM me on Facebook: facebook.com/devguy180,1
Follow me on Twitter: @charlie757,1
What are the dimensions?,0
What’s the price?,0
I’m interested in this item.,0
Does it come in other colors?,0
My WeChat ID is coolguy42,1
Email me at user7826@example.com,1
Reach me at +1 444 395 9607,1
Can you show more photos?,0
Where do you ship from?,0
Let's connect on LinkedIn: linkedin.com/in/coolguy42,1
What are the dimensions?,0
How soon can I get it?,0
Please email me at user7251@example.com,1
Do you have it in stock?,0
Does it come in other colors?,0
Nice product!,0
Can you show more photos?,0
my email id is user1849@example.com,1
Connect on LinkedIn (linkedin.com/in/devguy483),1
This looks good.,0
Does it come in other colors?,0
Does it come in other colors?,0
I’m interested in this item.,0
C a l l   m e :   9 1 7 3 6 3 3 4 0 2,1
Nice product!,0
Please email me at user4213@example.com,1
I’m interested in this item.,0
What are the dimensions?,0
What’s the price?,0
This looks good.,0
Does it come in other colors?,0
What’s the price?,0
Snapchat me @ shopper644,1
Do you have it in stock?,0
Where do you ship from?,0
This looks good.,0
Nice product!,0
Email me at bob73@email.net,1
Nice product!,0
Ping me on Telegram: @ivan81,1
Nice product!,0
What’s the price?,0
What’s the price?,0
Nice product!,0
Can you show more photos?,0
This looks good.,0
What’s the price?,0
This looks good.,0
Do you have it in stock?,0
Do you have it in stock?,0
What’s the price?,0
Do you have it in stock?,0
Does it come in other colors?,0
Let's connect on LinkedIn: https://linkedin.com/in/judy256,1
What’s the price?,0
What are the dimensions?,0
Where do you ship from?,0
Nice product!,0
This looks good.,0
I’m interested in this item.,0
Can you show more photos?,0
I’m interested in this item.,0
Hit me up on WhatsApp at 555-502-6461,1
I’m interested in this item.,0
This looks good.,0
Can you show more photos?,0
What are the dimensions?,0
Email me at user2338@example.com,1
Please email me at user3714@example.com,1
Do you have it in stock?,0
What are the dimensions?,0
Nice product!,0
Can you show more photos?,0
Can you show more photos?,0
What’s the price?,0
I’m interested in this item.,0
Where do you ship from?,0
Text me at +1-699-558-9674,1
Where do you ship from?,0
This looks good.,0
Nice product!,0
Can you show more photos?,0
This looks good.,0
Can you show more photos?,0
DM me on Facebook: facebook.com/shopper699,1
Nice product!,0
Does it come in other colors?,0
This looks good.,0
Where do you ship from?,0
Can you show more photos?,0
Nice product!,0
you can DM me at fashionista696 on Insta,1
Does it come in other colors?,0
Does it come in other colors?,0
Connect on LinkedIn (linkedin.com/in/shopper99),1
I’m interested in this item.,0
What are the dimensions?,0
How soon can I get it?,0
This looks good.,0
Can you show more photos?,0
What are the dimensions?,0
Snapchat me at 4039545955,1
Nice product!,0
What’s the price?,0
📱 +1-912-152-1886,1
Does it come in other colors?,0
This looks good.,0
What are the dimensions?,0
Follow me on Instagram @fashioneer and DM.,1
My number is 187-956-5991,1
Please email me at user9890@example.com,1
Do you have it in stock?,0
Where do you ship from?,0
Here is my email: user8388@example.com,1
Let's connect on LinkedIn: linkedin.com/in/jane.smith,1
Nice product!,0
Connect on LinkedIn (linkedin.com/in/coolguy42),1
Can you show more photos?,0
I’m interested in this item.,0
My Snapchat is grace709,1
Does it come in other colors?,0
c o n t a c t : +1-606-117-5954,1
Where do you ship from?,0
Can you show more photos?,0
you can DM me at devguy355 on Insta,1
I’m interested in this item.,0
"My contact is 555-187-1141, call me.",1
"My contact is 555-155-6353, call me.",1
How soon can I get it?,0
DM me on Instagram @fashionguru,1
You can reach me at +1-850-898-6633,1
Does it come in other colors?,0
What are the dimensions?,0
Nice product!,0
Can you show more photos?,0
Nice product!,0
Does it come in other colors?,0
Where do you ship from?,0
What’s the price?,0
Nice product!,0
Nice product!,0
Hit me up on WhatsApp at +1-749-492-8474,1
DM me on Instagram: @frank926,1
I’m interested in this item.,0
Can you show more photos?,0
Where do you ship from?,0
Does it come in other colors?,0
I’m interested in this item.,0
Can you show more photos?,0
Can you show more photos?,0
"Email is user2978@example.com, reach out anytime.",1
How soon can I get it?,0
Nice product!,0
Nice product!,0
What are the dimensions?,0
Where do you ship from?,0
Do you have it in stock?,0
Do you have it in stock?,0
You can reach me at 555-716-7728,1
Can I have your email address?,1
Where do you ship from?,0
What are the dimensions?,0
What’s the price?,0
My number is (208) 517-2603,1
Can you show more photos?,0
Does it come in other colors?,0
Does it come in other colors?,0
Nice product!,0
What are the dimensions?,0
Where do you ship from?,0
I’m interested in this item.,0
What’s the price?,0
Snapchat me @ coolcat427,1
Text me at 555-171-3056 for more info.,1
What’s the price?,0
This looks good.,0
Nice product!,0
This looks good.,0
How soon can I get it?,0
Do you have it in stock?,0
I’m interested in this item.,0
Connect on LinkedIn (linkedin.com/in/tech_lead),1
Can you show more photos?,0
Do you have it in stock?,0
Do you have it in stock?,0
Does it come in other colors?,0
This looks good.,0
Nice product!,0
Do you have it in stock?,0
This looks good.,0
Does it come in other colors?,0
How soon can I get it?,0
Does it come in other colors?,0
Nice product!,0
You can reach me at 555-428-2599,1
I’m interested in this item.,0
Where do you ship from?,0
Nice product!,0
This looks good.,0
I’m interested in this item.,0
Nice product!,0
What’s the price?,0
What are the dimensions?,0
📱 +1-307-784-3393,1
Nice product!,0
Can you show more photos?,0
wanna chat? +1-122-932-9577,1
Does it come in other colors?,0
What’s the price?,0
What are the dimensions?,0
Follow me on Instagram @shopper99 and DM.,1
Do you have it in stock?,0
Where do you ship from?,0
What’s the price?,0
I’m interested in this item.,0
I’m interested in this item.,0
What are the dimensions?,0
I’m interested in this item.,0
Let's connect on LinkedIn: linkedin.com/in/best_pizza,1
This looks good.,0
Where do you ship from?,0
What’s the price?,0
Nice product!,0
Nice product!,0
Does it come in other colors?,0
I’m interested in this item.,0
Does it come in other colors?,0
This looks good.,0
This looks good.,0
This looks good.,0
This looks good.,0
Can you show more photos?,0
Where do you ship from?,0
Where do you ship from?,0
I’m interested in this item.,0
Can you show more photos?,0
What’s the price?,0
Contact me on Skype: grace256,1
This looks good.,0
How soon can I get it?,0
DM me on Instagram: @frank866,1
I’m interested in this item.,0
Can you show more photos?,0
Nice product!,0
What are the dimensions?,0
What’s the price?,0
This looks good.,0
What’s the price?,0
Nice product!,0
DM me on Instagram @jane.smith,1
How soon can I get it?,0
This looks good.,0
How soon can I get it?,0
Connect on LinkedIn (linkedin.com/in/coolcat496),1
Nice product!,0
Nice product!,0
"Email is user4518@example.com, reach out anytime.",1
Can you show more photos?,0
Do you have it in stock?,0
snap me at s-n-a-p coolcat994,1
I’m interested in this item.,0
Can you show more photos?,0
What are the dimensions?,0
Mail me: charlie40@email.net,1
How soon can I get it?,0
My Snapchat is bob123,1
What are the dimensions?,0
my email id is user4303@example.com,1
What’s the price?,0
📧 user4083@example.com,1
Where do you ship from?,0
Text me at 555-536-6025 for more info.,1
Do you have it in stock?,0
This looks good.,0
What are the dimensions?,0
How soon can I get it?,0
Nice product!,0
What are the dimensions?,0
What’s the price?,0
wanna chat? +1-779-651-8988,1
What are the dimensions?,0
I’m interested in this item.,0
Can you show more photos?,0
I’m interested in this item.,0
Does it come in other colors?,0
Do you have it in stock?,0
wanna chat? +1-185-317-1693,1
I’m interested in this item.,0
Add me on WhatsApp: (764) 474-8131,1
Where do you ship from?,0
Nice product!,0
Find me on Facebook: https://facebook.com/ivan42,1
Contact me via Telegram: @best_pizza,1
Nice product!,0
Do you have it in stock?,0
Here is my email: user7749@example.com,1
I’m interested in this item.,0
Does it come in other colors?,0
What are the dimensions?,0
I’m interested in this item.,0
Where do you ship from?,0
c   o   n   t   a   c   t   m   e   3 1 1 - 5 3 6 - 7 4 4 7,1
How soon can I get it?,0
Can you show more photos?,0
What’s the price?,0
DM me on Instagram: @frank53,1
Follow me on Instagram @fashioneer and DM.,1
Where do you ship from?,0
What are the dimensions?,0
I’m interested in this item.,0
What are the dimensions?,0
I’m interested in this item.,0
What’s the price?,0
Do you have it in stock?,0
Nice product!,0
c o n t a c t : +1-830-368-3940,1
Does it come in other colors?,0
Can you show more photos?,0
You can reach me at 555-771-3112,1
This looks good.,0
Nice product!,0
Do you have it in stock?,0
This looks good.,0
This looks good.,0
Do you have it in stock?,0
You can reach me at +1-852-782-9305,1
This looks good.,0
Can you show more photos?,0
Can you show more photos?,0
How soon can I get it?,0
What are the dimensions?,0
WhatsApp me at +1-555-348-4635,1
What’s the price?,0
Email me at user2120@example.com,1
"Email is user7030@example.com, reach out anytime.",1
What’s the price?,0
Where do you ship from?,0
What are the dimensions?,0
Does it come in other colors?,0
Hit me up on WhatsApp at +1-343-988-5461,1
Do you have it in stock?,0
Does it come in other colors?,0
What are the dimensions?,0
What’s the price?,0
This looks good.,0
What’s the price?,0
Do you have it in stock?,0
How soon can I get it?,0
Text me at 5998684055,1
This looks good.,0
Does it come in other colors?,0
This looks good.,0
What are the dimensions?,0
Nice product!,0
Text me at (959) 342-6317,1
Where do you ship from?,0
How soon can I get it?,0
Text me at (768) 456-8510,1
I’m interested in this item.,0
Hit me up on WhatsApp at 555-346-7489,1
Hit me up on WhatsApp at 555-324-4366,1
Do you have it in stock?,0
What’s the price?,0
I’m interested in this item.,0
How soon can I get it?,0
I’m interested in this item.,0
How soon can I get it?,0
Does it come in other colors?,0
How soon can I get it?,0
Do you have it in stock?,0
fb.com/fashionista370,1
I’m interested in this item.,0
Can you show more photos?,0
Can you show more photos?,0
How soon can I get it?,0
Do you have it in stock?,0
How soon can I get it?,0
How soon can I get it?,0
Nice product!,0
wanna chat? +1-864-604-9573,1
Do you have it in stock?,0
Do you have it in stock?,0
How soon can I get it?,0
What are the dimensions?,0
Can you show more photos?,0
e m a i l m e @ user9325@example.com,1
Do you have it in stock?,0
How soon can I get it?,0
Nice product!,0
Can you show more photos?,0
Where do you ship from?,0
Does it come in other colors?,0
DM me on Instagram @jane.smith,1
What’s the price?,0
What’s the price?,0
C a l l   m e :   6 0 4 - 6 9 7 - 2 8 6 6,1
Where do you ship from?,0
What are the dimensions?,0
Do you have it in stock?,0
How soon can I get it?,0
This looks good.,0
Add me on Facebook (facebook.com/designer123),1
I’m interested in this item.,0
What are the dimensions?,0
What are the dimensions?,0
What’s the price?,0
Do you have it in stock?,0
Do you have it in stock?,0
Does it come in other colors?,0
Email me at bob81@email.net,1
This looks good.,0
What are the dimensions?,0
Do you have it in stock?,0
I’m interested in this item.,0
Does it come in other colors?,0
This looks good.,0
I’m interested in this item.,0
How soon can I get it?,0
Can you show more photos?,0
Follow me on Twitter: @david811,1
Add me on WhatsApp: 555-351-7140,1
I’m interested in this item.,0
t e l : +1-922-687-9604,1
Does it come in other colors?,0
Where do you ship from?,0
Can you show more photos?,0
Follow me on Instagram @jane.smith and DM.,1
I’m interested in this item.,0
Please email me at user2716@example.com,1
Does it come in other colors?,0
Can you show more photos?,0
Where do you ship from?,0
Nice product!,0
What’s the price?,0
you can DM me at fashionista695 on Insta,1
Where do you ship from?,0
I’m interested in this item.,0
Hit me up on WhatsApp at +1-611-486-8253,1
Can you show more photos?,0
Does it come in other colors?,0
Can you share your phone number so I can send you details?,1
I’m interested in this item.,0
I’m interested in this item.,0
Do you have it in stock?,0
This looks good.,0
Can you show more photos?,0
What’s the price?,0
Add me on WhatsApp: 555-756-2022,1
I’m interested in this item.,0
Let's connect on LinkedIn: https://linkedin.com/in/heidi791,1
What are the dimensions?,0
Nice product!,0
Do you have it in stock?,0
What’s the price?,0
Can I have your email address?,1
Do you have it in stock?,0
What are the dimensions?,0
How soon can I get it?,0
Do you have it in stock?,0
Where do you ship from?,0
Contact me on Skype: eve945,1
Does it come in other colors?,0
How soon can I get it?,0
What are the dimensions?,0
Nice product!,0
Do you have it in stock?,0
Can you show more photos?,0
Where do you ship from?,0
I’m interested in this item.,0
Nice product!,0
Do you have it in stock?,0
Can you show more photos?,0
Nice product!,0
Nice product!,0
Where do you ship from?,0
What’s the price?,0
How soon can I get it?,0
What’s the price?,0
What are the dimensions?,0
What’s the price?,0
How soon can I get it?,0
Do you have it in stock?,0
Nice product!,0
What’s the price?,0
Where do you ship from?,0
Nice product!,0
How soon can I get it?,0
Do you have it in stock?,0
Nice product!,0
How soon can I get it?,0
Where do you ship from?,0
Message me on Signal: 225-052-0138,1
Does it come in other colors?,0
How soon can I get it?,0
Can you show more photos?,0
I’m interested in this item.,0
My number is 7712328743,1
What are the dimensions?,0
t e l : +1-445-310-6438,1
find me at user8562@example.com 😉,1
Do you have it in stock?,0
I’m interested in this item.,0
Where do you ship from?,0
Does it come in other colors?,0
What are the dimensions?,0
My number is +1 410 059 0324,1
This looks good.,0
Does it come in other colors?,0
I’m interested in this item.,0
How soon can I get it?,0
Nice product!,0
e m a i l m e @ user8478@example.com,1
This looks good.,0
How soon can I get it?,0
Can you show more photos?,0
Where do you ship from?,0
How soon can I get it?,0
Do you have it in stock?,0
I’m interested in this item.,0
What are the dimensions?,0
Does it come in other colors?,0
Connect on LinkedIn (linkedin.com/in/shop_owner),1
Do you have it in stock?,0
What’s the price?,0
Does it come in other colors?,0
hmu @ coolcat823,1
What’s the price?,0
Where do you ship from?,0
My number is 2819253485,1
Where do you ship from?,0
How soon can I get it?,0
What are the dimensions?,0
How soon can I get it?,0
What’s the price?,0
How soon can I get it?,0
Nice product!,0
Contact me on Skype: bob558,1
This looks good.,0
Where do you ship from?,0
Follow me on Twitter: @heidi781,1
I’m interested in this item.,0
📱 +1-279-993-9018,1
c h a r l i e 7 1 @ e m a i l . n e t,1
What’s the price?,0
Contact me on Skype: ivan175,1
Here is my email: user9785@example.com,1
Can you show more photos?,0
Where do you ship from?,0
Nice product!,0
Can you show more photos?,0
Does it come in other colors?,0
This looks good.,0
fb.com/fashionista367,1
How soon can I get it?,0
Does it come in other colors?,0
reach at t w o o o @example.com,1
Follow me on Instagram @shopper99 and DM.,1
my email id is user1846@example.com,1
I’m interested in this item.,0
Add me on WhatsApp: 555-121-9578,1
Where do you ship from?,0
Do you have it in stock?,0
Do you have it in stock?,0
What’s the price?,0
This looks good.,0
Do you have it in stock?,0
find me at user5765@example.com 😉,1
This looks good.,0
What’s the price?,0
Nice product!,0
Where do you ship from?,0
I’m interested in this item.,0
I’m interested in this item.,0
Nice product!,0
How soon can I get it?,0
Does it come in other colors?,0
Can you show more photos?,0
Nice product!,0
Where do you ship from?,0
How soon can I get it?,0
This looks good.,0
Can you show more photos?,0
What’s the price?,0
Message me on Snapchat: designer123,1
Let's connect on LinkedIn: linkedin.com/in/coolguy42,1
Does it come in other colors?,0
What are the dimensions?,0
How soon can I get it?,0
What are the dimensions?,0
Do you have it in stock?,0
Can you show more photos?,0
How soon can I get it?,0
Does it come in other colors?,0
Do you have it in stock?,0
What are the dimensions?,0
Add me on WhatsApp: 555-842-2898,1
I’m interested in this item.,0
What are the dimensions?,0
What’s the price?,0
What are the dimensions?,0
Do you have it in stock?,0
What are the dimensions?,0
Where do you ship from?,0
Where do you ship from?,0
Where do you ship from?,0
Where do you ship from?,0
a l i c e 4 2 @ m a i l . c o m,1
C a l l   m e :   0 6 0 1 0 2 9 4 3 2,1
Message me at user527@example.com,1
What are the dimensions?,0
Do you have it in stock?,0
How soon can I get it?,0
Can you show more photos?,0
Email me at eve52@mail.com,1
Nice product!,0
What’s the price?,0
This looks good.,0
Mail me: charlie91@example.com,1
Where do you ship from?,0
my email id is user6367@example.com,1
Let's connect on LinkedIn: https://linkedin.com/in/frank853,1
How soon can I get it?,0
Can you share your phone number so I can send you details?,1
Contact me via Telegram: @tech_lead,1
Do you have it in stock?,0
What are the dimensions?,0
What are the dimensions?,0
What are the dimensions?,0
telegram: t dot me slash fashionista721,1
What are the dimensions?,0
DM me on Instagram @best_pizza,1
Can you show more photos?,0
Can you show more photos?,0
Do you have it in stock?,0
What’s the price?,0
How soon can I get it?,0
Does it come in other colors?,0
Nice product!,0
What’s the price?,0
I’m interested in this item.,0
Can you show more photos?,0
Email me at heidi40@example.com,1
I’m interested in this item.,0
I’m interested in this item.,0
How soon can I get it?,0
How soon can I get it?,0
Do you have it in stock?,0
Contact me via Telegram: @shop_owner,1
What are the dimensions?,0
What’s the price?,0
Can you show more photos?,0
Can you show more photos?,0
How soon can I get it?,0
This looks good.,0
What are the dimensions?,0
Do you have it in stock?,0
I’m interested in this item.,0
Do you have it in stock?,0
Do you have it in stock?,0
Text me at (383) 738-7271,1
What are the dimensions?,0
How soon can I get it?,0
Can you show more photos?,0
Do you have it in stock?,0
Can you share your phone number so I can send you details?,1
Where do you ship from?,0
I’m interested in this item.,0
C a l l   m e :   ( 2 7 7 )   3 6 7 - 9 8 5 5,1
Nice product!,0
Can you show more photos?,0
Do you have it in stock?,0
Do you have it in stock?,0
Can you show more photos?,0
How soon can I get it?,0
my digits: +1-970-360-4148,1
Where do you ship from?,0
What’s the price?,0
Mail me: judy98@mail.com,1
Can you show more photos?,0
Email me at ivan68@email.net,1
This looks good.,0
How soon can I get it?,0
Where do you ship from?,0
Where do you ship from?,0
Nice product!,0
Can you show more photos?,0
Do you have it in stock?,0
What’s the price?,0
Hit me up on WhatsApp at 555-784-9253,1
Does it come in other colors?,0
Do you have it in stock?,0
What are the dimensions?,0
Can you show more photos?,0
What’s the price?,0
What are the dimensions?,0
My TikTok: @david922,1
What’s the price?,0
What are the dimensions?,0
"My contact is 555-213-8532, call me.",1
Does it come in other colors?,0
Where do you ship from?,0
Does it come in other colors?,0
Can you share your phone number so I can send you details?,1
Do you have it in stock?,0
hmu @ shopper963,1
Do you have it in stock?,0
What’s the price?,0
Can you show more photos?,0
Does it come in other colors?,0
How soon can I get it?,0
fb.com/fashionista758,1
This looks good.,0
What’s the price?,0
What’s the price?,0
How soon can I get it?,0
"Email is user5967@example.com, reach out anytime.",1
Nice product!,0
Add me on WhatsApp: 346-039-0708,1
I’m interested in this item.,0
Where do you ship from?,0
my email id is user6273@example.com,1
Do you have it in stock?,0
How soon can I get it?,0
What are the dimensions?,0
This looks good.,0
What are the dimensions?,0
I’m interested in this item.,0
fb.com/fashionista361,1
What’s the price?,0
Do you have it in stock?,0
How soon can I get it?,0
Can you show more photos?,0
This looks good.,0
This looks good.,0
What’s the price?,0
Can you show more photos?,0
get in touch @ user8823@example.com,1
Reach me at 3935876529,1
Do you have it in stock?,0
Do you have it in stock?,0
Do you have it in stock?,0
Can you show more photos?,0
What are the dimensions?,0
I’m interested in this item.,0
I’m interested in this item.,0
Can you show more photos?,0
Where do you ship from?,0
This looks good.,0
Does it come in other colors?,0
What’s the price?,0
Contact: +1-548-855-5040,1
What’s the price?,0
c   o   n   t   a   c   t   m   e   ( 1 9 7 )   6 7 2 - 4 5 1 7,1
Nice product!,0
Do you have it in stock?,0
Nice product!,0
What are the dimensions?,0
Where do you ship from?,0
I’m interested in this item.,0
What are the dimensions?,0
How soon can I get it?,0
My number is +1 032 720 2511,1
Do you have it in stock?,0
Does it come in other colors?,0
Do you have it in stock?,0
What’s the price?,0
What’s the price?,0
Nice product!,0
What’s the price?,0
This looks good.,0
get in touch @ user3111@example.com,1
Where do you ship from?,0
Does it come in other colors?,0
WhatsApp me at +1-555-702-8004,1
Where do you ship from?,0
What are the dimensions?,0
Do you have it in stock?,0
I’m interested in this item.,0
Nice product!,0
Do you have it in stock?,0
Nice product!,0
What’s the price?,0
Nice product!,0
What’s the price?,0
c o n t a c t : +1-221-639-9564,1
Does it come in other colors?,0
What are the dimensions?,0
What’s the price?,0
Nice product!,0
What are the dimensions?,0
How soon can I get it?,0
What’s the price?,0
Twitter me at 052-731-2080,1
How soon can I get it?,0
I’m interested in this item.,0
This looks good.,0
Where do you ship from?,0
Do you have it in stock?,0
Contact via email: david69@example.com,1
my email id is user4175@example.com,1
Does it come in other colors?,0
Can you show more photos?,0
Do you have it in stock?,0
Follow me on Instagram @jane.smith and DM.,1
What are the dimensions?,0
How soon can I get it?,0
My WeChat ID is jane.smith,1
Does it come in other colors?,0
What’s the price?,0
Find me on Facebook: https://facebook.com/frank775,1
"Email is user5276@example.com, reach out anytime.",1
h e i d i 1 3 @ m a i l . c o m,1
Does it come in other colors?,0
Nice product!,0
Do you have it in stock?,0
Do you have it in stock?,0
How soon can I get it?,0
What’s the price?,0
WhatsApp me at +1-555-957-1475,1
Can you show more photos?,0
How soon can I get it?,0
Let's connect on LinkedIn: https://linkedin.com/in/heidi199,1
c o n t a c t : +1-174-495-7981,1
This looks good.,0
I’m interested in this item.,0
Connect on LinkedIn (linkedin.com/in/coolguy42),1
What’s the price?,0
This looks good.,0
WhatsApp me at +1-555-670-8496,1
I’m interested in this item.,0
Where do you ship from?,0
How soon can I get it?,0
How soon can I get it?,0
Where do you ship from?,0
c   o   n   t   a   c   t   m   e   9 4 5 9 4 6 7 9 9 1,1
I’m interested in this item.,0
Do you have it in stock?,0
get in touch @ user3447@example.com,1
Reach out on WhatsApp at +1-947-302-8847,1
find me at user8591@example.com 😉,1
What’s the price?,0
Does it come in other colors?,0
What’s the price?,0
This looks good.,0
How soon can I get it?,0
Does it come in other colors?,0
Where do you ship from?,0
Contact me on Skype: david191,1
Does it come in other colors?,0
Can you show more photos?,0
What are the dimensions?,0
How soon can I get it?,0
Does it come in other colors?,0
I’m interested in this item.,0
Nice product!,0
What are the dimensions?,0
How soon can I get it?,0
Where do you ship from?,0
Where do you ship from?,0
This looks good.,0
Does it come in other colors?,0
Does it come in other colors?,0
What are the dimensions?,0
You can reach me at 555-759-7429,1
Text me at 555-652-8043 for more info.,1
Where do you ship from?,0
Can you show more photos?,0
How soon can I get it?,0
Text me at +1-557-490-8378,1
Does it come in other colors?,0
Let's connect on LinkedIn: https://linkedin.com/in/eve503,1
Here's my email: user9433@example.com,1
How soon can I get it?,0
This looks good.,0
Where do you ship from?,0
This looks good.,0
This looks good.,0
Can you show more photos?,0
t e l : +1-656-710-1377,1
Message me on Signal: 5608021815,1
Where do you ship from?,0
Where do you ship from?,0
find me at user8281@example.com 😉,1
My TikTok: @ivan993,1
Can you show more photos?,0
What are the dimensions?,0
Does it come in other colors?,0
Can you show more photos?,0
Do you have it in stock?,0
This looks good.,0
What are the dimensions?,0
I’m interested in this item.,0
Does it come in other colors?,0
Nice product!,0
I’m interested in this item.,0
Does it come in other colors?,0
This looks good.,0
What’s the price?,0
Contact: +1-610-185-1713,1
This looks good.,0
This looks good.,0
What’s the price?,0
How soon can I get it?,0
Does it come in other colors?,0
Do you have it in stock?,0
Can you show more photos?,0
Add me on Facebook (facebook.com/fashionguru),1
Reach me at (752) 039-9493,1
Do you have it in stock?,0
DM me on Instagram: @heidi945,1
Can you show more photos?,0
What’s the price?,0
Where do you ship from?,0
You can reach me at 555-247-1789,1
Can you show more photos?,0
What’s the price?,0
Do you have it in stock?,0
This looks good.,0
What’s the price?,0
What’s the price?,0
telegram: t dot me slash devguy213,1
What are the dimensions?,0
Does it come in other colors?,0
Where do you ship from?,0
Does it come in other colors?,0
Does it come in other colors?,0
Does it come in other colors?,0
Nice product!,0
telegram: t dot me slash coolcat859,1
This looks good.,0
This looks good.,0
WhatsApp me at +1-555-684-3924,1
I’m interested in this item.,0
Can you show more photos?,0
Nice product!,0
I’m interested in this item.,0
This looks good.,0
How soon can I get it?,0
Contact me via Telegram: @designer123,1
Reach me at +1 708 462 8848,1
Follow me on Twitter: @charlie827,1
Do you have it in stock?,0
Nice product!,0
I’m interested in this item.,0
How soon can I get it?,0
Does it come in other colors?,0
Ping me on Telegram: @frank631,1
Follow me on Instagram @shopper99 and DM.,1
Where do you ship from?,0
Where do you ship from?,0
How soon can I get it?,0
Let's connect on LinkedIn: linkedin.com/in/fashioneer,1
This looks good.,0
Mail me: judy19@test.org,1
How soon can I get it?,0
How soon can I get it?,0
I’m interested in this item.,0
My number is +1 720 535 6829,1
Nice product!,0
What are the dimensions?,0
I’m interested in this item.,0
Let's connect on LinkedIn: https://linkedin.com/in/grace706,1
Do you have it in stock?,0
c   o   n   t   a   c   t   m   e   + 1   5 9 1   1 4 2   8 5 2 2,1
Nice product!,0
Do you have it in stock?,0
Nice product!,0
Can you show more photos?,0
Do you have it in stock?,0
What are the dimensions?,0
Does it come in other colors?,0
Can you show more photos?,0
What are the dimensions?,0
Does it come in other colors?,0
DM me on Instagram: @judy293,1
Nice product!,0
What’s the price?,0
Nice product!,0
Can you show more photos?,0
Hit me up on WhatsApp at +1-976-571-4234,1
Where do you ship from?,0
Text me at 6218901911,1
How soon can I get it?,0
Add me on Facebook (facebook.com/best_pizza),1
I’m interested in this item.,0
Nice product!,0
What’s the price?,0
Text me at 475-731-3326,1
Do you have it in stock?,0
I’m interested in this item.,0
Do you have it in stock?,0
Do you have it in stock?,0
This looks good.,0
Does it come in other colors?,0
Telegram me at (658) 110-6313,1
I’m interested in this item.,0
C o n t a c t :   + 1   9 5 0   5 0 8   4 0 3 6,1
snap me at s-n-a-p devguy752,1
Nice product!,0
How soon can I get it?,0
Ping me on Telegram: @alice708,1
Here is my email: user1115@example.com,1
This looks good.,0
How soon can I get it?,0
Do you have it in stock?,0
Contact: +1-244-777-9837,1
Can you show more photos?,0
How soon can I get it?,0
What’s the price?,0
Follow me on Twitter: @heidi611,1
Does it come in other colors?,0
What are the dimensions?,0
Nice product!,0
This looks good.,0
How soon can I get it?,0
What’s the price?,0
I’m interested in this item.,0
Where do you ship from?,0
How soon can I get it?,0
How soon can I get it?,0
Can you show more photos?,0
Can I have your email address?,1
Does it come in other colors?,0
Nice product!,0
How soon can I get it?,0
Can you show more photos?,0
Let's connect on LinkedIn: https://linkedin.com/in/charlie271,1
Does it come in other colors?,0
This looks good.,0
This looks good.,0
Can you show more photos?,0
How soon can I get it?,0
Can you show more photos?,0
What’s the price?,0
Do you have it in stock?,0
"Email is user4654@example.com, reach out anytime.",1
This looks good.,0
Let's connect on LinkedIn: https://linkedin.com/in/david870,1
Text me at +1-644-328-8137,1
What’s the price?,0
Where do you ship from?,0
Can you show more photos?,0
Here is my email: user3110@example.com,1
Nice product!,0
Does it come in other colors?,0
Does it come in other colors?,0
Message me on Signal: (501) 188-1711,1
Does it come in other colors?,0
t e l : +1-899-725-5479,1
Can you share your phone number so I can send you details?,1
How soon can I get it?,0
C a l l   m e :   + 1   0 0 1   2 5 1   1 6 0 3,1
Nice product!,0
I’m interested in this item.,0
This looks good.,0
Message me on Snapchat: jane.smith,1
Do you have it in stock?,0
Here is my email: user6688@example.com,1
What are the dimensions?,0
Do you have it in stock?,0
Do you have it in stock?,0
This looks good.,0
What’s the price?,0
Nice product!,0
What’s the price?,0
wanna chat? +1-883-315-5965,1
What are the dimensions?,0
"Email is user9005@example.com, reach out anytime.",1
What’s the price?,0
What are the dimensions?,0
Does it come in other colors?,0
you can DM me at coolcat373 on Insta,1
telegram: t dot me slash fashionista374,1
Where do you ship from?,0
Do you have it in stock?,0
What’s the price?,0
I’m interested in this item.,0
Nice product!,0
fb.com/shopper336,1
Do you have it in stock?,0
What’s the price?,0
This looks good.,0
Can you show more photos?,0
What’s the price?,0
Nice product!,0
What are the dimensions?,0
How soon can I get it?,0
I’m interested in this item.,0
Does it come in other colors?,0
Nice product!,0
Can you show more photos?,0
Nice product!,0
What’s the price?,0
How soon can I get it?,0
Do you have it in stock?,0
You can reach me at 555-614-8146,1
Can you share your phone number so I can send you details?,1
This looks good.,0
This looks good.,0
Nice product!,0
Does it come in other colors?,0
Add me on WhatsApp: 555-174-1856,1
Where do you ship from?,0
This looks good.,0
This looks good.,0
This looks good.,0
I’m interested in this item.,0
What’s the price?,0
I’m interested in this item.,0
I’m interested in this item.,0
How soon can I get it?,0
Do you have it in stock?,0
This looks good.,0
C o n t a c t :   ( 0 0 8 )   3 3 9 - 1 5 2 2,1
Hit me up on WhatsApp at +1-545-537-3574,1
Do you have it in stock?,0
I’m interested in this item.,0
Can you show more photos?,0
What’s the price?,0
Can you show more photos?,0
Follow me on Instagram @best_pizza and DM.,1
How soon can I get it?,0
What are the dimensions?,0
Where do you ship from?,0
Nice product!,0
Does it come in other colors?,0
This looks good.,0
I’m interested in this item.,0
How soon can I get it?,0
How soon can I get it?,0
What’s the price?,0
Does it come in other colors?,0
Where do you ship from?,0
What are the dimensions?,0
Contact me on Skype: alice871,1
This looks good.,0
Can you show more photos?,0
This looks good.,0
What are the dimensions?,0
You can reach me at +1-446-761-5763,1
Where do you ship from?,0
What are the dimensions?,0
Do you have it in stock?,0
Nice product!,0
Message me on Signal: +1 795 708 4810,1
Can you show more photos?,0
Does it come in other colors?,0
Do you have it in stock?,0
I’m interested in this item.,0
What’s the price?,0
This looks good.,0
Can you show more photos?,0
Nice product!,0
Do you have it in stock?,0
I’m interested in this item.,0
Do you have it in stock?,0
get in touch @ user8801@example.com,1
Does it come in other colors?,0
Nice product!,0
Nice product!,0
How soon can I get it?,0
📱 +1-264-422-1654,1
Please email me at user8093@example.com,1
I’m interested in this item.,0
Nice product!,0
This looks good.,0
Can you show more photos?,0
Nice product!,0
Can you show more photos?,0
What are the dimensions?,0
Nice product!,0
Let's connect on LinkedIn: linkedin.com/in/fashionguru,1
c o n t a c t : +1-580-738-6759,1
My WeChat ID is best_pizza,1
My TikTok: @alice917,1
Where do you ship from?,0
How soon can I get it?,0
What are the dimensions?,0
I’m interested in this item.,0
Connect on LinkedIn (linkedin.com/in/fashioneer),1
e m a i l m e @ user9741@example.com,1
you can DM me at devguy153 on Insta,1
Where do you ship from?,0
How soon can I get it?,0
This looks good.,0
What are the dimensions?,0
Does it come in other colors?,0
How soon can I get it?,0
Where do you ship from?,0
Where do you ship from?,0
Nice product!,0
This looks good.,0
Add me on Facebook (facebook.com/fashionguru),1
What’s the price?,0
How soon can I get it?,0
📧 user6113@example.com,1
What’s the price?,0
What’s the price?,0
What are the dimensions?,0
What’s the price?,0
What’s the price?,0
I’m interested in this item.,0
Nice product!,0
my digits: +1-975-931-4965,1
This looks good.,0
Where do you ship from?,0
What’s the price?,0
Where do you ship from?,0
I’m interested in this item.,0
How soon can I get it?,0
What’s the price?,0
How soon can I get it?,0
find me at user8642@example.com 😉,1
Does it come in other colors?,0
I’m interested in this item.,0
Does it come in other colors?,0
Nice product!,0
What’s the price?,0
get in touch @ user1221@example.com,1
my digits: +1-838-514-7028,1
I’m interested in this item.,0
What are the dimensions?,0
Do you have it in stock?,0
Where do you ship from?,0
Can you show more photos?,0
Do you have it in stock?,0
Connect on LinkedIn (linkedin.com/in/coolcat439),1
How soon can I get it?,0
I’m interested in this item.,0
Where do you ship from?,0
Does it come in other colors?,0
Does it come in other colors?,0
Does it come in other colors?,0
This looks good.,0
Can you show more photos?,0
This looks good.,0
What’s the price?,0
Nice product!,0
Does it come in other colors?,0
my email id is user6072@example.com,1
I’m interested in this item.,0
Message me on Snapchat: best_pizza,1
Do you have it in stock?,0
Nice product!,0
Does it come in other colors?,0
Do you have it in stock?,0
This looks good.,0
What’s the price?,0
Does it come in other colors?,0
How soon can I get it?,0
You can reach me at 555-209-3892,1
telegram: t dot me slash coolcat790,1
This looks good.,0
Does it come in other colors?,0
Does it come in other colors?,0
t e l : +1-291-812-4596,1
What are the dimensions?,0
This looks good.,0
Contact via email: frank30@example.com,1
LinkedIn me at (319) 071-5075,1
Can you show more photos?,0
Does it come in other colors?,0
Does it come in other colors?,0
Can you show more photos?,0
Nice product!,0
What are the dimensions?,0
Can you show more photos?,0
Where do you ship from?,0
Where do you ship from?,0
Nice product!,0
Do you have it in stock?,0
What’s the price?,0
Nice product!,0
Does it come in other colors?,0
Can you show more photos?,0
I’m interested in this item.,0
Here is my email: user1007@example.com,1
Where do you ship from?,0
Can you show more photos?,0
Can you show more photos?,0
I’m interested in this item.,0
Connect on LinkedIn (linkedin.com/in/shop_owner),1
How soon can I get it?,0
Let's connect on LinkedIn: linkedin.com/in/coolguy42,1
What are the dimensions?,0
What are the dimensions?,0
t e l : +1-144-514-7856,1
Where do you ship from?,0
Where do you ship from?,0
Do you have it in stock?,0
get in touch @ user1368@example.com,1
This looks good.,0
What’s the price?,0
What’s the price?,0
Do you have it in stock?,0
Does it come in other colors?,0
How soon can I get it?,0
Where do you ship from?,0
This looks good.,0
Nice product!,0
What’s the price?,0
Does it come in other colors?,0
Nice product!,0
Do you have it in stock?,0
What’s the price?,0
What are the dimensions?,0
Can you show more photos?,0
This looks good.,0
This looks good.,0
This looks good.,0
Can you show more photos?,0
Do you have it in stock?,0
Do you have it in stock?,0
What are the dimensions?,0
Where do you ship from?,0
Nice product!,0
What are the dimensions?,0
I’m interested in this item.,0
This looks good.,0
How soon can I get it?,0
Contact me via Telegram: @shop_owner,1
I’m interested in this item.,0
What are the dimensions?,0
What are the dimensions?,0
How soon can I get it?,0
How soon can I get it?,0
Nice product!,0
Can you show more photos?,0
How soon can I get it?,0
I’m interested in this item.,0
Reach me at (703) 873-2539,1
What are the dimensions?,0
Contact via email: alice22@email.net,1
Where do you ship from?,0
How soon can I get it?,0
This looks good.,0
Do you have it in stock?,0
Do you have it in stock?,0
This looks good.,0
I’m interested in this item.,0
I’m interested in this item.,0
What are the dimensions?,0
Can you show more photos?,0
This looks good.,0
This looks good.,0
This looks good.,0
📱 +1-896-621-9077,1
What are the dimensions?,0
What’s the price?,0
DM me on Instagram: @grace518,1
Does it come in other colors?,0
How soon can I get it?,0
Skype me at +1 708 990 9450,1
Does it come in other colors?,0
Do you have it in stock?,0
Does it come in other colors?,0
Text me at (436) 290-6501,1
Text me at +1 033 819 3885,1
Mail me: judy49@mail.com,1
Where do you ship from?,0
What are the dimensions?,0
This looks good.,0
Do you have it in stock?,0
Do you have it in stock?,0
What are the dimensions?,0
How soon can I get it?,0
Can you show more photos?,0
Do you have it in stock?,0
Message me on Snapchat: tech_lead,1
I’m interested in this item.,0
What’s the price?,0
What are the dimensions?,0
I’m interested in this item.,0
What’s the price?,0
Nice product!,0
Can you show more photos?,0
Can you show more photos?,0
Can you show more photos?,0
Nice product!,0
Where do you ship from?,0
Where do you ship from?,0
Where do you ship from?,0
Where do you ship from?,0
Where do you ship from?,0
Where do you ship from?,0
Connect on LinkedIn (linkedin.com/in/fashionista349),1
Do you have it in stock?,0
Where do you ship from?,0
What are the dimensions?,0
I’m interested in this item.,0
Nice product!,0
I’m interested in this item.,0
"My contact is 555-748-3191, call me.",1
Do you have it in stock?,0
I’m interested in this item.,0
Snapchat me @ coolcat358,1
Can you show more photos?,0
This looks good.,0
Can you show more photos?,0
fb.com/devguy336,1
Can you show more photos?,0
I’m interested in this item.,0
Where do you ship from?,0
DM me on Instagram: @frank408,1
Does it come in other colors?,0
Please email me at user1225@example.com,1
Where do you ship from?,0
Where do you ship from?,0
find me at user7309@example.com 😉,1
Do you have it in stock?,0
You can reach me at +1-510-299-8935,1
What are the dimensions?,0
Connect on LinkedIn (linkedin.com/in/john_doe),1
What are the dimensions?,0
Add me on WhatsApp: 9879392991,1
Do you have it in stock?,0
I’m interested in this item.,0
Do you have it in stock?,0
Do you have it in stock?,0
What’s the price?,0
I’m interested in this item.,0
What’s the price?,0
Nice product!,0
Does it come in other colors?,0
How soon can I get it?,0
Do you have it in stock?,0
Where do you ship from?,0
I’m interested in this item.,0
Does it come in other colors?,0
I’m interested in this item.,0
Can you show more photos?,0
What’s the price?,0
I’m interested in this item.,0
What are the dimensions?,0
This looks good.,0
Messenger me at +1 649 961 8298,1
Does it come in other colors?,0
Does it come in other colors?,0
Do you have it in stock?,0
I’m interested in this item.,0
Does it come in other colors?,0
Can you show more photos?,0
Does it come in other colors?,0
Do you have it in stock?,0
Message me on Snapchat: shop_owner,1
Where do you ship from?,0
Does it come in other colors?,0
I’m interested in this item.,0
How soon can I get it?,0
Where do you ship from?,0
What are the dimensions?,0
my email id is user5725@example.com,1
Do you have it in stock?,0
Does it come in other colors?,0
Can I have your email address?,1
Hit me up on WhatsApp at 555-300-5761,1
my digits: +1-708-725-4737,1
What are the dimensions?,0
What are the dimensions?,0
Where do you ship from?,0
Contact me on Skype: alice690,1
Can you show more photos?,0
I’m interested in this item.,0
My WeChat ID is shopper99,1
I’m interested in this item.,0
Can I have your email address?,1
Here is my email: user7815@example.com,1
Do you have it in stock?,0
Text me at (592) 573-1229,1
What are the dimensions?,0
Where do you ship from?,0
Message me on Signal: 2607893873,1
Does it come in other colors?,0
This looks good.,0
my email id is user3827@example.com,1
What are the dimensions?,0
Connect on LinkedIn (linkedin.com/in/fashionguru),1
DM me on Facebook: facebook.com/shopper102,1
Nice product!,0
What’s the price?,0
What are the dimensions?,0
What’s the price?,0
What are the dimensions?,0
Text me at +1-477-136-3994,1
What’s the price?,0
Do you have it in stock?,0
Reach me at 8369345700,1
Does it come in other colors?,0
Reach me at +1 028 220 8109,1
I’m interested in this item.,0
How soon can I get it?,0
Does it come in other colors?,0
Nice product!,0
I’m interested in this item.,0
This looks good.,0
Where do you ship from?,0
Where do you ship from?,0
Nice product!,0
"Email is user2984@example.com, reach out anytime.",1
What’s the price?,0
Can you show more photos?,0
This looks good.,0
C o n t a c t :   7 9 7 - 8 8 7 - 4 1 0 0,1
What’s the price?,0
Do you have it in stock?,0
Does it come in other colors?,0
Does it come in other colors?,0
Do you have it in stock?,0
Nice product!,0
Can you show more photos?,0
What’s the price?,0
c   o   n   t   a   c   t   m   e   + 1   4 1 5   0 0 8   8 2 4 6,1
Where do you ship from?,0
This looks good.,0
Can you show more photos?,0
Do you have it in stock?,0
Do you have it in stock?,0
What are the dimensions?,0
I’m interested in this item.,0
Does it come in other colors?,0
Can you show more photos?,0
I’m interested in this item.,0
Can you show more photos?,0
Does it come in other colors?,0
Do you have it in stock?,0
Nice product!,0
Message me on Snapchat: coolguy42,1
How soon can I get it?,0
Do you have it in stock?,0
What’s the price?,0
Add me on WhatsApp: 0213781645,1
Do you have it in stock?,0
C a l l   m e :   1 6 4 - 1 3 6 - 2 6 8 3,1
"Email is user5598@example.com, reach out anytime.",1
my digits: +1-704-811-3880,1
I’m interested in this item.,0
Does it come in other colors?,0
Add me on WhatsApp: 898-727-8966,1
Does it come in other colors?,0
I’m interested in this item.,0
What’s the price?,0
Where do you ship from?,0
Do you have it in stock?,0
How soon can I get it?,0
Where do you ship from?,0
Where do you ship from?,0
Does it come in other colors?,0
Can you show more photos?,0
Nice product!,0
Does it come in other colors?,0
wanna chat? +1-982-226-9939,1
Reach out on WhatsApp at +1-303-625-4851,1
Where do you ship from?,0
Where do you ship from?,0
How soon can I get it?,0
What’s the price?,0
What are the dimensions?,0
Nice product!,0
Do you have it in stock?,0
I’m interested in this item.,0
Nice product!,0
What’s the price?,0
Nice product!,0
Can you show more photos?,0
Do you have it in stock?,0
Follow me on Instagram @shop_owner and DM.,1
How soon can I get it?,0
I’m interested in this item.,0
Do you have it in stock?,0
Can you show more photos?,0
Send me a DM on Facebook: facebook.com/shop_owner,1
Do you have it in stock?,0
Does it come in other colors?,0
What’s the price?,0
This looks good.,0
Contact via email: grace94@email.net,1
Can you show more photos?,0
"My contact is 555-346-8592, call me.",1
C o n t a c t :   6 1 0 5 1 4 6 6 0 0,1
telegram: t dot me slash shopper216,1
Contact: +1-170-195-3384,1
Reach me at (040) 266-4385,1
How soon can I get it?,0
This looks good.,0
I’m interested in this item.,0
This looks good.,0
📱 +1-394-654-2976,1
C o n t a c t :   7 1 8 - 9 8 9 - 6 4 8 1,1
How soon can I get it?,0
What are the dimensions?,0
Can you show more photos?,0
What are the dimensions?,0
Do you have it in stock?,0
What are the dimensions?,0
This looks good.,0
How soon can I get it?,0
Message me on Snapchat: john_doe,1
How soon can I get it?,0
Nice product!,0
This looks good.,0
Does it come in other colors?,0
Nice product!,0
Can you show more photos?,0
I’m interested in this item.,0
My WeChat ID is shop_owner,1
This looks good.,0
Snapchat me @ fashionista734,1
How soon can I get it?,0
This looks good.,0
Message via email: ivan67@mail.com,1
Connect on LinkedIn (linkedin.com/in/designer123),1
Can you show more photos?,0
Please email me at user5748@example.com,1
Can you show more photos?,0
📧 user6157@example.com,1
Do you have it in stock?,0
What’s the price?,0
Where do you ship from?,0
Nice product!,0
Can you show more photos?,0
How soon can I get it?,0
Can you show more photos?,0
Send me a DM on Facebook: facebook.com/shop_owner,1
Does it come in other colors?,0
I’m interested in this item.,0
Do you have it in stock?,0
Do you have it in stock?,0
This looks good.,0
telegram: t dot me slash shopper63,1
How soon can I get it?,0
What are the dimensions?,0
Does it come in other colors?,0
Nice product!,0
Can you show more photos?,0
What are the dimensions?,0
Message via email: heidi62@mail.com,1
Does it come in other colors?,0
What’s the price?,0
Where do you ship from?,0
What are the dimensions?,0
I’m interested in this item.,0
Do you have it in stock?,0
Where do you ship from?,0
Nice product!,0
Can you show more photos?,0
What’s the price?,0
I’m interested in this item.,0
Let's connect on LinkedIn: https://linkedin.com/in/grace993,1
What’s the price?,0
This looks good.,0
What’s the price?,0
I’m interested in this item.,0
What’s the price?,0
my email id is user4292@example.com,1
Connect on LinkedIn (linkedin.com/in/fashionguru),1
Does it come in other colors?,0
Follow me on Instagram @john_doe and DM.,1
e m a i l m e @ user2142@example.com,1
This looks good.,0
Call me at +1 846 217 4136,1
Does it come in other colors?,0
Nice product!,0
Nice product!,0
WhatsApp me at +1-555-229-9961,1
"Email is user8515@example.com, reach out anytime.",1
"My contact is 555-616-2453, call me.",1
Follow me on Twitter: @grace841,1
Add me on WhatsApp: (583) 050-8811,1
Nice product!,0
Can you show more photos?,0
I’m interested in this item.,0
Nice product!,0
Can you show more photos?,0
What are the dimensions?,0
Does it come in other colors?,0
What are the dimensions?,0
Reach me at 108-933-4801,1
Can you show more photos?,0
This looks good.,0
This looks good.,0
What’s the price?,0
This looks good.,0
Does it come in other colors?,0
What are the dimensions?,0
This looks good.,0
Does it come in other colors?,0
c   o   n   t   a   c   t   m   e   4 4 3 - 1 2 8 - 1 6 7 8,1
Hit me up on WhatsApp at 555-272-6743,1
I’m interested in this item.,0
How soon can I get it?,0
What are the dimensions?,0
Do you have it in stock?,0
Does it come in other colors?,0
wanna chat? +1-916-650-4525,1
Can you show more photos?,0
Does it come in other colors?,0
Can you show more photos?,0
I’m interested in this item.,0
What’s the price?,0
Can you show more photos?,0
Nice product!,0
Can you show more photos?,0
t e l : +1-892-799-9766,1
Do you have it in stock?,0
How soon can I get it?,0
Does it come in other colors?,0
Let's connect on LinkedIn: linkedin.com/in/best_pizza,1
Does it come in other colors?,0
Does it come in other colors?,0
You can reach me at 555-735-1524,1
Where do you ship from?,0
How soon can I get it?,0
Hit me up on WhatsApp at +1-227-201-1384,1
telegram: t dot me slash fashionista27,1
Where do you ship from?,0
Can you show more photos?,0
What’s the price?,0
What’s the price?,0
Email me at david7@mail.com,1
Where do you ship from?,0
"Email is user8121@example.com, reach out anytime.",1
What’s the price?,0
Do you have it in stock?,0
Do you have it in stock?,0
How soon can I get it?,0
Does it come in other colors?,0
Please email me at user2814@example.com,1
This looks good.,0
What are the dimensions?,0
Where do you ship from?,0
Can you show more photos?,0
I’m interested in this item.,0
Do you have it in stock?,0
Can you show more photos?,0
What are the dimensions?,0
Add me on Facebook (facebook.com/best_pizza),1
This looks good.,0
c   o   n   t   a   c   t   m   e   + 1   7 6 2   5 7 5   6 1 8 5,1
Can you show more photos?,0
Do you have it in stock?,0
What’s the price?,0
What’s the price?,0
Contact me via Telegram: @designer123,1
Can I have your email address?,1
Follow me on Instagram @best_pizza and DM.,1
What’s the price?,0
my email id is user1483@example.com,1
Email me at alice44@email.net,1
I’m interested in this item.,0
Does it come in other colors?,0
Message me on Snapchat: fashioneer,1
Does it come in other colors?,0
Nice product!,0
Where do you ship from?,0
Do you have it in stock?,0
What’s the price?,0
Does it come in other colors?,0
C o n t a c t :   ( 7 4 6 )   3 8 3 - 0 8 7 4,1
I’m interested in this item.,0
Do you have it in stock?,0
What’s the price?,0
Where do you ship from?,0
What are the dimensions?,0
"My contact is 555-631-9788, call me.",1
Does it come in other colors?,0
Can you show more photos?,0
Do you have it in stock?,0
What are the dimensions?,0
I’m interested in this item.,0
Does it come in other colors?,0
Where do you ship from?,0
This looks good.,0
I’m interested in this item.,0
What’s the price?,0
Nice product!,0
"Email is user1596@example.com, reach out anytime.",1
Can you show more photos?,0
How soon can I get it?,0
Can you show more photos?,0
What are the dimensions?,0
Do you have it in stock?,0
What’s the price?,0
Ping me on Telegram: @grace505,1
Add me on WhatsApp: 555-392-1432,1
Here is my email: user6429@example.com,1
Where do you ship from?,0
Nice product!,0
I’m interested in this item.,0
Follow me on Instagram @jane.smith and DM.,1
Email me at user1836@example.com,1
This looks good.,0
What’s the price?,0
Nice product!,0
Do you have it in stock?,0
This looks good.,0
What are the dimensions?,0
What’s the price?,0
What’s the price?,0
What’s the price?,0
How soon can I get it?,0
Can you show more photos?,0
How soon can I get it?,0
My Snapchat is grace526,1
Does it come in other colors?,0
How soon can I get it?,0
Please email me at user4208@example.com,1
Where do you ship from?,0
This looks good.,0
Hit me up on WhatsApp at 555-140-7290,1
Add me on WhatsApp: 555-631-4933,1
Where do you ship from?,0
Do you have it in stock?,0
How soon can I get it?,0
Do you have it in stock?,0
What’s the price?,0
Can you show more photos?,0
Find me on Facebook: https://facebook.com/alice523,1
Nice product!,0
snap me at s-n-a-p devguy929,1
DM me on Facebook: facebook.com/shopper55,1
What are the dimensions?,0
Skype me at +1 641 415 2071,1
This looks good.,0
Nice product!,0
c   o   n   t   a   c   t   m   e   ( 3 0 8 )   4 4 2 - 3 7 3 1,1
How soon can I get it?,0
I’m interested in this item.,0
Please email me at user3281@example.com,1
Reach me at +1 398 904 3080,1
t e l : +1-172-840-5089,1
Where do you ship from?,0
Message me on Snapchat: best_pizza,1
How soon can I get it?,0
Can you show more photos?,0
snap me at s-n-a-p coolcat589,1
Can you show more photos?,0
What’s the price?,0
Where do you ship from?,0
"Email is user1092@example.com, reach out anytime.",1
This looks good.,0
Do you have it in stock?,0
Do you have it in stock?,0
I’m interested in this item.,0
Hit me up on WhatsApp at +1-301-799-3719,1
DM me on Instagram @shopper99,1
DM me on Instagram @designer123,1
C a l l   m e :   + 1   9 1 8   0 4 7   5 3 5 6,1
How soon can I get it?,0
Do you have it in stock?,0
Can you show more photos?,0
Does it come in other colors?,0
Do you have it in stock?,0
What are the dimensions?,0
wanna chat? +1-430-325-5486,1
Where do you ship from?,0
My number is 184-894-8193,1
Do you have it in stock?,0
Where do you ship from?,0
Can you show more photos?,0
This looks good.,0
This looks good.,0
Where do you ship from?,0
I’m interested in this item.,0
Where do you ship from?,0
Do you have it in stock?,0
I’m interested in this item.,0
Do you have it in stock?,0
How soon can I get it?,0
Does it come in other colors?,0
What’s the price?,0
Nice product!,0
Does it come in other colors?,0
What’s the price?,0
What’s the price?,0
Where do you ship from?,0
Nice product!,0
Do you have it in stock?,0
Does it come in other colors?,0
Does it come in other colors?,0
I’m interested in this item.,0
This looks good.,0
Do you have it in stock?,0
This looks good.,0
Here's my email: user3838@example.com,1
WhatsApp me at +1-555-833-6523,1
Snapchat me @ shopper549,1
Call me at (303) 429-8236,1
This looks good.,0
I’m interested in this item.,0
What’s the price?,0
How soon can I get it?,0
This looks good.,0
Do you have it in stock?,0
Where do you ship from?,0
This looks good.,0
What’s the price?,0
What are the dimensions?,0
How soon can I get it?,0
Do you have it in stock?,0
Does it come in other colors?,0
Can you show more photos?,0
Where do you ship from?,0
Do you have it in stock?,0
What are the dimensions?,0
e m a i l m e @ user8973@example.com,1
c o n t a c t : +1-684-206-7766,1
I’m interested in this item.,0
What are the dimensions?,0
I’m interested in this item.,0
C o n t a c t :   7 5 1 - 2 2 7 - 0 8 2 5,1
How soon can I get it?,0
How soon can I get it?,0
How soon can I get it?,0
Where do you ship from?,0
Find me on Facebook: https://facebook.com/grace946,1
Let's connect on LinkedIn: linkedin.com/in/tech_lead,1
Does it come in other colors?,0
What’s the price?,0
Nice product!,0
Does it come in other colors?,0
What are the dimensions?,0
Do you have it in stock?,0
I’m interested in this item.,0
How soon can I get it?,0
Nice product!,0
Nice product!,0
Hit me up on WhatsApp at +1-620-773-4512,1
Contact me on Skype: frank624,1
Can you show more photos?,0
My WeChat ID is best_pizza,1
Do you have it in stock?,0
Do you have it in stock?,0
This looks good.,0
What’s the price?,0
Can you show more photos?,0
What are the dimensions?,0
Does it come in other colors?,0
Do you have it in stock?,0
Do you have it in stock?,0
I’m interested in this item.,0
How soon can I get it?,0
C o n t a c t :   + 1   7 6 3   7 7 0   3 5 5 0,1
Follow me on Instagram @fashionguru and DM.,1
This looks good.,0
What’s the price?,0
What are the dimensions?,0
What’s the price?,0
Email me at user4360@example.com,1
Nice product!,0
Text me at +1-572-933-9491,1
Contact me via Telegram: @tech_lead,1
How soon can I get it?,0
Where do you ship from?,0
My WeChat ID is best_pizza,1
Does it come in other colors?,0
What’s the price?,0
What’s the price?,0
This looks good.,0
Does it come in other colors?,0
What are the dimensions?,0
Nice product!,0
What’s the price?,0
I’m interested in this item.,0
Can you show more photos?,0
Do you have it in stock?,0
How soon can I get it?,0
you can DM me at devguy931 on Insta,1
I’m interested in this item.,0
Where do you ship from?,0
What are the dimensions?,0
Message via email: bob77@email.net,1
I’m interested in this item.,0
What are the dimensions?,0
Nice product!,0
Do you have it in stock?,0
This looks good.,0
Where do you ship from?,0
What’s the price?,0
Nice product!,0
How soon can I get it?,0
Can you show more photos?,0
How soon can I get it?,0
Can you show more photos?,0
How soon can I get it?,0
Where do you ship from?,0
I’m interested in this item.,0
You can reach me at 555-280-1835,1
What’s the price?,0
I’m interested in this item.,0
Nice product!,0
Find me on Facebook: https://facebook.com/grace397,1
Do you have it in stock?,0
What are the dimensions?,0
What’s the price?,0
Do you have it in stock?,0
How soon can I get it?,0
Do you have it in stock?,0
Add me on WhatsApp: 644-055-3434,1
message me via g m a i l at user1159@example.com,1
Where do you ship from?,0
What’s the price?,0
How soon can I get it?,0
What’s the price?,0
Do you have it in stock?,0
How soon can I get it?,0
Do you have it in stock?,0
📱 +1-411-601-1386,1
find me at user3204@example.com 😉,1
message me via g m a i l at user575@example.com,1
Nice product!,0
b o b 3 7 @ e x a m p l e . c o m,1
Follow me on Twitter: @alice18,1
Does it come in other colors?,0
Does it come in other colors?,0
Hit me up on WhatsApp at 555-721-5185,1
Does it come in other colors?,0
Send me a DM on Facebook: facebook.com/fashioneer,1
I’m interested in this item.,0
Nice product!,0
fb.com/devguy957,1
Do you have it in stock?,0
This looks good.,0
message me via g m a i l at user4875@example.com,1
How soon can I get it?,0
Does it come in other colors?,0
This looks good.,0
What’s the price?,0
This looks good.,0
Nice product!,0
Can you show more photos?,0
Nice product!,0
Can you show more photos?,0
Do you have it in stock?,0
I’m interested in this item.,0
Text me at 555-973-4961 for more info.,1
Can you show more photos?,0
Can you show more photos?,0
Does it come in other colors?,0
Does it come in other colors?,0
Do you have it in stock?,0
Do you have it in stock?,0
c o n t a c t : +1-391-541-2260,1
What are the dimensions?,0
I’m interested in this item.,0
Where do you ship from?,0
DM me on Instagram: @alice383,1
What’s the price?,0
What are the dimensions?,0
Where do you ship from?,0
Nice product!,0
What are the dimensions?,0
What’s the price?,0
Do you have it in stock?,0
Can you share your phone number so I can send you details?,1
What are the dimensions?,0
Ping me on Telegram: @bob367,1
What’s the price?,0
f r a n k 5 1 @ e m a i l . n e t,1
"Email is user5610@example.com, reach out anytime.",1
How soon can I get it?,0
What are the dimensions?,0
What’s the price?,0
Do you have it in stock?,0
I’m interested in this item.,0
How soon can I get it?,0
Does it come in other colors?,0
Does it come in other colors?,0
What are the dimensions?,0
Can you show more photos?,0
Does it come in other colors?,0
Where do you ship from?,0
This looks good.,0
What’s the price?,0
Does it come in other colors?,0
hmu @ shopper663,1
This looks good.,0
How soon can I get it?,0
I’m interested in this item.,0
Where do you ship from?,0
You can reach me at 555-670-2401,1
I’m interested in this item.,0
What’s the price?,0
Where do you ship from?,0
Can you show more photos?,0
Can you show more photos?,0
What are the dimensions?,0
What’s the price?,0
Nice product!,0
Where do you ship from?,0
c o n t a c t : +1-445-725-8780,1
e v e 5 3 @ t e s t . o r g,1
Does it come in other colors?,0
How soon can I get it?,0
I’m interested in this item.,0
This looks good.,0
Connect on LinkedIn (linkedin.com/in/designer123),1
How soon can I get it?,0
What are the dimensions?,0
Nice product!,0
What’s the price?,0
Nice product!,0
What’s the price?,0
I’m interested in this item.,0
This looks good.,0
How soon can I get it?,0
This looks good.,0
Message me at user7953@example.com,1
I’m interested in this item.,0
I’m interested in this item.,0
Nice product!,0
This looks good.,0
Can you show more photos?,0
I’m interested in this item.,0
Where do you ship from?,0
This looks good.,0
What are the dimensions?,0
What are the dimensions?,0
Does it come in other colors?,0
Nice product!,0
Nice product!,0
I’m interested in this item.,0
What are the dimensions?,0
Text me at (377) 800-2079,1
I’m interested in this item.,0
How soon can I get it?,0
Text me at +1-924-557-3243,1
e m a i l m e @ user4230@example.com,1
What’s the price?,0
Let's connect on LinkedIn: https://linkedin.com/in/judy77,1
Can you show more photos?,0
How soon can I get it?,0
you can DM me at shopper394 on Insta,1
What are the dimensions?,0
Do you have it in stock?,0
This looks good.,0
Text me at 555-349-3889 for more info.,1
What’s the price?,0
What are the dimensions?,0
Does it come in other colors?,0
Connect on LinkedIn (linkedin.com/in/john_doe),1
DM me on Facebook: facebook.com/shopper273,1
What’s the price?,0
📱 +1-827-873-8398,1
Do you have it in stock?,0
What’s the price?,0
This looks good.,0
Does it come in other colors?,0
What’s the price?,0
What are the dimensions?,0
What’s the price?,0
This looks good.,0
I’m interested in this item.,0
Where do you ship from?,0
Nice product!,0
Do you have it in stock?,0
What’s the price?,0
What are the dimensions?,0
What are the dimensions?,0
What are the dimensions?,0
Reach me at 839-481-2163,1
Does it come in other colors?,0
Please email me at user6523@example.com,1
Text me at 555-229-9093 for more info.,1
Can you show more photos?,0
This looks good.,0
Where do you ship from?,0
Where do you ship from?,0
I’m interested in this item.,0
Message me at user662@example.com,1
Reach me at 5540502348,1
Does it come in other colors?,0
Where do you ship from?,0
my digits: +1-934-938-1472,1
Can you show more photos?,0
Can you show more photos?,0
I’m interested in this item.,0
I’m interested in this item.,0
Nice product!,0
Where do you ship from?,0
I’m interested in this item.,0
Where do you ship from?,0
This looks good.,0
How soon can I get it?,0
Does it come in other colors?,0
How soon can I get it?,0
Find me on Facebook: https://facebook.com/judy172,1
Hit me up on WhatsApp at 555-885-9459,1
Do you have it in stock?,0
How soon can I get it?,0
I’m interested in this item.,0
Do you have it in stock?,0
I’m interested in this item.,0
Contact me on Skype: judy971,1
Do you have it in stock?,0
What are the dimensions?,0
Here is my email: user6179@example.com,1
This looks good.,0
"Email is user2542@example.com, reach out anytime.",1
Where do you ship from?,0
Does it come in other colors?,0
What’s the price?,0
Can you show more photos?,0
reach at t w o o o @example.com,1
What are the dimensions?,0
Where do you ship from?,0
I’m interested in this item.,0
Add me on WhatsApp: 555-377-7913,1
Can you show more photos?,0
I’m interested in this item.,0
Can you show more photos?,0
What are the dimensions?,0
This looks good.,0
What are the dimensions?,0
What’s the price?,0
Does it come in other colors?,0
Do you have it in stock?,0
Does it come in other colors?,0
t e l : +1-984-933-4914,1
What’s the price?,0
Do you have it in stock?,0
This looks good.,0
find me at user237@example.com 😉,1
How soon can I get it?,0
snap me at s-n-a-p fashionista860,1
This looks good.,0
Do you have it in stock?,0
Send me a DM on Facebook: facebook.com/shopper99,1
Do you have it in stock?,0
Can you show more photos?,0
This looks good.,0
Nice product!,0
Does it come in other colors?,0
Nice product!,0
What are the dimensions?,0
Nice product!,0
Where do you ship from?,0
Where do you ship from?,0
What are the dimensions?,0
Does it come in other colors?,0
What’s the price?,0
This looks good.,0
Where do you ship from?,0
Where do you ship from?,0
Can I have your email address?,1
Can you show more photos?,0
This looks good.,0
e m a i l m e @ user9804@example.com,1
How soon can I get it?,0
Does it come in other colors?,0
How soon can I get it?,0
Do you have it in stock?,0
wanna chat? +1-704-897-6296,1
Does it come in other colors?,0
This looks good.,0
t e l : +1-456-405-1154,1
Text me at 018-386-7467,1
📧 user7595@example.com,1
This looks good.,0
Can I have your email address?,1
You can reach me at 555-137-7145,1
Let's connect on LinkedIn: linkedin.com/in/designer123,1
Email me at bob32@email.net,1
Can you show more photos?,0
Reach me at (236) 121-7874,1
Let's connect on LinkedIn: linkedin.com/in/coolguy42,1
What are the dimensions?,0
Does it come in other colors?,0
What’s the price?,0
How soon can I get it?,0
Do you have it in stock?,0
Where do you ship from?,0
What are the dimensions?,0
Where do you ship from?,0
C a l l   m e :   + 1   7 9 0   9 0 1   1 2 2 7,1
Does it come in other colors?,0
DM me on Instagram: @judy822,1
What’s the price?,0
Does it come in other colors?,0
Where do you ship from?,0
"Email is user6538@example.com, reach out anytime.",1
I’m interested in this item.,0
snap me at s-n-a-p devguy230,1
find me at user8887@example.com 😉,1
Do you have it in stock?,0
How soon can I get it?,0
What are the dimensions?,0
Reach out on WhatsApp at +1-555-633-6180,1
I’m interested in this item.,0
How soon can I get it?,0
Does it come in other colors?,0
How soon can I get it?,0
How soon can I get it?,0
Nice product!,0
Where do you ship from?,0
I’m interested in this item.,0
Where do you ship from?,0
Can you show more photos?,0
What are the dimensions?,0
This looks good.,0
What are the dimensions?,0
This looks good.,0
Can you show more photos?,0
Can you show more photos?,0
Can you show more photos?,0
Where do you ship from?,0
Does it come in other colors?,0
Do you have it in stock?,0
Contact via email: david43@mail.com,1
Text me at (316) 445-9785,1
"Email is user5931@example.com, reach out anytime.",1
Where do you ship from?,0
Contact via email: alice80@test.org,1
I’m interested in this item.,0
How soon can I get it?,0
How soon can I get it?,0
Do you have it in stock?,0
I’m interested in this item.,0
Can you show more photos?,0
Where do you ship from?,0
Do you have it in stock?,0
I’m interested in this item.,0
This looks good.,0
Can you show more photos?,0
I’m interested in this item.,0
Can you show more photos?,0
d a v i d 9 0 @ m a i l . c o m,1
"My contact is 555-933-7075, call me.",1
Send me a DM on Facebook: facebook.com/jane.smith,1
Nice product!,0
Message me on Signal: 922-883-0816,1
I’m interested in this item.,0
Email me at user736@example.com,1
How soon can I get it?,0
Nice product!,0
Does it come in other colors?,0
Where do you ship from?,0
Do you have it in stock?,0
Contact via email: ivan77@example.com,1
I’m interested in this item.,0
How soon can I get it?,0
I’m interested in this item.,0
Can you show more photos?,0
I’m interested in this item.,0
Does it come in other colors?,0
Where do you ship from?,0
Text me at 9427078049,1
Nice product!,0
you can DM me at shopper94 on Insta,1
Can you show more photos?,0
What’s the price?,0
Nice product!,0
What are the dimensions?,0
Does it come in other colors?,0
This looks good.,0
Text me at +1 307 944 0542,1
Does it come in other colors?,0
I’m interested in this item.,0
Do you have it in stock?,0
I’m interested in this item.,0
Where do you ship from?,0
Can you show more photos?,0
What’s the price?,0
Where do you ship from?,0
Message me at user4694@example.com,1
Do you have it in stock?,0
my email id is user4681@example.com,1
Text me at 088-180-3140,1
Where do you ship from?,0
Does it come in other colors?,0
Contact me via Telegram: @best_pizza,1
What’s the price?,0
Does it come in other colors?,0
Can you show more photos?,0
c   o   n   t   a   c   t   m   e   ( 0 5 3 )   8 8 1 - 3 9 2 0,1
Nice product!,0
This looks good.,0
Message me on Snapchat: designer123,1
Nice product!,0
Does it come in other colors?,0
Nice product!,0
Do you have it in stock?,0
My TikTok: @alice790,1
Text me at (167) 432-0611,1
Text me at 555-814-8990 for more info.,1
What are the dimensions?,0
Can you show more photos?,0
Can you show more photos?,0
Can you share your phone number so I can send you details?,1
Can I have your email address?,1
This looks good.,0
Does it come in other colors?,0
How soon can I get it?,0
Where do you ship from?,0
Where do you ship from?,0
Message via email: charlie41@mail.com,1
Does it come in other colors?,0
Does it come in other colors?,0
What’s the price?,0
Message me on Signal: 0498362084,1
Nice product!,0
Where do you ship from?,0
Can you show more photos?,0
My number is 3374540537,1
Does it come in other colors?,0
Hit me up on WhatsApp at 555-364-9553,1
Nice product!,0
Nice product!,0
Nice product!,0
Can you show more photos?,0
I’m interested in this item.,0
How soon can I get it?,0
Nice product!,0
Nice product!,0
C a l l   m e :   ( 0 3 6 )   2 0 3 - 7 6 7 2,1
Call me at (546) 988-6877,1
This looks good.,0
Text me at +1 804 798 7585,1
I’m interested in this item.,0
How soon can I get it?,0
📱 +1-751-802-1340,1
What are the dimensions?,0
How soon can I get it?,0
This looks good.,0
Contact me via Telegram: @designer123,1
Nice product!,0
What are the dimensions?,0
Do you have it in stock?,0
Let's connect on LinkedIn: linkedin.com/in/coolguy42,1
Do you have it in stock?,0
Can you show more photos?,0
Add me on WhatsApp: 555-426-3846,1
Does it come in other colors?,0
Nice product!,0
What’s the price?,0
I’m interested in this item.,0
you can DM me at coolcat50 on Insta,1
Where do you ship from?,0
Mail me: bob22@email.net,1
Can you show more photos?,0
I’m interested in this item.,0
"Email is user7842@example.com, reach out anytime.",1
Can you show more photos?,0
Email me at eve77@email.net,1
Where do you ship from?,0
Can you show more photos?,0
Nice product!,0
How soon can I get it?,0
📱 +1-876-294-9013,1
How soon can I get it?,0
How soon can I get it?,0
Where do you ship from?,0
Can you show more photos?,0
Please email me at user6329@example.com,1
What’s the price?,0
Nice product!,0
Does it come in other colors?,0
I’m interested in this item.,0
What’s the price?,0
Where do you ship from?,0
Nice product!,0
Do you have it in stock?,0
What’s the price?,0
What’s the price?,0
Nice product!,0
wanna chat? +1-748-631-3120,1
This looks good.,0
This looks good.,0
Do you have it in stock?,0
I’m interested in this item.,0
Where do you ship from?,0
Can you show more photos?,0
Does it come in other colors?,0
Message me at user8040@example.com,1
Text me at +1 074 309 4659,1
This looks good.,0
What are the dimensions?,0
I’m interested in this item.,0
This looks good.,0
snap me at s-n-a-p shopper116,1
Contact me via Telegram: @jane.smith,1
How soon can I get it?,0
Do you have it in stock?,0
Message me on Signal: (874) 006-6155,1
Can you show more photos?,0
What’s the price?,0
Does it come in other colors?,0
How soon can I get it?,0
Does it come in other colors?,0
This looks good.,0
What’s the price?,0
Text me at 555-522-7993 for more info.,1
Do you have it in stock?,0
Does it come in other colors?,0
Where do you ship from?,0
Does it come in other colors?,0
Nice product!,0
Does it come in other colors?,0
Where do you ship from?,0
How soon can I get it?,0
Does it come in other colors?,0
Do you have it in stock?,0
Text me at 555-227-9328 for more info.,1
Can you share your phone number so I can send you details?,1
Call me at +1 967 301 2482,1
Can you show more photos?,0
I’m interested in this item.,0
What’s the price?,0
t e l : +1-714-396-4495,1
b o b 8 4 @ e x a m p l e . c o m,1
Add me on WhatsApp: 5305186618,1
Please email me at user2234@example.com,1
This looks good.,0
Text me at 454-533-3752,1
C o n t a c t :   ( 3 9 3 )   7 7 7 - 4 1 6 7,1
Can you show more photos?,0
How soon can I get it?,0
What are the dimensions?,0
Can you show more photos?,0
Reach out on WhatsApp at +1-258-891-6642,1
Do you have it in stock?,0
my digits: +1-459-863-8634,1
Can you show more photos?,0
Contact me via Telegram: @best_pizza,1
message me via g m a i l at user7287@example.com,1
Send me a DM on Facebook: facebook.com/shopper99,1
Nice product!,0
What’s the price?,0
Please email me at user6733@example.com,1
Can you show more photos?,0
What are the dimensions?,0
Does it come in other colors?,0
Reach me at 5412868980,1
Can you show more photos?,0
What are the dimensions?,0
How soon can I get it?,0
wanna chat? +1-125-358-9359,1
What are the dimensions?,0
Does it come in other colors?,0
Where do you ship from?,0
I’m interested in this item.,0
Where do you ship from?,0
Message via email: david51@example.com,1
This looks good.,0
Nice product!,0
Message via email: charlie7@email.net,1
Where do you ship from?,0
reach at t w o o o @example.com,1
📧 user1144@example.com,1
This looks good.,0
Add me on WhatsApp: 555-464-2575,1
I’m interested in this item.,0
What are the dimensions?,0
I’m interested in this item.,0
find me at user9328@example.com 😉,1
What are the dimensions?,0
Does it come in other colors?,0
Can you show more photos?,0
Nice product!,0
What are the dimensions?,0
Snapchat me @ devguy688,1
This looks good.,0
I’m interested in this item.,0
Nice product!,0
Where do you ship from?,0
Snapchat me @ devguy87,1
Text me at +1-995-871-3315,1
DM me on Instagram @tech_lead,1
Do you have it in stock?,0
Where do you ship from?,0
Do you have it in stock?,0
I’m interested in this item.,0
Nice product!,0
Do you have it in stock?,0
Does it come in other colors?,0
What’s the price?,0
What are the dimensions?,0
This looks good.,0
Reach me at +1 164 277 6590,1
Does it come in other colors?,0
I’m interested in this item.,0
WhatsApp me at +1-555-878-2778,1
Can you show more photos?,0
This looks good.,0
What’s the price?,0
How soon can I get it?,0
Can you show more photos?,0
Message me on Signal: +1 589 638 1287,1
I’m interested in this item.,0
Where do you ship from?,0
Please email me at user5790@example.com,1
"My contact is 555-548-5311, call me.",1
Do you have it in stock?,0
Can you show more photos?,0
Does it come in other colors?,0
I’m interested in this item.,0
Can you show more photos?,0
What are the dimensions?,0
Nice product!,0
I’m interested in this item.,0
What’s the price?,0
Ping me on Telegram: @grace983,1
DM me on Facebook: facebook.com/shopper756,1
C a l l   m e :   + 1   5 4 1   7 2 5   5 5 8 0,1
telegram: t dot me slash shopper534,1
What’s the price?,0
How soon can I get it?,0
Does it come in other colors?,0
Where do you ship from?,0
What are the dimensions?,0
Let's connect on LinkedIn: linkedin.com/in/jane.smith,1
This looks good.,0
What are the dimensions?,0
Does it come in other colors?,0
Snapchat me @ fashionista864,1
What are the dimensions?,0
TikTok me at 080-855-2229,1
"Email is user8315@example.com, reach out anytime.",1
Add me on Facebook (facebook.com/john_doe),1
This looks good.,0
c   o   n   t   a   c   t   m   e   1 1 7 3 0 4 9 3 7 9,1
How soon can I get it?,0
What are the dimensions?,0
Add me on Facebook (facebook.com/designer123),1
What’s the price?,0
Nice product!,0
Does it come in other colors?,0
What’s the price?,0
Where do you ship from?,0
I’m interested in this item.,0
How soon can I get it?,0
Where do you ship from?,0
Does it come in other colors?,0
Can you show more photos?,0
Do you have it in stock?,0
Do you have it in stock?,0
Does it come in other colors?,0
What’s the price?,0
What’s the price?,0
How soon can I get it?,0
How soon can I get it?,0
Can you show more photos?,0
"My contact is 555-649-3251, call me.",1
Do you have it in stock?,0
What’s the price?,0
I’m interested in this item.,0
Contact me via Telegram: @best_pizza,1
Does it come in other colors?,0
I’m interested in this item.,0
How soon can I get it?,0
Nice product!,0
b o b 4 2 @ e x a m p l e . c o m,1
What’s the price?,0
Where do you ship from?,0
Where do you ship from?,0
What’s the price?,0
reach at t w o o o @example.com,1
I’m interested in this item.,0
What’s the price?,0
Does it come in other colors?,0
Add me on Facebook (facebook.com/john_doe),1
Contact: +1-742-578-3841,1
Does it come in other colors?,0
What are the dimensions?,0
I’m interested in this item.,0
Email me at user4481@example.com,1
📱 +1-138-660-1288,1
This looks good.,0
Do you have it in stock?,0
This looks good.,0
Where do you ship from?,0
Nice product!,0
What’s the price?,0
Where do you ship from?,0
How soon can I get it?,0
I’m interested in this item.,0
Nice product!,0
Where do you ship from?,0
Here's my email: user4172@example.com,1
Nice product!,0
This looks good.,0
Does it come in other colors?,0
What’s the price?,0
How soon can I get it?,0
Nice product!,0
find me at user4297@example.com 😉,1
How soon can I get it?,0
Where do you ship from?,0
Where do you ship from?,0
How soon can I get it?,0
This looks good.,0
I’m interested in this item.,0
wanna chat? +1-948-343-2018,1
Can you show more photos?,0
e m a i l m e @ user1691@example.com,1
Can you show more photos?,0
Where do you ship from?,0
Do you have it in stock?,0
You can reach me at +1-921-235-1081,1
This looks good.,0
Do you have it in stock?,0
message me via g m a i l at user8769@example.com,1
Do you have it in stock?,0
C a l l   m e :   4 0 9 8 2 4 0 0 2 8,1
Do you have it in stock?,0
Nice product!,0
Nice product!,0
Can you show more photos?,0
Please email me at user3099@example.com,1
What are the dimensions?,0
How soon can I get it?,0
What are the dimensions?,0
Follow me on Instagram @shopper99 and DM.,1
Does it come in other colors?,0
Can you show more photos?,0
I’m interested in this item.,0
This looks good.,0
Where do you ship from?,0
Does it come in other colors?,0
What’s the price?,0
Add me on WhatsApp: 851-764-7912,1
Do you have it in stock?,0
📱 +1-286-768-8439,1
Please email me at user4240@example.com,1
What are the dimensions?,0
This looks good.,0
Nice product!,0
Do you have it in stock?,0
Nice product!,0
Where do you ship from?,0
This looks good.,0
Do you have it in stock?,0
I’m interested in this item.,0
Does it come in other colors?,0
Connect on LinkedIn (linkedin.com/in/coolguy42),1
What are the dimensions?,0
telegram: t dot me slash devguy875,1
Does it come in other colors?,0
telegram: t dot me slash fashionista910,1
my email id is user5228@example.com,1
I’m interested in this item.,0
Do you have it in stock?,0
I’m interested in this item.,0
Does it come in other colors?,0
This looks good.,0
I’m interested in this item.,0
Nice product!,0
Can you show more photos?,0
What are the dimensions?,0
How soon can I get it?,0
This looks good.,0
What’s the price?,0
Add me on Facebook (facebook.com/fashionguru),1
Hit me up on WhatsApp at +1-990-404-3257,1
e m a i l m e @ user6096@example.com,1
Nice product!,0
Does it come in other colors?,0
How soon can I get it?,0
Message via email: eve86@test.org,1
Can you show more photos?,0
Do you have it in stock?,0
Can you show more photos?,0
This looks good.,0
Where do you ship from?,0
Do you have it in stock?,0
Do you have it in stock?,0
How soon can I get it?,0
Email me at charlie49@test.org,1
Nice product!,0
Nice product!,0
Can you show more photos?,0
Reach out on WhatsApp at +1-104-118-8157,1
How soon can I get it?,0
I’m interested in this item.,0
Nice product!,0
What’s the price?,0
Do you have it in stock?,0
Does it come in other colors?,0
How soon can I get it?,0
Contact me via Telegram: @shop_owner,1
How soon can I get it?,0
This looks good.,0
Follow me on Instagram @designer123 and DM.,1
Does it come in other colors?,0
Do you have it in stock?,0
What’s the price?,0
How soon can I get it?,0
Nice product!,0
What are the dimensions?,0
This looks good.,0
My WeChat ID is fashioneer,1
Add me on WhatsApp: 555-528-4627,1
I’m interested in this item.,0
Do you have it in stock?,0
I’m interested in this item.,0
What’s the price?,0
Where do you ship from?,0
Does it come in other colors?,0
Email me at user3207@example.com,1
Do you have it in stock?,0
Do you have it in stock?,0
How soon can I get it?,0
find me at user2685@example.com 😉,1
C o n t a c t :   9 7 5 5 7 4 4 8 4 2,1
Do you have it in stock?,0
Connect on LinkedIn (linkedin.com/in/coolcat993),1
Nice product!,0
find me at user6300@example.com 😉,1
Mail me: charlie78@example.com,1
Where do you ship from?,0
Can you show more photos?,0
This looks good.,0
Nice product!,0
Do you have it in stock?,0
Where do you ship from?,0
Nice product!,0
How soon can I get it?,0
Does it come in other colors?,0
find me at user3229@example.com 😉,1
c o n t a c t : +1-813-898-6862,1
Nice product!,0
How soon can I get it?,0
How soon can I get it?,0
What are the dimensions?,0
Can you show more photos?,0
Does it come in other colors?,0
Where do you ship from?,0
I’m interested in this item.,0
What’s the price?,0
Connect on LinkedIn (linkedin.com/in/shopper125),1
What’s the price?,0
This looks good.,0
I’m interested in this item.,0
How soon can I get it?,0
Can you share your phone number so I can send you details?,1
What are the dimensions?,0
Where do you ship from?,0
Nice product!,0
Let's connect on LinkedIn: https://linkedin.com/in/eve696,1
You can reach me at 555-971-1594,1
Does it come in other colors?,0
Does it come in other colors?,0
Can you show more photos?,0
Where do you ship from?,0
I’m interested in this item.,0
How soon can I get it?,0
Where do you ship from?,0
DM me on Instagram @designer123,1
What are the dimensions?,0
What’s the price?,0
What are the dimensions?,0
Do you have it in stock?,0
Nice product!,0
Can you show more photos?,0
This looks good.,0
What’s the price?,0
Do you have it in stock?,0
What’s the price?,0
Where do you ship from?,0
Contact: +1-728-764-1380,1
Can you show more photos?,0
This looks good.,0
I’m interested in this item.,0
I’m interested in this item.,0
How soon can I get it?,0
Can you show more photos?,0
What are the dimensions?,0
Text me at 555-184-5323 for more info.,1
I’m interested in this item.,0
Nice product!,0
How soon can I get it?,0
Do you have it in stock?,0
Please email me at user3370@example.com,1
📱 +1-575-492-5838,1
telegram: t dot me slash coolcat553,1
Find me on Facebook: https://facebook.com/grace508,1
Does it come in other colors?,0
Where do you ship from?,0
This looks good.,0
What are the dimensions?,0
Here is my email: user8493@example.com,1
I’m interested in this item.,0
How soon can I get it?,0
Can you show more photos?,0
Text me at 555-847-2740 for more info.,1
I’m interested in this item.,0
Ping me on Telegram: @ivan73,1
Hit me up on WhatsApp at +1-117-632-9875,1
What’s the price?,0
Do you have it in stock?,0
t e l : +1-626-948-7248,1
How soon can I get it?,0
Email me at user5421@example.com,1
Nice product!,0
e m a i l m e @ user1545@example.com,1
Can you show more photos?,0
Does it come in other colors?,0
How soon can I get it?,0
This looks good.,0
What’s the price?,0
What’s the price?,0
I’m interested in this item.,0
What are the dimensions?,0
Do you have it in stock?,0
Nice product!,0
This looks good.,0
Does it come in other colors?,0
Reach out on WhatsApp at +1-142-737-8183,1
Does it come in other colors?,0
How soon can I get it?,0
What’s the price?,0
Does it come in other colors?,0
This looks good.,0
What are the dimensions?,0
What’s the price?,0
Where do you ship from?,0
How soon can I get it?,0
my email id is user2841@example.com,1
Can you show more photos?,0
my digits: +1-577-934-8159,1
Can you show more photos?,0
This looks good.,0
Where do you ship from?,0
How soon can I get it?,0
Can you show more photos?,0
Email me at user7629@example.com,1
Does it come in other colors?,0
My Snapchat is grace60,1
I’m interested in this item.,0
Can you show more photos?,0
Nice product!,0
Does it come in other colors?,0
Do you have it in stock?,0
Nice product!,0
c   o   n   t   a   c   t   m   e   9 7 9 9 8 3 6 1 7 9,1
DM me on Instagram: @grace133,1
Do you have it in stock?,0
Can you show more photos?,0
Nice product!,0
Where do you ship from?,0
What are the dimensions?,0
Please email me at user4240@example.com,1
Does it come in other colors?,0
Does it come in other colors?,0
What’s the price?,0
Do you have it in stock?,0
Where do you ship from?,0
Add me on WhatsApp: 9686782163,1
Nice product!,0
I’m interested in this item.,0
Nice product!,0
Can you show more photos?,0
Where do you ship from?,0
What’s the price?,0
Where do you ship from?,0
What are the dimensions?,0
Can you show more photos?,0
Contact me via Telegram: @tech_lead,1
Where do you ship from?,0
t e l : +1-901-136-1757,1
This looks good.,0
What’s the price?,0
Do you have it in stock?,0
Where do you ship from?,0
This looks good.,0
I’m interested in this item.,0
How soon can I get it?,0
What’s the price?,0
you can DM me at coolcat214 on Insta,1
I’m interested in this item.,0
Does it come in other colors?,0
Can you show more photos?,0
What’s the price?,0
How soon can I get it?,0
Do you have it in stock?,0
Where do you ship from?,0
Snapchat me @ fashionista316,1
Does it come in other colors?,0
Message me on Snapchat: tech_lead,1
What are the dimensions?,0
What are the dimensions?,0
Nice product!,0
Do you have it in stock?,0
get in touch @ user7721@example.com,1
Does it come in other colors?,0
Can I have your email address?,1
What are the dimensions?,0
This looks good.,0
How soon can I get it?,0
Do you have it in stock?,0
This looks good.,0
Where do you ship from?,0
Does it come in other colors?,0
Does it come in other colors?,0
How soon can I get it?,0
📧 user6230@example.com,1
Do you have it in stock?,0
Do you have it in stock?,0
Nice product!,0
I’m interested in this item.,0
What are the dimensions?,0
Connect on LinkedIn (linkedin.com/in/shop_owner),1
Add me on WhatsApp: (270) 448-9721,1
Here is my email: user5915@example.com,1
What are the dimensions?,0
Does it come in other colors?,0
Do you have it in stock?,0
I’m interested in this item.,0
Nice product!,0
Let's connect on LinkedIn: https://linkedin.com/in/alice21,1
I’m interested in this item.,0
What are the dimensions?,0
c o n t a c t : +1-895-291-7769,1
What’s the price?,0
Do you have it in stock?,0
Where do you ship from?,0
Do you have it in stock?,0
wanna chat? +1-207-232-2308,1
e m a i l m e @ user1107@example.com,1
Here is my email: user6535@example.com,1
Nice product!,0
📱 +1-773-326-9766,1
This looks good.,0
Where do you ship from?,0
This looks good.,0
Can you show more photos?,0
I’m interested in this item.,0
"My contact is 555-356-9412, call me.",1
Nice product!,0
I’m interested in this item.,0
C a l l   m e :   3 4 0 - 1 3 6 - 1 9 2 0,1
What’s the price?,0
Does it come in other colors?,0
Ping me on Telegram: @frank777,1
Nice product!,0
Nice product!,0
I’m interested in this item.,0
snap me at s-n-a-p fashionista312,1
Ping me on Telegram: @alice872,1
I’m interested in this item.,0
Where do you ship from?,0
This looks good.,0
What are the dimensions?,0
I’m interested in this item.,0
C o n t a c t :   + 1   1 3 9   9 2 9   4 7 1 8,1
You can reach me at 555-791-3736,1
This looks good.,0
This looks good.,0
Where do you ship from?,0
Contact me on Skype: bob413,1
This looks good.,0
How soon can I get it?,0
Does it come in other colors?,0
Does it come in other colors?,0
Do you have it in stock?,0
How soon can I get it?,0
Where do you ship from?,0
Hit me up on WhatsApp at +1-644-918-3597,1
This looks good.,0
I’m interested in this item.,0
This looks good.,0
I’m interested in this item.,0
My Snapchat is grace521,1
How soon can I get it?,0
This looks good.,0
What are the dimensions?,0
Where do you ship from?,0
Do you have it in stock?,0
This looks good.,0
Call me at (903) 341-2422,1
What’s the price?,0
Nice product!,0
This looks good.,0
Do you have it in stock?,0
You can reach me at +1-384-260-1965,1
Reach out on WhatsApp at +1-420-319-8817,1
Do you have it in stock?,0
What’s the price?,0
Do you have it in stock?,0
I’m interested in this item.,0
t e l : +1-694-263-6586,1
Text me at +1-596-698-5969,1
Can you show more photos?,0
How soon can I get it?,0
What are the dimensions?,0
I’m interested in this item.,0
What are the dimensions?,0
I’m interested in this item.,0
I’m interested in this item.,0
Nice product!,0
Can you show more photos?,0
you can DM me at coolcat574 on Insta,1
Reach me at 8217410801,1
Does it come in other colors?,0
Nice product!,0
Where do you ship from?,0
Can you show more photos?,0
What are the dimensions?,0
What’s the price?,0
What are the dimensions?,0
This looks good.,0
What’s the price?,0
What’s the price?,0
Do you have it in stock?,0
Does it come in other colors?,0
snap me at s-n-a-p fashionista322,1
Can you show more photos?,0
Does it come in other colors?,0
Can you show more photos?,0
Nice product!,0
Where do you ship from?,0
What are the dimensions?,0
Do you have it in stock?,0
Do you have it in stock?,0
Do you have it in stock?,0
How soon can I get it?,0
Can I have your email address?,1
c   o   n   t   a   c   t   m   e   7 2 7 4 4 4 3 5 8 2,1
Can you show more photos?,0
I’m interested in this item.,0
This looks good.,0
How soon can I get it?,0
I’m interested in this item.,0
How soon can I get it?,0
How soon can I get it?,0
How soon can I get it?,0
Nice product!,0
DM me on Instagram @shopper99,1
Does it come in other colors?,0
Can you show more photos?,0
This looks good.,0
I’m interested in this item.,0
Where do you ship from?,0
Send me a DM on Facebook: facebook.com/fashioneer,1
Nice product!,0
How soon can I get it?,0
How soon can I get it?,0
Add me on Facebook (facebook.com/fashionguru),1
Can you show more photos?,0
Does it come in other colors?,0
What are the dimensions?,0
Can you show more photos?,0
Nice product!,0
Nice product!,0
Add me on WhatsApp: 555-838-5113,1
This looks good.,0
Contact me on Skype: judy989,1
How soon can I get it?,0
Can I have your email address?,1
Does it come in other colors?,0
What’s the price?,0
Can you show more photos?,0
Does it come in other colors?,0
How soon can I get it?,0
Does it come in other colors?,0
Do you have it in stock?,0
My WeChat ID is fashioneer,1
How soon can I get it?,0
Where do you ship from?,0
Do you have it in stock?,0
Hit me up on WhatsApp at 555-987-4487,1
Do you have it in stock?,0
c   o   n   t   a   c   t   m   e   + 1   7 5 5   7 9 3   4 7 9 1,1
Where do you ship from?,0
What are the dimensions?,0
Nice product!,0
"My contact is 555-982-2439, call me.",1
What’s the price?,0
Where do you ship from?,0
What are the dimensions?,0
Nice product!,0
Nice product!,0
📧 user3453@example.com,1
Text me at 556-390-1818,1
What are the dimensions?,0
Where do you ship from?,0
This looks good.,0
What’s the price?,0
Where do you ship from?,0
How soon can I get it?,0
Does it come in other colors?,0
This looks good.,0
Where do you ship from?,0
I’m interested in this item.,0
I’m interested in this item.,0
Does it come in other colors?,0
What are the dimensions?,0
What’s the price?,0
This looks good.,0
i v a n 8 1 @ e m a i l . n e t,1
What’s the price?,0
Connect on LinkedIn (linkedin.com/in/coolcat733),1
What’s the price?,0
Does it come in other colors?,0
How soon can I get it?,0
How soon can I get it?,0
find me at user9811@example.com 😉,1
Does it come in other colors?,0
What are the dimensions?,0
Add me on WhatsApp: 555-544-1773,1
Add me on Facebook (facebook.com/fashionguru),1
What are the dimensions?,0
Nice product!,0
Email me at user1559@example.com,1
I’m interested in this item.,0
This looks good.,0
get in touch @ user8530@example.com,1
DM me on Instagram: @charlie535,1
How soon can I get it?,0
What are the dimensions?,0
Does it come in other colors?,0
I’m interested in this item.,0
This looks good.,0
Do you have it in stock?,0
Can you show more photos?,0
Reach me at +1 694 985 3234,1
Does it come in other colors?,0
What’s the price?,0
Do you have it in stock?,0
"My contact is 555-780-6773, call me.",1
Add me on Facebook (facebook.com/fashioneer),1
Can you show more photos?,0
How soon can I get it?,0
Does it come in other colors?,0
Find me on Facebook: https://facebook.com/frank963,1
I’m interested in this item.,0
Do you have it in stock?,0
What’s the price?,0
Message me on Signal: 8867985623,1
Do you have it in stock?,0
What’s the price?,0
Does it come in other colors?,0
Does it come in other colors?,0
What are the dimensions?,0
What are the dimensions?,0
My TikTok: @bob438,1
What’s the price?,0
I’m interested in this item.,0
This looks good.,0
Do you have it in stock?,0
Text me at 555-184-8537 for more info.,1
C o n t a c t :   ( 6 1 8 )   5 5 8 - 8 6 4 2,1
Add me on Facebook (facebook.com/fashionguru),1
Can you show more photos?,0
Can I have your email address?,1
Nice product!,0
What’s the price?,0
What are the dimensions?,0
Does it come in other colors?,0
Do you have it in stock?,0
My TikTok: @heidi924,1
What’s the price?,0
Contact me via Telegram: @fashioneer,1
Where do you ship from?,0
This looks good.,0
Let's connect on LinkedIn: https://linkedin.com/in/charlie695,1
Does it come in other colors?,0
This looks good.,0
This looks good.,0
How soon can I get it?,0
How soon can I get it?,0
h e i d i 8 3 @ t e s t . o r g,1
Email me at user9116@example.com,1
Do you have it in stock?,0
C o n t a c t :   + 1   2 8 1   9 6 4   2 4 1 1,1
Where do you ship from?,0
How soon can I get it?,0
Nice product!,0
Contact me via Telegram: @best_pizza,1
This looks good.,0
What’s the price?,0
Connect on LinkedIn (linkedin.com/in/john_doe),1
Nice product!,0
What’s the price?,0
Do you have it in stock?,0
Where do you ship from?,0
DM me on Instagram @designer123,1
Can you show more photos?,0
What’s the price?,0
Do you have it in stock?,0
Does it come in other colors?,0
Let's connect on LinkedIn: https://linkedin.com/in/bob97,1
Text me at (747) 009-0891,1
Nice product!,0
Where do you ship from?,0
I’m interested in this item.,0
t e l : +1-903-109-3097,1
fb.com/coolcat565,1
What are the dimensions?,0
How soon can I get it?,0
How soon can I get it?,0
What’s the price?,0
Does it come in other colors?,0
Where do you ship from?,0
Let's connect on LinkedIn: linkedin.com/in/shop_owner,1
I’m interested in this item.,0
What’s the price?,0
Nice product!,0
Do you have it in stock?,0
What are the dimensions?,0
Here's my email: user7624@example.com,1
I’m interested in this item.,0
This looks good.,0
What are the dimensions?,0
Nice product!,0
Can you show more photos?,0
Add me on WhatsApp: 555-426-3846,1
Does it come in other colors?,0
What are the dimensions?,0
Where do you ship from?,0
I’m interested in this item.,0
Can you show more photos?,0
What are the dimensions?,0
I’m interested in this item.,0
I’m interested in this item.,0
Can you show more photos?,0
WhatsApp me at +1-555-967-9563,1
I’m interested in this item.,0
You can reach me at +1-115-128-2721,1
Do you have it in stock?,0
Where do you ship from?,0
Does it come in other colors?,0
What’s the price?,0
Do you have it in stock?,0
Do you have it in stock?,0
My Snapchat is judy286,1
I’m interested in this item.,0
Where do you ship from?,0
Does it come in other colors?,0
WhatsApp me at +1-555-542-6684,1
Message me on Signal: 9832760716,1
What are the dimensions?,0
My number is 834-839-8527,1
Do you have it in stock?,0
"My contact is 555-952-8196, call me.",1
What are the dimensions?,0
Do you have it in stock?,0
fb.com/shopper945,1
Where do you ship from?,0
Do you have it in stock?,0
Nice product!,0
Nice product!,0
telegram: t dot me slash coolcat806,1
I’m interested in this item.,0
I’m interested in this item.,0
t e l : +1-403-120-9523,1
Can you show more photos?,0
This looks good.,0
How soon can I get it?,0
Where do you ship from?,0
What are the dimensions?,0
I’m interested in this item.,0
Can you show more photos?,0
What’s the price?,0
Does it come in other colors?,0
Does it come in other colors?,0
Can you show more photos?,0
Do you have it in stock?,0
How soon can I get it?,0
DM me on Facebook: facebook.com/devguy239,1
How soon can I get it?,0
WhatsApp me at +1-555-540-6924,1
Can you show more photos?,0
What’s the price?,0
Nice product!,0
Does it come in other colors?,0
Does it come in other colors?,0
This looks good.,0
How soon can I get it?,0
I’m interested in this item.,0
I’m interested in this item.,0
This looks good.,0
Does it come in other colors?,0
Do you have it in stock?,0
I’m interested in this item.,0
Where do you ship from?,0
wanna chat? +1-871-682-7287,1
Do you have it in stock?,0
What’s the price?,0
Nice product!,0
What’s the price?,0
What’s the price?,0
Do you have it in stock?,0
Message me on Signal: 9862008724,1
How soon can I get it?,0
What are the dimensions?,0
What’s the price?,0
Do you have it in stock?,0
Do you have it in stock?,0
Does it come in other colors?,0
Text me at +1-174-421-9356,1
How soon can I get it?,0
What’s the price?,0
What’s the price?,0
What’s the price?,0
Nice product!,0
message me via g m a i l at user9154@example.com,1
What are the dimensions?,0
DM me on Instagram @jane.smith,1
I’m interested in this item.,0
Where do you ship from?,0
What are the dimensions?,0
This looks good.,0
What’s the price?,0
Here is my email: user5710@example.com,1
Here is my email: user8388@example.com,1
Nice product!,0
Can you show more photos?,0
Ping me on Telegram: @alice535,1
What are the dimensions?,0
What’s the price?,0
This looks good.,0
get in touch @ user8499@example.com,1
Does it come in other colors?,0
What are the dimensions?,0
Where do you ship from?,0
How soon can I get it?,0
Can you show more photos?,0
What’s the price?,0
Can you show more photos?,0
What are the dimensions?,0
DM me on Instagram: @ivan814,1
What are the dimensions?,0
Where do you ship from?,0
Nice product!,0
Does it come in other colors?,0
Nice product!,0
Nice product!,0
c   o   n   t   a   c   t   m   e   ( 9 5 3 )   2 9 1 - 0 1 4 1,1
What are the dimensions?,0
What’s the price?,0
What are the dimensions?,0
Contact: +1-683-496-8020,1
Does it come in other colors?,0
Nice product!,0
This looks good.,0
What are the dimensions?,0
What’s the price?,0
Contact me via Telegram: @coolguy42,1
What’s the price?,0
Add me on WhatsApp: +1 064 983 5328,1
C a l l   m e :   ( 1 9 8 )   9 1 9 - 5 3 7 9,1
Where do you ship from?,0
DM me on Instagram: @judy973,1
C o n t a c t :   0 4 3 - 9 2 8 - 6 4 4 4,1
How soon can I get it?,0
Do you have it in stock?,0
This looks good.,0
Where do you ship from?,0
What are the dimensions?,0
This looks good.,0
What are the dimensions?,0
Can you show more photos?,0
Where do you ship from?,0
I’m interested in this item.,0
This looks good.,0
Nice product!,0
Where do you ship from?,0
What’s the price?,0
DM me on Instagram @fashionguru,1
How soon can I get it?,0
Connect on LinkedIn (linkedin.com/in/devguy162),1
I’m interested in this item.,0
How soon can I get it?,0
What are the dimensions?,0
What’s the price?,0
Nice product!,0
Text me at (068) 261-2243,1
What’s the price?,0
This looks good.,0
Does it come in other colors?,0
What are the dimensions?,0
Nice product!,0
This looks good.,0
This looks good.,0
Does it come in other colors?,0
Contact me via Telegram: @shopper99,1
Do you have it in stock?,0
What are the dimensions?,0
How soon can I get it?,0
Nice product!,0
Nice product!,0
Ping me on Telegram: @judy294,1
Do you have it in stock?,0
I’m interested in this item.,0
Add me on WhatsApp: 555-599-9925,1
I’m interested in this item.,0
How soon can I get it?,0
This looks good.,0
Nice product!,0
Where do you ship from?,0
I’m interested in this item.,0
I’m interested in this item.,0
Can you show more photos?,0
Nice product!,0
Send me a DM on Facebook: facebook.com/john_doe,1
Where do you ship from?,0
How soon can I get it?,0
How soon can I get it?,0
Here's my email: user5993@example.com,1
Nice product!,0
This looks good.,0
My WeChat ID is jane.smith,1
Can you show more photos?,0
This looks good.,0
I’m interested in this item.,0
Does it come in other colors?,0
Can you show more photos?,0
Nice product!,0
My TikTok: @alice808,1
Does it come in other colors?,0
I’m interested in this item.,0
C a l l   m e :   + 1   9 7 4   7 4 6   3 5 9 3,1
Nice product!,0
Can you show more photos?,0
You can reach me at 555-232-6871,1
What are the dimensions?,0
How soon can I get it?,0
Find me on Facebook: https://facebook.com/bob937,1
What are the dimensions?,0
Follow me on Twitter: @eve111,1
Can you show more photos?,0
Does it come in other colors?,0
Does it come in other colors?,0
This looks good.,0
How soon can I get it?,0
What are the dimensions?,0
What are the dimensions?,0
This looks good.,0
Where do you ship from?,0
Nice product!,0
You can reach me at 555-476-4188,1
Message me on Snapchat: designer123,1
I’m interested in this item.,0
How soon can I get it?,0
This looks good.,0
find me at user6374@example.com 😉,1
Do you have it in stock?,0
How soon can I get it?,0
What are the dimensions?,0
Does it come in other colors?,0
Snapchat me @ coolcat977,1
What are the dimensions?,0
get in touch @ user5658@example.com,1
Does it come in other colors?,0
Can you show more photos?,0
Nice product!,0
Does it come in other colors?,0
My number is 310-935-0236,1
This looks good.,0
Where do you ship from?,0
Does it come in other colors?,0
Where do you ship from?,0
Do you have it in stock?,0
Email me at grace60@example.com,1
This looks good.,0
Do you have it in stock?,0
How soon can I get it?,0
Where do you ship from?,0
Nice product!,0
Email me at bob40@test.org,1
reach at t w o o o @example.com,1
What’s the price?,0
What are the dimensions?,0
Does it come in other colors?,0
This looks good.,0
What’s the price?,0
Can you show more photos?,0
Let's connect on LinkedIn: https://linkedin.com/in/heidi333,1
I’m interested in this item.,0
d a v i d 1 2 @ e m a i l . n e t,1
What’s the price?,0
What are the dimensions?,0
Message me on Snapchat: fashionguru,1
Snapchat me @ coolcat350,1
This looks good.,0
What’s the price?,0
Find me on Facebook: https://facebook.com/ivan813,1
This looks good.,0
I’m interested in this item.,0
Nice product!,0
Does it come in other colors?,0
Can you show more photos?,0
What are the dimensions?,0
Where do you ship from?,0
Find me on Facebook: https://facebook.com/charlie919,1
I’m interested in this item.,0
I’m interested in this item.,0
Where do you ship from?,0
Can you show more photos?,0
What are the dimensions?,0
What are the dimensions?,0
This looks good.,0
Contact me on Skype: alice683,1
What’s the price?,0
What are the dimensions?,0
I’m interested in this item.,0
Do you have it in stock?,0
What’s the price?,0
Where do you ship from?,0
Can you show more photos?,0
This looks good.,0
Do you have it in stock?,0
What’s the price?,0
"Email is user6575@example.com, reach out anytime.",1
Do you have it in stock?,0
Nice product!,0
What’s the price?,0
Can you show more photos?,0
Can you show more photos?,0
Nice product!,0
reach at t w o o o @example.com,1
Does it come in other colors?,0
Nice product!,0
c   o   n   t   a   c   t   m   e   + 1   6 7 4   1 1 0   6 5 2 0,1
What are the dimensions?,0
Where do you ship from?,0
Does it come in other colors?,0
How soon can I get it?,0
What are the dimensions?,0
DM me on Instagram @tech_lead,1
Here is my email: user7261@example.com,1
What are the dimensions?,0
Add me on Facebook (facebook.com/best_pizza),1
Can you show more photos?,0
Do you have it in stock?,0
What’s the price?,0
I’m interested in this item.,0
Do you have it in stock?,0
How soon can I get it?,0
Where do you ship from?,0
Where do you ship from?,0
What’s the price?,0
e m a i l m e @ user6901@example.com,1
Can you show more photos?,0
Where do you ship from?,0
Where do you ship from?,0
This looks good.,0
This looks good.,0
How soon can I get it?,0
My number is 587-923-0593,1
📧 user4254@example.com,1
This looks good.,0
This looks good.,0
What’s the price?,0
Where do you ship from?,0
I’m interested in this item.,0
Can you show more photos?,0
Can you show more photos?,0
This looks good.,0
Can you show more photos?,0
This looks good.,0
Contact via email: ivan99@mail.com,1
Do you have it in stock?,0
How soon can I get it?,0
Can you show more photos?,0
Text me at 555-679-5525 for more info.,1
You can reach me at 555-193-4039,1
Can you show more photos?,0
What’s the price?,0
Do you have it in stock?,0
Can I have your email address?,1
This looks good.,0
How soon can I get it?,0
Connect on LinkedIn (linkedin.com/in/tech_lead),1
C a l l   m e :   1 3 8 6 9 6 0 2 6 1,1
Add me on WhatsApp: (803) 132-3436,1
This looks good.,0
What’s the price?,0
This looks good.,0
Can you show more photos?,0
This looks good.,0
What’s the price?,0
This looks good.,0
Do you have it in stock?,0
Nice product!,0
Does it come in other colors?,0
What are the dimensions?,0
What are the dimensions?,0
You can reach me at +1-505-990-5182,1
My number is +1 563 575 8432,1
my email id is user6459@example.com,1
message me via g m a i l at user2951@example.com,1
Reach out on WhatsApp at +1-588-922-6226,1
Can you show more photos?,0
What are the dimensions?,0
Message me on Signal: 078-113-1716,1
What’s the price?,0
I’m interested in this item.,0
I’m interested in this item.,0
Email me at judy11@test.org,1
Nice product!,0
How soon can I get it?,0
Message via email: alice2@email.net,1
Where do you ship from?,0
Can you show more photos?,0
I’m interested in this item.,0
Can you show more photos?,0
Nice product!,0
Does it come in other colors?,0
Where do you ship from?,0
How soon can I get it?,0
you can DM me at fashionista32 on Insta,1
Nice product!,0
DM me on Instagram @shop_owner,1
Where do you ship from?,0
Where do you ship from?,0
Here's my email: user5757@example.com,1
How soon can I get it?,0
📱 +1-588-480-8009,1
Hit me up on WhatsApp at +1-269-202-2828,1
Email me at user7889@example.com,1
What’s the price?,0
Message via email: heidi86@mail.com,1
I’m interested in this item.,0
Does it come in other colors?,0
What are the dimensions?,0
I’m interested in this item.,0
I’m interested in this item.,0
Do you have it in stock?,0
What are the dimensions?,0
Text me at 555-377-3478 for more info.,1
How soon can I get it?,0
Text me at 555-184-5323 for more info.,1
How soon can I get it?,0
What are the dimensions?,0
Where do you ship from?,0
What’s the price?,0
I’m interested in this item.,0
What are the dimensions?,0
Nice product!,0
Does it come in other colors?,0
Does it come in other colors?,0
What’s the price?,0
Does it come in other colors?,0
What are the dimensions?,0
I’m interested in this item.,0
Contact me via Telegram: @tech_lead,1
This looks good.,0
Do you have it in stock?,0
My TikTok: @heidi640,1
Can I have your email address?,1
Connect on LinkedIn (linkedin.com/in/jane.smith),1
What’s the price?,0
Does it come in other colors?,0
Please email me at user8852@example.com,1
Do you have it in stock?,0
Contact me on Skype: alice397,1
This looks good.,0
What’s the price?,0
Hit me up on WhatsApp at 555-679-9574,1
I’m interested in this item.,0
Does it come in other colors?,0
Nice product!,0
Can you show more photos?,0
Can you show more photos?,0
Email me at bob63@example.com,1
What are the dimensions?,0
Where do you ship from?,0
What are the dimensions?,0
What are the dimensions?,0
What’s the price?,0
What’s the price?,0
Does it come in other colors?,0
C o n t a c t :   + 1   5 1 9   4 4 7   3 9 7 5,1
Where do you ship from?,0
Do you have it in stock?,0
This looks good.,0
Contact me on Skype: ivan223,1
Email me at user8772@example.com,1
How soon can I get it?,0
Does it come in other colors?,0
I’m interested in this item.,0
Can you show more photos?,0
Contact me via Telegram: @coolguy42,1
Can I have your email address?,1
How soon can I get it?,0
Follow me on Instagram @best_pizza and DM.,1
Let's connect on LinkedIn: https://linkedin.com/in/ivan173,1
I’m interested in this item.,0
Where do you ship from?,0
I’m interested in this item.,0
Where do you ship from?,0
My Snapchat is heidi632,1
Nice product!,0
What’s the price?,0
Nice product!,0
Does it come in other colors?,0
Hit me up on WhatsApp at +1-414-804-4622,1
What’s the price?,0
What are the dimensions?,0
Can you show more photos?,0
What’s the price?,0
Does it come in other colors?,0
How soon can I get it?,0
Can you show more photos?,0
How soon can I get it?,0
How soon can I get it?,0
This looks good.,0
Can you show more photos?,0
This looks good.,0
Nice product!,0
Do you have it in stock?,0
Does it come in other colors?,0
This looks good.,0
How soon can I get it?,0
t e l : +1-118-841-3132,1
Call me at (560) 091-2381,1
Can you show more photos?,0
Nice product!,0
Does it come in other colors?,0
What’s the price?,0
What are the dimensions?,0
This looks good.,0
find me at user7566@example.com 😉,1
Where do you ship from?,0
Does it come in other colors?,0
Do you have it in stock?,0
This looks good.,0
Can you show more photos?,0
Can I have your email address?,1
This looks good.,0
Can you show more photos?,0
Nice product!,0
What’s the price?,0
I’m interested in this item.,0
Nice product!,0
This looks good.,0
I’m interested in this item.,0
Contact me via Telegram: @fashioneer,1
How soon can I get it?,0
Do you have it in stock?,0
wanna chat? +1-798-576-1739,1
Can you show more photos?,0
What are the dimensions?,0
What are the dimensions?,0
Do you have it in stock?,0
Does it come in other colors?,0
Please email me at user4425@example.com,1
Add me on WhatsApp: 555-687-5586,1
Does it come in other colors?,0
Can you show more photos?,0
What are the dimensions?,0
How soon can I get it?,0
I’m interested in this item.,0
Does it come in other colors?,0
This looks good.,0
📱 +1-713-517-6842,1
Do you have it in stock?,0
Add me on Facebook (facebook.com/shopper99),1
Nice product!,0
Do you have it in stock?,0
Do you have it in stock?,0
How soon can I get it?,0
What’s the price?,0
I’m interested in this item.,0
Does it come in other colors?,0
What are the dimensions?,0
Where do you ship from?,0
Does it come in other colors?,0
I’m interested in this item.,0
Please email me at user8163@example.com,1
Where do you ship from?,0
Please email me at user3117@example.com,1
What are the dimensions?,0
Can you show more photos?,0
Snapchat me @ coolcat7,1
Do you have it in stock?,0
What are the dimensions?,0
Where do you ship from?,0
What are the dimensions?,0
What’s the price?,0
I’m interested in this item.,0
Does it come in other colors?,0
What’s the price?,0
Where do you ship from?,0
I’m interested in this item.,0
Can you show more photos?,0
Where do you ship from?,0
Send me a DM on Facebook: facebook.com/shopper99,1
What are the dimensions?,0
Where do you ship from?,0
Does it come in other colors?,0
Reach me at 6580720340,1
message me via g m a i l at user9387@example.com,1
What are the dimensions?,0
What are the dimensions?,0
Find me on Facebook: https://facebook.com/david817,1
Message via email: bob36@mail.com,1
DM me on Facebook: facebook.com/coolcat660,1
I’m interested in this item.,0
Do you have it in stock?,0
Do you have it in stock?,0
This looks good.,0
This looks good.,0
What are the dimensions?,0
How soon can I get it?,0
Does it come in other colors?,0
How soon can I get it?,0
How soon can I get it?,0
snap me at s-n-a-p shopper381,1
What are the dimensions?,0
How soon can I get it?,0
Can you show more photos?,0
Mail me: eve21@test.org,1
fb.com/fashionista53,1
Can you share your phone number so I can send you details?,1
I’m interested in this item.,0
What are the dimensions?,0
t e l : +1-386-183-7520,1
Can you show more photos?,0
This looks good.,0
What are the dimensions?,0
Can you show more photos?,0
This looks good.,0
Do you have it in stock?,0
Let's connect on LinkedIn: https://linkedin.com/in/heidi748,1
What are the dimensions?,0
How soon can I get it?,0
Can you show more photos?,0
t e l : +1-873-773-7710,1
Can you show more photos?,0
Do you have it in stock?,0
This looks good.,0
How soon can I get it?,0
What are the dimensions?,0
Nice product!,0
Does it come in other colors?,0
What are the dimensions?,0
I’m interested in this item.,0
Hit me up on WhatsApp at +1-184-413-5130,1
DM me on Instagram @designer123,1
Where do you ship from?,0
Do you have it in stock?,0
Nice product!,0
Where do you ship from?,0
Do you have it in stock?,0
This looks good.,0
Where do you ship from?,0
What are the dimensions?,0
Where do you ship from?,0
What’s the price?,0
What are the dimensions?,0
Call me at +1 349 881 8327,1
What are the dimensions?,0
This looks good.,0
What are the dimensions?,0
How soon can I get it?,0
Nice product!,0
Does it come in other colors?,0
Do you have it in stock?,0
How soon can I get it?,0
Connect on LinkedIn (linkedin.com/in/designer123),1
You can reach me at +1-139-723-5086,1
I’m interested in this item.,0
Does it come in other colors?,0
Do you have it in stock?,0
How soon can I get it?,0
"My contact is 555-631-9788, call me.",1
Do you have it in stock?,0
Where do you ship from?,0
Message via email: judy12@mail.com,1
What’s the price?,0
How soon can I get it?,0
Contact via email: bob22@test.org,1
How soon can I get it?,0
I’m interested in this item.,0
What’s the price?,0
I’m interested in this item.,0
Send me a DM on Facebook: facebook.com/shop_owner,1
What are the dimensions?,0
Does it come in other colors?,0
Does it come in other colors?,0
What’s the price?,0
What are the dimensions?,0
I’m interested in this item.,0
Nice product!,0
Do you have it in stock?,0
Can you show more photos?,0
I’m interested in this item.,0
Do you have it in stock?,0
telegram: t dot me slash fashionista887,1
Snapchat me at +1 783 198 7987,1
Here is my email: user5710@example.com,1
How soon can I get it?,0
Do you have it in stock?,0
What’s the price?,0
How soon can I get it?,0
This looks good.,0
I’m interested in this item.,0
Nice product!,0
Where do you ship from?,0
I’m interested in this item.,0
What are the dimensions?,0
Where do you ship from?,0
How soon can I get it?,0
What are the dimensions?,0
Add me on WhatsApp: 374-145-5597,1
Does it come in other colors?,0
I’m interested in this item.,0
I’m interested in this item.,0
Nice product!,0
This looks good.,0
I’m interested in this item.,0
Follow me on Twitter: @eve657,1
What’s the price?,0
I’m interested in this item.,0
What’s the price?,0
This looks good.,0
This looks good.,0
This looks good.,0
f r a n k 4 2 @ e x a m p l e . c o m,1
Do you have it in stock?,0
What are the dimensions?,0
My Snapchat is heidi815,1
Nice product!,0
Let's connect on LinkedIn: https://linkedin.com/in/bob675,1
DM me on Instagram @coolguy42,1
Where do you ship from?,0
Does it come in other colors?,0
Nice product!,0
Does it come in other colors?,0
Nice product!,0
What’s the price?,0
This looks good.,0
I’m interested in this item.,0
This looks good.,0
This looks good.,0
Where do you ship from?,0
Do you have it in stock?,0
What’s the price?,0
Do you have it in stock?,0
Here's my email: user2347@example.com,1
Where do you ship from?,0
Does it come in other colors?,0
How soon can I get it?,0
WhatsApp me at +1-555-892-7194,1
Nice product!,0
What’s the price?,0
This looks good.,0
Can you show more photos?,0
This looks good.,0
Nice product!,0
Nice product!,0
Do you have it in stock?,0
Let's connect on LinkedIn: https://linkedin.com/in/heidi417,1
What’s the price?,0
This looks good.,0
How soon can I get it?,0
What are the dimensions?,0
Connect on LinkedIn (linkedin.com/in/john_doe),1
Can you show more photos?,0
What are the dimensions?,0
Can you show more photos?,0
Do you have it in stock?,0
Nice product!,0
This looks good.,0
Nice product!,0
How soon can I get it?,0
Send me a DM on Facebook: facebook.com/shopper99,1
Nice product!,0
Does it come in other colors?,0
This looks good.,0
Nice product!,0
How soon can I get it?,0
Can you show more photos?,0
How soon can I get it?,0
Does it come in other colors?,0
Nice product!,0
You can reach me at +1-445-152-5029,1
Can you show more photos?,0
What’s the price?,0
Nice product!,0
I’m interested in this item.,0
Do you have it in stock?,0
Where do you ship from?,0
Where do you ship from?,0
I’m interested in this item.,0
How soon can I get it?,0
I’m interested in this item.,0
Does it come in other colors?,0
Send me a DM on Facebook: facebook.com/john_doe,1
Where do you ship from?,0
What are the dimensions?,0
What are the dimensions?,0
Does it come in other colors?,0
Nice product!,0
Can you show more photos?,0
What’s the price?,0
I’m interested in this item.,0
snap me at s-n-a-p shopper274,1
How soon can I get it?,0
How soon can I get it?,0
What are the dimensions?,0
Does it come in other colors?,0
Mail me: ivan22@email.net,1
What’s the price?,0
Can you show more photos?,0
Do you have it in stock?,0
This looks good.,0
How soon can I get it?,0
I’m interested in this item.,0
I’m interested in this item.,0
How soon can I get it?,0
I’m interested in this item.,0
I’m interested in this item.,0
Can you show more photos?,0
Where do you ship from?,0
This looks good.,0
Where do you ship from?,0
Where do you ship from?,0
What’s the price?,0
What are the dimensions?,0
This looks good.,0
This looks good.,0
What are the dimensions?,0
Call me at +1 512 656 8060,1
What are the dimensions?,0
Does it come in other colors?,0
I’m interested in this item.,0
📱 +1-696-304-1992,1
Where do you ship from?,0
DM me on Instagram: @ivan60,1
Snapchat me @ devguy464,1
Do you have it in stock?,0
Here is my email: user4516@example.com,1
Can you show more photos?,0
Email me at user3318@example.com,1
What’s the price?,0
This looks good.,0
How soon can I get it?,0
This looks good.,0
Do you have it in stock?,0
This looks good.,0
Does it come in other colors?,0
I’m interested in this item.,0
What are the dimensions?,0
"My contact is 555-195-7285, call me.",1
What’s the price?,0
This looks good.,0
My TikTok: @charlie278,1
Do you have it in stock?,0
Can you show more photos?,0
Nice product!,0
I’m interested in this item.,0
What’s the price?,0
Does it come in other colors?,0
I’m interested in this item.,0
Does it come in other colors?,0
Nice product!,0
Can you show more photos?,0
Does it come in other colors?,0
Contact me on Skype: charlie838,1
I’m interested in this item.,0
Can you show more photos?,0
What’s the price?,0
Does it come in other colors?,0
C a l l   m e :   + 1   4 3 2   7 8 7   5 1 4 3,1
What’s the price?,0
fb.com/coolcat288,1
Where do you ship from?,0
Find me on Facebook: https://facebook.com/judy35,1
How soon can I get it?,0
Do you have it in stock?,0
How soon can I get it?,0
Where do you ship from?,0
Do you have it in stock?,0
This looks good.,0
Text me at 555-911-3951 for more info.,1
I’m interested in this item.,0
This looks good.,0
get in touch @ user4500@example.com,1
Nice product!,0
I’m interested in this item.,0
What are the dimensions?,0
Do you have it in stock?,0
Do you have it in stock?,0
Where do you ship from?,0
Can you show more photos?,0
Where do you ship from?,0
Does it come in other colors?,0
Message via email: bob1@test.org,1
c   o   n   t   a   c   t   m   e   + 1   3 4 5   1 1 0   3 9 0 0,1
Where do you ship from?,0
Does it come in other colors?,0
I’m interested in this item.,0
Where do you ship from?,0
Do you have it in stock?,0
Can you show more photos?,0
How soon can I get it?,0
Call me at (596) 634-9877,1
Does it come in other colors?,0
This looks good.,0
What are the dimensions?,0
Message via email: alice48@mail.com,1
Where do you ship from?,0
Hit me up on WhatsApp at 555-855-6783,1
This looks good.,0
Does it come in other colors?,0
What are the dimensions?,0
What are the dimensions?,0
Do you have it in stock?,0
What are the dimensions?,0
This looks good.,0
Can you show more photos?,0
Do you have it in stock?,0
Where do you ship from?,0
How soon can I get it?,0
What’s the price?,0
Text me at +1-925-553-6172,1
I’m interested in this item.,0
This looks good.,0
Call me at (278) 305-2065,1
This looks good.,0
my digits: +1-701-830-4172,1
Does it come in other colors?,0
Nice product!,0
This looks good.,0
This looks good.,0
Nice product!,0
How soon can I get it?,0
Where do you ship from?,0
I’m interested in this item.,0
my email id is user7061@example.com,1
e v e 8 8 @ e m a i l . n e t,1
Nice product!,0
What’s the price?,0
How soon can I get it?,0
C o n t a c t :   + 1   7 6 8   6 7 5   3 7 3 7,1
How soon can I get it?,0
How soon can I get it?,0
Do you have it in stock?,0
Can you show more photos?,0
What are the dimensions?,0
This looks good.,0
This looks good.,0
Do you have it in stock?,0
Where do you ship from?,0
Can you share your phone number so I can send you details?,1
Where do you ship from?,0
What’s the price?,0
This looks good.,0
Does it come in other colors?,0
Contact: +1-508-663-4874,1
Do you have it in stock?,0
Where do you ship from?,0
What are the dimensions?,0
Can you show more photos?,0
How soon can I get it?,0
I’m interested in this item.,0
What are the dimensions?,0
Does it come in other colors?,0
Do you have it in stock?,0
What’s the price?,0
What’s the price?,0
What’s the price?,0
What are the dimensions?,0
What are the dimensions?,0
Nice product!,0
How soon can I get it?,0
Where do you ship from?,0
Where do you ship from?,0
This looks good.,0
I’m interested in this item.,0
My WeChat ID is shopper99,1
This looks good.,0
Mail me: eve20@mail.com,1
fb.com/coolcat193,1
Where do you ship from?,0
my email id is user9875@example.com,1
This looks good.,0
Can you show more photos?,0
What’s the price?,0
This looks good.,0
Follow me on Twitter: @eve247,1
Can you show more photos?,0
Do you have it in stock?,0
This looks good.,0
Please email me at user5969@example.com,1
I’m interested in this item.,0
I’m interested in this item.,0
"My contact is 555-337-7664, call me.",1
Does it come in other colors?,0
Contact me via Telegram: @coolguy42,1
Call me at +1 622 280 0971,1
Where do you ship from?,0
What are the dimensions?,0
How soon can I get it?,0
b o b 3 7 @ e m a i l . n e t,1
What are the dimensions?,0
Where do you ship from?,0
What are the dimensions?,0
Reach me at 603-626-4931,1
Nice product!,0
Can you show more photos?,0
My TikTok: @heidi336,1
I’m interested in this item.,0
I’m interested in this item.,0
Nice product!,0
Hit me up on WhatsApp at 555-740-1130,1
I’m interested in this item.,0
How soon can I get it?,0
What are the dimensions?,0
Do you have it in stock?,0
I’m interested in this item.,0
Nice product!,0
Where do you ship from?,0
Message me on Snapchat: best_pizza,1
Do you have it in stock?,0
How soon can I get it?,0
Where do you ship from?,0
My Snapchat is judy535,1
This looks good.,0
What’s the price?,0
I’m interested in this item.,0
What’s the price?,0
What’s the price?,0
Does it come in other colors?,0
Nice product!,0
Find me on Facebook: https://facebook.com/charlie566,1
my email id is user5033@example.com,1
This looks good.,0
Do you have it in stock?,0
What are the dimensions?,0
What are the dimensions?,0
Do you have it in stock?,0
Does it come in other colors?,0
What’s the price?,0
What are the dimensions?,0
Nice product!,0
Can you show more photos?,0
How soon can I get it?,0
Where do you ship from?,0
Does it come in other colors?,0
Does it come in other colors?,0
I’m interested in this item.,0
WhatsApp me at +1-555-666-1217,1
Does it come in other colors?,0
What are the dimensions?,0
This looks good.,0
I’m interested in this item.,0
Where do you ship from?,0
I’m interested in this item.,0
Does it come in other colors?,0
What are the dimensions?,0
How soon can I get it?,0
This looks good.,0
I’m interested in this item.,0
Does it come in other colors?,0
This looks good.,0
Message me on Snapchat: fashioneer,1
What’s the price?,0
Does it come in other colors?,0
"Email is user1121@example.com, reach out anytime.",1
What are the dimensions?,0
Nice product!,0
Do you have it in stock?,0
DM me on Facebook: facebook.com/fashionista941,1
How soon can I get it?,0
Do you have it in stock?,0
C o n t a c t :   + 1   3 9 7   6 6 5   9 6 4 4,1
This looks good.,0
What are the dimensions?,0
This looks good.,0
Please email me at user8013@example.com,1
Nice product!,0
What are the dimensions?,0
This looks good.,0
Can you show more photos?,0
You can reach me at 555-674-2273,1
Nice product!,0
This looks good.,0
you can DM me at coolcat931 on Insta,1
What’s the price?,0
I’m interested in this item.,0
Nice product!,0
This looks good.,0
How soon can I get it?,0
Does it come in other colors?,0
b o b 3 7 @ e x a m p l e . c o m,1
Send me a DM on Facebook: facebook.com/shopper99,1
This looks good.,0
Does it come in other colors?,0
Can you show more photos?,0
How soon can I get it?,0
How soon can I get it?,0
Where do you ship from?,0
Nice product!,0
What are the dimensions?,0
Does it come in other colors?,0
Does it come in other colors?,0
Do you have it in stock?,0
This looks good.,0
Does it come in other colors?,0
I’m interested in this item.,0
Nice product!,0
How soon can I get it?,0
This looks good.,0
WhatsApp me at +1-555-237-5228,1
"Email is user5276@example.com, reach out anytime.",1
Nice product!,0
What’s the price?,0
I’m interested in this item.,0
Do you have it in stock?,0
What’s the price?,0
Nice product!,0
This looks good.,0
I’m interested in this item.,0
How soon can I get it?,0
hmu @ devguy111,1
What are the dimensions?,0
What are the dimensions?,0
Does it come in other colors?,0
I’m interested in this item.,0
Nice product!,0
Do you have it in stock?,0
What’s the price?,0
How soon can I get it?,0
Do you have it in stock?,0
What are the dimensions?,0
Nice product!,0
DM me on Instagram: @ivan65,1
Nice product!,0
DM me on Instagram: @alice978,1
Nice product!,0
Can you show more photos?,0
Snapchat me @ coolcat908,1
This looks good.,0
What’s the price?,0
Does it come in other colors?,0
How soon can I get it?,0
Can you show more photos?,0
I’m interested in this item.,0
Here's my email: user8764@example.com,1
Connect on LinkedIn (linkedin.com/in/coolcat366),1
This looks good.,0
What are the dimensions?,0
Where do you ship from?,0
How soon can I get it?,0
Here's my email: user207@example.com,1
Find me on Facebook: https://facebook.com/charlie166,1
What’s the price?,0
What’s the price?,0
Contact me on Skype: charlie93,1
Let's connect on LinkedIn: https://linkedin.com/in/frank564,1
I’m interested in this item.,0
What’s the price?,0
Does it come in other colors?,0
Does it come in other colors?,0
Here is my email: user9441@example.com,1
How soon can I get it?,0
I’m interested in this item.,0
I’m interested in this item.,0
This looks good.,0
Can I have your email address?,1
my email id is user8988@example.com,1
you can DM me at shopper831 on Insta,1
Do you have it in stock?,0
Nice product!,0
What are the dimensions?,0
I’m interested in this item.,0
Text me at 555-163-9016 for more info.,1
How soon can I get it?,0
Where do you ship from?,0
Does it come in other colors?,0
Do you have it in stock?,0
Text me at +1-397-465-4274,1
How soon can I get it?,0
I’m interested in this item.,0
Where do you ship from?,0
Where do you ship from?,0
Hit me up on WhatsApp at +1-626-236-6658,1
Can you share your phone number so I can send you details?,1
e m a i l m e @ user968@example.com,1
Where do you ship from?,0
Connect on LinkedIn (linkedin.com/in/john_doe),1
What’s the price?,0
Nice product!,0
Does it come in other colors?,0
Can you show more photos?,0
Where do you ship from?,0
I’m interested in this item.,0
Nice product!,0
How soon can I get it?,0
telegram: t dot me slash shopper949,1
reach at t w o o o @example.com,1
How soon can I get it?,0
Contact me via Telegram: @designer123,1
get in touch @ user1079@example.com,1
Follow me on Instagram @jane.smith and DM.,1
Let's connect on LinkedIn: linkedin.com/in/fashioneer,1
Can you show more photos?,0
DM me on Instagram: @ivan67,1
What are the dimensions?,0
Follow me on Instagram @designer123 and DM.,1
How soon can I get it?,0
telegram: t dot me slash shopper973,1
I’m interested in this item.,0
This looks good.,0
Does it come in other colors?,0
Can I have your email address?,1
Does it come in other colors?,0
Where do you ship from?,0
Nice product!,0
Nice product!,0
Does it come in other colors?,0
Can you show more photos?,0
Call me at +1 421 344 5106,1
Do you have it in stock?,0
Do you have it in stock?,0
What’s the price?,0
Where do you ship from?,0
How soon can I get it?,0
Does it come in other colors?,0
Email me at user1927@example.com,1
How soon can I get it?,0
How soon can I get it?,0
Add me on WhatsApp: +1 683 710 1632,1
Nice product!,0
This looks good.,0
Here is my email: user7361@example.com,1
I’m interested in this item.,0
You can reach me at +1-282-790-3357,1
I’m interested in this item.,0
Nice product!,0
Does it come in other colors?,0
How soon can I get it?,0
What’s the price?,0
Nice product!,0
What’s the price?,0
snap me at s-n-a-p devguy802,1
Nice product!,0
Nice product!,0
This looks good.,0
You can reach me at +1-515-703-1934,1
Does it come in other colors?,0
What’s the price?,0
Message via email: alice44@mail.com,1
Nice product!,0
Can you show more photos?,0
What’s the price?,0
What are the dimensions?,0
What are the dimensions?,0
How soon can I get it?,0
Does it come in other colors?,0
Hit me up on WhatsApp at 555-461-5101,1
Nice product!,0
Does it come in other colors?,0
Hit me up on WhatsApp at 555-700-9837,1
Can you show more photos?,0
My WeChat ID is fashioneer,1
Does it come in other colors?,0
I’m interested in this item.,0
Where do you ship from?,0
Can you show more photos?,0
Do you have it in stock?,0
Where do you ship from?,0
Nice product!,0
g r a c e 2 4 @ e x a m p l e . c o m,1
What’s the price?,0
Connect on LinkedIn (linkedin.com/in/shopper53),1
Hit me up on WhatsApp at 555-818-2410,1
Does it come in other colors?,0
My TikTok: @frank983,1
Nice product!,0
e m a i l m e @ user4391@example.com,1
Nice product!,0
You can reach me at 555-736-7293,1
Does it come in other colors?,0
Email me at user6539@example.com,1
DM me on Instagram: @david274,1
Can you show more photos?,0
Do you have it in stock?,0
Does it come in other colors?,0
This looks good.,0
What’s the price?,0
I’m interested in this item.,0
Where do you ship from?,0
How soon can I get it?,0
Can you show more photos?,0
What’s the price?,0
Where do you ship from?,0
Email me at frank10@mail.com,1
Email me at judy24@email.net,1
What’s the price?,0
Find me on Facebook: https://facebook.com/charlie247,1
Does it come in other colors?,0
Can I have your email address?,1
This looks good.,0
Does it come in other colors?,0
This looks good.,0
How soon can I get it?,0
This looks good.,0
Can you show more photos?,0
How soon can I get it?,0
I’m interested in this item.,0
This looks good.,0
How soon can I get it?,0
Reach out on WhatsApp at +1-587-794-8209,1
This looks good.,0
I’m interested in this item.,0
What are the dimensions?,0
snap me at s-n-a-p coolcat771,1
Do you have it in stock?,0
I’m interested in this item.,0
What’s the price?,0
find me at user4764@example.com 😉,1
What’s the price?,0
Send me a DM on Facebook: facebook.com/fashionguru,1
Do you have it in stock?,0
Nice product!,0
Does it come in other colors?,0
How soon can I get it?,0
Nice product!,0
Connect on LinkedIn (linkedin.com/in/coolguy42),1
Can you show more photos?,0
wanna chat? +1-248-458-1307,1
How soon can I get it?,0
you can DM me at devguy890 on Insta,1
t e l : +1-581-692-2860,1
I’m interested in this item.,0
You can reach me at +1-893-103-9457,1
What’s the price?,0
Where do you ship from?,0
How soon can I get it?,0
Nice product!,0
What are the dimensions?,0
Can you show more photos?,0
Message me on Snapchat: john_doe,1
This looks good.,0
This looks good.,0
Reach out on WhatsApp at +1-469-630-5442,1
Where do you ship from?,0
Nice product!,0
How soon can I get it?,0
I’m interested in this item.,0
What are the dimensions?,0
Reach me at 6887481021,1
What are the dimensions?,0
Email me at user2849@example.com,1
Do you have it in stock?,0
I’m interested in this item.,0
Let's connect on LinkedIn: linkedin.com/in/best_pizza,1
What’s the price?,0
This looks good.,0
What’s the price?,0
e m a i l m e @ user460@example.com,1
What are the dimensions?,0
Does it come in other colors?,0
you can DM me at devguy436 on Insta,1
c o n t a c t : +1-992-896-3967,1
b o b 6 0 @ e m a i l . n e t,1
Where do you ship from?,0
Nice product!,0
Where do you ship from?,0
Mail me: judy59@mail.com,1
Follow me on Twitter: @ivan594,1
I’m interested in this item.,0
Email me at eve12@mail.com,1
I’m interested in this item.,0
Here's my email: user8107@example.com,1
Does it come in other colors?,0
This looks good.,0
Where do you ship from?,0
Where do you ship from?,0
Nice product!,0
What’s the price?,0
Contact me via Telegram: @john_doe,1
Do you have it in stock?,0
How soon can I get it?,0
How soon can I get it?,0
Add me on WhatsApp: 2425686474,1
What are the dimensions?,0
Can you show more photos?,0
How soon can I get it?,0
Nice product!,0
Does it come in other colors?,0
Do you have it in stock?,0
How soon can I get it?,0
Nice product!,0
My WeChat ID is coolguy42,1
Nice product!,0
How soon can I get it?,0
C o n t a c t :   + 1   7 5 9   0 7 8   8 1 0 5,1
Email me at user6451@example.com,1
This looks good.,0
Nice product!,0
What’s the price?,0
How soon can I get it?,0
Snapchat me @ shopper266,1
Does it come in other colors?,0
I’m interested in this item.,0
Can you show more photos?,0
Where do you ship from?,0
Where do you ship from?,0
Ping me on Telegram: @alice20,1
Hit me up on WhatsApp at 555-364-9553,1
Can you show more photos?,0
Does it come in other colors?,0
This looks good.,0
This looks good.,0
I’m interested in this item.,0
This looks good.,0
Do you have it in stock?,0
How soon can I get it?,0
c   o   n   t   a   c   t   m   e   3 0 3 2 5 0 7 4 2 5,1
This looks good.,0
I’m interested in this item.,0
Does it come in other colors?,0
Does it come in other colors?,0
How soon can I get it?,0
How soon can I get it?,0
This looks good.,0
What’s the price?,0
Where do you ship from?,0
What are the dimensions?,0
Can you show more photos?,0
I’m interested in this item.,0
fb.com/coolcat353,1
I’m interested in this item.,0
This looks good.,0
Email me at judy58@test.org,1
Do you have it in stock?,0
"My contact is 555-706-9534, call me.",1
How soon can I get it?,0
My TikTok: @frank542,1
Can you show more photos?,0
Connect on LinkedIn (linkedin.com/in/devguy613),1
How soon can I get it?,0
Nice product!,0
This looks good.,0
What are the dimensions?,0
Follow me on Twitter: @bob816,1
What’s the price?,0
Can you show more photos?,0
Does it come in other colors?,0
Please email me at user8517@example.com,1
Where do you ship from?,0
Nice product!,0
What’s the price?,0
Mail me: eve60@test.org,1
C a l l   m e :   1 5 9 0 0 9 4 3 3 4,1
What are the dimensions?,0
Do you have it in stock?,0
I’m interested in this item.,0
Can I have your email address?,1
Where do you ship from?,0
How soon can I get it?,0
Where do you ship from?,0
Nice product!,0
Hit me up on WhatsApp at +1-919-216-1160,1
Can I have your email address?,1
Do you have it in stock?,0
Do you have it in stock?,0
Does it come in other colors?,0
This looks good.,0
What are the dimensions?,0
I’m interested in this item.,0
What’s the price?,0
Add me on WhatsApp: 1582706258,1
Can you show more photos?,0
my digits: +1-486-430-6920,1
get in touch @ user6376@example.com,1
wanna chat? +1-184-951-6791,1
What are the dimensions?,0
I’m interested in this item.,0
Where do you ship from?,0
How soon can I get it?,0
Add me on WhatsApp: 6829713732,1
C a l l   m e :   + 1   9 0 5   5 9 2   1 2 5 5,1
Add me on WhatsApp: 555-129-2868,1
Does it come in other colors?,0
What are the dimensions?,0
I’m interested in this item.,0
Do you have it in stock?,0
Where do you ship from?,0
What’s the price?,0
Connect on LinkedIn (linkedin.com/in/shop_owner),1
You can reach me at +1-560-537-2223,1
Reach me at 5512813984,1
Do you have it in stock?,0
How soon can I get it?,0
You can reach me at +1-444-734-4272,1
Where do you ship from?,0
What’s the price?,0
reach at t w o o o @example.com,1
How soon can I get it?,0
Contact via email: bob17@mail.com,1
This looks good.,0
What are the dimensions?,0
What are the dimensions?,0
What are the dimensions?,0
Ping me on Telegram: @bob112,1
Do you have it in stock?,0
c h a r l i e 1 @ e x a m p l e . c o m,1
I’m interested in this item.,0
DM me on Instagram: @ivan588,1
t e l : +1-694-958-5340,1
Nice product!,0
Where do you ship from?,0
What’s the price?,0
Does it come in other colors?,0
I’m interested in this item.,0
How soon can I get it?,0
What’s the price?,0
What are the dimensions?,0
Add me on WhatsApp: 555-943-2237,1
What’s the price?,0
Ping me on Telegram: @judy322,1
Does it come in other colors?,0
Does it come in other colors?,0
message me via g m a i l at user2785@example.com,1
Where do you ship from?,0
Do you have it in stock?,0
Do you have it in stock?,0
This looks good.,0
Where do you ship from?,0
I’m interested in this item.,0
What’s the price?,0
I’m interested in this item.,0
Where do you ship from?,0
I’m interested in this item.,0
How soon can I get it?,0
Mail me: judy56@test.org,1
Can you show more photos?,0
What are the dimensions?,0
I’m interested in this item.,0
Do you have it in stock?,0
Where do you ship from?,0
Let's connect on LinkedIn: https://linkedin.com/in/charlie160,1
What are the dimensions?,0
How soon can I get it?,0
"My contact is 555-794-8335, call me.",1
This looks good.,0
How soon can I get it?,0
Message me on Snapchat: fashioneer,1
Nice product!,0
I’m interested in this item.,0
What are the dimensions?,0
This looks good.,0
Contact me via Telegram: @shop_owner,1
Where do you ship from?,0
How soon can I get it?,0
Does it come in other colors?,0
Can you show more photos?,0
Can you show more photos?,0
Nice product!,0
What’s the price?,0
Can you show more photos?,0
Email me at user5284@example.com,1
Nice product!,0
Email me at frank26@test.org,1
Do you have it in stock?,0
How soon can I get it?,0
What are the dimensions?,0
My Snapchat is frank290,1
you can DM me at fashionista373 on Insta,1
Do you have it in stock?,0
Do you have it in stock?,0
I’m interested in this item.,0
my email id is user3667@example.com,1
Can you show more photos?,0
Can you show more photos?,0
Here is my email: user1523@example.com,1
How soon can I get it?,0
What’s the price?,0
Connect on LinkedIn (linkedin.com/in/shopper99),1
What’s the price?,0
Can you show more photos?,0
Do you have it in stock?,0
Do you have it in stock?,0
Do you have it in stock?,0
What are the dimensions?,0
Can you show more photos?,0
my email id is user3754@example.com,1
This looks good.,0
This looks good.,0
Add me on Facebook (facebook.com/coolguy42),1
"My contact is 555-268-2022, call me.",1
I’m interested in this item.,0
What’s the price?,0
Nice product!,0
What’s the price?,0
Where do you ship from?,0
What’s the price?,0
Can you show more photos?,0
Can you show more photos?,0
I’m interested in this item.,0
Can you show more photos?,0
Can you show more photos?,0
Message me on Snapchat: tech_lead,1
What’s the price?,0
What’s the price?,0
Does it come in other colors?,0
Does it come in other colors?,0
I’m interested in this item.,0
How soon can I get it?,0
How soon can I get it?,0
Contact: +1-196-817-1839,1
Here is my email: user6089@example.com,1
Can you show more photos?,0
What’s the price?,0
Can you show more photos?,0
DM me on Instagram: @eve969,1
Connect on LinkedIn (linkedin.com/in/best_pizza),1
Do you have it in stock?,0
Where do you ship from?,0
How soon can I get it?,0
What are the dimensions?,0
Where do you ship from?,0
📱 +1-123-730-6950,1
Does it come in other colors?,0
a l i c e 7 8 @ e x a m p l e . c o m,1
This looks good.,0
How soon can I get it?,0
Where do you ship from?,0
What are the dimensions?,0
What’s the price?,0
Can you show more photos?,0
Does it come in other colors?,0
reach at t w o o o @example.com,1
Nice product!,0
How soon can I get it?,0
I’m interested in this item.,0
Do you have it in stock?,0
Connect on LinkedIn (linkedin.com/in/fashionguru),1
Does it come in other colors?,0
I’m interested in this item.,0
c   o   n   t   a   c   t   m   e   ( 4 2 1 )   6 0 3 - 8 0 3 5,1
I’m interested in this item.,0
What’s the price?,0
Where do you ship from?,0
"My contact is 555-297-2668, call me.",1
Can you show more photos?,0
Do you have it in stock?,0
Connect on LinkedIn (linkedin.com/in/shop_owner),1
My Snapchat is eve7,1
Nice product!,0
Where do you ship from?,0
Do you have it in stock?,0
Signal me at (224) 099-6323,1
What are the dimensions?,0
What are the dimensions?,0
You can reach me at 555-854-7992,1
Can you show more photos?,0
Do you have it in stock?,0
DM me on Instagram @shopper99,1
What’s the price?,0
What’s the price?,0
I’m interested in this item.,0
What are the dimensions?,0
Where do you ship from?,0
Do you have it in stock?,0
What’s the price?,0
What’s the price?,0
Can you show more photos?,0
Nice product!,0
my email id is user1313@example.com,1
This looks good.,0
You can reach me at +1-318-330-7684,1
How soon can I get it?,0
find me at user8640@example.com 😉,1
I’m interested in this item.,0
What are the dimensions?,0
This looks good.,0
Can you show more photos?,0
Send me a DM on Facebook: facebook.com/best_pizza,1
How soon can I get it?,0
This looks good.,0
How soon can I get it?,0
Does it come in other colors?,0
e m a i l m e @ user609@example.com,1
I’m interested in this item.,0
Do you have it in stock?,0
Where do you ship from?,0
Find me on Facebook: https://facebook.com/heidi335,1
Can you show more photos?,0
I’m interested in this item.,0
Find me on Facebook: https://facebook.com/charlie111,1
Do you have it in stock?,0
How soon can I get it?,0
What are the dimensions?,0
This looks good.,0
Can you show more photos?,0
This looks good.,0
Send me a DM on Facebook: facebook.com/fashionguru,1
What are the dimensions?,0
What are the dimensions?,0
My TikTok: @judy95,1
This looks good.,0
Add me on WhatsApp: 136-156-3595,1
Do you have it in stock?,0
Can you show more photos?,0
C o n t a c t :   5 0 1 - 5 4 1 - 2 7 0 1,1
Contact via email: judy28@email.net,1
Does it come in other colors?,0
Can you show more photos?,0
Email me at judy44@example.com,1
This looks good.,0
Nice product!,0
What’s the price?,0
snap me at s-n-a-p devguy757,1
Does it come in other colors?,0
How soon can I get it?,0
Does it come in other colors?,0
What are the dimensions?,0
📱 +1-186-838-5846,1
How soon can I get it?,0
Nice product!,0
Does it come in other colors?,0
Here is my email: user4726@example.com,1
Where do you ship from?,0
Contact via email: judy83@email.net,1
Does it come in other colors?,0
What’s the price?,0
This looks good.,0
Nice product!,0
Does it come in other colors?,0
This looks good.,0
Can you show more photos?,0
Nice product!,0
Can you show more photos?,0
Can you show more photos?,0
I’m interested in this item.,0
Nice product!,0
Does it come in other colors?,0
I’m interested in this item.,0
Do you have it in stock?,0
Nice product!,0
Where do you ship from?,0
Text me at 555-616-8740 for more info.,1
Do you have it in stock?,0
Nice product!,0
How soon can I get it?,0
How soon can I get it?,0
What’s the price?,0
How soon can I get it?,0
This looks good.,0
What’s the price?,0
Can you share your phone number so I can send you details?,1
Does it come in other colors?,0
Nice product!,0
Here's my email: user9913@example.com,1
Where do you ship from?,0
Can you show more photos?,0
Nice product!,0
This looks good.,0
What’s the price?,0
I’m interested in this item.,0
Call me at 380-326-7038,1
What’s the price?,0
This looks good.,0
Can you show more photos?,0
What are the dimensions?,0
I’m interested in this item.,0
What are the dimensions?,0
Where do you ship from?,0
What are the dimensions?,0
Nice product!,0
Nice product!,0
Can you show more photos?,0
I’m interested in this item.,0
Can you show more photos?,0
Nice product!,0
This looks good.,0
I’m interested in this item.,0
Nice product!,0
Reach me at 745-517-0505,1
I’m interested in this item.,0
Does it come in other colors?,0
How soon can I get it?,0
Contact via email: david65@mail.com,1
My WeChat ID is designer123,1
Contact me on Skype: charlie538,1
Can you share your phone number so I can send you details?,1
I’m interested in this item.,0
You can reach me at 555-198-6225,1
What are the dimensions?,0
What’s the price?,0
This looks good.,0
This looks good.,0
Can you show more photos?,0
What’s the price?,0
Can you show more photos?,0
Can you show more photos?,0
Twitter me at +1 114 460 4219,1
What are the dimensions?,0
Do you have it in stock?,0
What’s the price?,0
Call me at 688-300-9538,1
Does it come in other colors?,0
This looks good.,0
What’s the price?,0
What are the dimensions?,0
Nice product!,0
How soon can I get it?,0
message me via g m a i l at user3587@example.com,1
What’s the price?,0
I’m interested in this item.,0
I’m interested in this item.,0
Nice product!,0
Message me on Signal: +1 815 192 1140,1
What’s the price?,0
fb.com/coolcat289,1
Nice product!,0
What’s the price?,0
What’s the price?,0
Does it come in other colors?,0
I’m interested in this item.,0
Where do you ship from?,0
get in touch @ user7341@example.com,1
My Snapchat is frank590,1
What are the dimensions?,0
Can you show more photos?,0
Nice product!,0
Does it come in other colors?,0
Twitter me at +1 160 389 6420,1
Where do you ship from?,0
How soon can I get it?,0
my email id is user362@example.com,1
Where do you ship from?,0
How soon can I get it?,0
What are the dimensions?,0
I’m interested in this item.,0
Text me at 555-216-9295 for more info.,1
I’m interested in this item.,0
WhatsApp me at +1-555-368-2548,1
I’m interested in this item.,0
How soon can I get it?,0
Does it come in other colors?,0
TikTok me at (940) 747-9786,1
Contact me via Telegram: @designer123,1
This looks good.,0
What’s the price?,0
What’s the price?,0
What are the dimensions?,0
How soon can I get it?,0
Let's connect on LinkedIn: linkedin.com/in/shop_owner,1
Can you share your phone number so I can send you details?,1
What are the dimensions?,0
Where do you ship from?,0
reach at t w o o o @example.com,1
How soon can I get it?,0
Do you have it in stock?,0
Can you show more photos?,0
How soon can I get it?,0
DM me on Facebook: facebook.com/devguy617,1
Where do you ship from?,0
What’s the price?,0
I’m interested in this item.,0
Where do you ship from?,0
Ping me on Telegram: @grace699,1
you can DM me at fashionista872 on Insta,1
This looks good.,0
I’m interested in this item.,0
C o n t a c t :   1 0 8 - 7 1 7 - 7 9 9 2,1
What’s the price?,0
How soon can I get it?,0
my digits: +1-129-727-8255,1
Can you show more photos?,0
Nice product!,0
Follow me on Instagram @tech_lead and DM.,1
What’s the price?,0
Does it come in other colors?,0
Where do you ship from?,0
What’s the price?,0
Where do you ship from?,0
How soon can I get it?,0
Does it come in other colors?,0
Does it come in other colors?,0
I’m interested in this item.,0
This looks good.,0
What’s the price?,0
This looks good.,0
C o n t a c t :   2 2 7 4 1 9 3 3 9 4,1
Nice product!,0
Nice product!,0
I’m interested in this item.,0
Can you show more photos?,0
Can I have your email address?,1
Message me at user2381@example.com,1
Does it come in other colors?,0
How soon can I get it?,0
Nice product!,0
I’m interested in this item.,0
Nice product!,0
What’s the price?,0
Does it come in other colors?,0
Find me on Facebook: https://facebook.com/bob963,1
Find me on Facebook: https://facebook.com/frank73,1
Here is my email: user3028@example.com,1
find me at user3898@example.com 😉,1
Can you show more photos?,0
I’m interested in this item.,0
Can you share your phone number so I can send you details?,1
Call me at 959-677-2012,1
How soon can I get it?,0
What’s the price?,0
This looks good.,0
Nice product!,0
Contact: +1-532-767-2181,1
What’s the price?,0
I’m interested in this item.,0
Here is my email: user6272@example.com,1
Where do you ship from?,0
Nice product!,0
This looks good.,0
How soon can I get it?,0
Do you have it in stock?,0
Does it come in other colors?,0
This looks good.,0
What are the dimensions?,0
Do you have it in stock?,0
How soon can I get it?,0
How soon can I get it?,0
This looks good.,0
Nice product!,0
What’s the price?,0
"My contact is 555-735-7453, call me.",1
Do you have it in stock?,0
wanna chat? +1-485-581-3968,1
I’m interested in this item.,0
Does it come in other colors?,0
Do you have it in stock?,0
What’s the price?,0
I’m interested in this item.,0
I’m interested in this item.,0
Reach me at (598) 397-3294,1
Where do you ship from?,0
Does it come in other colors?,0
What are the dimensions?,0
What’s the price?,0
How soon can I get it?,0
Can you show more photos?,0
What are the dimensions?,0
Here is my email: user5792@example.com,1
I’m interested in this item.,0
Nice product!,0
This looks good.,0
What’s the price?,0
Can you show more photos?,0
Can you show more photos?,0
Nice product!,0
Can you show more photos?,0
Contact me via Telegram: @best_pizza,1
This looks good.,0
What are the dimensions?,0
Do you have it in stock?,0
Does it come in other colors?,0
Nice product!,0
Nice product!,0
Where do you ship from?,0
Follow me on Twitter: @frank950,1
Mail me: judy74@mail.com,1
Nice product!,0
How soon can I get it?,0
Nice product!,0
What’s the price?,0
Does it come in other colors?,0
How soon can I get it?,0
Does it come in other colors?,0
Message me on Snapchat: fashionguru,1
Can you share your phone number so I can send you details?,1
This looks good.,0
Does it come in other colors?,0
Message via email: heidi76@example.com,1
How soon can I get it?,0
This looks good.,0
Do you have it in stock?,0
What’s the price?,0
my digits: +1-856-263-2678,1
What’s the price?,0
You can reach me at 555-842-1224,1
What’s the price?,0
How soon can I get it?,0
my digits: +1-325-819-1827,1
How soon can I get it?,0
I’m interested in this item.,0
What are the dimensions?,0
Where do you ship from?,0
Does it come in other colors?,0
Can you show more photos?,0
hmu @ shopper366,1
Do you have it in stock?,0
This looks good.,0
Send me a DM on Facebook: facebook.com/fashionguru,1
WhatsApp me at +1-555-391-2502,1
Can you show more photos?,0
Can you show more photos?,0
Connect on LinkedIn (linkedin.com/in/john_doe),1
Do you have it in stock?,0
Can you show more photos?,0
Can you show more photos?,0
What are the dimensions?,0
What are the dimensions?,0
I’m interested in this item.,0
I’m interested in this item.,0
Contact me via Telegram: @jane.smith,1
Does it come in other colors?,0
I’m interested in this item.,0
What’s the price?,0
What are the dimensions?,0
Can you show more photos?,0
Let's connect on LinkedIn: linkedin.com/in/best_pizza,1
Add me on Facebook (facebook.com/fashioneer),1
I’m interested in this item.,0
I’m interested in this item.,0
"Email is user9005@example.com, reach out anytime.",1
Where do you ship from?,0
This looks good.,0
Call me at +1 067 079 9090,1
c   o   n   t   a   c   t   m   e   ( 7 8 8 )   8 0 1 - 1 9 3 3,1
e v e 5 8 @ m a i l . c o m,1
What’s the price?,0
Can you show more photos?,0
Nice product!,0
📧 user887@example.com,1
What’s the price?,0
Nice product!,0
Message via email: alice54@test.org,1
Can you show more photos?,0
Do you have it in stock?,0
My WeChat ID is shop_owner,1
Do you have it in stock?,0
Can you show more photos?,0
Can you show more photos?,0
Follow me on Twitter: @frank334,1
I’m interested in this item.,0
Do you have it in stock?,0
Do you have it in stock?,0
Do you have it in stock?,0
Can you show more photos?,0
Where do you ship from?,0
Can you show more photos?,0
What’s the price?,0
What’s the price?,0
Can you show more photos?,0
I’m interested in this item.,0
my digits: +1-875-153-1942,1
What’s the price?,0
WhatsApp me at +1-555-351-2789,1
get in touch @ user570@example.com,1
Where do you ship from?,0
This looks good.,0
Does it come in other colors?,0
telegram: t dot me slash fashionista499,1
Where do you ship from?,0
Can you show more photos?,0
What are the dimensions?,0
Do you have it in stock?,0
Do you have it in stock?,0
I’m interested in this item.,0
I’m interested in this item.,0
I’m interested in this item.,0
Where do you ship from?,0
How soon can I get it?,0
Add me on WhatsApp: 359-768-0009,1
I’m interested in this item.,0
How soon can I get it?,0
Does it come in other colors?,0
Do you have it in stock?,0
Reach out on WhatsApp at +1-389-946-1932,1
How soon can I get it?,0
How soon can I get it?,0
I’m interested in this item.,0
Does it come in other colors?,0
This looks good.,0
What’s the price?,0
Can you show more photos?,0
Message me on Snapchat: shop_owner,1
Do you have it in stock?,0
This looks good.,0
Does it come in other colors?,0
I’m interested in this item.,0
Nice product!,0
Message me on Snapchat: jane.smith,1
What are the dimensions?,0
Nice product!,0
Can you show more photos?,0
What’s the price?,0
Does it come in other colors?,0
Do you have it in stock?,0
Can you show more photos?,0
Text me at 555-652-7297 for more info.,1
Does it come in other colors?,0
Follow me on Twitter: @alice66,1
What’s the price?,0
What’s the price?,0
What’s the price?,0
How soon can I get it?,0
Email me at user3865@example.com,1
I’m interested in this item.,0
You can reach me at 555-640-2626,1
I’m interested in this item.,0
Does it come in other colors?,0
I’m interested in this item.,0
This looks good.,0
Where do you ship from?,0
Do you have it in stock?,0
What’s the price?,0
What are the dimensions?,0
Nice product!,0
I’m interested in this item.,0
I’m interested in this item.,0
I’m interested in this item.,0
Does it come in other colors?,0
I’m interested in this item.,0
What are the dimensions?,0
Can you show more photos?,0
Nice product!,0
Can you share your phone number so I can send you details?,1
I’m interested in this item.,0
Can you show more photos?,0
This looks good.,0
What are the dimensions?,0
I’m interested in this item.,0
Nice product!,0
How soon can I get it?,0
Snapchat me @ fashionista812,1
What’s the price?,0
Here's my email: user3698@example.com,1
How soon can I get it?,0
Can you show more photos?,0
Where do you ship from?,0
Can you show more photos?,0
Nice product!,0
DM me on Instagram @best_pizza,1
Please email me at user4774@example.com,1
Hit me up on WhatsApp at +1-432-347-6774,1
Email me at alice89@mail.com,1
Do you have it in stock?,0
you can DM me at shopper768 on Insta,1
What’s the price?,0
What are the dimensions?,0
How soon can I get it?,0
Where do you ship from?,0
Contact me via Telegram: @john_doe,1
This looks good.,0
Does it come in other colors?,0
Can you show more photos?,0
I’m interested in this item.,0
This looks good.,0
What’s the price?,0
Can you show more photos?,0
This looks good.,0
Does it come in other colors?,0
Nice product!,0
C a l l   m e :   + 1   6 6 2   4 7 4   9 8 4 8,1
Text me at +1-301-940-2480,1
Find me on Facebook: https://facebook.com/david365,1
Where do you ship from?,0
I’m interested in this item.,0
Does it come in other colors?,0
I’m interested in this item.,0
Nice product!,0
This looks good.,0
my digits: +1-459-108-5974,1
How soon can I get it?,0
This looks good.,0
This looks good.,0
This looks good.,0
Can you show more photos?,0
What are the dimensions?,0
Nice product!,0
I’m interested in this item.,0
Can you show more photos?,0
How soon can I get it?,0
How soon can I get it?,0
Where do you ship from?,0
What’s the price?,0
Does it come in other colors?,0
What’s the price?,0
What are the dimensions?,0
What are the dimensions?,0
Can you show more photos?,0
You can reach me at +1-254-650-2354,1
Can you show more photos?,0
What’s the price?,0
Nice product!,0
I’m interested in this item.,0
📱 +1-976-581-3388,1
Does it come in other colors?,0
What are the dimensions?,0
Does it come in other colors?,0
I’m interested in this item.,0
Nice product!,0
Where do you ship from?,0
DM me on Facebook: facebook.com/coolcat157,1
What’s the price?,0
I’m interested in this item.,0
Nice product!,0
Does it come in other colors?,0
Nice product!,0
How soon can I get it?,0
What’s the price?,0
Nice product!,0
Can you show more photos?,0
Do you have it in stock?,0
This looks good.,0
Mail me: grace87@email.net,1
This looks good.,0
How soon can I get it?,0
Can you show more photos?,0
What are the dimensions?,0
Where do you ship from?,0
Do you have it in stock?,0
hmu @ coolcat233,1
Nice product!,0
What are the dimensions?,0
You can reach me at 555-878-2183,1
message me via g m a i l at user225@example.com,1
How soon can I get it?,0
Do you have it in stock?,0
Do you have it in stock?,0
Can you show more photos?,0
Do you have it in stock?,0
Nice product!,0
Can you show more photos?,0
Can you show more photos?,0
Can I have your email address?,1
Where do you ship from?,0
How soon can I get it?,0
Where do you ship from?,0
This looks good.,0
What are the dimensions?,0
How soon can I get it?,0
What’s the price?,0
Do you have it in stock?,0
How soon can I get it?,0
Does it come in other colors?,0
Where do you ship from?,0
I’m interested in this item.,0
Text me at 4800677759,1
Can you show more photos?,0
This looks good.,0
I’m interested in this item.,0
Where do you ship from?,0
Does it come in other colors?,0
Does it come in other colors?,0
Do you have it in stock?,0
C a l l   m e :   ( 5 6 5 )   2 4 2 - 6 4 4 7,1
My TikTok: @judy585,1
Where do you ship from?,0
hmu @ devguy932,1
How soon can I get it?,0
Let's connect on LinkedIn: linkedin.com/in/coolguy42,1
Message me on Snapchat: tech_lead,1
reach at t w o o o @example.com,1
This looks good.,0
What’s the price?,0
How soon can I get it?,0
Nice product!,0
What are the dimensions?,0
I’m interested in this item.,0
reach at t w o o o @example.com,1
Here is my email: user4379@example.com,1
Message me at user9917@example.com,1
Reach out on WhatsApp at +1-291-926-4717,1
What’s the price?,0
I’m interested in this item.,0
What are the dimensions?,0
you can DM me at coolcat585 on Insta,1
c   o   n   t   a   c   t   m   e   8 9 4 - 6 4 2 - 3 2 8 5,1
How soon can I get it?,0
How soon can I get it?,0
This looks good.,0
Does it come in other colors?,0
How soon can I get it?,0
How soon can I get it?,0
Hit me up on WhatsApp at +1-502-146-7248,1
Send me a DM on Facebook: facebook.com/coolguy42,1
What’s the price?,0
Mail me: frank12@example.com,1
Connect on LinkedIn (linkedin.com/in/fashionista990),1
e v e 3 0 @ t e s t . o r g,1
Where do you ship from?,0
Nice product!,0
Message via email: frank3@example.com,1
How soon can I get it?,0
You can reach me at 555-508-9144,1
How soon can I get it?,0
What are the dimensions?,0
Where do you ship from?,0
Nice product!,0
What’s the price?,0
What’s the price?,0
Can you show more photos?,0
I’m interested in this item.,0
Where do you ship from?,0
Can you show more photos?,0
How soon can I get it?,0
Where do you ship from?,0
Text me at 555-723-1891 for more info.,1
Does it come in other colors?,0
Does it come in other colors?,0
Does it come in other colors?,0
What’s the price?,0
You can reach me at +1-938-934-9457,1
Text me at +1-177-754-1754,1
Does it come in other colors?,0
I’m interested in this item.,0
Do you have it in stock?,0
This looks good.,0
This looks good.,0
What’s the price?,0
Can you show more photos?,0
Where do you ship from?,0
Can you share your phone number so I can send you details?,1
Let's connect on LinkedIn: https://linkedin.com/in/charlie274,1
Where do you ship from?,0
What’s the price?,0
DM me on Instagram: @eve690,1
What’s the price?,0
What are the dimensions?,0
Can you show more photos?,0
I’m interested in this item.,0
Does it come in other colors?,0
Text me at +1 931 606 0209,1
C o n t a c t :   9 6 4 1 9 6 7 2 1 5,1
Where do you ship from?,0
C o n t a c t :   + 1   0 0 8   4 2 3   9 1 5 1,1
What are the dimensions?,0
What’s the price?,0
get in touch @ user9200@example.com,1
Let's connect on LinkedIn: linkedin.com/in/fashionguru,1
How soon can I get it?,0
Does it come in other colors?,0
Where do you ship from?,0
Can you show more photos?,0
How soon can I get it?,0
What’s the price?,0
What are the dimensions?,0
Nice product!,0
What’s the price?,0
Do you have it in stock?,0
Can you show more photos?,0
I’m interested in this item.,0
What are the dimensions?,0
Where do you ship from?,0
I’m interested in this item.,0
WhatsApp me at +1-555-782-8782,1
Nice product!,0
I’m interested in this item.,0
How soon can I get it?,0
How soon can I get it?,0
Does it come in other colors?,0
Does it come in other colors?,0
Can you show more photos?,0
Do you have it in stock?,0
Do you have it in stock?,0
Add me on WhatsApp: 555-351-7140,1
What’s the price?,0
Nice product!,0
Nice product!,0
How soon can I get it?,0
Does it come in other colors?,0
How soon can I get it?,0
my digits: +1-149-229-7261,1
Where do you ship from?,0
Where do you ship from?,0
What are the dimensions?,0
Does it come in other colors?,0
How soon can I get it?,0
How soon can I get it?,0
What are the dimensions?,0
This looks good.,0
Contact via email: charlie72@test.org,1
Hit me up on WhatsApp at 555-643-8004,1
I’m interested in this item.,0
Nice product!,0
Nice product!,0
Can you show more photos?,0
This looks good.,0
Does it come in other colors?,0
What are the dimensions?,0
Mail me: charlie66@example.com,1
What are the dimensions?,0
c   o   n   t   a   c   t   m   e   ( 6 1 3 )   0 1 6 - 1 7 8 7,1
This looks good.,0
I’m interested in this item.,0
Does it come in other colors?,0
What’s the price?,0
Nice product!,0
I’m interested in this item.,0
My WeChat ID is john_doe,1
I’m interested in this item.,0
Nice product!,0
I’m interested in this item.,0
Can you show more photos?,0
Does it come in other colors?,0
What’s the price?,0
What are the dimensions?,0
How soon can I get it?,0
Does it come in other colors?,0
What’s the price?,0
t e l : +1-947-737-8544,1
What are the dimensions?,0
What are the dimensions?,0
Does it come in other colors?,0
How soon can I get it?,0
How soon can I get it?,0
Where do you ship from?,0
Nice product!,0
This looks good.,0
Ping me on Telegram: @frank266,1
Can you show more photos?,0
c   o   n   t   a   c   t   m   e   + 1   7 0 2   0 8 6   6 2 6 0,1
This looks good.,0
What are the dimensions?,0
I’m interested in this item.,0
What’s the price?,0
Add me on WhatsApp: 555-756-2022,1
What’s the price?,0
hmu @ coolcat60,1
What’s the price?,0
This looks good.,0
This looks good.,0
Can you show more photos?,0
Nice product!,0
Let's connect on LinkedIn: linkedin.com/in/fashionguru,1
How soon can I get it?,0
This looks good.,0
Does it come in other colors?,0
This looks good.,0
How soon can I get it?,0
What are the dimensions?,0
What are the dimensions?,0
Where do you ship from?,0
This looks good.,0
Does it come in other colors?,0
Do you have it in stock?,0
Nice product!,0
message me via g m a i l at user5054@example.com,1
Nice product!,0
Does it come in other colors?,0
How soon can I get it?,0
What are the dimensions?,0
Can you show more photos?,0
This looks good.,0
Connect on LinkedIn (linkedin.com/in/fashioneer),1
Can you show more photos?,0
I’m interested in this item.,0
I’m interested in this item.,0
Connect on LinkedIn (linkedin.com/in/best_pizza),1
Does it come in other colors?,0
Can you show more photos?,0
I’m interested in this item.,0
What are the dimensions?,0
How soon can I get it?,0
This looks good.,0
Do you have it in stock?,0
This looks good.,0
What’s the price?,0
Find me on Facebook: https://facebook.com/eve926,1
Do you have it in stock?,0
Can you share your phone number so I can send you details?,1
Nice product!,0
Do you have it in stock?,0
Nice product!,0
Email me at user4445@example.com,1
Does it come in other colors?,0
What are the dimensions?,0
How soon can I get it?,0
I’m interested in this item.,0
Send me a DM on Facebook: facebook.com/john_doe,1
Can you show more photos?,0
Nice product!,0
Can you show more photos?,0
How soon can I get it?,0
Nice product!,0
Connect on LinkedIn (linkedin.com/in/shopper644),1
you can DM me at devguy312 on Insta,1
Contact me via Telegram: @best_pizza,1
How soon can I get it?,0
Contact via email: david9@mail.com,1
Where do you ship from?,0
Nice product!,0
How soon can I get it?,0
Can you show more photos?,0
c   o   n   t   a   c   t   m   e   1 5 5 - 6 8 1 - 1 3 5 1,1
What’s the price?,0
How soon can I get it?,0
Do you have it in stock?,0
C a l l   m e :   9 4 8 8 0 7 9 0 2 0,1
C a l l   m e :   ( 8 7 0 )   1 0 0 - 8 0 9 0,1
Message me at user1010@example.com,1
I’m interested in this item.,0
"My contact is 555-715-9897, call me.",1
Nice product!,0
Where do you ship from?,0
Text me at 0988384569,1
What’s the price?,0
Nice product!,0
Hit me up on WhatsApp at 555-131-3026,1
Can you show more photos?,0
Contact me via Telegram: @designer123,1
Where do you ship from?,0
Please email me at user7762@example.com,1
This looks good.,0
How soon can I get it?,0
Find me on Facebook: https://facebook.com/bob449,1
My TikTok: @bob175,1
I’m interested in this item.,0
wanna chat? +1-577-156-8174,1
get in touch @ user9205@example.com,1
Can you show more photos?,0
How soon can I get it?,0
Nice product!,0
What are the dimensions?,0
Do you have it in stock?,0
Text me at +1 520 500 9524,1
Does it come in other colors?,0
I’m interested in this item.,0
Does it come in other colors?,0
Can you show more photos?,0
This looks good.,0
I’m interested in this item.,0
How soon can I get it?,0
How soon can I get it?,0
Can you show more photos?,0
What are the dimensions?,0
What’s the price?,0
How soon can I get it?,0
How soon can I get it?,0
Call me at 8340961721,1
What’s the price?,0
Follow me on Twitter: @eve38,1
Do you have it in stock?,0
This looks good.,0
Nice product!,0
What’s the price?,0
Find me on Facebook: https://facebook.com/ivan336,1
This looks good.,0
Does it come in other colors?,0
Text me at +1 301 339 2387,1
What are the dimensions?,0
Does it come in other colors?,0
Do you have it in stock?,0
Do you have it in stock?,0
What’s the price?,0
Do you have it in stock?,0
Contact me on Skype: frank64,1
Do you have it in stock?,0
Can you show more photos?,0
Does it come in other colors?,0
This looks good.,0
What’s the price?,0
How soon can I get it?,0
I’m interested in this item.,0
I’m interested in this item.,0
e m a i l m e @ user7268@example.com,1
This looks good.,0
Nice product!,0
What’s the price?,0
Does it come in other colors?,0
Does it come in other colors?,0
This looks good.,0
What’s the price?,0
telegram: t dot me slash devguy699,1
Where do you ship from?,0
Do you have it in stock?,0
Nice product!,0
Do you have it in stock?,0
Ping me on Telegram: @frank102,1
Email me at user4413@example.com,1
DM me on Instagram: @ivan656,1
I’m interested in this item.,0
I’m interested in this item.,0
📧 user3674@example.com,1
This looks good.,0
Ping me on Telegram: @ivan771,1
Nice product!,0
Can you show more photos?,0
Can you show more photos?,0
Can you show more photos?,0
Where do you ship from?,0
What are the dimensions?,0
Reach me at 380-926-2680,1
Contact via email: ivan21@email.net,1
What’s the price?,0
Do you have it in stock?,0
Let's connect on LinkedIn: linkedin.com/in/fashionguru,1
I’m interested in this item.,0
Does it come in other colors?,0
Where do you ship from?,0
My WeChat ID is coolguy42,1
Can you show more photos?,0
Send me a DM on Facebook: facebook.com/tech_lead,1
This looks good.,0
What are the dimensions?,0
Does it come in other colors?,0
Nice product!,0
Where do you ship from?,0
Nice product!,0
Do you have it in stock?,0
What’s the price?,0
Do you have it in stock?,0
This looks good.,0
Reach me at 620-848-0856,1
Do you have it in stock?,0
Nice product!,0
What’s the price?,0
How soon can I get it?,0
reach at t w o o o @example.com,1
Does it come in other colors?,0
This looks good.,0
Nice product!,0
How soon can I get it?,0
Let's connect on LinkedIn: https://linkedin.com/in/ivan556,1
Do you have it in stock?,0
Do you have it in stock?,0
Does it come in other colors?,0
Hit me up on WhatsApp at 555-498-5068,1
e m a i l m e @ user7959@example.com,1
What are the dimensions?,0
How soon can I get it?,0
This looks good.,0
Do you have it in stock?,0
Do you have it in stock?,0
I’m interested in this item.,0
I’m interested in this item.,0
How soon can I get it?,0
Nice product!,0
What are the dimensions?,0
Does it come in other colors?,0
What are the dimensions?,0
Send me a DM on Facebook: facebook.com/coolguy42,1
What are the dimensions?,0
c o n t a c t : +1-981-925-7975,1
Here's my email: user9600@example.com,1
What’s the price?,0
You can reach me at 555-280-1835,1
Can you show more photos?,0
I’m interested in this item.,0
Where do you ship from?,0
Do you have it in stock?,0
Can you show more photos?,0
Nice product!,0
You can reach me at 555-303-5359,1
Where do you ship from?,0
What are the dimensions?,0
Can you show more photos?,0
I’m interested in this item.,0
This looks good.,0
Do you have it in stock?,0
This looks good.,0
Do you have it in stock?,0
What are the dimensions?,0
I’m interested in this item.,0
Can you show more photos?,0
How soon can I get it?,0
How soon can I get it?,0
What are the dimensions?,0
Can I have your email address?,1
Where do you ship from?,0
What’s the price?,0
📧 user1402@example.com,1
This looks good.,0
Email me at charlie74@example.com,1
Nice product!,0
Does it come in other colors?,0
Do you have it in stock?,0
Can you show more photos?,0
Hit me up on WhatsApp at 555-275-1489,1
Do you have it in stock?,0
Text me at +1-828-654-8322,1
DM me on Instagram @tech_lead,1
Contact: +1-495-830-1862,1
What are the dimensions?,0
Where do you ship from?,0
Where do you ship from?,0
DM me on Facebook: facebook.com/devguy8,1
DM me on Instagram @tech_lead,1
What’s the price?,0
Nice product!,0
Hit me up on WhatsApp at +1-852-979-5268,1
I’m interested in this item.,0
Email me at user6992@example.com,1
I’m interested in this item.,0
Send me a DM on Facebook: facebook.com/john_doe,1
Nice product!,0
Contact me via Telegram: @shop_owner,1
Do you have it in stock?,0
my digits: +1-276-572-3552,1
Can you show more photos?,0
What are the dimensions?,0
This looks good.,0
Do you have it in stock?,0
This looks good.,0
This looks good.,0
Add me on WhatsApp: (811) 698-3228,1
I’m interested in this item.,0
Add me on Facebook (facebook.com/designer123),1
How soon can I get it?,0
How soon can I get it?,0
What are the dimensions?,0
What’s the price?,0
Does it come in other colors?,0
What’s the price?,0
This looks good.,0
How soon can I get it?,0
Where do you ship from?,0
my email id is user2709@example.com,1
c   o   n   t   a   c   t   m   e   0 2 7 9 8 4 0 0 7 5,1
What are the dimensions?,0
Add me on WhatsApp: 555-556-6318,1
What are the dimensions?,0
Do you have it in stock?,0
Where do you ship from?,0
How soon can I get it?,0
Nice product!,0
Where do you ship from?,0
Can you share your phone number so I can send you details?,1
Message via email: heidi14@example.com,1
Add me on WhatsApp: 470-916-0960,1
How soon can I get it?,0
How soon can I get it?,0
my email id is user4136@example.com,1
Does it come in other colors?,0
Nice product!,0
📱 +1-129-680-9628,1
Can you show more photos?,0
Can you share your phone number so I can send you details?,1
Nice product!,0
wanna chat? +1-306-134-4305,1
Do you have it in stock?,0
Do you have it in stock?,0
fb.com/shopper742,1
This looks good.,0
Where do you ship from?,0
Text me at +1-831-982-9177,1
Does it come in other colors?,0
Where do you ship from?,0
How soon can I get it?,0
What are the dimensions?,0
Can you show more photos?,0
What’s the price?,0
This looks good.,0
Do you have it in stock?,0
This looks good.,0
What are the dimensions?,0
How soon can I get it?,0
Does it come in other colors?,0
What’s the price?,0
Do you have it in stock?,0
What are the dimensions?,0
How soon can I get it?,0
"My contact is 555-418-7305, call me.",1
How soon can I get it?,0
What are the dimensions?,0
Does it come in other colors?,0
What’s the price?,0
How soon can I get it?,0
I’m interested in this item.,0
my digits: +1-547-481-1437,1
Where do you ship from?,0
What are the dimensions?,0
What’s the price?,0
Does it come in other colors?,0
What’s the price?,0
What’s the price?,0
Contact via email: heidi90@test.org,1
What are the dimensions?,0
Where do you ship from?,0
How soon can I get it?,0
Follow me on Twitter: @ivan165,1
What’s the price?,0
Does it come in other colors?,0
Does it come in other colors?,0
Do you have it in stock?,0
Where do you ship from?,0
Where do you ship from?,0
Nice product!,0
Here is my email: user4726@example.com,1
Where do you ship from?,0
This looks good.,0
Snapchat me @ coolcat250,1
What’s the price?,0
How soon can I get it?,0
What’s the price?,0
Do you have it in stock?,0
My number is 5837040636,1
Add me on Facebook (facebook.com/john_doe),1
Can you show more photos?,0
What’s the price?,0
This looks good.,0
Text me at +1-146-460-5703,1
This looks good.,0
Nice product!,0
I’m interested in this item.,0
I’m interested in this item.,0
My TikTok: @heidi258,1
Nice product!,0
I’m interested in this item.,0
Do you have it in stock?,0
I’m interested in this item.,0
Where do you ship from?,0
Connect on LinkedIn (linkedin.com/in/shop_owner),1
What are the dimensions?,0
Messenger me at +1 092 564 4621,1
Does it come in other colors?,0
Where do you ship from?,0
My number is 9577118386,1
This looks good.,0
Can you show more photos?,0
Does it come in other colors?,0
This looks good.,0
Add me on WhatsApp: 555-222-2441,1
Can you show more photos?,0
Do you have it in stock?,0
Ping me on Telegram: @charlie818,1
Can you show more photos?,0
Nice product!,0
Where do you ship from?,0
Nice product!,0
c   o   n   t   a   c   t   m   e   + 1   0 9 6   0 3 7   3 5 6 4,1
Here's my email: user5198@example.com,1
My number is 2193025756,1
This looks good.,0
Nice product!,0
What’s the price?,0
Hit me up on WhatsApp at 555-905-9982,1
This looks good.,0
Does it come in other colors?,0
Does it come in other colors?,0
How soon can I get it?,0
Nice product!,0
Does it come in other colors?,0
Nice product!,0
This looks good.,0
Nice product!,0
My WeChat ID is coolguy42,1
What’s the price?,0
What are the dimensions?,0
This looks good.,0
Does it come in other colors?,0
Where do you ship from?,0
Nice product!,0
What are the dimensions?,0
Nice product!,0
Where do you ship from?,0
Does it come in other colors?,0
This looks good.,0
Where do you ship from?,0
Do you have it in stock?,0
Does it come in other colors?,0
What are the dimensions?,0
I’m interested in this item.,0
Do you have it in stock?,0
Follow me on Twitter: @heidi366,1
What are the dimensions?,0
What are the dimensions?,0
Contact me on Skype: eve222,1
Can I have your email address?,1
Connect on LinkedIn (linkedin.com/in/devguy821),1
What’s the price?,0
I’m interested in this item.,0
Does it come in other colors?,0
What’s the price?,0
Does it come in other colors?,0
Can you show more photos?,0
Where do you ship from?,0
Where do you ship from?,0
Contact via email: frank81@test.org,1
What are the dimensions?,0
This looks good.,0
Nice product!,0
Let's connect on LinkedIn: linkedin.com/in/coolguy42,1
hmu @ coolcat862,1
you can DM me at devguy805 on Insta,1
Does it come in other colors?,0
This looks good.,0
Let's connect on LinkedIn: https://linkedin.com/in/charlie498,1
This looks good.,0
t e l : +1-625-914-1484,1
Where do you ship from?,0
How soon can I get it?,0
I’m interested in this item.,0
Can you show more photos?,0
How soon can I get it?,0
Do you have it in stock?,0
Where do you ship from?,0
You can reach me at +1-585-405-2947,1
c   o   n   t   a   c   t   m   e   2 7 8 3 9 9 0 3 1 5,1
Follow me on Instagram @john_doe and DM.,1
What’s the price?,0
Nice product!,0
How soon can I get it?,0
How soon can I get it?,0
Text me at 555-552-5312 for more info.,1
What’s the price?,0
Can you show more photos?,0
What are the dimensions?,0
📧 user4269@example.com,1
Can you show more photos?,0
Where do you ship from?,0
What are the dimensions?,0
Where do you ship from?,0
This looks good.,0
DM me on Instagram @jane.smith,1
What’s the price?,0
Email me at ivan65@email.net,1
Does it come in other colors?,0
Can you show more photos?,0
Can you show more photos?,0
Where do you ship from?,0
Nice product!,0
hmu @ shopper922,1
Can you show more photos?,0
This looks good.,0
Connect on LinkedIn (linkedin.com/in/fashionguru),1
Does it come in other colors?,0
How soon can I get it?,0
snap me at s-n-a-p shopper877,1
Where do you ship from?,0
Does it come in other colors?,0
Here's my email: user3163@example.com,1
This looks good.,0
Nice product!,0
What are the dimensions?,0
How soon can I get it?,0
Nice product!,0
This looks good.,0
I’m interested in this item.,0
Message me on Signal: 277-348-5413,1
Follow me on Instagram @jane.smith and DM.,1
What’s the price?,0
Can you show more photos?,0
What are the dimensions?,0
Nice product!,0
Does it come in other colors?,0
Nice product!,0
Hit me up on WhatsApp at 555-497-8213,1
Do you have it in stock?,0
Can you show more photos?,0
How soon can I get it?,0
What’s the price?,0
Contact me on Skype: alice882,1
How soon can I get it?,0
C o n t a c t :   + 1   7 4 8   8 1 6   7 3 7 7,1
I’m interested in this item.,0
You can reach me at +1-287-533-8645,1
C o n t a c t :   2 4 6 - 9 4 0 - 5 7 1 5,1
This looks good.,0
What are the dimensions?,0
Does it come in other colors?,0
What are the dimensions?,0
What’s the price?,0
This looks good.,0
C a l l   m e :   + 1   9 5 2   5 7 6   5 8 3 8,1
What’s the price?,0
This looks good.,0
hmu @ fashionista55,1
How soon can I get it?,0
Nice product!,0
Can you share your phone number so I can send you details?,1
I’m interested in this item.,0
How soon can I get it?,0
Can you show more photos?,0
Nice product!,0
Does it come in other colors?,0
How soon can I get it?,0
What are the dimensions?,0
What are the dimensions?,0
Let's connect on LinkedIn: https://linkedin.com/in/charlie515,1
My number is +1 826 184 2667,1
Can you show more photos?,0
snap me at s-n-a-p fashionista231,1
I’m interested in this item.,0
What are the dimensions?,0
Can you show more photos?,0
What are the dimensions?,0
Where do you ship from?,0
How soon can I get it?,0
What’s the price?,0
What’s the price?,0
Can you show more photos?,0
What are the dimensions?,0
What’s the price?,0
Please email me at user2192@example.com,1
Where do you ship from?,0
What’s the price?,0
Where do you ship from?,0
What are the dimensions?,0
Nice product!,0
Can you show more photos?,0
Email me at charlie19@email.net,1
Can you show more photos?,0
I’m interested in this item.,0
How soon can I get it?,0
I’m interested in this item.,0
Does it come in other colors?,0
Nice product!,0
What are the dimensions?,0
Add me on WhatsApp: 555-691-4533,1
Do you have it in stock?,0
This looks good.,0
Contact via email: eve86@mail.com,1
Contact me via Telegram: @best_pizza,1
DM me on Instagram: @frank390,1
Can you show more photos?,0
Add me on Facebook (facebook.com/coolguy42),1
Where do you ship from?,0
Ping me on Telegram: @alice372,1
Where do you ship from?,0
Does it come in other colors?,0
Do you have it in stock?,0
Does it come in other colors?,0
Follow me on Instagram @coolguy42 and DM.,1
This looks good.,0
This looks good.,0
Nice product!,0
Can you show more photos?,0
Can you show more photos?,0
Contact via email: alice39@email.net,1
Can you show more photos?,0
Where do you ship from?,0
How soon can I get it?,0
Does it come in other colors?,0
What are the dimensions?,0
Does it come in other colors?,0
snap me at s-n-a-p coolcat830,1
I’m interested in this item.,0
What’s the price?,0
This looks good.,0
What’s the price?,0
Nice product!,0
Connect on LinkedIn (linkedin.com/in/shopper99),1
How soon can I get it?,0
DM me on Instagram @fashionguru,1
How soon can I get it?,0
What are the dimensions?,0
What are the dimensions?,0
This looks good.,0
I’m interested in this item.,0
How soon can I get it?,0
Can you show more photos?,0
Reach out on WhatsApp at +1-355-134-8336,1
Where do you ship from?,0
How soon can I get it?,0
Do you have it in stock?,0
What’s the price?,0
get in touch @ user4023@example.com,1
How soon can I get it?,0
Can you show more photos?,0
This looks good.,0
Does it come in other colors?,0
What are the dimensions?,0
This looks good.,0
What are the dimensions?,0
This looks good.,0
How soon can I get it?,0
Where do you ship from?,0
This looks good.,0
Nice product!,0
What are the dimensions?,0
I’m interested in this item.,0
What’s the price?,0
Contact me on Skype: heidi89,1
How soon can I get it?,0
Does it come in other colors?,0
This looks good.,0
Can you show more photos?,0
Do you have it in stock?,0
What are the dimensions?,0
What are the dimensions?,0
Hit me up on WhatsApp at 555-938-4350,1
Follow me on Instagram @tech_lead and DM.,1
Does it come in other colors?,0
Where do you ship from?,0
Nice product!,0
I’m interested in this item.,0
What are the dimensions?,0
What are the dimensions?,0
Where do you ship from?,0
This looks good.,0
Nice product!,0
Nice product!,0
Nice product!,0
Do you have it in stock?,0
wanna chat? +1-285-738-6328,1
Can you show more photos?,0
Do you have it in stock?,0
What are the dimensions?,0
Please email me at user5243@example.com,1
How soon can I get it?,0
Can I have your email address?,1
I’m interested in this item.,0
What’s the price?,0
Here is my email: user6611@example.com,1
What are the dimensions?,0
I’m interested in this item.,0
my digits: +1-398-256-7804,1
Can you show more photos?,0
you can DM me at fashionista844 on Insta,1
Where do you ship from?,0
This looks good.,0
Do you have it in stock?,0
Can you show more photos?,0
How soon can I get it?,0
What are the dimensions?,0
snap me at s-n-a-p shopper100,1
Nice product!,0
Send me a DM on Facebook: facebook.com/designer123,1
Can you show more photos?,0
Where do you ship from?,0
What are the dimensions?,0
What’s the price?,0
Where do you ship from?,0
What are the dimensions?,0
telegram: t dot me slash coolcat854,1
get in touch @ user6270@example.com,1
Can you show more photos?,0
Does it come in other colors?,0
Call me at 6835546399,1
What’s the price?,0
What’s the price?,0
How soon can I get it?,0
I’m interested in this item.,0
Contact: +1-974-143-5929,1
This looks good.,0
Here's my email: user9995@example.com,1
Nice product!,0
This looks good.,0
Let's connect on LinkedIn: https://linkedin.com/in/alice524,1
Can you show more photos?,0
Do you have it in stock?,0
What’s the price?,0
You can reach me at 555-228-6616,1
Can you show more photos?,0
Does it come in other colors?,0
What’s the price?,0
Message me at user4548@example.com,1
Where do you ship from?,0
Can you show more photos?,0
Can you show more photos?,0
What are the dimensions?,0
Where do you ship from?,0
Where do you ship from?,0
Nice product!,0
"Email is user4259@example.com, reach out anytime.",1
Does it come in other colors?,0
Do you have it in stock?,0
Does it come in other colors?,0
Can you show more photos?,0
I’m interested in this item.,0
Do you have it in stock?,0
Text me at +1-242-734-7409,1
Do you have it in stock?,0
I’m interested in this item.,0
Does it come in other colors?,0
What are the dimensions?,0
How soon can I get it?,0
Does it come in other colors?,0
This looks good.,0
What are the dimensions?,0
This looks good.,0
Can you show more photos?,0
Follow me on Twitter: @ivan744,1
I’m interested in this item.,0
This looks good.,0
"Email is user5891@example.com, reach out anytime.",1
Do you have it in stock?,0
Can you show more photos?,0
Do you have it in stock?,0
Do you have it in stock?,0
What are the dimensions?,0
Do you have it in stock?,0
telegram: t dot me slash shopper146,1
Where do you ship from?,0
What are the dimensions?,0
Do you have it in stock?,0
I’m interested in this item.,0
Can you show more photos?,0
Add me on Facebook (facebook.com/fashioneer),1
What are the dimensions?,0
Can you show more photos?,0
You can reach me at +1-161-338-5221,1
Can you show more photos?,0
What are the dimensions?,0
find me at user7546@example.com 😉,1
Can you show more photos?,0
Do you have it in stock?,0
This looks good.,0
Does it come in other colors?,0
Nice product!,0
Can you show more photos?,0
This looks good.,0
This looks good.,0
Reach me at (777) 578-4314,1
What’s the price?,0
This looks good.,0
Let's connect on LinkedIn: linkedin.com/in/fashioneer,1
"My contact is 555-877-1546, call me.",1
Does it come in other colors?,0
This looks good.,0
What are the dimensions?,0
Does it come in other colors?,0
Contact me on Skype: judy908,1
Connect on LinkedIn (linkedin.com/in/coolguy42),1
Contact via email: charlie77@example.com,1
Nice product!,0
Do you have it in stock?,0
Connect on LinkedIn (linkedin.com/in/devguy566),1
How soon can I get it?,0
I’m interested in this item.,0
you can DM me at shopper821 on Insta,1
Nice product!,0
Nice product!,0
Where do you ship from?,0
What are the dimensions?,0
snap me at s-n-a-p devguy759,1
This looks good.,0
Nice product!,0
What are the dimensions?,0
Nice product!,0
What’s the price?,0
Does it come in other colors?,0
What are the dimensions?,0
Do you have it in stock?,0
How soon can I get it?,0
How soon can I get it?,0
Where do you ship from?,0
What are the dimensions?,0
j u d y 3 @ e m a i l . n e t,1
Can you show more photos?,0
DM me on Instagram: @david141,1
I’m interested in this item.,0
This looks good.,0
How soon can I get it?,0
How soon can I get it?,0
Add me on Facebook (facebook.com/fashionguru),1
Follow me on Instagram @fashioneer and DM.,1
c o n t a c t : +1-833-535-4480,1
Can I have your email address?,1
Does it come in other colors?,0
DM me on Facebook: facebook.com/devguy867,1
I’m interested in this item.,0
Where do you ship from?,0
This looks good.,0
Do you have it in stock?,0
Let's connect on LinkedIn: linkedin.com/in/jane.smith,1
How soon can I get it?,0
How soon can I get it?,0
Text me at +1-653-550-9094,1
Nice product!,0
Do you have it in stock?,0
Call me at 2004369408,1
Nice product!,0
Nice product!,0
How soon can I get it?,0
This looks good.,0
I’m interested in this item.,0
Where do you ship from?,0
Can you show more photos?,0
Where do you ship from?,0
What’s the price?,0
Email me at user824@example.com,1
This looks good.,0
Can you show more photos?,0
Do you have it in stock?,0
How soon can I get it?,0
Nice product!,0
This looks good.,0
Does it come in other colors?,0
What are the dimensions?,0
Nice product!,0
📧 user6887@example.com,1
you can DM me at devguy7 on Insta,1
Can you show more photos?,0
Can you show more photos?,0
Can you show more photos?,0
Ping me on Telegram: @eve191,1
I’m interested in this item.,0
What are the dimensions?,0
snap me at s-n-a-p coolcat257,1
What are the dimensions?,0
Nice product!,0
Does it come in other colors?,0
This looks good.,0
This looks good.,0
This looks good.,0
How soon can I get it?,0
How soon can I get it?,0
I’m interested in this item.,0
Where do you ship from?,0
Do you have it in stock?,0
Can you show more photos?,0
Does it come in other colors?,0
Where do you ship from?,0
Nice product!,0
Does it come in other colors?,0
What’s the price?,0
WhatsApp me at 747-808-9729,1
Contact me on Skype: david951,1
Where do you ship from?,0
Hit me up on WhatsApp at +1-927-398-6606,1
c   o   n   t   a   c   t   m   e   6 1 9 4 0 9 4 6 8 0,1
Can you show more photos?,0
My TikTok: @alice929,1
Where do you ship from?,0
Does it come in other colors?,0
Ping me on Telegram: @judy152,1
This looks good.,0
This looks good.,0
Where do you ship from?,0
Does it come in other colors?,0
I’m interested in this item.,0
What’s the price?,0
Let's connect on LinkedIn: https://linkedin.com/in/charlie686,1
What’s the price?,0
Can you show more photos?,0
Nice product!,0
Do you have it in stock?,0
Where do you ship from?,0
Follow me on Instagram @coolguy42 and DM.,1
Do you have it in stock?,0
Let's connect on LinkedIn: linkedin.com/in/shopper99,1
What’s the price?,0
I’m interested in this item.,0
snap me at s-n-a-p coolcat367,1
Do you have it in stock?,0
What are the dimensions?,0
Text me at +1-870-569-1952,1
Ping me on Telegram: @ivan550,1
How soon can I get it?,0
Does it come in other colors?,0
Nice product!,0
What are the dimensions?,0
Where do you ship from?,0
What are the dimensions?,0
Does it come in other colors?,0
What’s the price?,0
What’s the price?,0
Connect on LinkedIn (linkedin.com/in/designer123),1
This looks good.,0
Can you show more photos?,0
I’m interested in this item.,0
hmu @ shopper220,1
Nice product!,0
Does it come in other colors?,0
How soon can I get it?,0
Add me on Facebook (facebook.com/shop_owner),1
Does it come in other colors?,0
My number is +1 709 229 9025,1
Nice product!,0
message me via g m a i l at user1595@example.com,1
Add me on Facebook (facebook.com/john_doe),1
I’m interested in this item.,0
How soon can I get it?,0
I’m interested in this item.,0
Mail me: grace32@example.com,1
Nice product!,0
Nice product!,0
message me via g m a i l at user3230@example.com,1
I’m interested in this item.,0
Nice product!,0
Do you have it in stock?,0
t e l : +1-427-267-9809,1
Email me at judy8@email.net,1
Can you show more photos?,0
I’m interested in this item.,0
How soon can I get it?,0
I’m interested in this item.,0
What’s the price?,0
Message via email: david64@email.net,1
Where do you ship from?,0
What’s the price?,0
What are the dimensions?,0
How soon can I get it?,0
This looks good.,0
Do you have it in stock?,0
DM me on Instagram: @judy8,1
What’s the price?,0
Does it come in other colors?,0
Does it come in other colors?,0
DM me on Facebook: facebook.com/fashionista531,1
What’s the price?,0
I’m interested in this item.,0
t e l : +1-632-498-1454,1
Where do you ship from?,0
This looks good.,0
What’s the price?,0
Does it come in other colors?,0
This looks good.,0
Do you have it in stock?,0
How soon can I get it?,0
wanna chat? +1-850-305-2093,1
message me via g m a i l at user9141@example.com,1
Can you show more photos?,0
This looks good.,0
"Email is user7894@example.com, reach out anytime.",1
What’s the price?,0
What’s the price?,0
What are the dimensions?,0
What’s the price?,0
fb.com/shopper905,1
What’s the price?,0
Add me on WhatsApp: 242-541-8251,1
This looks good.,0
What are the dimensions?,0
I’m interested in this item.,0
Do you have it in stock?,0
What are the dimensions?,0
Do you have it in stock?,0
I’m interested in this item.,0
Does it come in other colors?,0
Does it come in other colors?,0
This looks good.,0
Does it come in other colors?,0
fb.com/coolcat81,1
C a l l   m e :   + 1   8 1 8   4 0 9   5 7 5 7,1
Text me at +1-484-234-3106,1
Does it come in other colors?,0
Do you have it in stock?,0
This looks good.,0
Nice product!,0
Where do you ship from?,0
Text me at +1-919-965-7778,1
How soon can I get it?,0
What are the dimensions?,0
How soon can I get it?,0
Nice product!,0
This looks good.,0
What’s the price?,0
What are the dimensions?,0
Do you have it in stock?,0
What are the dimensions?,0
Where do you ship from?,0
message me via g m a i l at user1653@example.com,1
Nice product!,0
Does it come in other colors?,0
Can you show more photos?,0
C o n t a c t :   7 5 8 3 7 1 8 0 9 6,1
c o n t a c t : +1-116-687-6954,1
This looks good.,0
This looks good.,0
Add me on WhatsApp: 555-527-9137,1
This looks good.,0
This looks good.,0
Do you have it in stock?,0
Nice product!,0
This looks good.,0
Nice product!,0
What’s the price?,0
Where do you ship from?,0
I’m interested in this item.,0
My TikTok: @heidi792,1
Nice product!,0
Do you have it in stock?,0
I’m interested in this item.,0
reach at t w o o o @example.com,1
Can you show more photos?,0
Does it come in other colors?,0
What are the dimensions?,0
Follow me on Twitter: @frank93,1
How soon can I get it?,0
Do you have it in stock?,0
Nice product!,0
Can you share your phone number so I can send you details?,1
Does it come in other colors?,0
Text me at +1-168-201-3071,1
What are the dimensions?,0
C o n t a c t :   ( 8 2 6 )   4 0 8 - 1 3 3 0,1
How soon can I get it?,0
I’m interested in this item.,0
Nice product!,0
Can you share your phone number so I can send you details?,1
I’m interested in this item.,0
Nice product!,0
What’s the price?,0
c   o   n   t   a   c   t   m   e   0 1 3 - 0 6 5 - 5 0 0 6,1
What are the dimensions?,0
Nice product!,0
Where do you ship from?,0
This looks good.,0
This looks good.,0
How soon can I get it?,0
Can you show more photos?,0
Can you show more photos?,0
What are the dimensions?,0
What’s the price?,0
you can DM me at fashionista193 on Insta,1
Follow me on Instagram @coolguy42 and DM.,1
Nice product!,0
Can you show more photos?,0
Can you show more photos?,0
Do you have it in stock?,0
Does it come in other colors?,0
I’m interested in this item.,0
What are the dimensions?,0
DM me on Facebook: facebook.com/devguy401,1
How soon can I get it?,0
Message via email: charlie3@email.net,1
This looks good.,0
This looks good.,0
Do you have it in stock?,0
What’s the price?,0
I’m interested in this item.,0
This looks good.,0
Can you share your phone number so I can send you details?,1
Let's connect on LinkedIn: https://linkedin.com/in/david484,1
Do you have it in stock?,0
How soon can I get it?,0
Where do you ship from?,0
Can you show more photos?,0
Message me at user492@example.com,1
Where do you ship from?,0
Telegram me at 3598329734,1
What are the dimensions?,0
Do you have it in stock?,0
This looks good.,0
How soon can I get it?,0
What are the dimensions?,0
What’s the price?,0
Does it come in other colors?,0
Can you show more photos?,0
Where do you ship from?,0
This looks good.,0
I’m interested in this item.,0
Nice product!,0
This looks good.,0
Does it come in other colors?,0
Nice product!,0
Reach out on WhatsApp at +1-484-451-7893,1
Nice product!,0
Text me at 555-389-8115 for more info.,1
Do you have it in stock?,0
This looks good.,0
Does it come in other colors?,0
Where do you ship from?,0
How soon can I get it?,0
Ping me on Telegram: @judy830,1
Can you show more photos?,0
My number is +1 575 880 2645,1
Do you have it in stock?,0
How soon can I get it?,0
Do you have it in stock?,0
Can you show more photos?,0
This looks good.,0
How soon can I get it?,0
Does it come in other colors?,0
Can you show more photos?,0
I’m interested in this item.,0
What’s the price?,0
Can you show more photos?,0
Send me a DM on Facebook: facebook.com/coolguy42,1
You can reach me at 555-924-9942,1
This looks good.,0
"Email is user5592@example.com, reach out anytime.",1
Send me a DM on Facebook: facebook.com/tech_lead,1
How soon can I get it?,0
Can you show more photos?,0
What’s the price?,0
Can you show more photos?,0
Can you show more photos?,0
Message me on Signal: +1 287 156 7901,1
Does it come in other colors?,0
What’s the price?,0
My Snapchat is grace980,1
What are the dimensions?,0
I’m interested in this item.,0
Where do you ship from?,0
Snapchat me @ fashionista217,1
hmu @ shopper633,1
This looks good.,0
How soon can I get it?,0
Can you show more photos?,0
Can you show more photos?,0
Here is my email: user7963@example.com,1
What’s the price?,0
Can you show more photos?,0
How soon can I get it?,0
What are the dimensions?,0
Do you have it in stock?,0
Can you show more photos?,0
Nice product!,0
Does it come in other colors?,0
This looks good.,0
Do you have it in stock?,0
Where do you ship from?,0
Where do you ship from?,0
Where do you ship from?,0
I’m interested in this item.,0
What are the dimensions?,0
I’m interested in this item.,0
This looks good.,0
Can you show more photos?,0
Contact via email: frank92@email.net,1
g r a c e 8 7 @ m a i l . c o m,1
You can reach me at +1-693-898-8079,1
Where do you ship from?,0
Nice product!,0
Where do you ship from?,0
Can you show more photos?,0
I’m interested in this item.,0
This looks good.,0
How soon can I get it?,0
Can you show more photos?,0
Where do you ship from?,0
Do you have it in stock?,0
Where do you ship from?,0
Can I have your email address?,1
Where do you ship from?,0
Do you have it in stock?,0
Does it come in other colors?,0
wanna chat? +1-169-827-4796,1
This looks good.,0
I’m interested in this item.,0
hmu @ coolcat73,1
My Snapchat is bob296,1
Do you have it in stock?,0
Hit me up on WhatsApp at 555-153-7838,1
What’s the price?,0
message me via g m a i l at user1735@example.com,1
I’m interested in this item.,0
Connect on LinkedIn (linkedin.com/in/coolguy42),1
Message me on Snapchat: designer123,1
How soon can I get it?,0
How soon can I get it?,0
Do you have it in stock?,0
Where do you ship from?,0
How soon can I get it?,0
hmu @ coolcat253,1
What are the dimensions?,0
Where do you ship from?,0
Snapchat me @ coolcat460,1
Does it come in other colors?,0
Nice product!,0
Do you have it in stock?,0
Does it come in other colors?,0
telegram: t dot me slash shopper390,1
Text me at 555-713-3470 for more info.,1
Does it come in other colors?,0
What’s the price?,0
c   o   n   t   a   c   t   m   e   + 1   1 6 4   2 7 6   8 9 9 7,1
How soon can I get it?,0
Does it come in other colors?,0
How soon can I get it?,0
Does it come in other colors?,0
I’m interested in this item.,0
How soon can I get it?,0
Text me at 761-752-1658,1
Does it come in other colors?,0
Do you have it in stock?,0
What’s the price?,0
Can you show more photos?,0
How soon can I get it?,0
Message me on Signal: (285) 163-7126,1
Does it come in other colors?,0
I’m interested in this item.,0
Nice product!,0
Do you have it in stock?,0
Do you have it in stock?,0
Do you have it in stock?,0
How soon can I get it?,0
My number is (702) 728-2859,1
Email me at bob81@example.com,1
How soon can I get it?,0
Does it come in other colors?,0
How soon can I get it?,0
Do you have it in stock?,0
I’m interested in this item.,0
"Email is user7961@example.com, reach out anytime.",1
Let's connect on LinkedIn: https://linkedin.com/in/ivan444,1
I’m interested in this item.,0
Can you show more photos?,0
Can you show more photos?,0
How soon can I get it?,0
What’s the price?,0
This looks good.,0
Text me at +1 462 911 7895,1
What’s the price?,0
Do you have it in stock?,0
What’s the price?,0
get in touch @ user3692@example.com,1
I’m interested in this item.,0
Can you show more photos?,0
What are the dimensions?,0
Nice product!,0
What’s the price?,0
Do you have it in stock?,0
g r a c e 9 3 @ e x a m p l e . c o m,1
How soon can I get it?,0
What’s the price?,0
Does it come in other colors?,0
Nice product!,0
Can you show more photos?,0
You can reach me at +1-360-629-2843,1
c   o   n   t   a   c   t   m   e   5 5 0 - 4 3 9 - 3 7 6 9,1
Please email me at user4721@example.com,1
Find me on Facebook: https://facebook.com/grace651,1
Does it come in other colors?,0
This looks good.,0
How soon can I get it?,0
Can you show more photos?,0
What are the dimensions?,0
How soon can I get it?,0
I’m interested in this item.,0
Where do you ship from?,0
How soon can I get it?,0
How soon can I get it?,0
Does it come in other colors?,0
Hit me up on WhatsApp at 555-740-1130,1
Nice product!,0
Does it come in other colors?,0
Do you have it in stock?,0
What’s the price?,0
c   o   n   t   a   c   t   m   e   6 8 8 6 3 2 1 9 2 7,1
Can you show more photos?,0
Let's connect on LinkedIn: linkedin.com/in/jane.smith,1
Does it come in other colors?,0
Do you have it in stock?,0
Nice product!,0
Where do you ship from?,0
Can you show more photos?,0
Nice product!,0
📱 +1-268-996-6178,1
How soon can I get it?,0
What are the dimensions?,0
This looks good.,0
Does it come in other colors?,0
What’s the price?,0
Message me on Snapchat: fashioneer,1
What are the dimensions?,0
Can you show more photos?,0
Send me a DM on Facebook: facebook.com/coolguy42,1
Nice product!,0
This looks good.,0
Let's connect on LinkedIn: https://linkedin.com/in/alice805,1
Where do you ship from?,0
This looks good.,0
Let's connect on LinkedIn: linkedin.com/in/shop_owner,1
Can you show more photos?,0
This looks good.,0
Can you show more photos?,0
What’s the price?,0
Hit me up on WhatsApp at 555-661-4480,1
"My contact is 555-563-4096, call me.",1
Follow me on Twitter: @eve988,1
Contact via email: heidi24@example.com,1
Where do you ship from?,0
Nice product!,0
Does it come in other colors?,0
What are the dimensions?,0
Contact via email: ivan36@email.net,1
Do you have it in stock?,0
Do you have it in stock?,0
Nice product!,0
Can you show more photos?,0
Where do you ship from?,0
Email me at charlie44@mail.com,1
Does it come in other colors?,0
Add me on WhatsApp: 555-466-6143,1
What are the dimensions?,0
How soon can I get it?,0
Can you show more photos?,0
Do you have it in stock?,0
Can I have your email address?,1
Nice product!,0
This looks good.,0
This looks good.,0
This looks good.,0
Can you show more photos?,0
Add me on WhatsApp: +1 146 704 7354,1
Can you show more photos?,0
What are the dimensions?,0
I’m interested in this item.,0
DM me on Instagram: @eve382,1
What are the dimensions?,0
Nice product!,0
Can you show more photos?,0
What’s the price?,0
hmu @ devguy243,1
Do you have it in stock?,0
I’m interested in this item.,0
What’s the price?,0
DM me on Instagram: @heidi6,1
Nice product!,0
Can you show more photos?,0
What are the dimensions?,0
Add me on WhatsApp: 6410904298,1
Message via email: ivan57@email.net,1
Can you show more photos?,0
How soon can I get it?,0
Message via email: david30@test.org,1
Can you show more photos?,0
This looks good.,0
Where do you ship from?,0
Nice product!,0
Nice product!,0
Nice product!,0
Nice product!,0
This looks good.,0
This looks good.,0
Do you have it in stock?,0
WhatsApp me at +1-555-419-8049,1
How soon can I get it?,0
What are the dimensions?,0
Where do you ship from?,0
Where do you ship from?,0
Do you have it in stock?,0
This looks good.,0
What are the dimensions?,0
What’s the price?,0
Nice product!,0
This looks good.,0
Can you share your phone number so I can send you details?,1
How soon can I get it?,0
Where do you ship from?,0
This looks good.,0
What are the dimensions?,0
Nice product!,0
Hit me up on WhatsApp at +1-806-766-9445,1
Call me at (438) 349-2893,1
Does it come in other colors?,0
What’s the price?,0
Can you show more photos?,0
"My contact is 555-739-2245, call me.",1
Mail me: charlie79@email.net,1
I’m interested in this item.,0
Find me on Facebook: https://facebook.com/frank87,1
How soon can I get it?,0
Does it come in other colors?,0
How soon can I get it?,0
I’m interested in this item.,0
Text me at +1-945-718-9314,1
How soon can I get it?,0
I’m interested in this item.,0
I’m interested in this item.,0
Let's connect on LinkedIn: linkedin.com/in/john_doe,1
I’m interested in this item.,0
Can you show more photos?,0
C a l l   m e :   2 5 2 3 5 7 3 7 5 9,1
c o n t a c t : +1-653-958-7720,1
Email me at alice30@example.com,1
Where do you ship from?,0
This looks good.,0
This looks good.,0
Nice product!,0
You can reach me at 555-739-9680,1
Nice product!,0
Where do you ship from?,0
I’m interested in this item.,0
Do you have it in stock?,0
What are the dimensions?,0
My WeChat ID is coolguy42,1
Do you have it in stock?,0
Does it come in other colors?,0
Connect on LinkedIn (linkedin.com/in/shopper604),1
What’s the price?,0
"My contact is 555-354-2071, call me.",1
Do you have it in stock?,0
You can reach me at 555-819-4119,1
What are the dimensions?,0
Do you have it in stock?,0
My Snapchat is ivan792,1
Nice product!,0
Follow me on Twitter: @judy804,1
"My contact is 555-917-1702, call me.",1
What are the dimensions?,0
"My contact is 555-238-6128, call me.",1
Hit me up on WhatsApp at 555-272-6743,1
I’m interested in this item.,0
This looks good.,0
Text me at +1-204-603-8158,1
What’s the price?,0
Can I have your email address?,1
Do you have it in stock?,0
Connect on LinkedIn (linkedin.com/in/devguy608),1
What’s the price?,0
How soon can I get it?,0
What’s the price?,0
What are the dimensions?,0
This looks good.,0
How soon can I get it?,0
Nice product!,0
What’s the price?,0
Ping me on Telegram: @eve411,1
How soon can I get it?,0
Do you have it in stock?,0
Email me at grace78@mail.com,1
This looks good.,0
Text me at 555-904-7479 for more info.,1
Nice product!,0
"Email is user6399@example.com, reach out anytime.",1
Ping me on Telegram: @david412,1
Where do you ship from?,0
C o n t a c t :   2 5 5 7 6 2 9 2 6 7,1
Where do you ship from?,0
I’m interested in this item.,0
I’m interested in this item.,0
Nice product!,0
I’m interested in this item.,0
Where do you ship from?,0
Can you show more photos?,0
I’m interested in this item.,0
my digits: +1-939-155-2530,1
Does it come in other colors?,0
Do you have it in stock?,0
you can DM me at fashionista244 on Insta,1
Do you have it in stock?,0
What are the dimensions?,0
Does it come in other colors?,0
Message via email: eve79@example.com,1
c   o   n   t   a   c   t   m   e   8 5 7 1 2 7 9 6 2 1,1
Does it come in other colors?,0
Ping me on Telegram: @grace956,1
Nice product!,0
How soon can I get it?,0
Can you show more photos?,0
What’s the price?,0
This looks good.,0
Hit me up on WhatsApp at 555-661-4480,1
Nice product!,0
Does it come in other colors?,0
Does it come in other colors?,0
What’s the price?,0
Where do you ship from?,0
Here's my email: user7005@example.com,1
wanna chat? +1-533-108-6176,1
I’m interested in this item.,0
What are the dimensions?,0
How soon can I get it?,0
This looks good.,0
What’s the price?,0
What are the dimensions?,0
This looks good.,0
Message me on Signal: +1 129 170 8879,1
Let's connect on LinkedIn: https://linkedin.com/in/heidi298,1
Where do you ship from?,0
Can you show more photos?,0
What are the dimensions?,0
Where do you ship from?,0
How soon can I get it?,0
How soon can I get it?,0
Add me on Facebook (facebook.com/tech_lead),1
This looks good.,0
My TikTok: @eve883,1
Message via email: alice62@test.org,1
What’s the price?,0
What are the dimensions?,0
Nice product!,0
Call me at (819) 276-0720,1
Message me on Snapchat: best_pizza,1
Can you show more photos?,0
Does it come in other colors?,0
How soon can I get it?,0
I’m interested in this item.,0
Where do you ship from?,0
What’s the price?,0
This looks good.,0
How soon can I get it?,0
Nice product!,0
Add me on WhatsApp: 5299294216,1
How soon can I get it?,0
get in touch @ user4978@example.com,1
How soon can I get it?,0
Where do you ship from?,0
📧 user9596@example.com,1
find me at user6356@example.com 😉,1
What are the dimensions?,0
fb.com/devguy297,1
Call me at +1 875 329 7062,1
Do you have it in stock?,0
What are the dimensions?,0
I’m interested in this item.,0
What are the dimensions?,0
Nice product!,0
What’s the price?,0
Can you show more photos?,0
Find me on Facebook: https://facebook.com/grace307,1
This looks good.,0
What are the dimensions?,0
What are the dimensions?,0
hmu @ coolcat689,1
I’m interested in this item.,0
Add me on WhatsApp: 555-377-7913,1
Can you show more photos?,0
This looks good.,0
Can you show more photos?,0
c o n t a c t : +1-957-855-4227,1
C o n t a c t :   ( 8 2 3 )   9 9 6 - 6 7 0 0,1
I’m interested in this item.,0
Does it come in other colors?,0
I’m interested in this item.,0
Do you have it in stock?,0
Does it come in other colors?,0
What are the dimensions?,0
Does it come in other colors?,0
What are the dimensions?,0
This looks good.,0
Where do you ship from?,0
What are the dimensions?,0
c o n t a c t : +1-444-356-6490,1
Where do you ship from?,0
I’m interested in this item.,0
Can you show more photos?,0
What are the dimensions?,0
What are the dimensions?,0
How soon can I get it?,0
Does it come in other colors?,0
Ping me on Telegram: @judy85,1
Nice product!,0
Nice product!,0
Where do you ship from?,0
I’m interested in this item.,0
What are the dimensions?,0
Find me on Facebook: https://facebook.com/bob282,1
Does it come in other colors?,0
This looks good.,0
Where do you ship from?,0
How soon can I get it?,0
get in touch @ user4010@example.com,1
What are the dimensions?,0
I’m interested in this item.,0
What’s the price?,0
Can you show more photos?,0
How soon can I get it?,0
What are the dimensions?,0
I’m interested in this item.,0
Nice product!,0
Can you show more photos?,0
Can I have your email address?,1
What are the dimensions?,0
Can you show more photos?,0
I’m interested in this item.,0
Follow me on Instagram @coolguy42 and DM.,1
Do you have it in stock?,0
Do you have it in stock?,0
What’s the price?,0
Add me on WhatsApp: (503) 795-2633,1
wanna chat? +1-945-200-8915,1
📱 +1-461-752-9068,1
I’m interested in this item.,0
Snapchat me @ coolcat954,1
What’s the price?,0
This looks good.,0
This looks good.,0
Do you have it in stock?,0
What are the dimensions?,0
How soon can I get it?,0
How soon can I get it?,0
C o n t a c t :   1 9 9 - 4 3 5 - 6 5 8 5,1
Where do you ship from?,0
This looks good.,0
Where do you ship from?,0
Does it come in other colors?,0
I’m interested in this item.,0
Can you show more photos?,0
What are the dimensions?,0
Mail me: judy62@test.org,1
Does it come in other colors?,0
Can you show more photos?,0
Nice product!,0
Does it come in other colors?,0
How soon can I get it?,0
Where do you ship from?,0
Do you have it in stock?,0
Do you have it in stock?,0
This looks good.,0
This looks good.,0
I’m interested in this item.,0
Does it come in other colors?,0
Where do you ship from?,0
This looks good.,0
Hit me up on WhatsApp at 555-128-6988,1
Nice product!,0
What’s the price?,0
Call me at 2604950933,1
This looks good.,0
Do you have it in stock?,0
Nice product!,0
How soon can I get it?,0
Where do you ship from?,0
Can you show more photos?,0
How soon can I get it?,0
This looks good.,0
This looks good.,0
I’m interested in this item.,0
Do you have it in stock?,0
hmu @ devguy582,1
Let's connect on LinkedIn: https://linkedin.com/in/grace842,1
Text me at 555-603-9149 for more info.,1
Do you have it in stock?,0
Does it come in other colors?,0
Snapchat me @ coolcat924,1
Nice product!,0
Do you have it in stock?,0
Does it come in other colors?,0
Nice product!,0
Can you show more photos?,0
e m a i l m e @ user9672@example.com,1
I’m interested in this item.,0
I’m interested in this item.,0
Can you show more photos?,0
Do you have it in stock?,0
I’m interested in this item.,0
What are the dimensions?,0
Where do you ship from?,0
Email me at user402@example.com,1
Do you have it in stock?,0
Where do you ship from?,0
Where do you ship from?,0
What’s the price?,0
What’s the price?,0
WhatsApp me at +1-555-415-1298,1
my email id is user5243@example.com,1
What are the dimensions?,0
I’m interested in this item.,0
Nice product!,0
Do you have it in stock?,0
DM me on Instagram: @ivan914,1
Do you have it in stock?,0
What’s the price?,0
Does it come in other colors?,0
This looks good.,0
Can you show more photos?,0
Does it come in other colors?,0
This looks good.,0
Telegram me at +1 922 808 3622,1
Do you have it in stock?,0
a l i c e 6 0 @ m a i l . c o m,1
Nice product!,0
Can you show more photos?,0
What’s the price?,0
I’m interested in this item.,0
Where do you ship from?,0
my digits: +1-396-414-5907,1
Where do you ship from?,0
What’s the price?,0
What’s the price?,0
What’s the price?,0
Nice product!,0
Mail me: ivan61@test.org,1
Do you have it in stock?,0
Can you show more photos?,0
Nice product!,0
This looks good.,0
Mail me: heidi54@test.org,1
I’m interested in this item.,0
Nice product!,0
Does it come in other colors?,0
C o n t a c t :   8 2 2 - 7 5 6 - 1 6 8 4,1
Do you have it in stock?,0
Where do you ship from?,0
Do you have it in stock?,0
Does it come in other colors?,0
Contact me on Skype: grace992,1
Can you show more photos?,0
Where do you ship from?,0
DM me on Instagram: @ivan118,1
Can you show more photos?,0
Nice product!,0
you can DM me at fashionista689 on Insta,1
How soon can I get it?,0
I’m interested in this item.,0
Does it come in other colors?,0
What’s the price?,0
What are the dimensions?,0
What’s the price?,0
"Email is user4026@example.com, reach out anytime.",1
How soon can I get it?,0
Do you have it in stock?,0
My Snapchat is frank459,1
Message me on Signal: 926-760-8553,1
Message me on Snapchat: shop_owner,1
get in touch @ user3399@example.com,1
What are the dimensions?,0
I’m interested in this item.,0
Nice product!,0
I’m interested in this item.,0
This looks good.,0
I’m interested in this item.,0
Nice product!,0
How soon can I get it?,0
Where do you ship from?,0
Nice product!,0
Do you have it in stock?,0
Text me at 555-981-4953 for more info.,1
My WeChat ID is tech_lead,1
Nice product!,0
How soon can I get it?,0
How soon can I get it?,0
This looks good.,0
This looks good.,0
Do you have it in stock?,0
How soon can I get it?,0
reach at t w o o o @example.com,1
Nice product!,0
This looks good.,0
Where do you ship from?,0
Where do you ship from?,0
How soon can I get it?,0
Do you have it in stock?,0
Nice product!,0
I’m interested in this item.,0
This looks good.,0
This looks good.,0
"Email is user2953@example.com, reach out anytime.",1
Nice product!,0
I’m interested in this item.,0
my digits: +1-820-331-1716,1
Nice product!,0
Where do you ship from?,0
How soon can I get it?,0
Does it come in other colors?,0
Can you show more photos?,0
you can DM me at coolcat381 on Insta,1
Does it come in other colors?,0
What’s the price?,0
Where do you ship from?,0
Follow me on Instagram @shop_owner and DM.,1
Where do you ship from?,0
How soon can I get it?,0
Where do you ship from?,0
What’s the price?,0
Can you show more photos?,0
Can you show more photos?,0
Text me at +1-684-399-2829,1
"Email is user3806@example.com, reach out anytime.",1
What are the dimensions?,0
How soon can I get it?,0
Do you have it in stock?,0
Follow me on Twitter: @eve56,1
How soon can I get it?,0
How soon can I get it?,0
Let's connect on LinkedIn: linkedin.com/in/fashioneer,1
Can you show more photos?,0
I’m interested in this item.,0
Do you have it in stock?,0
What’s the price?,0
Message me on Signal: 6065823108,1
Nice product!,0
c o n t a c t : +1-811-796-6202,1
How soon can I get it?,0
message me via g m a i l at user7833@example.com,1
How soon can I get it?,0
This looks good.,0
Nice product!,0
Snapchat me @ fashionista682,1
What’s the price?,0
Can you show more photos?,0
Where do you ship from?,0
How soon can I get it?,0
Add me on WhatsApp: (555) 373-2822,1
Does it come in other colors?,0
What’s the price?,0
Where do you ship from?,0
Can you show more photos?,0
What’s the price?,0
c   o   n   t   a   c   t   m   e   5 2 7 - 4 7 8 - 0 8 2 7,1
my digits: +1-700-266-3303,1
What are the dimensions?,0
WhatsApp me at +1-555-927-4105,1
Contact via email: eve73@email.net,1
I’m interested in this item.,0
This looks good.,0
Do you have it in stock?,0
Nice product!,0
Does it come in other colors?,0
Nice product!,0
Does it come in other colors?,0
Nice product!,0
I’m interested in this item.,0
How soon can I get it?,0
Can you show more photos?,0
How soon can I get it?,0
I’m interested in this item.,0
Can you show more photos?,0
What are the dimensions?,0
Where do you ship from?,0
Where do you ship from?,0
Can you show more photos?,0
Does it come in other colors?,0
Message me on Signal: +1 087 018 6592,1
Do you have it in stock?,0
Nice product!,0
Reach me at +1 612 463 7936,1
What’s the price?,0
Can you show more photos?,0
Hit me up on WhatsApp at +1-369-515-2854,1
You can reach me at 555-677-3386,1
I’m interested in this item.,0
How soon can I get it?,0
Nice product!,0
I’m interested in this item.,0
Where do you ship from?,0
Where do you ship from?,0
How soon can I get it?,0
Does it come in other colors?,0
Nice product!,0
Does it come in other colors?,0
Nice product!,0
📧 user229@example.com,1
You can reach me at 555-435-9035,1
I’m interested in this item.,0
This looks good.,0
This looks good.,0
Where do you ship from?,0
Connect on LinkedIn (linkedin.com/in/fashionista213),1
Nice product!,0
Do you have it in stock?,0
Do you have it in stock?,0
Where do you ship from?,0
Text me at 904-756-8296,1
What are the dimensions?,0
What’s the price?,0
This looks good.,0
Do you have it in stock?,0
What’s the price?,0
📱 +1-851-659-4719,1
How soon can I get it?,0
Can you show more photos?,0
Do you have it in stock?,0
e m a i l m e @ user1001@example.com,1
What’s the price?,0
Do you have it in stock?,0
How soon can I get it?,0
How soon can I get it?,0
What’s the price?,0
Call me at 8283796804,1
How soon can I get it?,0
What’s the price?,0
This looks good.,0
Where do you ship from?,0
What are the dimensions?,0
Send me a DM on Facebook: facebook.com/fashionguru,1
Where do you ship from?,0
Where do you ship from?,0
Do you have it in stock?,0
Text me at +1-891-362-5257,1
Where do you ship from?,0
Do you have it in stock?,0
This looks good.,0
C o n t a c t :   ( 4 5 0 )   0 8 5 - 4 4 1 1,1
What are the dimensions?,0
What’s the price?,0
Does it come in other colors?,0
How soon can I get it?,0
Does it come in other colors?,0
Nice product!,0
I’m interested in this item.,0
Can you show more photos?,0
How soon can I get it?,0
Message via email: david40@email.net,1
What are the dimensions?,0
Nice product!,0
What are the dimensions?,0
What’s the price?,0
Nice product!,0
Call me at 335-327-4642,1
Nice product!,0
c   o   n   t   a   c   t   m   e   ( 7 9 3 )   5 9 4 - 6 3 0 6,1
Nice product!,0
Does it come in other colors?,0
Nice product!,0
Does it come in other colors?,0
How soon can I get it?,0
Contact via email: bob30@mail.com,1
Nice product!,0
Nice product!,0
Can you show more photos?,0
Does it come in other colors?,0
This looks good.,0
Do you have it in stock?,0
Does it come in other colors?,0
Text me at 5736725304,1
you can DM me at fashionista689 on Insta,1
DM me on Instagram: @charlie743,1
Instagram me at (710) 474-3716,1
How soon can I get it?,0
Nice product!,0
c o n t a c t : +1-799-333-7594,1
Contact via email: judy83@example.com,1
This looks good.,0
What are the dimensions?,0
Does it come in other colors?,0
Follow me on Instagram @john_doe and DM.,1
Can you show more photos?,0
"My contact is 555-199-9301, call me.",1
Let's connect on LinkedIn: https://linkedin.com/in/ivan367,1
Does it come in other colors?,0
Do you have it in stock?,0
My number is (828) 232-8853,1
How soon can I get it?,0
Can you show more photos?,0
Does it come in other colors?,0
What’s the price?,0
Does it come in other colors?,0
Does it come in other colors?,0
Where do you ship from?,0
This looks good.,0
How soon can I get it?,0
What are the dimensions?,0
Connect on LinkedIn (linkedin.com/in/coolguy42),1
Where do you ship from?,0
Contact: +1-361-685-6855,1
Do you have it in stock?,0
Reach me at +1 991 551 9378,1
Do you have it in stock?,0
This looks good.,0
This looks good.,0
How soon can I get it?,0
find me at user4215@example.com 😉,1
My TikTok: @eve674,1
Does it come in other colors?,0
What’s the price?,0
Follow me on Twitter: @eve389,1
Nice product!,0
C o n t a c t :   ( 0 5 4 )   6 7 1 - 4 7 2 5,1
Where do you ship from?,0
This looks good.,0
You can reach me at 555-160-6261,1
How soon can I get it?,0
Does it come in other colors?,0
How soon can I get it?,0
Contact me via Telegram: @john_doe,1
Where do you ship from?,0
What’s the price?,0
I’m interested in this item.,0
Message via email: ivan56@email.net,1
What’s the price?,0
This looks good.,0
You can reach me at +1-678-375-6623,1
What’s the price?,0
Message me on Snapchat: jane.smith,1
Nice product!,0
Where do you ship from?,0
What’s the price?,0
What’s the price?,0
I’m interested in this item.,0
How soon can I get it?,0
Here is my email: user6413@example.com,1
Snapchat me @ shopper56,1
How soon can I get it?,0
What are the dimensions?,0
Where do you ship from?,0
This looks good.,0
How soon can I get it?,0
Contact via email: ivan66@example.com,1
Let's connect on LinkedIn: https://linkedin.com/in/grace155,1
Can you show more photos?,0
Where do you ship from?,0
What are the dimensions?,0
How soon can I get it?,0
Can you show more photos?,0
How soon can I get it?,0
Nice product!,0
What’s the price?,0
I’m interested in this item.,0
Nice product!,0
Does it come in other colors?,0
Where do you ship from?,0
Where do you ship from?,0
Message me at user7510@example.com,1
What are the dimensions?,0
Message me on Snapchat: coolguy42,1
Send me a DM on Facebook: facebook.com/best_pizza,1
Can you share your phone number so I can send you details?,1
Does it come in other colors?,0
Hit me up on WhatsApp at 555-930-4977,1
My number is +1 997 994 4827,1
My WeChat ID is best_pizza,1
"Email is user3304@example.com, reach out anytime.",1
I’m interested in this item.,0
Does it come in other colors?,0
Can you show more photos?,0
snap me at s-n-a-p coolcat3,1
j u d y 8 9 @ m a i l . c o m,1
my email id is user6898@example.com,1
Do you have it in stock?,0
Can you show more photos?,0
I’m interested in this item.,0
How soon can I get it?,0
Can you show more photos?,0
Do you have it in stock?,0
Nice product!,0
Where do you ship from?,0
Do you have it in stock?,0
Do you have it in stock?,0
Do you have it in stock?,0
This looks good.,0
t e l : +1-229-241-9982,1
What’s the price?,0
Does it come in other colors?,0
This looks good.,0
I’m interested in this item.,0
Follow me on Instagram @designer123 and DM.,1
Mail me: frank91@example.com,1
DM me on Instagram: @heidi983,1
I’m interested in this item.,0
This looks good.,0
This looks good.,0
What’s the price?,0
my digits: +1-763-583-9558,1
How soon can I get it?,0
How soon can I get it?,0
I’m interested in this item.,0
Please email me at user2598@example.com,1
Connect on LinkedIn (linkedin.com/in/coolcat333),1
I’m interested in this item.,0
Where do you ship from?,0
This looks good.,0
This looks good.,0
What’s the price?,0
Here's my email: user9701@example.com,1
Nice product!,0
How soon can I get it?,0
What’s the price?,0
WhatsApp me at +1-555-569-8105,1
How soon can I get it?,0
Does it come in other colors?,0
How soon can I get it?,0
How soon can I get it?,0
I’m interested in this item.,0
snap me at s-n-a-p coolcat925,1
Reach out on WhatsApp at +1-763-849-2769,1
Does it come in other colors?,0
Do you have it in stock?,0
Text me at +1-285-519-8592,1
Follow me on Instagram @tech_lead and DM.,1
Nice product!,0
This looks good.,0
Does it come in other colors?,0
Do you have it in stock?,0
Hit me up on WhatsApp at 555-266-2796,1
Where do you ship from?,0
Where do you ship from?,0
Where do you ship from?,0
c   o   n   t   a   c   t   m   e   ( 1 9 9 )   8 3 7 - 3 5 7 5,1
I’m interested in this item.,0
Text me at +1-906-287-4672,1
What are the dimensions?,0
How soon can I get it?,0
This looks good.,0
C a l l   m e :   + 1   4 9 0   6 0 5   9 8 9 0,1
I’m interested in this item.,0
reach at t w o o o @example.com,1
This looks good.,0
This looks good.,0
Do you have it in stock?,0
Nice product!,0
Reach out on WhatsApp at +1-753-416-4837,1
This looks good.,0
What’s the price?,0
How soon can I get it?,0
Where do you ship from?,0
This looks good.,0
Where do you ship from?,0
What are the dimensions?,0
Do you have it in stock?,0
Does it come in other colors?,0
Does it come in other colors?,0
Do you have it in stock?,0
Do you have it in stock?,0
This looks good.,0
Do you have it in stock?,0
How soon can I get it?,0
I’m interested in this item.,0
Mail me: judy39@example.com,1
Do you have it in stock?,0
Does it come in other colors?,0
Can you show more photos?,0
Can you show more photos?,0
Please email me at user9890@example.com,1
How soon can I get it?,0
What’s the price?,0
Does it come in other colors?,0
Add me on Facebook (facebook.com/jane.smith),1
What are the dimensions?,0
Nice product!,0
DM me on Instagram @jane.smith,1
This looks good.,0
How soon can I get it?,0
get in touch @ user9843@example.com,1
Nice product!,0
I’m interested in this item.,0
This looks good.,0
Can you share your phone number so I can send you details?,1
Does it come in other colors?,0
This looks good.,0
Do you have it in stock?,0
Nice product!,0
Does it come in other colors?,0
Can you show more photos?,0
Call me at 848-807-8700,1
I’m interested in this item.,0
What are the dimensions?,0
What are the dimensions?,0
WhatsApp me at +1-555-165-4510,1
What are the dimensions?,0
I’m interested in this item.,0
Where do you ship from?,0
How soon can I get it?,0
hmu @ shopper965,1
How soon can I get it?,0
Nice product!,0
Find me on Facebook: https://facebook.com/bob438,1
Nice product!,0
Does it come in other colors?,0
Facebook me at 832-082-5548,1
DM me on Facebook: facebook.com/shopper285,1
Do you have it in stock?,0
Do you have it in stock?,0
Where do you ship from?,0
Follow me on Instagram @fashioneer and DM.,1
What are the dimensions?,0
Can you show more photos?,0
Text me at +1-679-252-8680,1
What are the dimensions?,0
Does it come in other colors?,0
Follow me on Twitter: @charlie95,1
This looks good.,0
Does it come in other colors?,0
Does it come in other colors?,0
Where do you ship from?,0
Nice product!,0
You can reach me at +1-771-697-7758,1
Does it come in other colors?,0
Let's connect on LinkedIn: linkedin.com/in/best_pizza,1
Do you have it in stock?,0
I’m interested in this item.,0
Nice product!,0
What’s the price?,0
I’m interested in this item.,0
How soon can I get it?,0
Follow me on Instagram @jane.smith and DM.,1
How soon can I get it?,0
How soon can I get it?,0
Where do you ship from?,0
This looks good.,0
How soon can I get it?,0
Nice product!,0
Where do you ship from?,0
you can DM me at coolcat245 on Insta,1
Message via email: grace7@mail.com,1
Where do you ship from?,0
WhatsApp me at +1-555-556-2175,1
Call me at (603) 816-0801,1
Does it come in other colors?,0
My number is (865) 624-4957,1
Where do you ship from?,0
Nice product!,0
Nice product!,0
📧 user7921@example.com,1
Does it come in other colors?,0
How soon can I get it?,0
Nice product!,0
Do you have it in stock?,0
How soon can I get it?,0
Can you show more photos?,0
e m a i l m e @ user7904@example.com,1
telegram: t dot me slash fashionista376,1
What are the dimensions?,0
Does it come in other colors?,0
How soon can I get it?,0
Do you have it in stock?,0
I’m interested in this item.,0
This looks good.,0
My Snapchat is charlie2,1
What are the dimensions?,0
Message me on Signal: 6691103119,1
Can you show more photos?,0
WhatsApp me at +1-555-876-9420,1
Can you show more photos?,0
This looks good.,0
"My contact is 555-535-8124, call me.",1
Where do you ship from?,0
My number is (832) 295-2321,1
My TikTok: @ivan350,1
Where do you ship from?,0
Nice product!,0
Contact me via Telegram: @tech_lead,1
Follow me on Instagram @jane.smith and DM.,1
Here's my email: user5535@example.com,1
Email me at charlie93@test.org,1
telegram: t dot me slash shopper523,1
Nice product!,0
I’m interested in this item.,0
Please email me at user3022@example.com,1
What’s the price?,0
This looks good.,0
This looks good.,0
Add me on WhatsApp: (692) 025-1891,1
Do you have it in stock?,0
What’s the price?,0
How soon can I get it?,0
I’m interested in this item.,0
Call me at 1428065596,1
This looks good.,0
How soon can I get it?,0
Do you have it in stock?,0
Does it come in other colors?,0
Contact via email: eve72@example.com,1
What’s the price?,0
Text me at +1-573-121-6672,1
This looks good.,0
Where do you ship from?,0
Nice product!,0
What are the dimensions?,0
Nice product!,0
This looks good.,0
What are the dimensions?,0
How soon can I get it?,0
What’s the price?,0
Does it come in other colors?,0
I’m interested in this item.,0
This looks good.,0
What are the dimensions?,0
I’m interested in this item.,0
Do you have it in stock?,0
Can you show more photos?,0
Do you have it in stock?,0
How soon can I get it?,0
I’m interested in this item.,0
How soon can I get it?,0
Nice product!,0
This looks good.,0
Does it come in other colors?,0
Does it come in other colors?,0
Do you have it in stock?,0
How soon can I get it?,0
Do you have it in stock?,0
Snapchat me at 6032804674,1
Can you show more photos?,0
What are the dimensions?,0
How soon can I get it?,0
Can you show more photos?,0
I’m interested in this item.,0
Can you show more photos?,0
How soon can I get it?,0
Where do you ship from?,0
Email me at bob29@email.net,1
Hit me up on WhatsApp at +1-317-971-7772,1
What’s the price?,0
Nice product!,0
Does it come in other colors?,0
Connect on LinkedIn (linkedin.com/in/designer123),1
What are the dimensions?,0
What’s the price?,0
Where do you ship from?,0
Can you show more photos?,0
Does it come in other colors?,0
Does it come in other colors?,0
Ping me on Telegram: @grace530,1
Where do you ship from?,0
Does it come in other colors?,0
I’m interested in this item.,0
How soon can I get it?,0
Message me on Snapchat: coolguy42,1
What’s the price?,0
Where do you ship from?,0
Does it come in other colors?,0
Find me on Facebook: https://facebook.com/grace598,1
Do you have it in stock?,0
Do you have it in stock?,0
Where do you ship from?,0
Can you share your phone number so I can send you details?,1
Can you show more photos?,0
Can you show more photos?,0
Does it come in other colors?,0
Do you have it in stock?,0
Where do you ship from?,0
How soon can I get it?,0
How soon can I get it?,0
This looks good.,0
t e l : +1-535-205-6782,1
Call me at 3337583310,1
How soon can I get it?,0
fb.com/fashionista205,1
Do you have it in stock?,0
Does it come in other colors?,0
Can you show more photos?,0
What are the dimensions?,0
snap me at s-n-a-p devguy692,1
How soon can I get it?,0
Can you show more photos?,0
Connect on LinkedIn (linkedin.com/in/fashionista927),1
Do you have it in stock?,0
How soon can I get it?,0
How soon can I get it?,0
What’s the price?,0
Nice product!,0
My number is 857-083-4968,1
Can you show more photos?,0
What’s the price?,0
my digits: +1-349-502-6853,1
Nice product!,0
Nice product!,0
Can you show more photos?,0
What are the dimensions?,0
Message me on Snapchat: best_pizza,1
Does it come in other colors?,0
Reach me at +1 738 948 4991,1
Can you show more photos?,0
Does it come in other colors?,0
Does it come in other colors?,0
How soon can I get it?,0
I’m interested in this item.,0
This looks good.,0
How soon can I get it?,0
Where do you ship from?,0
Can you show more photos?,0
How soon can I get it?,0
Text me at 2765238928,1
Does it come in other colors?,0
Message me on Signal: +1 619 176 3516,1
Can I have your email address?,1
What’s the price?,0
Does it come in other colors?,0
Does it come in other colors?,0
Nice product!,0
Can you show more photos?,0
Do you have it in stock?,0
Nice product!,0
Can you show more photos?,0
What’s the price?,0
reach at t w o o o @example.com,1
My WeChat ID is shopper99,1
How soon can I get it?,0
What’s the price?,0
DM me on Instagram: @frank302,1
DM me on Instagram @tech_lead,1
Do you have it in stock?,0
Do you have it in stock?,0
WhatsApp me at +1-555-366-3068,1
I’m interested in this item.,0
What are the dimensions?,0
How soon can I get it?,0
What are the dimensions?,0
Send me a DM on Facebook: facebook.com/designer123,1
What’s the price?,0
Do you have it in stock?,0
Do you have it in stock?,0
Can you show more photos?,0
Where do you ship from?,0
Do you have it in stock?,0
What are the dimensions?,0
Nice product!,0
How soon can I get it?,0
What are the dimensions?,0
Do you have it in stock?,0
"Email is user3217@example.com, reach out anytime.",1
You can reach me at 555-509-2878,1
Do you have it in stock?,0
Do you have it in stock?,0
This looks good.,0
Nice product!,0
DM me on Instagram: @ivan59,1
"Email is user7427@example.com, reach out anytime.",1
Message via email: heidi92@example.com,1
find me at user3427@example.com 😉,1
What are the dimensions?,0
Follow me on Twitter: @ivan556,1
This looks good.,0
Can you share your phone number so I can send you details?,1
Does it come in other colors?,0
I’m interested in this item.,0
telegram: t dot me slash devguy326,1
I’m interested in this item.,0
How soon can I get it?,0
What’s the price?,0
Do you have it in stock?,0
Does it come in other colors?,0
DM me on Facebook: facebook.com/devguy167,1
I’m interested in this item.,0
you can DM me at devguy940 on Insta,1
C a l l   m e :   1 4 1 - 1 8 3 - 9 9 1 8,1
I’m interested in this item.,0
Where do you ship from?,0
Can I have your email address?,1
Where do you ship from?,0
You can reach me at 555-132-1547,1
Where do you ship from?,0
I’m interested in this item.,0
Add me on WhatsApp: (843) 714-8167,1
Nice product!,0
Add me on WhatsApp: 555-787-9744,1
This looks good.,0
I’m interested in this item.,0
How soon can I get it?,0
Connect on LinkedIn (linkedin.com/in/shopper505),1
reach at t w o o o @example.com,1
Do you have it in stock?,0
I’m interested in this item.,0
Message via email: eve2@mail.com,1
Does it come in other colors?,0
Nice product!,0
Snapchat me @ coolcat30,1
Nice product!,0
I’m interested in this item.,0
I’m interested in this item.,0
I’m interested in this item.,0
This looks good.,0
Connect on LinkedIn (linkedin.com/in/shop_owner),1
Do you have it in stock?,0
Email me at user6674@example.com,1
Nice product!,0
What are the dimensions?,0
This looks good.,0
Do you have it in stock?,0
This looks good.,0
Add me on WhatsApp: (088) 422-9439,1
What are the dimensions?,0
Message me on Snapchat: shopper99,1
Nice product!,0
Where do you ship from?,0
Do you have it in stock?,0
my digits: +1-463-278-8505,1
How soon can I get it?,0
How soon can I get it?,0
My number is +1 561 852 9104,1
Where do you ship from?,0
Can you show more photos?,0
What are the dimensions?,0
Nice product!,0
Do you have it in stock?,0
Can you show more photos?,0
Can you show more photos?,0
Where do you ship from?,0
What’s the price?,0
c   o   n   t   a   c   t   m   e   2 4 0 4 5 1 0 0 1 4,1
This looks good.,0
What’s the price?,0
This looks good.,0
This looks good.,0
Message me at user9262@example.com,1
Can you show more photos?,0
Nice product!,0
I’m interested in this item.,0
How soon can I get it?,0
What are the dimensions?,0
reach at t w o o o @example.com,1
What’s the price?,0
Email me at user6004@example.com,1
Nice product!,0
Nice product!,0
Can you show more photos?,0
I’m interested in this item.,0
How soon can I get it?,0
c   o   n   t   a   c   t   m   e   5 2 3 - 4 9 5 - 1 4 6 5,1
How soon can I get it?,0
Do you have it in stock?,0
Can you show more photos?,0
What’s the price?,0
My number is +1 883 584 5197,1
Does it come in other colors?,0
Do you have it in stock?,0
Does it come in other colors?,0
Do you have it in stock?,0
Do you have it in stock?,0
Do you have it in stock?,0
What are the dimensions?,0
My Snapchat is grace727,1
Follow me on Twitter: @david460,1
a l i c e 5 9 @ e m a i l . n e t,1
What’s the price?,0
Do you have it in stock?,0
Nice product!,0
This looks good.,0
Do you have it in stock?,0
I’m interested in this item.,0
This looks good.,0
Text me at +1 288 403 5202,1
Where do you ship from?,0
Text me at 017-503-0653,1
This looks good.,0
Do you have it in stock?,0
WhatsApp me at +1-555-575-1298,1
What’s the price?,0
I’m interested in this item.,0
What are the dimensions?,0
How soon can I get it?,0
Does it come in other colors?,0
Where do you ship from?,0
Where do you ship from?,0
This looks good.,0
What are the dimensions?,0
Message me on Signal: 4190725324,1
Where do you ship from?,0
Hit me up on WhatsApp at +1-586-154-3084,1
I’m interested in this item.,0
Send me a DM on Facebook: facebook.com/designer123,1
Can you show more photos?,0
my digits: +1-591-803-3010,1
I’m interested in this item.,0
snap me at s-n-a-p coolcat241,1
Do you have it in stock?,0
This looks good.,0
Where do you ship from?,0
Mail me: charlie83@email.net,1
Call me at 661-551-8137,1
Snapchat me @ devguy786,1
Nice product!,0
Text me at 555-377-3478 for more info.,1
What are the dimensions?,0
DM me on Instagram @john_doe,1
What’s the price?,0
Do you have it in stock?,0
Can you show more photos?,0
This looks good.,0
Nice product!,0
Can you share your phone number so I can send you details?,1
Can you show more photos?,0
I’m interested in this item.,0
What’s the price?,0
This looks good.,0
Where do you ship from?,0
Can you show more photos?,0
What are the dimensions?,0
What’s the price?,0
What’s the price?,0
I’m interested in this item.,0
What’s the price?,0
c   o   n   t   a   c   t   m   e   9 2 3 8 7 2 1 1 5 0,1
Where do you ship from?,0
How soon can I get it?,0
What’s the price?,0
This looks good.,0
Do you have it in stock?,0
What’s the price?,0
Does it come in other colors?,0
What’s the price?,0
c o n t a c t : +1-558-909-9139,1
Hit me up on WhatsApp at +1-898-841-4478,1
Twitter me at +1 254 612 7538,1
Does it come in other colors?,0
How soon can I get it?,0
Where do you ship from?,0
This looks good.,0
I’m interested in this item.,0
I’m interested in this item.,0
Where do you ship from?,0
Do you have it in stock?,0
Do you have it in stock?,0
Where do you ship from?,0
Can you show more photos?,0
Do you have it in stock?,0
This looks good.,0
Nice product!,0
Snapchat me at 882-659-5542,1
What are the dimensions?,0
Can you show more photos?,0
How soon can I get it?,0
What are the dimensions?,0
How soon can I get it?,0
How soon can I get it?,0
Do you have it in stock?,0
Where do you ship from?,0
This looks good.,0
What are the dimensions?,0
What are the dimensions?,0
What are the dimensions?,0
What are the dimensions?,0
Can I have your email address?,1
This looks good.,0
Can you show more photos?,0
t e l : +1-180-741-5945,1
What are the dimensions?,0
you can DM me at shopper981 on Insta,1
I’m interested in this item.,0
Do you have it in stock?,0
Does it come in other colors?,0
What are the dimensions?,0
How soon can I get it?,0
Nice product!,0
What are the dimensions?,0
Does it come in other colors?,0
Snapchat me @ coolcat56,1
My Snapchat is ivan530,1
What’s the price?,0
message me via g m a i l at user6120@example.com,1
Nice product!,0
C o n t a c t :   9 7 7 - 0 8 3 - 0 0 6 5,1
My TikTok: @david624,1
This looks good.,0
Add me on WhatsApp: 555-643-5910,1
I’m interested in this item.,0
What’s the price?,0
What are the dimensions?,0
Does it come in other colors?,0
Hit me up on WhatsApp at 555-231-2140,1
"My contact is 555-828-5751, call me.",1
This looks good.,0
Where do you ship from?,0
Where do you ship from?,0
Do you have it in stock?,0
Connect on LinkedIn (linkedin.com/in/devguy104),1
Contact me on Skype: david512,1
I’m interested in this item.,0
I’m interested in this item.,0
Do you have it in stock?,0
Where do you ship from?,0
Let's connect on LinkedIn: linkedin.com/in/fashionguru,1
Follow me on Instagram @best_pizza and DM.,1
Can you show more photos?,0
Do you have it in stock?,0
Can you show more photos?,0
How soon can I get it?,0
Where do you ship from?,0
What’s the price?,0
How soon can I get it?,0
DM me on Facebook: facebook.com/coolcat862,1
c o n t a c t : +1-765-549-1916,1
How soon can I get it?,0
What’s the price?,0
How soon can I get it?,0
What’s the price?,0
Nice product!,0
snap me at s-n-a-p devguy402,1
How soon can I get it?,0
Do you have it in stock?,0
DM me on Facebook: facebook.com/coolcat226,1
message me via g m a i l at user8323@example.com,1
I’m interested in this item.,0
Text me at +1-399-997-7928,1
This looks good.,0
Can you show more photos?,0
Can you show more photos?,0
This looks good.,0
How soon can I get it?,0
Reach out on WhatsApp at +1-421-271-7614,1
Do you have it in stock?,0
I’m interested in this item.,0
I’m interested in this item.,0
Contact me on Skype: david645,1
Nice product!,0
I’m interested in this item.,0
What are the dimensions?,0
Can you show more photos?,0
Does it come in other colors?,0
Send me a DM on Facebook: facebook.com/tech_lead,1
My Snapchat is bob8,1
Contact me via Telegram: @fashioneer,1
Do you have it in stock?,0
Does it come in other colors?,0
I’m interested in this item.,0
This looks good.,0
Can you show more photos?,0
Call me at +1 924 464 1601,1
What are the dimensions?,0
Message via email: judy37@example.com,1
I’m interested in this item.,0
Text me at 8115581896,1
I’m interested in this item.,0
I’m interested in this item.,0
Does it come in other colors?,0
Does it come in other colors?,0
Does it come in other colors?,0
Where do you ship from?,0
This looks good.,0
Does it come in other colors?,0
What’s the price?,0
How soon can I get it?,0
Where do you ship from?,0
My TikTok: @ivan767,1
You can reach me at 555-326-4248,1
I’m interested in this item.,0
Can you show more photos?,0
Nice product!,0
What’s the price?,0
How soon can I get it?,0
How soon can I get it?,0
Does it come in other colors?,0
Do you have it in stock?,0
Message me at user9820@example.com,1
Can you show more photos?,0
Can you show more photos?,0
Where do you ship from?,0
you can DM me at shopper778 on Insta,1
Where do you ship from?,0
Does it come in other colors?,0
Telegram me at (793) 097-2940,1
find me at user5265@example.com 😉,1
What’s the price?,0
Here is my email: user6652@example.com,1
Ping me on Telegram: @ivan485,1
How soon can I get it?,0
Does it come in other colors?,0
How soon can I get it?,0
Does it come in other colors?,0
Ping me on Telegram: @charlie88,1
Where do you ship from?,0
Do you have it in stock?,0
Does it come in other colors?,0
Text me at 555-557-5617 for more info.,1
How soon can I get it?,0
Can you show more photos?,0
DM me on Facebook: facebook.com/fashionista176,1
What are the dimensions?,0
Does it come in other colors?,0
Nice product!,0
This looks good.,0
hmu @ shopper91,1
How soon can I get it?,0
Where do you ship from?,0
Do you have it in stock?,0
Follow me on Instagram @fashioneer and DM.,1
This looks good.,0
Does it come in other colors?,0
How soon can I get it?,0
I’m interested in this item.,0
snap me at s-n-a-p shopper995,1
This looks good.,0
Please email me at user9669@example.com,1
Do you have it in stock?,0
Do you have it in stock?,0
What’s the price?,0
Do you have it in stock?,0
Where do you ship from?,0
Nice product!,0
Where do you ship from?,0
Where do you ship from?,0
find me at user2817@example.com 😉,1
I’m interested in this item.,0
I’m interested in this item.,0
Do you have it in stock?,0
C o n t a c t :   4 4 8 2 4 4 4 3 2 9,1
How soon can I get it?,0
What are the dimensions?,0
I’m interested in this item.,0
Does it come in other colors?,0
Can you show more photos?,0
What are the dimensions?,0
Where do you ship from?,0
How soon can I get it?,0
What are the dimensions?,0
How soon can I get it?,0
Can you show more photos?,0
Does it come in other colors?,0
hmu @ shopper172,1
I’m interested in this item.,0
Nice product!,0
Nice product!,0
I’m interested in this item.,0
I’m interested in this item.,0
Where do you ship from?,0
Does it come in other colors?,0
Can you show more photos?,0
Text me at +1-973-713-1504,1
I’m interested in this item.,0
Where do you ship from?,0
I’m interested in this item.,0
Here's my email: user536@example.com,1
DM me on Instagram: @bob583,1
Do you have it in stock?,0
How soon can I get it?,0
I’m interested in this item.,0
Where do you ship from?,0
Where do you ship from?,0
Where do you ship from?,0
This looks good.,0
Nice product!,0
I’m interested in this item.,0
This looks good.,0
DM me on Instagram @shop_owner,1
What’s the price?,0
Do you have it in stock?,0
What are the dimensions?,0
What’s the price?,0
How soon can I get it?,0
Do you have it in stock?,0
Can you show more photos?,0
What’s the price?,0
Does it come in other colors?,0
Where do you ship from?,0
Nice product!,0
Nice product!,0
How soon can I get it?,0
Connect on LinkedIn (linkedin.com/in/coolcat654),1
I’m interested in this item.,0
Does it come in other colors?,0
Nice product!,0
Can you show more photos?,0
f r a n k 1 2 @ m a i l . c o m,1
Can you show more photos?,0
My TikTok: @grace179,1
t e l : +1-592-773-6752,1
Do you have it in stock?,0
How soon can I get it?,0
Find me on Facebook: https://facebook.com/eve82,1
Nice product!,0
I’m interested in this item.,0
How soon can I get it?,0
What’s the price?,0
What are the dimensions?,0
Do you have it in stock?,0
telegram: t dot me slash fashionista578,1
How soon can I get it?,0
What are the dimensions?,0
What are the dimensions?,0
Can you show more photos?,0
Nice product!,0
What’s the price?,0
Can you show more photos?,0
Does it come in other colors?,0
How soon can I get it?,0
Does it come in other colors?,0
Does it come in other colors?,0
How soon can I get it?,0
C a l l   m e :   7 1 3 7 7 8 4 9 7 8,1
This looks good.,0
I’m interested in this item.,0
Where do you ship from?,0
Do you have it in stock?,0
This looks good.,0
Does it come in other colors?,0
Text me at +1 587 669 3528,1
How soon can I get it?,0
What’s the price?,0
Do you have it in stock?,0
Do you have it in stock?,0
Nice product!,0
This looks good.,0
Can you show more photos?,0
I’m interested in this item.,0
📱 +1-418-925-6636,1
What’s the price?,0
How soon can I get it?,0
Here's my email: user7281@example.com,1
What’s the price?,0
Nice product!,0
How soon can I get it?,0
This looks good.,0
Where do you ship from?,0
How soon can I get it?,0
What are the dimensions?,0
What are the dimensions?,0
Does it come in other colors?,0
Send me a DM on Facebook: facebook.com/shop_owner,1
Nice product!,0
What are the dimensions?,0
I’m interested in this item.,0
Can you show more photos?,0
C a l l   m e :   + 1   2 0 9   5 6 9   8 8 8 4,1
Where do you ship from?,0
How soon can I get it?,0
Do you have it in stock?,0
Does it come in other colors?,0
Do you have it in stock?,0
Can you show more photos?,0
How soon can I get it?,0
Send me a DM on Facebook: facebook.com/jane.smith,1
Do you have it in stock?,0
What are the dimensions?,0
How soon can I get it?,0
This looks good.,0
Here is my email: user8186@example.com,1
Hit me up on WhatsApp at 555-885-9459,1
Nice product!,0
What’s the price?,0
What’s the price?,0
What’s the price?,0
What are the dimensions?,0
Where do you ship from?,0
I’m interested in this item.,0
How soon can I get it?,0
WhatsApp me at +1-555-968-8775,1
Does it come in other colors?,0
Can you show more photos?,0
wanna chat? +1-206-290-4037,1
What are the dimensions?,0
Does it come in other colors?,0
You can reach me at +1-471-955-7373,1
Follow me on Twitter: @grace707,1
Does it come in other colors?,0
What’s the price?,0
How soon can I get it?,0
Nice product!,0
📱 +1-206-257-7005,1
Can you show more photos?,0
Does it come in other colors?,0
What are the dimensions?,0
This looks good.,0
I’m interested in this item.,0
What are the dimensions?,0
I’m interested in this item.,0
I’m interested in this item.,0
Message me on Snapchat: designer123,1
What are the dimensions?,0
snap me at s-n-a-p fashionista212,1
What are the dimensions?,0
Send me a DM on Facebook: facebook.com/john_doe,1
hmu @ shopper997,1
Add me on WhatsApp: +1 737 503 5562,1
Where do you ship from?,0
How soon can I get it?,0
This looks good.,0
Find me on Facebook: https://facebook.com/eve274,1
How soon can I get it?,0
Do you have it in stock?,0
Nice product!,0
reach at t w o o o @example.com,1
What’s the price?,0
Nice product!,0
Do you have it in stock?,0
Nice product!,0
Let's connect on LinkedIn: https://linkedin.com/in/david548,1
Does it come in other colors?,0
Can you show more photos?,0
What are the dimensions?,0
Do you have it in stock?,0
c o n t a c t : +1-861-329-8234,1
What’s the price?,0
c o n t a c t : +1-445-662-8807,1
What are the dimensions?,0
Add me on WhatsApp: +1 579 228 0546,1
Do you have it in stock?,0
What’s the price?,0
Text me at 555-355-4151 for more info.,1
Where do you ship from?,0
Snapchat me @ shopper901,1
How soon can I get it?,0
My Snapchat is bob691,1
Can you show more photos?,0
reach at t w o o o @example.com,1
What’s the price?,0
Does it come in other colors?,0
What’s the price?,0
Connect on LinkedIn (linkedin.com/in/shop_owner),1
Where do you ship from?,0
My WeChat ID is shopper99,1
Does it come in other colors?,0
This looks good.,0
How soon can I get it?,0
Does it come in other colors?,0
find me at user872@example.com 😉,1
Nice product!,0
Does it come in other colors?,0
I’m interested in this item.,0
Follow me on Twitter: @alice527,1
What are the dimensions?,0
Do you have it in stock?,0
What’s the price?,0
Where do you ship from?,0
What are the dimensions?,0
This looks good.,0
Do you have it in stock?,0
Do you have it in stock?,0
How soon can I get it?,0
wanna chat? +1-317-264-6433,1
This looks good.,0
Can you show more photos?,0
Nice product!,0
My TikTok: @heidi133,1
Follow me on Instagram @fashionguru and DM.,1
This looks good.,0
Nice product!,0
Does it come in other colors?,0
Do you have it in stock?,0
Do you have it in stock?,0
I’m interested in this item.,0
What’s the price?,0
Does it come in other colors?,0
Where do you ship from?,0
What’s the price?,0
Follow me on Twitter: @eve602,1
Nice product!,0
What’s the price?,0
Nice product!,0
What are the dimensions?,0
Do you have it in stock?,0
Connect on LinkedIn (linkedin.com/in/best_pizza),1
Where do you ship from?,0
How soon can I get it?,0
This looks good.,0
I’m interested in this item.,0
Where do you ship from?,0
Can you show more photos?,0
c o n t a c t : +1-928-747-3814,1
Does it come in other colors?,0
Add me on WhatsApp: 555-133-3351,1
What are the dimensions?,0
What are the dimensions?,0
This looks good.,0
my email id is user9885@example.com,1
How soon can I get it?,0
Can you show more photos?,0
"My contact is 555-800-2807, call me.",1
Message me on Signal: 5901642093,1
Add me on WhatsApp: 555-633-2669,1
What’s the price?,0
How soon can I get it?,0
Contact me via Telegram: @designer123,1
Nice product!,0
Does it come in other colors?,0
How soon can I get it?,0
Send me a DM on Facebook: facebook.com/shop_owner,1
Does it come in other colors?,0
C a l l   m e :   7 6 7 8 5 4 7 7 5 9,1
Nice product!,0
Where do you ship from?,0
This looks good.,0
Nice product!,0
Where do you ship from?,0
What are the dimensions?,0
This looks good.,0
I’m interested in this item.,0
Can you show more photos?,0
What’s the price?,0
What’s the price?,0
Does it come in other colors?,0
Here is my email: user5615@example.com,1
Do you have it in stock?,0
Does it come in other colors?,0
Where do you ship from?,0
What’s the price?,0
How soon can I get it?,0
This looks good.,0
I’m interested in this item.,0
DM me on Instagram: @ivan13,1
Does it come in other colors?,0
Where do you ship from?,0
Do you have it in stock?,0
This looks good.,0
Message via email: ivan84@email.net,1
Can you show more photos?,0
Where do you ship from?,0
Does it come in other colors?,0
Can you show more photos?,0
Can you show more photos?,0
snap me at s-n-a-p devguy521,1
Can you show more photos?,0
Does it come in other colors?,0
Please email me at user7306@example.com,1
Reach me at 3745784407,1
What’s the price?,0
What are the dimensions?,0
Nice product!,0
Can you show more photos?,0
Where do you ship from?,0
Add me on WhatsApp: +1 116 083 8467,1
"Email is user7534@example.com, reach out anytime.",1
Please email me at user1216@example.com,1
How soon can I get it?,0
Does it come in other colors?,0
Do you have it in stock?,0
What’s the price?,0
This looks good.,0
Connect on LinkedIn (linkedin.com/in/coolcat197),1
What’s the price?,0
My Snapchat is eve563,1
What’s the price?,0
C o n t a c t :   4 0 2 5 7 7 0 1 4 4,1
Nice product!,0
Where do you ship from?,0
This looks good.,0
I’m interested in this item.,0
What are the dimensions?,0
Can you show more photos?,0
Follow me on Twitter: @judy674,1
I’m interested in this item.,0
Can you show more photos?,0
Nice product!,0
Does it come in other colors?,0
This looks good.,0
Nice product!,0
Do you have it in stock?,0
Can you show more photos?,0
I’m interested in this item.,0
I’m interested in this item.,0
How soon can I get it?,0
This looks good.,0
Does it come in other colors?,0
Does it come in other colors?,0
Reach me at 9663332965,1
Does it come in other colors?,0
What are the dimensions?,0
📱 +1-673-656-2911,1
I’m interested in this item.,0
What’s the price?,0
Nice product!,0
WhatsApp me at +1-555-465-9470,1
What are the dimensions?,0
Does it come in other colors?,0
Do you have it in stock?,0
Nice product!,0
This looks good.,0
My number is +1 680 102 5599,1
Can you show more photos?,0
How soon can I get it?,0
Does it come in other colors?,0
I’m interested in this item.,0
Where do you ship from?,0
What are the dimensions?,0
Message me on Snapchat: shop_owner,1
snap me at s-n-a-p shopper634,1
Can you show more photos?,0
This looks good.,0
This looks good.,0
reach at t w o o o @example.com,1
Follow me on Instagram @best_pizza and DM.,1
Can you show more photos?,0
What’s the price?,0
What are the dimensions?,0
This looks good.,0
I’m interested in this item.,0
Nice product!,0
Does it come in other colors?,0
How soon can I get it?,0
Can you show more photos?,0
Does it come in other colors?,0
Where do you ship from?,0
Do you have it in stock?,0
Can you show more photos?,0
I’m interested in this item.,0
Find me on Facebook: https://facebook.com/eve925,1
What’s the price?,0
Does it come in other colors?,0
What’s the price?,0
Can you show more photos?,0
Can you show more photos?,0
Where do you ship from?,0
How soon can I get it?,0
Can you show more photos?,0
Can you share your phone number so I can send you details?,1
What are the dimensions?,0
Does it come in other colors?,0
Do you have it in stock?,0
Nice product!,0
Do you have it in stock?,0
Does it come in other colors?,0
What’s the price?,0
Where do you ship from?,0
Nice product!,0
Nice product!,0
Can you show more photos?,0
Do you have it in stock?,0
What’s the price?,0
Add me on WhatsApp: 555-712-9235,1
find me at user6661@example.com 😉,1
find me at user9363@example.com 😉,1
"Email is user6066@example.com, reach out anytime.",1
Can you show more photos?,0
Do you have it in stock?,0
Where do you ship from?,0
I’m interested in this item.,0
What’s the price?,0
Can you show more photos?,0
Reach out on WhatsApp at +1-742-172-2898,1
I’m interested in this item.,0
Do you have it in stock?,0
I’m interested in this item.,0
How soon can I get it?,0
Ping me on Telegram: @david597,1
Nice product!,0
My TikTok: @david792,1
Where do you ship from?,0
Add me on WhatsApp: 555-886-1120,1
Does it come in other colors?,0
Nice product!,0
Can you show more photos?,0
Contact: +1-907-747-2960,1
Snapchat me @ fashionista312,1
Nice product!,0
This looks good.,0
What’s the price?,0
Where do you ship from?,0
Can you show more photos?,0
Can you show more photos?,0
How soon can I get it?,0
What are the dimensions?,0
Email me at ivan69@example.com,1
What are the dimensions?,0
Nice product!,0
I’m interested in this item.,0
Does it come in other colors?,0
I’m interested in this item.,0
Does it come in other colors?,0
Where do you ship from?,0
What’s the price?,0
C o n t a c t :   5 7 8 0 5 9 0 7 7 4,1
This looks good.,0
This looks good.,0
Message via email: david25@mail.com,1
This looks good.,0
you can DM me at fashionista549 on Insta,1
How soon can I get it?,0
c o n t a c t : +1-225-134-8218,1
Where do you ship from?,0
Where do you ship from?,0
Do you have it in stock?,0
What’s the price?,0
This looks good.,0
I’m interested in this item.,0
Can you share your phone number so I can send you details?,1
e m a i l m e @ user5731@example.com,1
Where do you ship from?,0
Reach me at +1 429 482 7731,1
Does it come in other colors?,0
This looks good.,0
Do you have it in stock?,0
This looks good.,0
Do you have it in stock?,0
I’m interested in this item.,0
What are the dimensions?,0
How soon can I get it?,0
What are the dimensions?,0
What are the dimensions?,0
Do you have it in stock?,0
Does it come in other colors?,0
Can you show more photos?,0
Do you have it in stock?,0
Message me at user378@example.com,1
What’s the price?,0
Do you have it in stock?,0
Can you show more photos?,0
What are the dimensions?,0
Contact via email: frank70@mail.com,1
Do you have it in stock?,0
Send me a DM on Facebook: facebook.com/tech_lead,1
Nice product!,0
What are the dimensions?,0
My WeChat ID is best_pizza,1
Where do you ship from?,0
Send me a DM on Facebook: facebook.com/john_doe,1
Does it come in other colors?,0
Can you show more photos?,0
What are the dimensions?,0
I’m interested in this item.,0
Message me on Signal: (306) 687-1035,1
Ping me on Telegram: @eve962,1
Do you have it in stock?,0
my email id is user7709@example.com,1
Send me a DM on Facebook: facebook.com/coolguy42,1
Nice product!,0
Let's connect on LinkedIn: linkedin.com/in/fashioneer,1
This looks good.,0
C a l l   m e :   + 1   0 9 2   7 7 0   2 4 8 1,1
What’s the price?,0
Where do you ship from?,0
I’m interested in this item.,0
Do you have it in stock?,0
This looks good.,0
How soon can I get it?,0
Hit me up on WhatsApp at 555-502-5075,1
What’s the price?,0
How soon can I get it?,0
Nice product!,0
Can you show more photos?,0
Can you show more photos?,0
How soon can I get it?,0
How soon can I get it?,0
Does it come in other colors?,0
How soon can I get it?,0
Where do you ship from?,0
This looks good.,0
What’s the price?,0
Nice product!,0
What are the dimensions?,0
Do you have it in stock?,0
How soon can I get it?,0
I’m interested in this item.,0
This looks good.,0
Do you have it in stock?,0
e v e 9 3 @ m a i l . c o m,1
I’m interested in this item.,0
my digits: +1-390-528-7212,1
Can you show more photos?,0
My TikTok: @frank607,1
Nice product!,0
Can you show more photos?,0
Does it come in other colors?,0
This looks good.,0
Does it come in other colors?,0
Message via email: ivan71@email.net,1
What are the dimensions?,0
What’s the price?,0
This looks good.,0
What’s the price?,0
Does it come in other colors?,0
You can reach me at 555-480-9692,1
Where do you ship from?,0
This looks good.,0
This looks good.,0
Does it come in other colors?,0
What’s the price?,0
This looks good.,0
What’s the price?,0
Where do you ship from?,0
Nice product!,0
Does it come in other colors?,0
What’s the price?,0
Do you have it in stock?,0
my digits: +1-877-505-1589,1
Add me on WhatsApp: +1 585 206 1212,1
Does it come in other colors?,0
Where do you ship from?,0
Message via email: ivan96@email.net,1
Where do you ship from?,0
Do you have it in stock?,0
Can I have your email address?,1
Does it come in other colors?,0
What are the dimensions?,0
Do you have it in stock?,0
I’m interested in this item.,0
Do you have it in stock?,0
This looks good.,0
What are the dimensions?,0
Do you have it in stock?,0
Does it come in other colors?,0
What are the dimensions?,0
Can you show more photos?,0
Email me at user2111@example.com,1
How soon can I get it?,0
Nice product!,0
What are the dimensions?,0
Where do you ship from?,0
Where do you ship from?,0
Where do you ship from?,0
How soon can I get it?,0
Ping me on Telegram: @david211,1
Where do you ship from?,0
This looks good.,0
Do you have it in stock?,0
Can you show more photos?,0
reach at t w o o o @example.com,1
Here is my email: user7759@example.com,1
my email id is user3584@example.com,1
How soon can I get it?,0
I’m interested in this item.,0
How soon can I get it?,0
Can you show more photos?,0
Do you have it in stock?,0
I’m interested in this item.,0
I’m interested in this item.,0
What are the dimensions?,0
Email me at grace80@example.com,1
Can you show more photos?,0
How soon can I get it?,0
How soon can I get it?,0
Nice product!,0
Does it come in other colors?,0
This looks good.,0
Do you have it in stock?,0
e m a i l m e @ user2223@example.com,1
What’s the price?,0
Where do you ship from?,0
Can you show more photos?,0
How soon can I get it?,0
How soon can I get it?,0
Where do you ship from?,0
Here's my email: user9147@example.com,1
What’s the price?,0
This looks good.,0
What’s the price?,0
Nice product!,0
Do you have it in stock?,0
📧 user754@example.com,1
Does it come in other colors?,0
Nice product!,0
I’m interested in this item.,0
Where do you ship from?,0
Does it come in other colors?,0
What’s the price?,0
Hit me up on WhatsApp at +1-202-703-3170,1
Nice product!,0
What are the dimensions?,0
What’s the price?,0
You can reach me at +1-935-560-7690,1
I’m interested in this item.,0
Nice product!,0
Can you show more photos?,0
telegram: t dot me slash devguy282,1
Nice product!,0
What’s the price?,0
Where do you ship from?,0
How soon can I get it?,0
What’s the price?,0
Message me at user4630@example.com,1
How soon can I get it?,0
fb.com/coolcat936,1
Does it come in other colors?,0
Do you have it in stock?,0
Where do you ship from?,0
This looks good.,0
This looks good.,0
This looks good.,0
Contact: +1-199-572-4779,1
This looks good.,0
What are the dimensions?,0
Do you have it in stock?,0
I’m interested in this item.,0
This looks good.,0
How soon can I get it?,0
Nice product!,0
Nice product!,0
I’m interested in this item.,0
Can you show more photos?,0
Do you have it in stock?,0
Can you show more photos?,0
This looks good.,0
Can I have your email address?,1
Where do you ship from?,0
Where do you ship from?,0
Can you show more photos?,0
Nice product!,0
Nice product!,0
Where do you ship from?,0
Nice product!,0
Here is my email: user5108@example.com,1
Nice product!,0
Can you show more photos?,0
Email me at eve15@example.com,1
Let's connect on LinkedIn: https://linkedin.com/in/heidi168,1
Does it come in other colors?,0
Contact: +1-917-820-1487,1
How soon can I get it?,0
Do you have it in stock?,0
e m a i l m e @ user9593@example.com,1
This looks good.,0
DM me on Facebook: facebook.com/coolcat353,1
Do you have it in stock?,0
DM me on Instagram: @eve824,1
This looks good.,0
Does it come in other colors?,0
How soon can I get it?,0
Email me at user3520@example.com,1
Does it come in other colors?,0
you can DM me at coolcat491 on Insta,1
I’m interested in this item.,0
Does it come in other colors?,0
I’m interested in this item.,0
📧 user5684@example.com,1
Where do you ship from?,0
Do you have it in stock?,0
What’s the price?,0
Ping me on Telegram: @judy563,1
I’m interested in this item.,0
Nice product!,0
Does it come in other colors?,0
Message me on Signal: 5526513308,1
C o n t a c t :   ( 2 6 1 )   8 5 2 - 7 9 6 7,1
How soon can I get it?,0
Where do you ship from?,0
How soon can I get it?,0
What are the dimensions?,0
"Email is user6717@example.com, reach out anytime.",1
my digits: +1-734-266-7388,1
This looks good.,0
message me via g m a i l at user5596@example.com,1
What are the dimensions?,0
Where do you ship from?,0
Email me at grace61@example.com,1
What are the dimensions?,0
Where do you ship from?,0
Let's connect on LinkedIn: https://linkedin.com/in/david30,1
Reach out on WhatsApp at +1-476-410-9772,1
C a l l   m e :   + 1   4 2 4   7 6 6   8 3 8 4,1
Can you show more photos?,0
Can I have your email address?,1
Does it come in other colors?,0
How soon can I get it?,0
Does it come in other colors?,0
What are the dimensions?,0
How soon can I get it?,0
Can you show more photos?,0
This looks good.,0
This looks good.,0
How soon can I get it?,0
Nice product!,0
What’s the price?,0
Does it come in other colors?,0
What are the dimensions?,0
Do you have it in stock?,0
Nice product!,0
What’s the price?,0
I’m interested in this item.,0
How soon can I get it?,0
Where do you ship from?,0
c o n t a c t : +1-745-238-1740,1
What are the dimensions?,0
Does it come in other colors?,0
What are the dimensions?,0
What’s the price?,0
Ping me on Telegram: @alice2,1
Where do you ship from?,0
Where do you ship from?,0
Do you have it in stock?,0
Where do you ship from?,0
What’s the price?,0
Do you have it in stock?,0
Nice product!,0
This looks good.,0
What’s the price?,0
Text me at +1-489-749-1583,1
Contact me via Telegram: @shop_owner,1
you can DM me at coolcat381 on Insta,1
How soon can I get it?,0
What are the dimensions?,0
Does it come in other colors?,0
Can I have your email address?,1
Can you show more photos?,0
wanna chat? +1-120-449-1315,1
What’s the price?,0
I’m interested in this item.,0
Can you show more photos?,0
My number is (130) 616-9950,1
Does it come in other colors?,0
Connect on LinkedIn (linkedin.com/in/shopper967),1
This looks good.,0
Do you have it in stock?,0
e m a i l m e @ user256@example.com,1
Nice product!,0
What are the dimensions?,0
Nice product!,0
Reach out on WhatsApp at +1-414-978-2786,1
Can you show more photos?,0
Can you show more photos?,0
Can you show more photos?,0
Where do you ship from?,0
This looks good.,0
Nice product!,0
Can you show more photos?,0
Nice product!,0
What’s the price?,0
I’m interested in this item.,0
Do you have it in stock?,0
Do you have it in stock?,0
What are the dimensions?,0
I’m interested in this item.,0
Does it come in other colors?,0
Nice product!,0
Can you show more photos?,0
I’m interested in this item.,0
I’m interested in this item.,0
Nice product!,0
telegram: t dot me slash coolcat453,1
I’m interested in this item.,0
Where do you ship from?,0
I’m interested in this item.,0
Where do you ship from?,0
wanna chat? +1-108-397-3801,1
What’s the price?,0
What are the dimensions?,0
Nice product!,0
What are the dimensions?,0
Nice product!,0
Can you show more photos?,0
Do you have it in stock?,0
Find me on Facebook: https://facebook.com/alice944,1
fb.com/shopper132,1
Ping me on Telegram: @charlie849,1
How soon can I get it?,0
This looks good.,0
Does it come in other colors?,0
What’s the price?,0
What are the dimensions?,0
Does it come in other colors?,0
I’m interested in this item.,0
I’m interested in this item.,0
I’m interested in this item.,0
What are the dimensions?,0
Do you have it in stock?,0
Please email me at user8049@example.com,1
Nice product!,0
Can you show more photos?,0
Does it come in other colors?,0
Nice product!,0
WhatsApp me at +1-555-641-1604,1
Does it come in other colors?,0
What are the dimensions?,0
you can DM me at devguy111 on Insta,1
Nice product!,0
Nice product!,0
Nice product!,0
Where do you ship from?,0
What are the dimensions?,0
Does it come in other colors?,0
Add me on WhatsApp: 555-180-8046,1
How soon can I get it?,0
Can you show more photos?,0
What’s the price?,0
Where do you ship from?,0
Mail me: heidi63@email.net,1
This looks good.,0
Do you have it in stock?,0
What are the dimensions?,0
What are the dimensions?,0
What’s the price?,0
How soon can I get it?,0
Can you show more photos?,0
Nice product!,0
What are the dimensions?,0
DM me on Instagram @shopper99,1
hmu @ coolcat973,1
Message me on Snapchat: fashioneer,1
What’s the price?,0
What are the dimensions?,0
telegram: t dot me slash devguy673,1
What are the dimensions?,0
reach at t w o o o @example.com,1
What are the dimensions?,0
Contact me via Telegram: @jane.smith,1
Nice product!,0
Nice product!,0
Do you have it in stock?,0
How soon can I get it?,0
Do you have it in stock?,0
Nice product!,0
I’m interested in this item.,0
Does it come in other colors?,0
snap me at s-n-a-p shopper146,1
Let's connect on LinkedIn: linkedin.com/in/john_doe,1
This looks good.,0
Nice product!,0
Does it come in other colors?,0
This looks good.,0
Can you show more photos?,0
snap me at s-n-a-p devguy515,1
Does it come in other colors?,0
Can you show more photos?,0
What’s the price?,0
Do you have it in stock?,0
Nice product!,0
Nice product!,0
Can you show more photos?,0
What are the dimensions?,0
Nice product!,0
Nice product!,0
Do you have it in stock?,0
Do you have it in stock?,0
How soon can I get it?,0
Nice product!,0
How soon can I get it?,0
Does it come in other colors?,0
What are the dimensions?,0
Can you show more photos?,0
What are the dimensions?,0
Does it come in other colors?,0
What’s the price?,0
Nice product!,0
I’m interested in this item.,0
What are the dimensions?,0
Do you have it in stock?,0
Where do you ship from?,0
Message via email: alice25@mail.com,1
Message me at user2375@example.com,1
What are the dimensions?,0
DM me on Instagram: @grace472,1
Does it come in other colors?,0
How soon can I get it?,0
This looks good.,0
Does it come in other colors?,0
Can you show more photos?,0
DM me on Instagram: @alice41,1
This looks good.,0
Can you show more photos?,0
DM me on Facebook: facebook.com/shopper58,1
Can you show more photos?,0
How soon can I get it?,0
How soon can I get it?,0
How soon can I get it?,0
My Snapchat is judy207,1
What’s the price?,0
Nice product!,0
Nice product!,0
Where do you ship from?,0
What’s the price?,0
Can you show more photos?,0
Can you show more photos?,0
What’s the price?,0
What are the dimensions?,0
What are the dimensions?,0
I’m interested in this item.,0
Can you show more photos?,0
What’s the price?,0
WhatsApp me at +1-555-697-6718,1
Do you have it in stock?,0
Do you have it in stock?,0
What’s the price?,0
This looks good.,0
Add me on WhatsApp: (947) 567-7334,1
Where do you ship from?,0
How soon can I get it?,0
What’s the price?,0
I’m interested in this item.,0
Where do you ship from?,0
This looks good.,0
How soon can I get it?,0
Does it come in other colors?,0
Nice product!,0
This looks good.,0
WhatsApp me at +1-555-919-8916,1
Where do you ship from?,0
I’m interested in this item.,0
Does it come in other colors?,0
Reach out on WhatsApp at +1-220-268-9848,1
DM me on Instagram @jane.smith,1
Can you show more photos?,0
Do you have it in stock?,0
What’s the price?,0
Connect on LinkedIn (linkedin.com/in/fashionista217),1
Can you show more photos?,0
"My contact is 555-459-6196, call me.",1
What’s the price?,0
Can you show more photos?,0
What’s the price?,0
What’s the price?,0
Can you show more photos?,0
What’s the price?,0
Twitter me at 106-260-9578,1
Does it come in other colors?,0
This looks good.,0
This looks good.,0
Does it come in other colors?,0
What are the dimensions?,0
What are the dimensions?,0
This looks good.,0
Nice product!,0
Nice product!,0
This looks good.,0
What’s the price?,0
Can you show more photos?,0
This looks good.,0
Nice product!,0
Where do you ship from?,0
my digits: +1-115-518-1092,1
Please email me at user5274@example.com,1
What’s the price?,0
Message via email: frank12@example.com,1
Can I have your email address?,1
Can you show more photos?,0
This looks good.,0
My TikTok: @alice486,1
Text me at 555-582-2514 for more info.,1
Nice product!,0
This looks good.,0
I’m interested in this item.,0
Does it come in other colors?,0
Do you have it in stock?,0
What’s the price?,0
Nice product!,0
Where do you ship from?,0
This looks good.,0
I’m interested in this item.,0
My number is +1 956 471 9014,1
Can you show more photos?,0
Does it come in other colors?,0
Does it come in other colors?,0
Let's connect on LinkedIn: https://linkedin.com/in/ivan777,1
Can you show more photos?,0
Does it come in other colors?,0
Can you show more photos?,0
Where do you ship from?,0
Message me at user373@example.com,1
I’m interested in this item.,0
Does it come in other colors?,0
This looks good.,0
Nice product!,0
Where do you ship from?,0
telegram: t dot me slash shopper214,1
Reach me at +1 751 771 7668,1
I’m interested in this item.,0
What’s the price?,0
Do you have it in stock?,0
Do you have it in stock?,0
Contact: +1-835-338-5238,1
My Snapchat is bob563,1
Does it come in other colors?,0
Nice product!,0
Where do you ship from?,0
Do you have it in stock?,0
Add me on Facebook (facebook.com/shopper99),1
My Snapchat is alice521,1
Do you have it in stock?,0
Do you have it in stock?,0
Do you have it in stock?,0
Does it come in other colors?,0
How soon can I get it?,0
This looks good.,0
Message me on Signal: 5290355213,1
Do you have it in stock?,0
Does it come in other colors?,0
Follow me on Instagram @john_doe and DM.,1
How soon can I get it?,0
What’s the price?,0
Where do you ship from?,0
Do you have it in stock?,0
How soon can I get it?,0
My WeChat ID is john_doe,1
Does it come in other colors?,0
Where do you ship from?,0
Nice product!,0
How soon can I get it?,0
Nice product!,0
I’m interested in this item.,0
Do you have it in stock?,0
Do you have it in stock?,0
Where do you ship from?,0
This looks good.,0
I’m interested in this item.,0
What are the dimensions?,0
Nice product!,0
What are the dimensions?,0
Can you show more photos?,0
How soon can I get it?,0
How soon can I get it?,0
Do you have it in stock?,0
Where do you ship from?,0
Can you show more photos?,0
Where do you ship from?,0
Does it come in other colors?,0
Can you show more photos?,0
Do you have it in stock?,0
How soon can I get it?,0
What’s the price?,0
WhatsApp me at +1-555-881-1390,1
Does it come in other colors?,0
Message via email: alice53@example.com,1
What are the dimensions?,0
Here's my email: user5871@example.com,1
Does it come in other colors?,0
What’s the price?,0
What’s the price?,0
I’m interested in this item.,0
WhatsApp me at +1-555-695-8599,1
This looks good.,0
What are the dimensions?,0
Can I have your email address?,1
Call me at 083-141-4758,1
I’m interested in this item.,0
I’m interested in this item.,0
This looks good.,0
Does it come in other colors?,0
What’s the price?,0
I’m interested in this item.,0
Do you have it in stock?,0
Where do you ship from?,0
What’s the price?,0
I’m interested in this item.,0
fb.com/devguy107,1
Can you show more photos?,0
Can you show more photos?,0
Telegram me at +1 940 091 3017,1
How soon can I get it?,0
Nice product!,0
Do you have it in stock?,0
Where do you ship from?,0
Do you have it in stock?,0
This looks good.,0
What are the dimensions?,0
Can you show more photos?,0
Does it come in other colors?,0
What’s the price?,0
fb.com/devguy573,1
Can you show more photos?,0
Where do you ship from?,0
Can you show more photos?,0
This looks good.,0
I’m interested in this item.,0
Message me on Snapchat: tech_lead,1
C o n t a c t :   + 1   4 9 9   4 3 8   5 6 4 4,1
DM me on Instagram: @bob899,1
This looks good.,0
Nice product!,0
I’m interested in this item.,0
Nice product!,0
I’m interested in this item.,0
How soon can I get it?,0
Does it come in other colors?,0
Send me a DM on Facebook: facebook.com/shopper99,1
This looks good.,0
What’s the price?,0
Find me on Facebook: https://facebook.com/ivan130,1
Does it come in other colors?,0
my digits: +1-979-472-2227,1
What’s the price?,0
I’m interested in this item.,0
Do you have it in stock?,0
What’s the price?,0
This looks good.,0
Do you have it in stock?,0
Can you show more photos?,0
How soon can I get it?,0
What are the dimensions?,0
Nice product!,0
This looks good.,0
This looks good.,0
Where do you ship from?,0
What are the dimensions?,0
This looks good.,0
This looks good.,0
How soon can I get it?,0
How soon can I get it?,0
Where do you ship from?,0
Text me at (796) 934-4035,1
I’m interested in this item.,0
Follow me on Twitter: @frank871,1
I’m interested in this item.,0
Where do you ship from?,0
How soon can I get it?,0
Can you show more photos?,0
Nice product!,0
Call me at 987-563-3266,1
This looks good.,0
Twitter me at (165) 515-7955,1
Call me at 6623606751,1
C o n t a c t :   6 9 2 5 1 3 4 2 4 0,1
t e l : +1-973-384-7864,1
Can you show more photos?,0
I’m interested in this item.,0
c o n t a c t : +1-316-171-5376,1
find me at user3361@example.com 😉,1
Where do you ship from?,0
This looks good.,0
What are the dimensions?,0
Does it come in other colors?,0
How soon can I get it?,0
This looks good.,0
What are the dimensions?,0
Does it come in other colors?,0
This looks good.,0
Nice product!,0
This looks good.,0
What’s the price?,0
Nice product!,0
What’s the price?,0
How soon can I get it?,0
Does it come in other colors?,0
Where do you ship from?,0
Does it come in other colors?,0
Contact me via Telegram: @shop_owner,1
e m a i l m e @ user287@example.com,1
What’s the price?,0
What are the dimensions?,0
Do you have it in stock?,0
Does it come in other colors?,0
Nice product!,0
Can you show more photos?,0
Does it come in other colors?,0
What are the dimensions?,0
Where do you ship from?,0
t e l : +1-265-291-5592,1
Where do you ship from?,0
What’s the price?,0
Where do you ship from?,0
What are the dimensions?,0
I’m interested in this item.,0
What are the dimensions?,0
reach at t w o o o @example.com,1
Can you show more photos?,0
I’m interested in this item.,0
Nice product!,0
What’s the price?,0
Does it come in other colors?,0
How soon can I get it?,0
Nice product!,0
My Snapchat is judy317,1
Send me a DM on Facebook: facebook.com/shopper99,1
I’m interested in this item.,0
Nice product!,0
Instagram me at (869) 924-1934,1
Can you show more photos?,0
Does it come in other colors?,0
get in touch @ user9677@example.com,1
Can you show more photos?,0
This looks good.,0
Does it come in other colors?,0
Does it come in other colors?,0
Can you show more photos?,0
This looks good.,0
This looks good.,0
reach at t w o o o @example.com,1
Does it come in other colors?,0
I’m interested in this item.,0
Can you show more photos?,0
Where do you ship from?,0
Do you have it in stock?,0
Where do you ship from?,0
Here is my email: user4743@example.com,1
What are the dimensions?,0
"My contact is 555-779-5860, call me.",1
Does it come in other colors?,0
Do you have it in stock?,0
I’m interested in this item.,0
Does it come in other colors?,0
DM me on Instagram: @david166,1
Hit me up on WhatsApp at 555-956-4655,1
hmu @ shopper155,1
📱 +1-635-183-8096,1
What are the dimensions?,0
What’s the price?,0
Does it come in other colors?,0
How soon can I get it?,0
Does it come in other colors?,0
Nice product!,0
What are the dimensions?,0
What’s the price?,0
WhatsApp me at +1-555-400-2418,1
Nice product!,0
Message me at user6780@example.com,1
How soon can I get it?,0
My TikTok: @alice772,1
Where do you ship from?,0
I’m interested in this item.,0
My number is 712-077-4260,1
Find me on Facebook: https://facebook.com/grace983,1
Nice product!,0
What’s the price?,0
I’m interested in this item.,0
e m a i l m e @ user9833@example.com,1
What are the dimensions?,0
What are the dimensions?,0
Where do you ship from?,0
I’m interested in this item.,0
Where do you ship from?,0
How soon can I get it?,0
Nice product!,0
Add me on WhatsApp: 555-818-7463,1
I’m interested in this item.,0
Add me on Facebook (facebook.com/jane.smith),1
Do you have it in stock?,0
Does it come in other colors?,0
What are the dimensions?,0
Do you have it in stock?,0
Can you show more photos?,0
Where do you ship from?,0
What’s the price?,0
How soon can I get it?,0
Can you show more photos?,0
What are the dimensions?,0
What’s the price?,0
c o n t a c t : +1-488-681-6701,1
📧 user2234@example.com,1
Nice product!,0
Does it come in other colors?,0
my digits: +1-716-951-4468,1
Email me at user6128@example.com,1
Nice product!,0
How soon can I get it?,0
This looks good.,0
My WeChat ID is john_doe,1
What’s the price?,0
Do you have it in stock?,0
wanna chat? +1-960-290-7435,1
How soon can I get it?,0
Does it come in other colors?,0
Contact: +1-448-787-4165,1
I’m interested in this item.,0
What are the dimensions?,0
Nice product!,0
Here's my email: user9302@example.com,1
How soon can I get it?,0
Do you have it in stock?,0
What are the dimensions?,0
Where do you ship from?,0
Do you have it in stock?,0
Do you have it in stock?,0
Nice product!,0
Send me a DM on Facebook: facebook.com/john_doe,1
find me at user5309@example.com 😉,1
I’m interested in this item.,0
Do you have it in stock?,0
Do you have it in stock?,0
Hit me up on WhatsApp at 555-554-9787,1
Connect on LinkedIn (linkedin.com/in/coolcat705),1
DM me on Instagram: @david19,1
Where do you ship from?,0
This looks good.,0
Does it come in other colors?,0
How soon can I get it?,0
Does it come in other colors?,0
Does it come in other colors?,0
Does it come in other colors?,0
Find me on Facebook: https://facebook.com/david863,1
Follow me on Instagram @fashioneer and DM.,1
Does it come in other colors?,0
Follow me on Instagram @john_doe and DM.,1
Message me on Signal: +1 921 486 4077,1
Can you show more photos?,0
Where do you ship from?,0
Can you show more photos?,0
Nice product!,0
DM me on Facebook: facebook.com/devguy930,1
Does it come in other colors?,0
My WeChat ID is shop_owner,1
Does it come in other colors?,0
Do you have it in stock?,0
This looks good.,0
This looks good.,0
What’s the price?,0
How soon can I get it?,0
This looks good.,0
What are the dimensions?,0
Can you show more photos?,0
Do you have it in stock?,0
telegram: t dot me slash devguy323,1
Hit me up on WhatsApp at 555-588-8753,1
What’s the price?,0
Where do you ship from?,0
Can you show more photos?,0
Does it come in other colors?,0
Does it come in other colors?,0
Where do you ship from?,0
Do you have it in stock?,0
Do you have it in stock?,0
What are the dimensions?,0
Does it come in other colors?,0
What are the dimensions?,0
Does it come in other colors?,0
Do you have it in stock?,0
What’s the price?,0
This looks good.,0
How soon can I get it?,0
Do you have it in stock?,0
How soon can I get it?,0
Does it come in other colors?,0
What are the dimensions?,0
WhatsApp me at +1-555-693-4585,1
Let's connect on LinkedIn: linkedin.com/in/best_pizza,1
Where do you ship from?,0
Email me at user5607@example.com,1
Do you have it in stock?,0
Nice product!,0
Can you show more photos?,0
Where do you ship from?,0
Nice product!,0
Call me at +1 601 584 2796,1
Can you show more photos?,0
Follow me on Instagram @jane.smith and DM.,1
Does it come in other colors?,0
Where do you ship from?,0
Does it come in other colors?,0
What are the dimensions?,0
Where do you ship from?,0
find me at user5936@example.com 😉,1
This looks good.,0
Mail me: frank6@test.org,1
Where do you ship from?,0
This looks good.,0
What’s the price?,0
Where do you ship from?,0
Can you show more photos?,0
Where do you ship from?,0
Where do you ship from?,0
my email id is user5445@example.com,1
What’s the price?,0
hmu @ devguy385,1
This looks good.,0
How soon can I get it?,0
Can you show more photos?,0
How soon can I get it?,0
Mail me: alice29@example.com,1
snap me at s-n-a-p fashionista446,1
What are the dimensions?,0
What are the dimensions?,0
Can you show more photos?,0
Can you show more photos?,0
How soon can I get it?,0
I’m interested in this item.,0
Reach out on WhatsApp at +1-978-287-9154,1
Does it come in other colors?,0
Does it come in other colors?,0
Do you have it in stock?,0
Does it come in other colors?,0
Does it come in other colors?,0
Email me at judy43@test.org,1
Add me on WhatsApp: +1 678 986 0348,1
Can I have your email address?,1
I’m interested in this item.,0
What are the dimensions?,0
What are the dimensions?,0
Nice product!,0
How soon can I get it?,0
What’s the price?,0
Hit me up on WhatsApp at +1-188-711-3098,1
How soon can I get it?,0
Does it come in other colors?,0
Does it come in other colors?,0
Can you show more photos?,0
My Snapchat is ivan965,1
What’s the price?,0
What’s the price?,0
Reach me at 994-682-6059,1
How soon can I get it?,0
What are the dimensions?,0
snap me at s-n-a-p coolcat690,1
i v a n 9 7 @ e m a i l . n e t,1
Text me at 7112390759,1
Nice product!,0
How soon can I get it?,0
I’m interested in this item.,0
How soon can I get it?,0
Connect on LinkedIn (linkedin.com/in/designer123),1
I’m interested in this item.,0
How soon can I get it?,0
Does it come in other colors?,0
Here's my email: user1860@example.com,1
What’s the price?,0
Do you have it in stock?,0
What are the dimensions?,0
Nice product!,0
Do you have it in stock?,0
This looks good.,0
This looks good.,0
I’m interested in this item.,0
This looks good.,0
Can I have your email address?,1
Where do you ship from?,0
Contact me via Telegram: @tech_lead,1
What’s the price?,0
Where do you ship from?,0
What’s the price?,0
What’s the price?,0
Nice product!,0
What’s the price?,0
Connect on LinkedIn (linkedin.com/in/coolguy42),1
Do you have it in stock?,0
I’m interested in this item.,0
Where do you ship from?,0
This looks good.,0
Do you have it in stock?,0
This looks good.,0
Email me at user392@example.com,1
Message via email: eve60@email.net,1
Nice product!,0
Where do you ship from?,0
How soon can I get it?,0
What’s the price?,0
Follow me on Instagram @fashionguru and DM.,1
Contact: +1-284-992-5568,1
Can you show more photos?,0
Nice product!,0
j u d y 7 8 @ e m a i l . n e t,1
What’s the price?,0
What’s the price?,0
Where do you ship from?,0
Message me on Signal: 7531588880,1
How soon can I get it?,0
Where do you ship from?,0
WhatsApp me at +1-555-660-9434,1
"My contact is 555-404-5715, call me.",1
Let's connect on LinkedIn: linkedin.com/in/fashionguru,1
Text me at 555-148-9434 for more info.,1
Snapchat me @ shopper284,1
I’m interested in this item.,0
You can reach me at 555-398-6663,1
Add me on Facebook (facebook.com/jane.smith),1
I’m interested in this item.,0
"Email is user9304@example.com, reach out anytime.",1
How soon can I get it?,0
Can I have your email address?,1
What’s the price?,0
Where do you ship from?,0
Nice product!,0
Do you have it in stock?,0
Nice product!,0
Where do you ship from?,0
DM me on Facebook: facebook.com/shopper195,1
Does it come in other colors?,0
DM me on Instagram: @alice685,1
What are the dimensions?,0
Does it come in other colors?,0
What are the dimensions?,0
This looks good.,0
Do you have it in stock?,0
You can reach me at 555-119-2457,1
How soon can I get it?,0
DM me on Instagram @jane.smith,1
Contact via email: bob95@email.net,1
What’s the price?,0
Does it come in other colors?,0
Does it come in other colors?,0
Can you show more photos?,0
I’m interested in this item.,0
How soon can I get it?,0
Where do you ship from?,0
Add me on WhatsApp: 555-431-3240,1
I’m interested in this item.,0
Can I have your email address?,1
Can you show more photos?,0
How soon can I get it?,0
Email me at charlie39@example.com,1
This looks good.,0
Does it come in other colors?,0
What are the dimensions?,0
DM me on Instagram @john_doe,1
Where do you ship from?,0
I’m interested in this item.,0
Do you have it in stock?,0
Can you show more photos?,0
This looks good.,0
What’s the price?,0
I’m interested in this item.,0
📱 +1-298-280-8851,1
I’m interested in this item.,0
Nice product!,0
Email me at user399@example.com,1
Contact via email: charlie83@mail.com,1
My TikTok: @eve665,1
Nice product!,0
Ping me on Telegram: @ivan532,1
Does it come in other colors?,0
Follow me on Instagram @fashionguru and DM.,1
Add me on WhatsApp: 9895329082,1
Do you have it in stock?,0
Call me at 6796891897,1
Add me on WhatsApp: 555-742-4102,1
fb.com/fashionista835,1
How soon can I get it?,0
my digits: +1-326-733-6541,1
Do you have it in stock?,0
Where do you ship from?,0
hmu @ fashionista436,1
This looks good.,0
Does it come in other colors?,0
Find me on Facebook: https://facebook.com/frank575,1
What’s the price?,0
Contact me via Telegram: @shop_owner,1
I’m interested in this item.,0
How soon can I get it?,0
What are the dimensions?,0
What’s the price?,0
Do you have it in stock?,0
Do you have it in stock?,0
Do you have it in stock?,0
What’s the price?,0
Nice product!,0
This looks good.,0
C a l l   m e :   5 6 8 1 6 8 6 7 0 3,1
Do you have it in stock?,0
What are the dimensions?,0
This looks good.,0
Where do you ship from?,0
I’m interested in this item.,0
Does it come in other colors?,0
Does it come in other colors?,0
Does it come in other colors?,0
This looks good.,0
find me at user7626@example.com 😉,1
Does it come in other colors?,0
Do you have it in stock?,0
What are the dimensions?,0
What’s the price?,0
Message via email: judy45@example.com,1
Can you show more photos?,0
How soon can I get it?,0
Where do you ship from?,0
Message me on Snapchat: designer123,1
Where do you ship from?,0
This looks good.,0
I’m interested in this item.,0
What are the dimensions?,0
Text me at 555-968-4692 for more info.,1
Where do you ship from?,0
Find me on Facebook: https://facebook.com/grace159,1
Can you show more photos?,0
This looks good.,0
This looks good.,0
I’m interested in this item.,0
I’m interested in this item.,0
Nice product!,0
Nice product!,0
Where do you ship from?,0
Does it come in other colors?,0
Can you show more photos?,0
What are the dimensions?,0
This looks good.,0
I’m interested in this item.,0
You can reach me at +1-308-988-6309,1
What are the dimensions?,0
What’s the price?,0
Does it come in other colors?,0
Where do you ship from?,0
What’s the price?,0
Mail me: judy36@test.org,1
Contact me on Skype: ivan438,1
What are the dimensions?,0
DM me on Instagram @coolguy42,1
I’m interested in this item.,0
Where do you ship from?,0
What’s the price?,0
I’m interested in this item.,0
What are the dimensions?,0
What’s the price?,0
Where do you ship from?,0
How soon can I get it?,0
Where do you ship from?,0
Can you show more photos?,0
Message me on Snapchat: designer123,1
How soon can I get it?,0
Hit me up on WhatsApp at 555-200-8994,1
How soon can I get it?,0
Does it come in other colors?,0
I’m interested in this item.,0
Nice product!,0
you can DM me at coolcat141 on Insta,1
Can you show more photos?,0
Where do you ship from?,0
wanna chat? +1-234-733-5180,1
I’m interested in this item.,0
Can you show more photos?,0
This looks good.,0
I’m interested in this item.,0
Can you show more photos?,0
What are the dimensions?,0
Where do you ship from?,0
This looks good.,0
Contact me via Telegram: @shop_owner,1
Here is my email: user7142@example.com,1
Does it come in other colors?,0
Do you have it in stock?,0
Can you show more photos?,0
My TikTok: @eve69,1
Message me at user2266@example.com,1
Add me on Facebook (facebook.com/john_doe),1
What are the dimensions?,0
Do you have it in stock?,0
Nice product!,0
Do you have it in stock?,0
Message me at user9391@example.com,1
Where do you ship from?,0
Does it come in other colors?,0
Does it come in other colors?,0
snap me at s-n-a-p coolcat573,1
This looks good.,0
Contact me via Telegram: @fashioneer,1
Can you show more photos?,0
How soon can I get it?,0
hmu @ devguy713,1
How soon can I get it?,0
How soon can I get it?,0
What are the dimensions?,0
Message me at user1424@example.com,1
I’m interested in this item.,0
What are the dimensions?,0
Does it come in other colors?,0
Can you show more photos?,0
Do you have it in stock?,0
What are the dimensions?,0
Nice product!,0
Does it come in other colors?,0
Do you have it in stock?,0
Where do you ship from?,0
Can you show more photos?,0
This looks good.,0
Does it come in other colors?,0
Does it come in other colors?,0
Connect on LinkedIn (linkedin.com/in/coolcat437),1
"My contact is 555-240-4919, call me.",1
Text me at +1-392-606-2298,1
This looks good.,0
Nice product!,0
Does it come in other colors?,0
Nice product!,0
I’m interested in this item.,0
Nice product!,0
Does it come in other colors?,0
Message me on Signal: 9994398111,1
How soon can I get it?,0
How soon can I get it?,0
Snapchat me @ coolcat467,1
Where do you ship from?,0
What are the dimensions?,0
This looks good.,0
Does it come in other colors?,0
📧 user4920@example.com,1
This looks good.,0
Call me at +1 047 628 3497,1
What’s the price?,0
Does it come in other colors?,0
What’s the price?,0
Nice product!,0
Does it come in other colors?,0
Can you show more photos?,0
I’m interested in this item.,0
How soon can I get it?,0
Can you show more photos?,0
I’m interested in this item.,0
Can you show more photos?,0
This looks good.,0
How soon can I get it?,0
Can you show more photos?,0
Where do you ship from?,0
What’s the price?,0
This looks good.,0
you can DM me at shopper493 on Insta,1
What’s the price?,0
This looks good.,0
📱 +1-822-636-6505,1
What’s the price?,0
Does it come in other colors?,0
Where do you ship from?,0
Do you have it in stock?,0
What’s the price?,0
Do you have it in stock?,0
Reach me at +1 203 821 7884,1
What’s the price?,0
Where do you ship from?,0
Do you have it in stock?,0
How soon can I get it?,0
What are the dimensions?,0
Do you have it in stock?,0
Does it come in other colors?,0
I’m interested in this item.,0
What are the dimensions?,0
Nice product!,0
t e l : +1-532-349-4364,1
This looks good.,0
Nice product!,0
What are the dimensions?,0
Nice product!,0
What’s the price?,0
Does it come in other colors?,0
Nice product!,0
Send me a DM on Facebook: facebook.com/best_pizza,1
My Snapchat is bob349,1
Where do you ship from?,0
📧 user524@example.com,1
How soon can I get it?,0
I’m interested in this item.,0
Do you have it in stock?,0
Call me at (872) 967-5384,1
Email me at user4986@example.com,1
Where do you ship from?,0
Nice product!,0
Follow me on Twitter: @heidi28,1
I’m interested in this item.,0
This looks good.,0
Nice product!,0
I’m interested in this item.,0
Where do you ship from?,0
Where do you ship from?,0
C o n t a c t :   + 1   5 5 6   9 4 0   1 4 3 6,1
Let's connect on LinkedIn: https://linkedin.com/in/eve850,1
I’m interested in this item.,0
reach at t w o o o @example.com,1
What are the dimensions?,0
This looks good.,0
Where do you ship from?,0
Does it come in other colors?,0
Follow me on Twitter: @judy336,1
Nice product!,0
Can you show more photos?,0
How soon can I get it?,0
📱 +1-154-835-2406,1
How soon can I get it?,0
message me via g m a i l at user1840@example.com,1
What are the dimensions?,0
How soon can I get it?,0
What are the dimensions?,0
You can reach me at +1-814-403-1250,1
Let's connect on LinkedIn: https://linkedin.com/in/heidi441,1
Where do you ship from?,0
Send me a DM on Facebook: facebook.com/shop_owner,1
You can reach me at 555-139-4448,1
Can you show more photos?,0
I’m interested in this item.,0
I’m interested in this item.,0
What’s the price?,0
Here's my email: user2829@example.com,1
Nice product!,0
Nice product!,0
Can you show more photos?,0
I’m interested in this item.,0
Nice product!,0
Add me on Facebook (facebook.com/tech_lead),1
This looks good.,0
What’s the price?,0
Do you have it in stock?,0
Connect on LinkedIn (linkedin.com/in/tech_lead),1
Where do you ship from?,0
Please email me at user1119@example.com,1
Nice product!,0
DM me on Instagram: @alice466,1
Do you have it in stock?,0
This looks good.,0
What’s the price?,0
Nice product!,0
I’m interested in this item.,0
Can you show more photos?,0
This looks good.,0
What are the dimensions?,0
What’s the price?,0
I’m interested in this item.,0
What’s the price?,0
Can you show more photos?,0
What’s the price?,0
What’s the price?,0
Do you have it in stock?,0
How soon can I get it?,0
Contact me via Telegram: @jane.smith,1
I’m interested in this item.,0
What are the dimensions?,0
Where do you ship from?,0
How soon can I get it?,0
Connect on LinkedIn (linkedin.com/in/john_doe),1
What are the dimensions?,0
This looks good.,0
Can you show more photos?,0
What’s the price?,0
Nice product!,0
Mail me: judy94@test.org,1
Can you show more photos?,0
How soon can I get it?,0
What are the dimensions?,0
Nice product!,0
This looks good.,0
Let's connect on LinkedIn: linkedin.com/in/john_doe,1
Where do you ship from?,0
Do you have it in stock?,0
Nice product!,0
How soon can I get it?,0
Reach me at (437) 144-4846,1
My number is 8903919295,1
WhatsApp me at +1-555-883-2619,1
I’m interested in this item.,0
Does it come in other colors?,0
How soon can I get it?,0
What are the dimensions?,0
Nice product!,0
What’s the price?,0
Do you have it in stock?,0
What are the dimensions?,0
I’m interested in this item.,0
Nice product!,0
What’s the price?,0
Nice product!,0
Nice product!,0
📧 user6785@example.com,1
Let's connect on LinkedIn: linkedin.com/in/coolguy42,1
Does it come in other colors?,0
This looks good.,0
This looks good.,0
What are the dimensions?,0
Can I have your email address?,1
I’m interested in this item.,0
Nice product!,0
How soon can I get it?,0
This looks good.,0
Where do you ship from?,0
What are the dimensions?,0
What are the dimensions?,0
Where do you ship from?,0
What’s the price?,0
This looks good.,0
Where do you ship from?,0
Can you show more photos?,0
I’m interested in this item.,0
C a l l   m e :   8 3 7 7 6 1 0 6 1 7,1
Nice product!,0
Does it come in other colors?,0
Let's connect on LinkedIn: linkedin.com/in/best_pizza,1
Do you have it in stock?,0
Nice product!,0
How soon can I get it?,0
Do you have it in stock?,0
Do you have it in stock?,0
I’m interested in this item.,0
What are the dimensions?,0
Can you show more photos?,0
What’s the price?,0
Where do you ship from?,0
DM me on Facebook: facebook.com/shopper51,1
How soon can I get it?,0
Contact me on Skype: bob819,1
Do you have it in stock?,0
Mail me: charlie50@email.net,1
This looks good.,0
What’s the price?,0
Do you have it in stock?,0
How soon can I get it?,0
Do you have it in stock?,0
f r a n k 8 8 @ m a i l . c o m,1
What are the dimensions?,0
Text me at (965) 788-0983,1
Can you show more photos?,0
What are the dimensions?,0
Do you have it in stock?,0
Do you have it in stock?,0
What’s the price?,0
Do you have it in stock?,0
What are the dimensions?,0
This looks good.,0
Add me on WhatsApp: 5986289135,1
Message me on Snapchat: shop_owner,1
This looks good.,0
Do you have it in stock?,0
Nice product!,0
Do you have it in stock?,0
My WeChat ID is jane.smith,1
What are the dimensions?,0
Mail me: judy58@mail.com,1
What’s the price?,0
This looks good.,0
Do you have it in stock?,0
Nice product!,0
WhatsApp me at +1-555-407-5287,1
I’m interested in this item.,0
Do you have it in stock?,0
Can you show more photos?,0
What are the dimensions?,0
"Email is user8403@example.com, reach out anytime.",1
Do you have it in stock?,0
Can you show more photos?,0
This looks good.,0
WhatsApp me at +1-555-338-9652,1
This looks good.,0
DM me on Facebook: facebook.com/shopper528,1
Email me at david37@test.org,1
Message me on Signal: (119) 184-1266,1
Does it come in other colors?,0
What are the dimensions?,0
c   o   n   t   a   c   t   m   e   3 1 8 - 2 1 5 - 5 9 5 3,1
Where do you ship from?,0
Text me at 555-614-5013 for more info.,1
Can you show more photos?,0
Nice product!,0
Connect on LinkedIn (linkedin.com/in/shopper812),1
Text me at 555-749-6344 for more info.,1
This looks good.,0
What’s the price?,0
Does it come in other colors?,0
I’m interested in this item.,0
What’s the price?,0
This looks good.,0
get in touch @ user5543@example.com,1
Can you show more photos?,0
"Email is user9420@example.com, reach out anytime.",1
Hit me up on WhatsApp at 555-893-4701,1
Nice product!,0
What are the dimensions?,0
Nice product!,0
Does it come in other colors?,0
Do you have it in stock?,0
What’s the price?,0
Snapchat me @ shopper647,1
Text me at 555-631-5084 for more info.,1
find me at user2966@example.com 😉,1
Nice product!,0
Can you show more photos?,0
Can you show more photos?,0
Please email me at user2015@example.com,1
How soon can I get it?,0
Nice product!,0
I’m interested in this item.,0
Contact me via Telegram: @fashionguru,1
Do you have it in stock?,0
You can reach me at 555-323-3682,1
Nice product!,0
Can I have your email address?,1
This looks good.,0
DM me on Facebook: facebook.com/fashionista839,1
Do you have it in stock?,0
Do you have it in stock?,0
How soon can I get it?,0
What’s the price?,0
What’s the price?,0
Does it come in other colors?,0
You can reach me at 555-188-6226,1
I’m interested in this item.,0
Nice product!,0
Does it come in other colors?,0
Does it come in other colors?,0
I’m interested in this item.,0
Reach out on WhatsApp at +1-533-385-5189,1
Where do you ship from?,0
wanna chat? +1-400-232-1303,1
Does it come in other colors?,0
Does it come in other colors?,0
Message me on Signal: +1 618 806 2510,1
What’s the price?,0
What are the dimensions?,0
What’s the price?,0
What are the dimensions?,0
How soon can I get it?,0
What are the dimensions?,0
Do you have it in stock?,0
Can you show more photos?,0
Do you have it in stock?,0
Does it come in other colors?,0
Where do you ship from?,0
Do you have it in stock?,0
📱 +1-182-389-2357,1
This looks good.,0
I’m interested in this item.,0
What’s the price?,0
What’s the price?,0
Do you have it in stock?,0
What’s the price?,0
Do you have it in stock?,0
DM me on Instagram @fashionguru,1
What’s the price?,0
Nice product!,0
Hit me up on WhatsApp at +1-685-436-5583,1
What are the dimensions?,0
message me via g m a i l at user3521@example.com,1
you can DM me at devguy962 on Insta,1
What’s the price?,0
Where do you ship from?,0
Nice product!,0
Can you show more photos?,0
Where do you ship from?,0
How soon can I get it?,0
What’s the price?,0
Where do you ship from?,0
Where do you ship from?,0
Message via email: bob55@mail.com,1
Does it come in other colors?,0
Does it come in other colors?,0
Email me at alice51@email.net,1
Contact: +1-952-315-8283,1
Can you show more photos?,0
Does it come in other colors?,0
I’m interested in this item.,0
This looks good.,0
Does it come in other colors?,0
What are the dimensions?,0
Nice product!,0
What’s the price?,0
How soon can I get it?,0
Message me on Signal: (845) 796-0017,1
Where do you ship from?,0
How soon can I get it?,0
Text me at 085-632-7172,1
hmu @ shopper709,1
I’m interested in this item.,0
Does it come in other colors?,0
Nice product!,0
Where do you ship from?,0
Do you have it in stock?,0
reach at t w o o o @example.com,1
Can you show more photos?,0
This looks good.,0
Does it come in other colors?,0
Nice product!,0
What are the dimensions?,0
How soon can I get it?,0
What are the dimensions?,0
Where do you ship from?,0
You can reach me at 555-217-2835,1
Do you have it in stock?,0
What are the dimensions?,0
c o n t a c t : +1-507-116-1800,1
What are the dimensions?,0
Where do you ship from?,0
Do you have it in stock?,0
This looks good.,0
This looks good.,0
Can you show more photos?,0
DM me on Instagram @tech_lead,1
I’m interested in this item.,0
How soon can I get it?,0
Do you have it in stock?,0
Nice product!,0
Where do you ship from?,0
This looks good.,0
I’m interested in this item.,0
Where do you ship from?,0
What are the dimensions?,0
How soon can I get it?,0
Do you have it in stock?,0
How soon can I get it?,0
How soon can I get it?,0
Can you show more photos?,0
How soon can I get it?,0
How soon can I get it?,0
Nice product!,0
I’m interested in this item.,0
What are the dimensions?,0
This looks good.,0
I’m interested in this item.,0
I’m interested in this item.,0
fb.com/coolcat680,1
I’m interested in this item.,0
I’m interested in this item.,0
Does it come in other colors?,0
I’m interested in this item.,0
Do you have it in stock?,0
This looks good.,0
Does it come in other colors?,0
Can you show more photos?,0
Can you show more photos?,0
What’s the price?,0
How soon can I get it?,0
Here is my email: user5960@example.com,1
Can you show more photos?,0
Nice product!,0
my email id is user2875@example.com,1
What are the dimensions?,0
Does it come in other colors?,0
Nice product!,0
I’m interested in this item.,0
Do you have it in stock?,0
Nice product!,0
Does it come in other colors?,0
Nice product!,0
Call me at 464-618-2101,1
What are the dimensions?,0
Does it come in other colors?,0
This looks good.,0
Can you show more photos?,0
📱 +1-512-836-8062,1
What’s the price?,0
This looks good.,0
How soon can I get it?,0
Can you show more photos?,0
Nice product!,0
fb.com/shopper122,1
Where do you ship from?,0
Contact me via Telegram: @coolguy42,1
How soon can I get it?,0
hmu @ shopper797,1
C a l l   m e :   1 8 4 7 1 3 0 0 7 8,1
How soon can I get it?,0
Connect on LinkedIn (linkedin.com/in/coolcat740),1
How soon can I get it?,0
Can you show more photos?,0
Add me on WhatsApp: (790) 996-0131,1
How soon can I get it?,0
e m a i l m e @ user8114@example.com,1
I’m interested in this item.,0
How soon can I get it?,0
What are the dimensions?,0
Nice product!,0
What’s the price?,0
What are the dimensions?,0
telegram: t dot me slash devguy294,1
Can you show more photos?,0
Do you have it in stock?,0
Can you show more photos?,0
find me at user4420@example.com 😉,1
📧 user2571@example.com,1
Can you show more photos?,0
How soon can I get it?,0
This looks good.,0
Nice product!,0
What’s the price?,0
Do you have it in stock?,0
Can you show more photos?,0
Message via email: grace94@email.net,1
Where do you ship from?,0
Nice product!,0
I’m interested in this item.,0
What’s the price?,0
Here is my email: user8186@example.com,1
What’s the price?,0
Does it come in other colors?,0
Does it come in other colors?,0
Nice product!,0
I’m interested in this item.,0
Nice product!,0
Where do you ship from?,0
I’m interested in this item.,0
Where do you ship from?,0
Email me at frank45@test.org,1
I’m interested in this item.,0
Nice product!,0
Can you show more photos?,0
Does it come in other colors?,0
Where do you ship from?,0
How soon can I get it?,0
I’m interested in this item.,0
Can you show more photos?,0
Follow me on Twitter: @alice414,1
you can DM me at coolcat949 on Insta,1
Do you have it in stock?,0
Where do you ship from?,0
Does it come in other colors?,0
Call me at (591) 206-5350,1
Does it come in other colors?,0
What’s the price?,0
I’m interested in this item.,0
Do you have it in stock?,0
"Email is user1801@example.com, reach out anytime.",1
Nice product!,0
Nice product!,0
e m a i l m e @ user8164@example.com,1
My Snapchat is charlie981,1
Do you have it in stock?,0
How soon can I get it?,0
Nice product!,0
This looks good.,0
my email id is user4959@example.com,1
This looks good.,0
What are the dimensions?,0
Add me on Facebook (facebook.com/coolguy42),1
Can you show more photos?,0
I’m interested in this item.,0
Does it come in other colors?,0
How soon can I get it?,0
How soon can I get it?,0
telegram: t dot me slash coolcat34,1
Can you show more photos?,0
How soon can I get it?,0
What’s the price?,0
What’s the price?,0
What are the dimensions?,0
What’s the price?,0
Does it come in other colors?,0
"Email is user5015@example.com, reach out anytime.",1
What are the dimensions?,0
What’s the price?,0
Nice product!,0
What are the dimensions?,0
Add me on WhatsApp: (753) 618-0367,1
What’s the price?,0
Can you show more photos?,0
Do you have it in stock?,0
This looks good.,0
What’s the price?,0
This looks good.,0
c o n t a c t : +1-507-405-2922,1
I’m interested in this item.,0
What are the dimensions?,0
Can you show more photos?,0
My number is 901-498-0329,1
This looks good.,0
I’m interested in this item.,0
This looks good.,0
Message me on Snapchat: john_doe,1
Does it come in other colors?,0
Do you have it in stock?,0
I’m interested in this item.,0
This looks good.,0
Can you share your phone number so I can send you details?,1
Nice product!,0
Can you show more photos?,0
Do you have it in stock?,0
message me via g m a i l at user1997@example.com,1
Nice product!,0
Where do you ship from?,0
How soon can I get it?,0
How soon can I get it?,0
Nice product!,0
Do you have it in stock?,0
Email me at charlie63@test.org,1
What’s the price?,0
How soon can I get it?,0
What are the dimensions?,0
What are the dimensions?,0
What’s the price?,0
Can you share your phone number so I can send you details?,1
Can you show more photos?,0
I’m interested in this item.,0
Do you have it in stock?,0
Hit me up on WhatsApp at 555-177-9891,1
Can you show more photos?,0
I’m interested in this item.,0
What’s the price?,0
DM me on Instagram: @judy552,1
Hit me up on WhatsApp at 555-177-9891,1
This looks good.,0
This looks good.,0
Do you have it in stock?,0
Does it come in other colors?,0
Where do you ship from?,0
Does it come in other colors?,0
What are the dimensions?,0
my digits: +1-415-957-1170,1
This looks good.,0
Does it come in other colors?,0
Where do you ship from?,0
My WeChat ID is fashionguru,1
Does it come in other colors?,0
This looks good.,0
Here is my email: user2133@example.com,1
Do you have it in stock?,0
What are the dimensions?,0
Add me on WhatsApp: 555-406-7284,1
Where do you ship from?,0
Can you show more photos?,0
Does it come in other colors?,0
Can you show more photos?,0
Call me at 1827008980,1
Does it come in other colors?,0
Nice product!,0
What’s the price?,0
message me via g m a i l at user2019@example.com,1
Where do you ship from?,0
I’m interested in this item.,0
How soon can I get it?,0
I’m interested in this item.,0
Message me on Signal: +1 586 093 4205,1
What’s the price?,0
Nice product!,0
How soon can I get it?,0
Does it come in other colors?,0
Does it come in other colors?,0
What are the dimensions?,0
I’m interested in this item.,0
"My contact is 555-612-2704, call me.",1
This looks good.,0
Nice product!,0
Do you have it in stock?,0
Nice product!,0
What’s the price?,0
Contact me via Telegram: @shopper99,1
hmu @ devguy379,1
"Email is user1779@example.com, reach out anytime.",1
This looks good.,0
Text me at 555-865-5479 for more info.,1
What are the dimensions?,0
What are the dimensions?,0
Does it come in other colors?,0
Do you have it in stock?,0
Can you show more photos?,0
Do you have it in stock?,0
wanna chat? +1-602-439-7661,1
t e l : +1-448-949-2543,1
Let's connect on LinkedIn: https://linkedin.com/in/eve312,1
How soon can I get it?,0
Does it come in other colors?,0
Does it come in other colors?,0
What are the dimensions?,0
"My contact is 555-600-4724, call me.",1
Nice product!,0
Nice product!,0
Do you have it in stock?,0
Can you show more photos?,0
Nice product!,0
I’m interested in this item.,0
Reach out on WhatsApp at +1-431-447-9561,1
What are the dimensions?,0
Message me at user4351@example.com,1
Where do you ship from?,0
This looks good.,0
This looks good.,0
This looks good.,0
Can you show more photos?,0
What are the dimensions?,0
What’s the price?,0
I’m interested in this item.,0
Do you have it in stock?,0
message me via g m a i l at user4692@example.com,1
Does it come in other colors?,0
How soon can I get it?,0
Does it come in other colors?,0
Do you have it in stock?,0
Can you show more photos?,0
How soon can I get it?,0
What are the dimensions?,0
Where do you ship from?,0
What’s the price?,0
Where do you ship from?,0
Contact: +1-852-854-2155,1
Does it come in other colors?,0
Nice product!,0
How soon can I get it?,0
My TikTok: @judy316,1
Where do you ship from?,0
I’m interested in this item.,0
Find me on Facebook: https://facebook.com/ivan254,1
Can you show more photos?,0
What’s the price?,0
My TikTok: @heidi633,1
How soon can I get it?,0
Please email me at user5374@example.com,1
This looks good.,0
Connect on LinkedIn (linkedin.com/in/fashioneer),1
Reach me at (762) 846-8905,1
Can you share your phone number so I can send you details?,1
I’m interested in this item.,0
Can you show more photos?,0
How soon can I get it?,0
This looks good.,0
This looks good.,0
This looks good.,0
What’s the price?,0
Do you have it in stock?,0
What are the dimensions?,0
Where do you ship from?,0
Does it come in other colors?,0
Does it come in other colors?,0
Text me at 555-709-6370 for more info.,1
I’m interested in this item.,0
i v a n 6 7 @ e x a m p l e . c o m,1
What are the dimensions?,0
"Email is user6100@example.com, reach out anytime.",1
snap me at s-n-a-p shopper607,1
Do you have it in stock?,0
Nice product!,0
"Email is user2752@example.com, reach out anytime.",1
Does it come in other colors?,0
What’s the price?,0
This looks good.,0
Can you show more photos?,0
I’m interested in this item.,0
This looks good.,0
What are the dimensions?,0
Nice product!,0
Does it come in other colors?,0
Contact: +1-902-465-5635,1
Can you show more photos?,0
wanna chat? +1-807-820-6324,1
Where do you ship from?,0
How soon can I get it?,0
Can you show more photos?,0
Do you have it in stock?,0
What’s the price?,0
Can you show more photos?,0
Do you have it in stock?,0
How soon can I get it?,0
Nice product!,0
Can I have your email address?,1
Can you show more photos?,0
How soon can I get it?,0
What’s the price?,0
Can you show more photos?,0
Call me at 705-906-1894,1
Mail me: ivan69@mail.com,1
This looks good.,0
This looks good.,0
Reach me at 5749779305,1
Nice product!,0
What’s the price?,0
This looks good.,0
Contact via email: david12@test.org,1
Where do you ship from?,0
Do you have it in stock?,0
Can I have your email address?,1
Nice product!,0
Where do you ship from?,0
I’m interested in this item.,0
Can you show more photos?,0
What are the dimensions?,0
Can you show more photos?,0
What are the dimensions?,0
Can you show more photos?,0
Where do you ship from?,0
Text me at 554-838-8163,1
How soon can I get it?,0
"My contact is 555-971-8011, call me.",1
What are the dimensions?,0
My WeChat ID is best_pizza,1
Nice product!,0
Do you have it in stock?,0
"My contact is 555-932-3917, call me.",1
my digits: +1-595-646-3048,1
What are the dimensions?,0
Does it come in other colors?,0
Can you show more photos?,0
c   o   n   t   a   c   t   m   e   2 9 1 7 2 8 7 0 1 9,1
e m a i l m e @ user5334@example.com,1
What are the dimensions?,0
Can you show more photos?,0
Contact me via Telegram: @designer123,1
Connect on LinkedIn (linkedin.com/in/fashionguru),1
What are the dimensions?,0
Can you show more photos?,0
my digits: +1-200-688-3231,1
Where do you ship from?,0
What are the dimensions?,0
Can you show more photos?,0
t e l : +1-304-709-6358,1
Can you show more photos?,0
What are the dimensions?,0
What are the dimensions?,0
Does it come in other colors?,0
Can you show more photos?,0
Can you show more photos?,0
"Email is user5650@example.com, reach out anytime.",1
Nice product!,0
What’s the price?,0
What’s the price?,0
What are the dimensions?,0
Where do you ship from?,0
This looks good.,0
Does it come in other colors?,0
What are the dimensions?,0
Can you show more photos?,0
What are the dimensions?,0
Ping me on Telegram: @charlie244,1
What are the dimensions?,0
Nice product!,0
What’s the price?,0
What are the dimensions?,0
Connect on LinkedIn (linkedin.com/in/fashionguru),1
Where do you ship from?,0
message me via g m a i l at user9028@example.com,1
Does it come in other colors?,0
Please email me at user9916@example.com,1
Can you show more photos?,0
Nice product!,0
Can you show more photos?,0
Does it come in other colors?,0
Connect on LinkedIn (linkedin.com/in/fashionista269),1
This looks good.,0
Does it come in other colors?,0
What’s the price?,0
Does it come in other colors?,0
Where do you ship from?,0
Nice product!,0
What are the dimensions?,0
What are the dimensions?,0
Can you show more photos?,0
How soon can I get it?,0
This looks good.,0
Does it come in other colors?,0
What are the dimensions?,0
This looks good.,0
Add me on WhatsApp: +1 662 744 4363,1
Nice product!,0
Message me at user3736@example.com,1
How soon can I get it?,0
What’s the price?,0
DM me on Instagram @fashionguru,1
I’m interested in this item.,0
This looks good.,0
Do you have it in stock?,0
t e l : +1-416-985-6327,1
What’s the price?,0
What are the dimensions?,0
How soon can I get it?,0
Does it come in other colors?,0
t e l : +1-407-973-5841,1
What’s the price?,0
Email me at heidi3@example.com,1
What are the dimensions?,0
I’m interested in this item.,0
Message me on Snapchat: best_pizza,1
Reach me at (807) 293-2971,1
This looks good.,0
Where do you ship from?,0
Does it come in other colors?,0
wanna chat? +1-845-204-1323,1
WhatsApp me at +1-555-878-2778,1
Nice product!,0
get in touch @ user9904@example.com,1
This looks good.,0
What are the dimensions?,0
Does it come in other colors?,0
Where do you ship from?,0
Does it come in other colors?,0
Reach out on WhatsApp at +1-575-790-7307,1
Message me at user5123@example.com,1
Does it come in other colors?,0
Can you show more photos?,0
Does it come in other colors?,0
Nice product!,0
How soon can I get it?,0
Follow me on Twitter: @grace64,1
What are the dimensions?,0
What are the dimensions?,0
Connect on LinkedIn (linkedin.com/in/coolcat778),1
Contact via email: judy53@email.net,1
Reach me at +1 984 830 2654,1
Does it come in other colors?,0
Can you show more photos?,0
Do you have it in stock?,0
What are the dimensions?,0
find me at user7453@example.com 😉,1
I’m interested in this item.,0
This looks good.,0
Can you show more photos?,0
"My contact is 555-297-2668, call me.",1
Find me on Facebook: https://facebook.com/ivan731,1
Do you have it in stock?,0
C o n t a c t :   9 1 4 - 0 8 7 - 1 4 3 5,1
WhatsApp me at 262-057-8194,1
Nice product!,0
Can you show more photos?,0
I’m interested in this item.,0
C a l l   m e :   6 5 7 - 2 1 2 - 3 2 9 1,1
Nice product!,0
You can reach me at 555-839-1958,1
Can you show more photos?,0
I’m interested in this item.,0
Does it come in other colors?,0
Text me at +1-213-197-7503,1
Does it come in other colors?,0
Where do you ship from?,0
Message me on Signal: +1 142 799 5258,1
What’s the price?,0
Email me at user6334@example.com,1
I’m interested in this item.,0
What’s the price?,0
Do you have it in stock?,0
This looks good.,0
Can you show more photos?,0
Does it come in other colors?,0
I’m interested in this item.,0
Where do you ship from?,0
h e i d i 2 1 @ t e s t . o r g,1
How soon can I get it?,0
This looks good.,0
hmu @ fashionista497,1
Does it come in other colors?,0
What’s the price?,0
What are the dimensions?,0
Where do you ship from?,0
I’m interested in this item.,0
Where do you ship from?,0
Where do you ship from?,0
This looks good.,0
What’s the price?,0
Email me at bob2@test.org,1
Message me on Signal: +1 019 048 5152,1
you can DM me at devguy887 on Insta,1
This looks good.,0
Please email me at user5877@example.com,1
What are the dimensions?,0
Call me at (826) 937-1386,1
Do you have it in stock?,0
What’s the price?,0
Can you show more photos?,0
Here is my email: user3540@example.com,1
This looks good.,0
Where do you ship from?,0
Can you show more photos?,0
Do you have it in stock?,0
Where do you ship from?,0
What are the dimensions?,0
Where do you ship from?,0
Connect on LinkedIn (linkedin.com/in/fashionista15),1
How soon can I get it?,0
snap me at s-n-a-p coolcat879,1
Signal me at 854-699-2882,1
DM me on Instagram: @judy216,1
Does it come in other colors?,0
📱 +1-184-512-2726,1
I’m interested in this item.,0
This looks good.,0
e m a i l m e @ user1086@example.com,1
Add me on Facebook (facebook.com/shop_owner),1
How soon can I get it?,0
Does it come in other colors?,0
Add me on WhatsApp: 0647899946,1
What are the dimensions?,0
find me at user4443@example.com 😉,1
Message me on Signal: 7153059314,1
Nice product!,0
Send me a DM on Facebook: facebook.com/shop_owner,1
Do you have it in stock?,0
This looks good.,0
I’m interested in this item.,0
What’s the price?,0
Do you have it in stock?,0
Do you have it in stock?,0
Does it come in other colors?,0
Hit me up on WhatsApp at 555-995-5361,1
I’m interested in this item.,0
Follow me on Instagram @fashionguru and DM.,1
Nice product!,0
How soon can I get it?,0
This looks good.,0
Nice product!,0
You can reach me at 555-689-6793,1
What’s the price?,0
What are the dimensions?,0
Message me on Snapchat: tech_lead,1
How soon can I get it?,0
This looks good.,0
My TikTok: @frank582,1
Do you have it in stock?,0
Where do you ship from?,0
What’s the price?,0
This looks good.,0
How soon can I get it?,0
Nice product!,0
Add me on WhatsApp: 555-624-7117,1
What are the dimensions?,0
I’m interested in this item.,0
📧 user1283@example.com,1
Nice product!,0
This looks good.,0
What’s the price?,0
Does it come in other colors?,0
Send me a DM on Facebook: facebook.com/designer123,1
Hit me up on WhatsApp at 555-872-9367,1
Does it come in other colors?,0
Follow me on Instagram @tech_lead and DM.,1
What are the dimensions?,0
Can you show more photos?,0
Does it come in other colors?,0
Where do you ship from?,0
What are the dimensions?,0
Do you have it in stock?,0
What’s the price?,0
Add me on Facebook (facebook.com/tech_lead),1
What are the dimensions?,0
Nice product!,0
Can you show more photos?,0
What are the dimensions?,0
Do you have it in stock?,0
What are the dimensions?,0
I’m interested in this item.,0
Nice product!,0
📧 user6338@example.com,1
Do you have it in stock?,0
Where do you ship from?,0
Does it come in other colors?,0
Instagram me at (388) 142-3628,1
Can you show more photos?,0
What’s the price?,0
Does it come in other colors?,0
How soon can I get it?,0
Nice product!,0
I’m interested in this item.,0
Message via email: heidi97@example.com,1
How soon can I get it?,0
Can you show more photos?,0
C a l l   m e :   ( 7 5 2 )   7 2 2 - 6 0 3 8,1
This looks good.,0
Add me on WhatsApp: 555-735-2492,1
Does it come in other colors?,0
Where do you ship from?,0
Do you have it in stock?,0
This looks good.,0
Connect on LinkedIn (linkedin.com/in/fashioneer),1
Can you show more photos?,0
DM me on Instagram @tech_lead,1
Can you show more photos?,0
Call me at 7483101575,1
What’s the price?,0
Do you have it in stock?,0
How soon can I get it?,0
Nice product!,0
I’m interested in this item.,0
How soon can I get it?,0
What are the dimensions?,0
Nice product!,0
Message me at user9451@example.com,1
reach at t w o o o @example.com,1
Nice product!,0
Where do you ship from?,0
Where do you ship from?,0
Hit me up on WhatsApp at +1-781-242-5123,1
Can you show more photos?,0
Does it come in other colors?,0
Can you show more photos?,0
What’s the price?,0
Where do you ship from?,0
I’m interested in this item.,0
Does it come in other colors?,0
Nice product!,0
How soon can I get it?,0
Nice product!,0
Add me on Facebook (facebook.com/fashionguru),1
Send me a DM on Facebook: facebook.com/shop_owner,1
Nice product!,0
What’s the price?,0
Can you show more photos?,0
How soon can I get it?,0
How soon can I get it?,0
How soon can I get it?,0
My number is 211-094-2259,1
This looks good.,0
Where do you ship from?,0
Nice product!,0
My number is +1 505 954 4669,1
Do you have it in stock?,0
Do you have it in stock?,0
What are the dimensions?,0
DM me on Instagram @shopper99,1
What are the dimensions?,0
Does it come in other colors?,0
How soon can I get it?,0
What are the dimensions?,0
Does it come in other colors?,0
What are the dimensions?,0
I’m interested in this item.,0
Do you have it in stock?,0
Nice product!,0
What are the dimensions?,0
What are the dimensions?,0
Message me on Signal: 649-224-0794,1
What are the dimensions?,0
Nice product!,0
My WeChat ID is john_doe,1
Nice product!,0
What are the dimensions?,0
Do you have it in stock?,0
Can you show more photos?,0
you can DM me at devguy269 on Insta,1
reach at t w o o o @example.com,1
How soon can I get it?,0
I’m interested in this item.,0
Does it come in other colors?,0
Do you have it in stock?,0
Does it come in other colors?,0
How soon can I get it?,0
My WeChat ID is coolguy42,1
What’s the price?,0
Nice product!,0
Can you show more photos?,0
This looks good.,0
What are the dimensions?,0
Does it come in other colors?,0
I’m interested in this item.,0
Mail me: bob16@test.org,1
This looks good.,0
Where do you ship from?,0
Can you show more photos?,0
This looks good.,0
Do you have it in stock?,0
What’s the price?,0
Can you show more photos?,0
How soon can I get it?,0
t e l : +1-926-392-9655,1
How soon can I get it?,0
This looks good.,0
Do you have it in stock?,0
t e l : +1-782-833-1104,1
e m a i l m e @ user3181@example.com,1
Does it come in other colors?,0
Please email me at user9253@example.com,1
What’s the price?,0
You can reach me at 555-819-4119,1
Does it come in other colors?,0
Can you show more photos?,0
Let's connect on LinkedIn: linkedin.com/in/fashioneer,1
Can you show more photos?,0
Do you have it in stock?,0
I’m interested in this item.,0
How soon can I get it?,0
How soon can I get it?,0
Where do you ship from?,0
Contact me via Telegram: @best_pizza,1
I’m interested in this item.,0
What are the dimensions?,0
What are the dimensions?,0
This looks good.,0
Does it come in other colors?,0
Facebook me at (285) 517-6460,1
Can you show more photos?,0
I’m interested in this item.,0
How soon can I get it?,0
What’s the price?,0
What’s the price?,0
I’m interested in this item.,0
What are the dimensions?,0
Text me at +1 287 680 3791,1
I’m interested in this item.,0
Where do you ship from?,0
What’s the price?,0
Reach out on WhatsApp at +1-711-264-4043,1
What’s the price?,0
How soon can I get it?,0
Can you show more photos?,0
Where do you ship from?,0
Where do you ship from?,0
Can you show more photos?,0
This looks good.,0
What are the dimensions?,0
Does it come in other colors?,0
Nice product!,0
Please email me at user1632@example.com,1
"My contact is 555-774-1715, call me.",1
Can you show more photos?,0
Text me at +1-798-745-6078,1
Can you show more photos?,0
How soon can I get it?,0
I’m interested in this item.,0
Do you have it in stock?,0
This looks good.,0
Contact me on Skype: charlie44,1
Can you show more photos?,0
Do you have it in stock?,0
Do you have it in stock?,0
This looks good.,0
What are the dimensions?,0
Connect on LinkedIn (linkedin.com/in/fashionista720),1
This looks good.,0
Where do you ship from?,0
Where do you ship from?,0
Nice product!,0
I’m interested in this item.,0
What’s the price?,0
This looks good.,0
Can you show more photos?,0
You can reach me at +1-790-873-4476,1
Nice product!,0
What’s the price?,0
What are the dimensions?,0
What are the dimensions?,0
Does it come in other colors?,0
What’s the price?,0
Mail me: eve44@email.net,1
What’s the price?,0
How soon can I get it?,0
Do you have it in stock?,0
snap me at s-n-a-p shopper628,1
I’m interested in this item.,0
How soon can I get it?,0
Do you have it in stock?,0
What’s the price?,0
What are the dimensions?,0
What’s the price?,0
Do you have it in stock?,0
C a l l   m e :   ( 0 4 6 )   2 0 1 - 6 9 2 1,1
Nice product!,0
What’s the price?,0
My WeChat ID is john_doe,1
Nice product!,0
Can you show more photos?,0
snap me at s-n-a-p fashionista965,1
Nice product!,0
How soon can I get it?,0
Contact me on Skype: eve133,1
Can you show more photos?,0
I’m interested in this item.,0
My TikTok: @david634,1
Can you show more photos?,0
What are the dimensions?,0
This looks good.,0
Message me on Snapchat: shop_owner,1
I’m interested in this item.,0
What’s the price?,0
Connect on LinkedIn (linkedin.com/in/devguy733),1
This looks good.,0
Where do you ship from?,0
Hit me up on WhatsApp at 555-849-6247,1
I’m interested in this item.,0
fb.com/devguy402,1
Does it come in other colors?,0
t e l : +1-532-853-8439,1
Can you show more photos?,0
How soon can I get it?,0
This looks good.,0
Do you have it in stock?,0
Reach out on WhatsApp at +1-463-662-7920,1
What’s the price?,0
Can you show more photos?,0
My Snapchat is heidi397,1
message me via g m a i l at user4173@example.com,1
my email id is user6543@example.com,1
Nice product!,0
My WeChat ID is best_pizza,1
Follow me on Twitter: @alice556,1
Can you show more photos?,0
What’s the price?,0
Where do you ship from?,0
Where do you ship from?,0
Can you show more photos?,0
Nice product!,0
Where do you ship from?,0
Do you have it in stock?,0
What’s the price?,0
How soon can I get it?,0
Nice product!,0
This looks good.,0
Do you have it in stock?,0
What are the dimensions?,0
Where do you ship from?,0
C a l l   m e :   1 5 7 - 7 8 0 - 6 9 2 9,1
Find me on Facebook: https://facebook.com/alice615,1
Snapchat me @ fashionista422,1
hmu @ fashionista972,1
Do you have it in stock?,0
Does it come in other colors?,0
Where do you ship from?,0
What are the dimensions?,0
Send me a DM on Facebook: facebook.com/jane.smith,1
Where do you ship from?,0
Can you show more photos?,0
Please email me at user4440@example.com,1
What’s the price?,0
Can you show more photos?,0
This looks good.,0
Where do you ship from?,0
Send me a DM on Facebook: facebook.com/fashionguru,1
Can you show more photos?,0
hmu @ shopper535,1
Where do you ship from?,0
Where do you ship from?,0
Can you show more photos?,0
Do you have it in stock?,0
Can you show more photos?,0
You can reach me at +1-388-134-9207,1
Can you show more photos?,0
Let's connect on LinkedIn: https://linkedin.com/in/charlie657,1
Can you share your phone number so I can send you details?,1
Nice product!,0
I’m interested in this item.,0
Does it come in other colors?,0
This looks good.,0
Do you have it in stock?,0
I’m interested in this item.,0
Where do you ship from?,0
How soon can I get it?,0
I’m interested in this item.,0
Connect on LinkedIn (linkedin.com/in/designer123),1
Can you show more photos?,0
Message me on Snapchat: coolguy42,1
e m a i l m e @ user9128@example.com,1
How soon can I get it?,0
Here's my email: user7391@example.com,1
What’s the price?,0
"Email is user6100@example.com, reach out anytime.",1
Where do you ship from?,0
Does it come in other colors?,0
How soon can I get it?,0
Nice product!,0
This looks good.,0
Nice product!,0
What are the dimensions?,0
Where do you ship from?,0
What’s the price?,0
What are the dimensions?,0
How soon can I get it?,0
Email me at user1895@example.com,1
Message me at user8949@example.com,1
I’m interested in this item.,0
This looks good.,0
This looks good.,0
Text me at (212) 594-4982,1
Let's connect on LinkedIn: linkedin.com/in/best_pizza,1
This looks good.,0
You can reach me at 555-702-9525,1
Let's connect on LinkedIn: https://linkedin.com/in/grace871,1
How soon can I get it?,0
Where do you ship from?,0
📱 +1-609-306-1208,1
Does it come in other colors?,0
Nice product!,0
Nice product!,0
Can you show more photos?,0
Add me on WhatsApp: 555-477-9482,1
Message me on Snapchat: fashioneer,1
Message me on Snapchat: shop_owner,1
Contact: +1-789-757-8329,1
What are the dimensions?,0
How soon can I get it?,0
What are the dimensions?,0
What’s the price?,0
Where do you ship from?,0
Do you have it in stock?,0
How soon can I get it?,0
What’s the price?,0
Where do you ship from?,0
How soon can I get it?,0
You can reach me at 555-766-8269,1
How soon can I get it?,0
Do you have it in stock?,0
Contact me via Telegram: @fashionguru,1
What’s the price?,0
I’m interested in this item.,0
Do you have it in stock?,0
I’m interested in this item.,0
Let's connect on LinkedIn: linkedin.com/in/coolguy42,1
t e l : +1-320-461-4194,1
Where do you ship from?,0
Can you show more photos?,0
Here is my email: user6535@example.com,1
What’s the price?,0
What are the dimensions?,0
How soon can I get it?,0
Nice product!,0
get in touch @ user1138@example.com,1
Can you show more photos?,0
What are the dimensions?,0
How soon can I get it?,0
"My contact is 555-195-9917, call me.",1
Do you have it in stock?,0
What’s the price?,0
Does it come in other colors?,0
How soon can I get it?,0
Nice product!,0
How soon can I get it?,0
I’m interested in this item.,0
What are the dimensions?,0
I’m interested in this item.,0
What are the dimensions?,0
What are the dimensions?,0
Where do you ship from?,0
Do you have it in stock?,0
Nice product!,0
I’m interested in this item.,0
I’m interested in this item.,0
I’m interested in this item.,0
How soon can I get it?,0
This looks good.,0
get in touch @ user4304@example.com,1
Can you show more photos?,0
Can you show more photos?,0
wanna chat? +1-492-486-6697,1
What’s the price?,0
Where do you ship from?,0
Contact: +1-727-774-4371,1
Do you have it in stock?,0
fb.com/coolcat409,1
How soon can I get it?,0
Does it come in other colors?,0
What are the dimensions?,0
How soon can I get it?,0
get in touch @ user2155@example.com,1
My number is +1 527 519 6651,1
What are the dimensions?,0
Can you show more photos?,0
How soon can I get it?,0
How soon can I get it?,0
What are the dimensions?,0
Nice product!,0
This looks good.,0
What’s the price?,0
I’m interested in this item.,0
Hit me up on WhatsApp at 555-522-4730,1
Can you show more photos?,0
This looks good.,0
What’s the price?,0
Message me at user8700@example.com,1
Where do you ship from?,0
Follow me on Instagram @shop_owner and DM.,1
What are the dimensions?,0
Does it come in other colors?,0
What’s the price?,0
Email me at user3563@example.com,1
What’s the price?,0
Does it come in other colors?,0
What’s the price?,0
Where do you ship from?,0
Do you have it in stock?,0
What are the dimensions?,0
Do you have it in stock?,0
Hit me up on WhatsApp at +1-891-968-2084,1
I’m interested in this item.,0
What are the dimensions?,0
What are the dimensions?,0
How soon can I get it?,0
telegram: t dot me slash fashionista279,1
Do you have it in stock?,0
Add me on WhatsApp: +1 772 939 0674,1
Nice product!,0
Add me on Facebook (facebook.com/fashionguru),1
Can you show more photos?,0
Connect on LinkedIn (linkedin.com/in/fashionista281),1
Ping me on Telegram: @judy377,1
telegram: t dot me slash devguy31,1
"My contact is 555-851-1421, call me.",1
This looks good.,0
you can DM me at devguy812 on Insta,1
Where do you ship from?,0
Does it come in other colors?,0
I’m interested in this item.,0
I’m interested in this item.,0
This looks good.,0
How soon can I get it?,0
What are the dimensions?,0
This looks good.,0
What are the dimensions?,0
How soon can I get it?,0
What’s the price?,0
Can you show more photos?,0
How soon can I get it?,0
Can you show more photos?,0
I’m interested in this item.,0
Mail me: david35@mail.com,1
How soon can I get it?,0
Can you show more photos?,0
Can you show more photos?,0
Does it come in other colors?,0
my email id is user852@example.com,1
Nice product!,0
Can you show more photos?,0
Do you have it in stock?,0
Here's my email: user2457@example.com,1
Where do you ship from?,0
I’m interested in this item.,0
What are the dimensions?,0
Nice product!,0
Nice product!,0
What are the dimensions?,0
How soon can I get it?,0
My WeChat ID is john_doe,1
What are the dimensions?,0
Where do you ship from?,0
Can you show more photos?,0
How soon can I get it?,0
Nice product!,0
What’s the price?,0
What’s the price?,0
Do you have it in stock?,0
Where do you ship from?,0
What’s the price?,0
Can you show more photos?,0
Where do you ship from?,0
Nice product!,0
Contact via email: frank34@test.org,1
Add me on WhatsApp: 020-703-6789,1
I’m interested in this item.,0
Nice product!,0
How soon can I get it?,0
Add me on Facebook (facebook.com/coolguy42),1
Can you show more photos?,0
Where do you ship from?,0
Do you have it in stock?,0
Nice product!,0
Nice product!,0
I’m interested in this item.,0
What’s the price?,0
Message via email: bob45@email.net,1
Can you show more photos?,0
Call me at 8533962402,1
C a l l   m e :   ( 7 9 8 )   5 6 3 - 1 3 9 8,1
How soon can I get it?,0
Let's connect on LinkedIn: linkedin.com/in/fashioneer,1
This looks good.,0
Does it come in other colors?,0
What’s the price?,0
📱 +1-544-255-7471,1
What are the dimensions?,0
Can I have your email address?,1
What are the dimensions?,0
What are the dimensions?,0
Where do you ship from?,0
Where do you ship from?,0
How soon can I get it?,0
What are the dimensions?,0
Do you have it in stock?,0
How soon can I get it?,0
What are the dimensions?,0
Where do you ship from?,0
Where do you ship from?,0
Contact: +1-847-373-1252,1
Does it come in other colors?,0
What’s the price?,0
Does it come in other colors?,0
How soon can I get it?,0
Let's connect on LinkedIn: linkedin.com/in/fashioneer,1
Where do you ship from?,0
Does it come in other colors?,0
How soon can I get it?,0
How soon can I get it?,0
Nice product!,0
What are the dimensions?,0
You can reach me at 555-281-7637,1
Where do you ship from?,0
This looks good.,0
How soon can I get it?,0
I’m interested in this item.,0
I’m interested in this item.,0
DM me on Instagram @shopper99,1
Can you show more photos?,0
Reach me at (006) 361-2149,1
Where do you ship from?,0
This looks good.,0
Message me at user1609@example.com,1
I’m interested in this item.,0
C a l l   m e :   + 1   1 3 6   0 5 1   6 5 2 5,1
you can DM me at shopper785 on Insta,1
Nice product!,0
Do you have it in stock?,0
Nice product!,0
Nice product!,0
Can you show more photos?,0
What’s the price?,0
This looks good.,0
DM me on Instagram: @eve809,1
I’m interested in this item.,0
Nice product!,0
Add me on WhatsApp: 555-694-4216,1
Nice product!,0
What’s the price?,0
Nice product!,0
📧 user5363@example.com,1
How soon can I get it?,0
What’s the price?,0
This looks good.,0
Can you show more photos?,0
"Email is user3561@example.com, reach out anytime.",1
Follow me on Instagram @tech_lead and DM.,1
How soon can I get it?,0
This looks good.,0
What are the dimensions?,0
Does it come in other colors?,0
I’m interested in this item.,0
Nice product!,0
Email me at user8275@example.com,1
Can you show more photos?,0
How soon can I get it?,0
Hit me up on WhatsApp at 555-443-6281,1
Can you show more photos?,0
What are the dimensions?,0
Can you show more photos?,0
What’s the price?,0
What are the dimensions?,0
Where do you ship from?,0
This looks good.,0
Where do you ship from?,0
Where do you ship from?,0
Can you share your phone number so I can send you details?,1
Follow me on Instagram @fashioneer and DM.,1
Nice product!,0
This looks good.,0
Nice product!,0
What are the dimensions?,0
I’m interested in this item.,0
Nice product!,0
This looks good.,0
What are the dimensions?,0
I’m interested in this item.,0
Nice product!,0
How soon can I get it?,0
snap me at s-n-a-p fashionista866,1
How soon can I get it?,0
Does it come in other colors?,0
What are the dimensions?,0
Nice product!,0
Message via email: grace77@example.com,1
Hit me up on WhatsApp at +1-113-865-5902,1
Do you have it in stock?,0
What are the dimensions?,0
This looks good.,0
How soon can I get it?,0
Nice product!,0
Can you show more photos?,0
Message me on Snapchat: shopper99,1
Does it come in other colors?,0
What’s the price?,0
Nice product!,0
This looks good.,0
How soon can I get it?,0
This looks good.,0
What are the dimensions?,0
How soon can I get it?,0
Nice product!,0
Do you have it in stock?,0
Does it come in other colors?,0
DM me on Instagram @tech_lead,1
Nice product!,0
What’s the price?,0
Does it come in other colors?,0
Can I have your email address?,1
Email me at judy72@mail.com,1
Nice product!,0
Where do you ship from?,0
You can reach me at +1-838-141-9789,1
Nice product!,0
Does it come in other colors?,0
you can DM me at devguy118 on Insta,1
Can you show more photos?,0
I’m interested in this item.,0
Does it come in other colors?,0
Where do you ship from?,0
Nice product!,0
What’s the price?,0
Where do you ship from?,0
Nice product!,0
Can you show more photos?,0
Where do you ship from?,0
Does it come in other colors?,0
Twitter me at (880) 814-7223,1
f r a n k 3 0 @ e m a i l . n e t,1
I’m interested in this item.,0
Message me on Signal: 1575083982,1
What’s the price?,0
Can you show more photos?,0
Message me at user9852@example.com,1
What are the dimensions?,0
Do you have it in stock?,0
What’s the price?,0
What’s the price?,0
Does it come in other colors?,0
Do you have it in stock?,0
This looks good.,0
Nice product!,0
Message me on Snapchat: designer123,1
This looks good.,0
What’s the price?,0
What are the dimensions?,0
Mail me: bob66@mail.com,1
Where do you ship from?,0
What’s the price?,0
Where do you ship from?,0
Does it come in other colors?,0
Text me at +1-979-310-7826,1
Do you have it in stock?,0
t e l : +1-683-505-3619,1
What’s the price?,0
Where do you ship from?,0
Does it come in other colors?,0
This looks good.,0
Contact via email: ivan19@example.com,1
Send me a DM on Facebook: facebook.com/designer123,1
Can you show more photos?,0
I’m interested in this item.,0
Do you have it in stock?,0
Nice product!,0
How soon can I get it?,0
Do you have it in stock?,0
Can you show more photos?,0
What are the dimensions?,0
My Snapchat is david368,1
I’m interested in this item.,0
Can you show more photos?,0
Where do you ship from?,0
Does it come in other colors?,0
How soon can I get it?,0
Do you have it in stock?,0
WhatsApp me at 056-763-4933,1
Do you have it in stock?,0
I’m interested in this item.,0
Does it come in other colors?,0
Let's connect on LinkedIn: linkedin.com/in/fashionguru,1
Let's connect on LinkedIn: linkedin.com/in/jane.smith,1
What’s the price?,0
C o n t a c t :   + 1   8 0 3   4 6 3   2 2 8 4,1
Does it come in other colors?,0
Do you have it in stock?,0
Do you have it in stock?,0
How soon can I get it?,0
Does it come in other colors?,0
What’s the price?,0
Nice product!,0
What’s the price?,0
Nice product!,0
DM me on Facebook: facebook.com/fashionista561,1
Nice product!,0
What are the dimensions?,0
DM me on Instagram @fashioneer,1
Hit me up on WhatsApp at +1-196-921-7275,1
Where do you ship from?,0
I’m interested in this item.,0
My WeChat ID is designer123,1
I’m interested in this item.,0
Can you show more photos?,0
How soon can I get it?,0
I’m interested in this item.,0
Does it come in other colors?,0
Mail me: alice65@email.net,1
What are the dimensions?,0
Does it come in other colors?,0
Can you show more photos?,0
Nice product!,0
Does it come in other colors?,0
Do you have it in stock?,0
Can I have your email address?,1
What’s the price?,0
Snapchat me at (634) 834-6381,1
Hit me up on WhatsApp at 555-536-8435,1
Can you show more photos?,0
Add me on Facebook (facebook.com/fashionguru),1
Where do you ship from?,0
message me via g m a i l at user5806@example.com,1
Here is my email: user3509@example.com,1
What’s the price?,0
Where do you ship from?,0
What are the dimensions?,0
Nice product!,0
How soon can I get it?,0
Add me on WhatsApp: 1396724930,1
Message me on Snapchat: john_doe,1
How soon can I get it?,0
Do you have it in stock?,0
What are the dimensions?,0
What are the dimensions?,0
Email me at alice41@mail.com,1
Add me on WhatsApp: 555-120-8208,1
C o n t a c t :   ( 8 2 8 )   7 3 6 - 4 9 9 8,1
Does it come in other colors?,0
How soon can I get it?,0
message me via g m a i l at user2436@example.com,1
Where do you ship from?,0
This looks good.,0
Where do you ship from?,0
What’s the price?,0
What’s the price?,0
Does it come in other colors?,0
You can reach me at 555-814-7779,1
How soon can I get it?,0
Nice product!,0
Nice product!,0
Nice product!,0
Add me on WhatsApp: +1 886 105 3614,1
Do you have it in stock?,0
Can you show more photos?,0
This looks good.,0
What’s the price?,0
Find me on Facebook: https://facebook.com/bob197,1
Nice product!,0
Where do you ship from?,0
What are the dimensions?,0
Can you show more photos?,0
What are the dimensions?,0
Nice product!,0
snap me at s-n-a-p devguy152,1
Can you show more photos?,0
Can you show more photos?,0
Where do you ship from?,0
Does it come in other colors?,0
I’m interested in this item.,0
Does it come in other colors?,0
I’m interested in this item.,0
How soon can I get it?,0
Do you have it in stock?,0
This looks good.,0
I’m interested in this item.,0
What’s the price?,0
Where do you ship from?,0
Where do you ship from?,0
Nice product!,0
get in touch @ user8666@example.com,1
What are the dimensions?,0
Follow me on Instagram @shopper99 and DM.,1
Nice product!,0
Where do you ship from?,0
Does it come in other colors?,0
Does it come in other colors?,0
How soon can I get it?,0
Nice product!,0
c o n t a c t : +1-943-349-7949,1
What’s the price?,0
What’s the price?,0
This looks good.,0
What are the dimensions?,0
Text me at +1-662-121-5655,1
This looks good.,0
How soon can I get it?,0
I’m interested in this item.,0
Does it come in other colors?,0
This looks good.,0
Does it come in other colors?,0
Does it come in other colors?,0
Contact: +1-337-501-1062,1
What are the dimensions?,0
How soon can I get it?,0
How soon can I get it?,0
This looks good.,0
What are the dimensions?,0
Do you have it in stock?,0
Nice product!,0
How soon can I get it?,0
Let's connect on LinkedIn: https://linkedin.com/in/heidi670,1
Nice product!,0
This looks good.,0
What’s the price?,0
This looks good.,0
I’m interested in this item.,0
Let's connect on LinkedIn: linkedin.com/in/fashioneer,1
Can you show more photos?,0
my email id is user701@example.com,1
What’s the price?,0
Do you have it in stock?,0
Here's my email: user8984@example.com,1
Mail me: david45@mail.com,1
Can you show more photos?,0
Where do you ship from?,0
I’m interested in this item.,0
This looks good.,0
Nice product!,0
What’s the price?,0
Email me at user5308@example.com,1
How soon can I get it?,0
My WeChat ID is designer123,1
Text me at (410) 419-4089,1
Where do you ship from?,0
What’s the price?,0
Where do you ship from?,0
C a l l   m e :   + 1   4 7 3   9 2 2   0 4 7 0,1
C a l l   m e :   ( 0 3 9 )   1 3 3 - 2 0 1 0,1
I’m interested in this item.,0
Does it come in other colors?,0
What’s the price?,0
Where do you ship from?,0
Where do you ship from?,0
Does it come in other colors?,0
Nice product!,0
What’s the price?,0
What’s the price?,0
Text me at 555-797-9085 for more info.,1
Let's connect on LinkedIn: https://linkedin.com/in/judy510,1
What’s the price?,0
Contact me via Telegram: @tech_lead,1
I’m interested in this item.,0
Nice product!,0
Can you show more photos?,0
Does it come in other colors?,0
Reach me at 693-867-2470,1
What are the dimensions?,0
Can you show more photos?,0
How soon can I get it?,0
Does it come in other colors?,0
How soon can I get it?,0
Where do you ship from?,0
Where do you ship from?,0
How soon can I get it?,0
What’s the price?,0
Nice product!,0
My number is 6633625243,1
What are the dimensions?,0
message me via g m a i l at user4290@example.com,1
This looks good.,0
Nice product!,0
How soon can I get it?,0
Can you show more photos?,0
Does it come in other colors?,0
Nice product!,0
This looks good.,0
Does it come in other colors?,0
Connect on LinkedIn (linkedin.com/in/shopper252),1
Please email me at user1524@example.com,1
I’m interested in this item.,0
Nice product!,0
This looks good.,0
Where do you ship from?,0
Do you have it in stock?,0
What are the dimensions?,0
This looks good.,0
Nice product!,0
Does it come in other colors?,0
Where do you ship from?,0
I’m interested in this item.,0
Do you have it in stock?,0
I’m interested in this item.,0
Where do you ship from?,0
This looks good.,0
What’s the price?,0
Where do you ship from?,0
What’s the price?,0
Connect on LinkedIn (linkedin.com/in/shop_owner),1
What’s the price?,0
WhatsApp me at +1-555-925-1077,1
Follow me on Twitter: @frank876,1
I’m interested in this item.,0
This looks good.,0
This looks good.,0
How soon can I get it?,0
Where do you ship from?,0
What’s the price?,0
I’m interested in this item.,0
Does it come in other colors?,0
DM me on Instagram @shop_owner,1
Do you have it in stock?,0
Does it come in other colors?,0
Do you have it in stock?,0
I’m interested in this item.,0
This looks good.,0
Nice product!,0
What are the dimensions?,0
Find me on Facebook: https://facebook.com/eve422,1
What’s the price?,0
Where do you ship from?,0
Can you show more photos?,0
Do you have it in stock?,0
How soon can I get it?,0
Where do you ship from?,0
I’m interested in this item.,0
What are the dimensions?,0
What are the dimensions?,0
Can you show more photos?,0
Can you show more photos?,0
Follow me on Instagram @best_pizza and DM.,1
I’m interested in this item.,0
Does it come in other colors?,0
Can you show more photos?,0
Where do you ship from?,0
Email me at judy59@example.com,1
This looks good.,0
Snapchat me @ devguy121,1
Can you show more photos?,0
Where do you ship from?,0
Do you have it in stock?,0
What’s the price?,0
How soon can I get it?,0
Does it come in other colors?,0
Do you have it in stock?,0
This looks good.,0
snap me at s-n-a-p shopper115,1
What are the dimensions?,0
Can you show more photos?,0
What are the dimensions?,0
What’s the price?,0
Message me at user2677@example.com,1
Do you have it in stock?,0
Where do you ship from?,0
Does it come in other colors?,0
Nice product!,0
Nice product!,0
What are the dimensions?,0
Find me on Facebook: https://facebook.com/judy803,1
Do you have it in stock?,0
Let's connect on LinkedIn: https://linkedin.com/in/david93,1
Nice product!,0
Can you show more photos?,0
Follow me on Twitter: @eve432,1
This looks good.,0
How soon can I get it?,0
How soon can I get it?,0
Find me on Facebook: https://facebook.com/heidi860,1
Do you have it in stock?,0
How soon can I get it?,0
I’m interested in this item.,0
my email id is user9347@example.com,1
Can you show more photos?,0
Does it come in other colors?,0
I’m interested in this item.,0
This looks good.,0
you can DM me at coolcat933 on Insta,1
Does it come in other colors?,0
This looks good.,0
Does it come in other colors?,0
What are the dimensions?,0
Can you show more photos?,0
What’s the price?,0
What are the dimensions?,0
Do you have it in stock?,0
c   o   n   t   a   c   t   m   e   + 1   5 8 8   6 3 8   1 7 4 6,1
This looks good.,0
What’s the price?,0
Reach out on WhatsApp at +1-595-640-4932,1
fb.com/coolcat235,1
I’m interested in this item.,0
Please email me at user8163@example.com,1
This looks good.,0
What are the dimensions?,0
What’s the price?,0
I’m interested in this item.,0
How soon can I get it?,0
"Email is user5598@example.com, reach out anytime.",1
Can you share your phone number so I can send you details?,1
Can you show more photos?,0
What’s the price?,0
Do you have it in stock?,0
Do you have it in stock?,0
What are the dimensions?,0
What are the dimensions?,0
Contact me via Telegram: @designer123,1
Find me on Facebook: https://facebook.com/grace136,1
What are the dimensions?,0
Nice product!,0
What are the dimensions?,0
Text me at 555-455-2546 for more info.,1
Do you have it in stock?,0
What’s the price?,0
t e l : +1-170-194-9239,1
Does it come in other colors?,0
c   o   n   t   a   c   t   m   e   ( 3 9 3 )   7 1 1 - 5 1 4 6,1
DM me on Instagram @coolguy42,1
What are the dimensions?,0
Nice product!,0
How soon can I get it?,0
This looks good.,0
Can you show more photos?,0
Where do you ship from?,0
TikTok me at 3614049327,1
"My contact is 555-112-5807, call me.",1
This looks good.,0
Do you have it in stock?,0
Please email me at user2159@example.com,1
Nice product!,0
What’s the price?,0
find me at user3789@example.com 😉,1
How soon can I get it?,0
What are the dimensions?,0
Nice product!,0
Does it come in other colors?,0
Nice product!,0
Nice product!,0
Do you have it in stock?,0
Can you show more photos?,0
Do you have it in stock?,0
Do you have it in stock?,0
Does it come in other colors?,0
This looks good.,0
Follow me on Instagram @designer123 and DM.,1
Do you have it in stock?,0
"My contact is 555-635-1843, call me.",1
Contact: +1-865-770-2344,1
What’s the price?,0
wanna chat? +1-201-730-9260,1
Do you have it in stock?,0
I’m interested in this item.,0
Can you show more photos?,0
Where do you ship from?,0
I’m interested in this item.,0
Let's connect on LinkedIn: linkedin.com/in/shopper99,1
What’s the price?,0
Do you have it in stock?,0
Nice product!,0
I’m interested in this item.,0
What’s the price?,0
Does it come in other colors?,0
How soon can I get it?,0
Message via email: judy34@example.com,1
This looks good.,0
Does it come in other colors?,0
What’s the price?,0
Nice product!,0
"My contact is 555-470-8530, call me.",1
Can you show more photos?,0
Do you have it in stock?,0
How soon can I get it?,0
Message me at user8388@example.com,1
Send me a DM on Facebook: facebook.com/best_pizza,1
Where do you ship from?,0
Nice product!,0
"My contact is 555-640-1212, call me.",1
Can you show more photos?,0
My WeChat ID is jane.smith,1
Do you have it in stock?,0
Do you have it in stock?,0
Nice product!,0
What are the dimensions?,0
Does it come in other colors?,0
📧 user2606@example.com,1
What are the dimensions?,0
📧 user9486@example.com,1
How soon can I get it?,0
I’m interested in this item.,0
I’m interested in this item.,0
What are the dimensions?,0
Email me at heidi38@email.net,1
DM me on Instagram @john_doe,1
Can you show more photos?,0
How soon can I get it?,0
I’m interested in this item.,0
Do you have it in stock?,0
Nice product!,0
t e l : +1-308-495-9293,1
How soon can I get it?,0
Here is my email: user6847@example.com,1
What are the dimensions?,0
Do you have it in stock?,0
How soon can I get it?,0
Do you have it in stock?,0
How soon can I get it?,0
What are the dimensions?,0
Do you have it in stock?,0
Can you show more photos?,0
This looks good.,0
This looks good.,0
Does it come in other colors?,0
C o n t a c t :   5 7 0 - 8 5 8 - 7 2 9 3,1
Can I have your email address?,1
What’s the price?,0
This looks good.,0
What are the dimensions?,0
You can reach me at 555-459-9414,1
c   o   n   t   a   c   t   m   e   1 1 4 - 4 2 0 - 0 7 9 7,1
Can you show more photos?,0
This looks good.,0
Snapchat me @ shopper971,1
This looks good.,0
Does it come in other colors?,0
Can you show more photos?,0
Does it come in other colors?,0
Email me at eve72@example.com,1
This looks good.,0
What are the dimensions?,0
What are the dimensions?,0
What’s the price?,0
What’s the price?,0
Hit me up on WhatsApp at +1-854-589-9036,1
What are the dimensions?,0
This looks good.,0
Do you have it in stock?,0
Do you have it in stock?,0
I’m interested in this item.,0
I’m interested in this item.,0
Does it come in other colors?,0
What are the dimensions?,0
Do you have it in stock?,0
Follow me on Twitter: @eve658,1
This looks good.,0
This looks good.,0
Do you have it in stock?,0
What’s the price?,0
Can you show more photos?,0
Nice product!,0
What are the dimensions?,0
Do you have it in stock?,0
I’m interested in this item.,0
How soon can I get it?,0
Text me at 4133132484,1
Nice product!,0
Does it come in other colors?,0
Does it come in other colors?,0
I’m interested in this item.,0
Does it come in other colors?,0
Nice product!,0
my digits: +1-304-959-4270,1
Nice product!,0
Do you have it in stock?,0
This looks good.,0
How soon can I get it?,0
What are the dimensions?,0
This looks good.,0
This looks good.,0
Where do you ship from?,0
This looks good.,0
Does it come in other colors?,0
What are the dimensions?,0
Nice product!,0
Where do you ship from?,0
What’s the price?,0
Nice product!,0
This looks good.,0
e m a i l m e @ user2839@example.com,1
Can you show more photos?,0
What’s the price?,0
Does it come in other colors?,0
Nice product!,0
How soon can I get it?,0
You can reach me at 555-739-5505,1
Do you have it in stock?,0
Do you have it in stock?,0
Where do you ship from?,0
Add me on WhatsApp: 555-343-3928,1
Nice product!,0
Can you show more photos?,0
"My contact is 555-962-8798, call me.",1
Nice product!,0
Where do you ship from?,0
Does it come in other colors?,0
a l i c e 5 4 @ e x a m p l e . c o m,1
Reach me at (012) 567-3976,1
I’m interested in this item.,0
I’m interested in this item.,0
Can you show more photos?,0
Nice product!,0
Nice product!,0
How soon can I get it?,0
I’m interested in this item.,0
Nice product!,0
Follow me on Instagram @shopper99 and DM.,1
Do you have it in stock?,0
What are the dimensions?,0
Contact me via Telegram: @tech_lead,1
What are the dimensions?,0
Nice product!,0
What’s the price?,0
Ping me on Telegram: @heidi439,1
Can I have your email address?,1
What are the dimensions?,0
Where do you ship from?,0
What’s the price?,0
Where do you ship from?,0
Add me on WhatsApp: 330-614-7171,1
Nice product!,0
Can you show more photos?,0
Where do you ship from?,0
What’s the price?,0
My number is (255) 669-4911,1
I’m interested in this item.,0
Let's connect on LinkedIn: https://linkedin.com/in/ivan545,1
I’m interested in this item.,0
Here is my email: user9084@example.com,1
Do you have it in stock?,0
Does it come in other colors?,0
How soon can I get it?,0
How soon can I get it?,0
Can you show more photos?,0
Can you show more photos?,0
message me via g m a i l at user5772@example.com,1
What’s the price?,0
What are the dimensions?,0
Where do you ship from?,0
Do you have it in stock?,0
Text me at 555-958-6267 for more info.,1
What are the dimensions?,0
What’s the price?,0
Does it come in other colors?,0
What’s the price?,0
Can you show more photos?,0
What are the dimensions?,0
Nice product!,0
I’m interested in this item.,0
How soon can I get it?,0
What’s the price?,0
Let's connect on LinkedIn: linkedin.com/in/john_doe,1
Nice product!,0
I’m interested in this item.,0
WhatsApp me at +1-555-228-5748,1
Does it come in other colors?,0
This looks good.,0
"My contact is 555-805-2287, call me.",1
What are the dimensions?,0
"Email is user6297@example.com, reach out anytime.",1
Follow me on Instagram @jane.smith and DM.,1
How soon can I get it?,0
Please email me at user8974@example.com,1
How soon can I get it?,0
Does it come in other colors?,0
Can you show more photos?,0
Can I have your email address?,1
snap me at s-n-a-p coolcat373,1
I’m interested in this item.,0
Reach me at (586) 575-9592,1
This looks good.,0
I’m interested in this item.,0
Does it come in other colors?,0
What are the dimensions?,0
Do you have it in stock?,0
I’m interested in this item.,0
Find me on Facebook: https://facebook.com/grace933,1
I’m interested in this item.,0
Does it come in other colors?,0
You can reach me at 555-336-8846,1
Where do you ship from?,0
Here is my email: user7944@example.com,1
Do you have it in stock?,0
Do you have it in stock?,0
find me at user2959@example.com 😉,1
Do you have it in stock?,0
C a l l   m e :   + 1   4 9 2   3 6 6   5 2 3 5,1
How soon can I get it?,0
What’s the price?,0
c h a r l i e 3 7 @ e x a m p l e . c o m,1
Does it come in other colors?,0
Mail me: grace12@example.com,1
📧 user9314@example.com,1
What’s the price?,0
Does it come in other colors?,0
This looks good.,0
This looks good.,0
Can you show more photos?,0
Do you have it in stock?,0
I’m interested in this item.,0
How soon can I get it?,0
Nice product!,0
Does it come in other colors?,0
What are the dimensions?,0
Find me on Facebook: https://facebook.com/grace692,1
What are the dimensions?,0
This looks good.,0
My Snapchat is heidi99,1
This looks good.,0
Can you show more photos?,0
Where do you ship from?,0
you can DM me at fashionista657 on Insta,1
What’s the price?,0
Contact via email: alice12@example.com,1
How soon can I get it?,0
"Email is user7179@example.com, reach out anytime.",1
I’m interested in this item.,0
How soon can I get it?,0
What are the dimensions?,0
Nice product!,0
DM me on Instagram: @david515,1
Do you have it in stock?,0
fb.com/fashionista784,1
Where do you ship from?,0
This looks good.,0
This looks good.,0
Do you have it in stock?,0
Nice product!,0
Where do you ship from?,0
You can reach me at 555-166-4476,1
Do you have it in stock?,0
Nice product!,0
How soon can I get it?,0
What are the dimensions?,0
Can you show more photos?,0
Can you show more photos?,0
What are the dimensions?,0
Mail me: bob55@mail.com,1
Nice product!,0
What’s the price?,0
Where do you ship from?,0
WhatsApp me at +1-555-964-4234,1
I’m interested in this item.,0
What’s the price?,0
Does it come in other colors?,0
This looks good.,0
Do you have it in stock?,0
How soon can I get it?,0
Does it come in other colors?,0
This looks good.,0
What are the dimensions?,0
Does it come in other colors?,0
t e l : +1-121-511-4126,1
My WeChat ID is shopper99,1
What are the dimensions?,0
My WeChat ID is jane.smith,1
I’m interested in this item.,0
"My contact is 555-641-8784, call me.",1
Do you have it in stock?,0
Nice product!,0
Can you show more photos?,0
What are the dimensions?,0
You can reach me at 555-304-6044,1
Can you show more photos?,0
What are the dimensions?,0
This looks good.,0
Does it come in other colors?,0
I’m interested in this item.,0
Where do you ship from?,0
C o n t a c t :   ( 7 5 7 )   8 2 4 - 4 8 6 6,1
I’m interested in this item.,0
I’m interested in this item.,0
Do you have it in stock?,0
Do you have it in stock?,0
WhatsApp me at (795) 052-2205,1
You can reach me at 555-647-8827,1
How soon can I get it?,0
Here's my email: user2283@example.com,1
Nice product!,0
Where do you ship from?,0
Find me on Facebook: https://facebook.com/heidi515,1
I’m interested in this item.,0
I’m interested in this item.,0
My WeChat ID is tech_lead,1
find me at user4974@example.com 😉,1
Can I have your email address?,1
What’s the price?,0
Where do you ship from?,0
This looks good.,0
telegram: t dot me slash coolcat853,1
Nice product!,0
Do you have it in stock?,0
DM me on Instagram: @heidi66,1
Can you share your phone number so I can send you details?,1
I’m interested in this item.,0
What’s the price?,0
find me at user6840@example.com 😉,1
This looks good.,0
This looks good.,0
Does it come in other colors?,0
I’m interested in this item.,0
How soon can I get it?,0
What’s the price?,0
Does it come in other colors?,0
What are the dimensions?,0
How soon can I get it?,0
t e l : +1-100-816-7777,1
Nice product!,0
What’s the price?,0
Nice product!,0
How soon can I get it?,0
I’m interested in this item.,0
What’s the price?,0
How soon can I get it?,0
you can DM me at coolcat842 on Insta,1
hmu @ fashionista853,1
Contact me via Telegram: @tech_lead,1
How soon can I get it?,0
Nice product!,0
Where do you ship from?,0
What are the dimensions?,0
How soon can I get it?,0
LinkedIn me at 4314203227,1
This looks good.,0
What’s the price?,0
Do you have it in stock?,0
message me via g m a i l at user2351@example.com,1
Add me on WhatsApp: (964) 301-1542,1
I’m interested in this item.,0
DM me on Instagram @designer123,1
Does it come in other colors?,0
Where do you ship from?,0
Where do you ship from?,0
Can you show more photos?,0
Text me at 555-885-5352 for more info.,1
I’m interested in this item.,0
Does it come in other colors?,0
t e l : +1-363-465-5742,1
Nice product!,0
Does it come in other colors?,0
Can you show more photos?,0
I’m interested in this item.,0
Can you show more photos?,0
Where do you ship from?,0
Does it come in other colors?,0
I’m interested in this item.,0
This looks good.,0
What’s the price?,0
What’s the price?,0
What’s the price?,0
Can you show more photos?,0
DM me on Facebook: facebook.com/shopper514,1
What are the dimensions?,0
Nice product!,0
How soon can I get it?,0
Does it come in other colors?,0
snap me at s-n-a-p fashionista540,1
Does it come in other colors?,0
What are the dimensions?,0
Nice product!,0
Does it come in other colors?,0
I’m interested in this item.,0
Where do you ship from?,0
What’s the price?,0
This looks good.,0
Email me at user5701@example.com,1
Nice product!,0
Do you have it in stock?,0
How soon can I get it?,0
find me at user7009@example.com 😉,1
I’m interested in this item.,0
Where do you ship from?,0
What are the dimensions?,0
Reach me at (793) 708-3661,1
How soon can I get it?,0
Can you show more photos?,0
Message via email: charlie60@mail.com,1
What’s the price?,0
This looks good.,0
Nice product!,0
Does it come in other colors?,0
Nice product!,0
How soon can I get it?,0
I’m interested in this item.,0
Message via email: ivan19@example.com,1
Text me at +1-259-562-9427,1
Can you show more photos?,0
What’s the price?,0
What are the dimensions?,0
What’s the price?,0
Does it come in other colors?,0
How soon can I get it?,0
Do you have it in stock?,0
What’s the price?,0
My TikTok: @frank49,1
What are the dimensions?,0
This looks good.,0
This looks good.,0
What’s the price?,0
message me via g m a i l at user1240@example.com,1
Where do you ship from?,0
This looks good.,0
Nice product!,0
Contact: +1-341-910-4145,1
What’s the price?,0
This looks good.,0
Add me on WhatsApp: 5221759505,1
What’s the price?,0
Does it come in other colors?,0
How soon can I get it?,0
What are the dimensions?,0
Snapchat me @ fashionista28,1
Nice product!,0
Email me at heidi75@example.com,1
How soon can I get it?,0
What’s the price?,0
Message me on Snapchat: fashionguru,1
This looks good.,0
This looks good.,0
Find me on Facebook: https://facebook.com/grace38,1
This looks good.,0
My Snapchat is judy342,1
Does it come in other colors?,0
What are the dimensions?,0
Where do you ship from?,0
This looks good.,0
Does it come in other colors?,0
What are the dimensions?,0
I’m interested in this item.,0
Where do you ship from?,0
Do you have it in stock?,0
I’m interested in this item.,0
What are the dimensions?,0
This looks good.,0
Nice product!,0
Where do you ship from?,0
Where do you ship from?,0
Can you show more photos?,0
Can I have your email address?,1
Nice product!,0
Where do you ship from?,0
Can you share your phone number so I can send you details?,1
Nice product!,0
How soon can I get it?,0
Where do you ship from?,0
Where do you ship from?,0
Add me on WhatsApp: 555-588-1461,1
What are the dimensions?,0
Where do you ship from?,0
wanna chat? +1-825-405-6171,1
What are the dimensions?,0
Do you have it in stock?,0
What are the dimensions?,0
Do you have it in stock?,0
Email me at user4929@example.com,1
Hit me up on WhatsApp at 555-147-1037,1
wanna chat? +1-277-136-1302,1
I’m interested in this item.,0
What’s the price?,0
What’s the price?,0
DM me on Instagram @tech_lead,1
Do you have it in stock?,0
What’s the price?,0
Do you have it in stock?,0
Does it come in other colors?,0
Nice product!,0
Does it come in other colors?,0
This looks good.,0
Snapchat me @ shopper142,1
Nice product!,0
This looks good.,0
What are the dimensions?,0
What’s the price?,0
reach at t w o o o @example.com,1
Do you have it in stock?,0
Nice product!,0
What’s the price?,0
Does it come in other colors?,0
What are the dimensions?,0
What are the dimensions?,0
I’m interested in this item.,0
Do you have it in stock?,0
Do you have it in stock?,0
What’s the price?,0
This looks good.,0
hmu @ shopper381,1
Can you show more photos?,0
Can you show more photos?,0
Let's connect on LinkedIn: https://linkedin.com/in/charlie913,1
This looks good.,0
What’s the price?,0
Text me at 555-837-5393 for more info.,1
Where do you ship from?,0
Where do you ship from?,0
Nice product!,0
My Snapchat is david390,1
Do you have it in stock?,0
How soon can I get it?,0
Where do you ship from?,0
Does it come in other colors?,0
Where do you ship from?,0
My Snapchat is david283,1
Do you have it in stock?,0
I’m interested in this item.,0
Do you have it in stock?,0
Connect on LinkedIn (linkedin.com/in/fashionguru),1
Can you show more photos?,0
Do you have it in stock?,0
Do you have it in stock?,0
t e l : +1-106-128-4416,1
Does it come in other colors?,0
Add me on WhatsApp: (201) 979-4471,1
What are the dimensions?,0
How soon can I get it?,0
Does it come in other colors?,0
This looks good.,0
Can I have your email address?,1
What’s the price?,0
Do you have it in stock?,0
Nice product!,0
How soon can I get it?,0
Where do you ship from?,0
Nice product!,0
Where do you ship from?,0
This looks good.,0
What are the dimensions?,0
What’s the price?,0
Nice product!,0
What are the dimensions?,0
This looks good.,0
This looks good.,0
Nice product!,0
get in touch @ user5303@example.com,1
Does it come in other colors?,0
Can you show more photos?,0
This looks good.,0
C o n t a c t :   9 8 4 3 1 8 5 3 6 1,1
How soon can I get it?,0
Email me at david81@test.org,1
Contact me via Telegram: @shopper99,1
DM me on Instagram @coolguy42,1
Nice product!,0
Do you have it in stock?,0
How soon can I get it?,0
Can you show more photos?,0
What are the dimensions?,0
Where do you ship from?,0
What are the dimensions?,0
Does it come in other colors?,0
What’s the price?,0
Where do you ship from?,0
Where do you ship from?,0
I’m interested in this item.,0
How soon can I get it?,0
This looks good.,0
Where do you ship from?,0
This looks good.,0
This looks good.,0
What are the dimensions?,0
Does it come in other colors?,0
Where do you ship from?,0
Does it come in other colors?,0
Contact me on Skype: eve455,1
Does it come in other colors?,0
telegram: t dot me slash coolcat638,1
snap me at s-n-a-p devguy140,1
g r a c e 4 0 @ t e s t . o r g,1
Can you show more photos?,0
What are the dimensions?,0
I’m interested in this item.,0
I’m interested in this item.,0
This looks good.,0
Please email me at user4287@example.com,1
Do you have it in stock?,0
Connect on LinkedIn (linkedin.com/in/john_doe),1
I’m interested in this item.,0
Ping me on Telegram: @bob726,1
What are the dimensions?,0
This looks good.,0
Contact: +1-955-910-5366,1
Nice product!,0
What’s the price?,0
Where do you ship from?,0
Let's connect on LinkedIn: https://linkedin.com/in/ivan715,1
What are the dimensions?,0
I’m interested in this item.,0
This looks good.,0
This looks good.,0
This looks good.,0
How soon can I get it?,0
Can you show more photos?,0
What are the dimensions?,0
Contact via email: heidi18@test.org,1
How soon can I get it?,0
Where do you ship from?,0
How soon can I get it?,0
Do you have it in stock?,0
Follow me on Twitter: @david814,1
Where do you ship from?,0
Does it come in other colors?,0
What’s the price?,0
you can DM me at devguy166 on Insta,1
I’m interested in this item.,0
you can DM me at shopper16 on Insta,1
How soon can I get it?,0
Where do you ship from?,0
Does it come in other colors?,0
Can you show more photos?,0
How soon can I get it?,0
Do you have it in stock?,0
How soon can I get it?,0
What’s the price?,0
Nice product!,0
Contact: +1-962-130-6487,1
Where do you ship from?,0
What’s the price?,0
How soon can I get it?,0
Does it come in other colors?,0
Nice product!,0
What are the dimensions?,0
Do you have it in stock?,0
What are the dimensions?,0
Does it come in other colors?,0
How soon can I get it?,0
How soon can I get it?,0
What’s the price?,0
Do you have it in stock?,0
Does it come in other colors?,0
What’s the price?,0
Do you have it in stock?,0
I’m interested in this item.,0
Contact via email: heidi36@mail.com,1
How soon can I get it?,0
Can you show more photos?,0
This looks good.,0
What’s the price?,0
What’s the price?,0
Can you show more photos?,0
My Snapchat is grace210,1
This looks good.,0
Message via email: frank12@email.net,1
Hit me up on WhatsApp at 555-956-4655,1
Nice product!,0
Nice product!,0
How soon can I get it?,0
Snapchat me @ shopper405,1
I’m interested in this item.,0
I’m interested in this item.,0
Nice product!,0
Follow me on Instagram @shop_owner and DM.,1
"Email is user6056@example.com, reach out anytime.",1
Where do you ship from?,0
What’s the price?,0
This looks good.,0
How soon can I get it?,0
What’s the price?,0
Do you have it in stock?,0
Where do you ship from?,0
Do you have it in stock?,0
This looks good.,0
What are the dimensions?,0
DM me on Instagram @shop_owner,1
Message via email: judy35@mail.com,1
"Email is user1554@example.com, reach out anytime.",1
This looks good.,0
Does it come in other colors?,0
I’m interested in this item.,0
What are the dimensions?,0
telegram: t dot me slash fashionista744,1
Where do you ship from?,0
📱 +1-379-827-5329,1
Does it come in other colors?,0
How soon can I get it?,0
What are the dimensions?,0
c o n t a c t : +1-101-529-6483,1
Do you have it in stock?,0
Text me at 555-289-1223 for more info.,1
What’s the price?,0
telegram: t dot me slash coolcat747,1
What’s the price?,0
Do you have it in stock?,0
Can you show more photos?,0
Can you show more photos?,0
DM me on Instagram: @charlie220,1
Where do you ship from?,0
📧 user167@example.com,1
What are the dimensions?,0
Here is my email: user5203@example.com,1
How soon can I get it?,0
Does it come in other colors?,0
What’s the price?,0
Does it come in other colors?,0
What are the dimensions?,0
Where do you ship from?,0
Follow me on Instagram @fashioneer and DM.,1
I’m interested in this item.,0
How soon can I get it?,0
How soon can I get it?,0
Contact via email: grace23@example.com,1
This looks good.,0
This looks good.,0
I’m interested in this item.,0
Nice product!,0
WhatsApp me at +1-555-127-9931,1
Does it come in other colors?,0
Do you have it in stock?,0
I’m interested in this item.,0
Message me on Snapchat: fashioneer,1
Message me on Snapchat: coolguy42,1
What’s the price?,0
My Snapchat is ivan810,1
What are the dimensions?,0
c o n t a c t : +1-476-226-1659,1
Where do you ship from?,0
Where do you ship from?,0
Does it come in other colors?,0
Do you have it in stock?,0
Do you have it in stock?,0
Can you show more photos?,0
Nice product!,0
How soon can I get it?,0
Does it come in other colors?,0
Reach out on WhatsApp at +1-292-710-8445,1
I’m interested in this item.,0
Does it come in other colors?,0
Do you have it in stock?,0
Where do you ship from?,0
What’s the price?,0
This looks good.,0
How soon can I get it?,0
Nice product!,0
What’s the price?,0
Does it come in other colors?,0
Do you have it in stock?,0
This looks good.,0
Nice product!,0
I’m interested in this item.,0
Snapchat me @ shopper301,1
Nice product!,0
Where do you ship from?,0
Does it come in other colors?,0
I’m interested in this item.,0
This looks good.,0
I’m interested in this item.,0
Contact me on Skype: david330,1
reach at t w o o o @example.com,1
Where do you ship from?,0
I’m interested in this item.,0
DM me on Facebook: facebook.com/fashionista878,1
Let's connect on LinkedIn: linkedin.com/in/fashioneer,1
What’s the price?,0
Let's connect on LinkedIn: linkedin.com/in/shop_owner,1
Nice product!,0
How soon can I get it?,0
You can reach me at 555-391-2777,1
Do you have it in stock?,0
Do you have it in stock?,0
This looks good.,0
Do you have it in stock?,0
I’m interested in this item.,0
Add me on Facebook (facebook.com/fashioneer),1
This looks good.,0
What’s the price?,0
Nice product!,0
What are the dimensions?,0
Call me at +1 569 459 7688,1
Do you have it in stock?,0
telegram: t dot me slash shopper150,1
This looks good.,0
Email me at user7063@example.com,1
What are the dimensions?,0
Hit me up on WhatsApp at 555-703-2699,1
Nice product!,0
Does it come in other colors?,0
Hit me up on WhatsApp at +1-796-421-4033,1
My Snapchat is grace46,1
Does it come in other colors?,0
What’s the price?,0
Mail me: frank51@test.org,1
I’m interested in this item.,0
Contact: +1-364-352-2650,1
What are the dimensions?,0
I’m interested in this item.,0
What’s the price?,0
Where do you ship from?,0
message me via g m a i l at user3774@example.com,1
Follow me on Twitter: @david847,1
Can you show more photos?,0
Add me on Facebook (facebook.com/best_pizza),1
How soon can I get it?,0
Nice product!,0
What are the dimensions?,0
What are the dimensions?,0
My TikTok: @grace814,1
Do you have it in stock?,0
Call me at +1 048 610 7291,1
How soon can I get it?,0
Text me at 555-780-1695 for more info.,1
What’s the price?,0
I’m interested in this item.,0
Nice product!,0
This looks good.,0
Reach out on WhatsApp at +1-216-500-9868,1
Does it come in other colors?,0
What are the dimensions?,0
Does it come in other colors?,0
Where do you ship from?,0
What’s the price?,0
How soon can I get it?,0
Can you show more photos?,0
You can reach me at 555-648-9424,1
What’s the price?,0
Nice product!,0
How soon can I get it?,0
What are the dimensions?,0
Nice product!,0
I’m interested in this item.,0
Do you have it in stock?,0
Do you have it in stock?,0
I’m interested in this item.,0
Where do you ship from?,0
Do you have it in stock?,0
Nice product!,0
Can you show more photos?,0
Nice product!,0
I’m interested in this item.,0
my email id is user191@example.com,1
Snapchat me @ coolcat335,1
What are the dimensions?,0
Can you show more photos?,0
Do you have it in stock?,0
How soon can I get it?,0
get in touch @ user730@example.com,1
Nice product!,0
Nice product!,0
Where do you ship from?,0
My Snapchat is heidi644,1
How soon can I get it?,0
Nice product!,0
Nice product!,0
DM me on Facebook: facebook.com/coolcat571,1
Can you show more photos?,0
Where do you ship from?,0
How soon can I get it?,0
Does it come in other colors?,0
Where do you ship from?,0
Do you have it in stock?,0
Does it come in other colors?,0
How soon can I get it?,0
Can you show more photos?,0
What’s the price?,0
Do you have it in stock?,0
How soon can I get it?,0
Can you show more photos?,0
I’m interested in this item.,0
How soon can I get it?,0
t e l : +1-659-708-7616,1
Do you have it in stock?,0
Where do you ship from?,0
Follow me on Twitter: @charlie33,1
Does it come in other colors?,0
I’m interested in this item.,0
What’s the price?,0
Does it come in other colors?,0
reach at t w o o o @example.com,1
Does it come in other colors?,0
Can you show more photos?,0
What’s the price?,0
Nice product!,0
Add me on Facebook (facebook.com/coolguy42),1
Can you show more photos?,0
How soon can I get it?,0
Contact via email: david31@mail.com,1
Does it come in other colors?,0
My TikTok: @grace876,1
What are the dimensions?,0
What are the dimensions?,0
What are the dimensions?,0
What’s the price?,0
How soon can I get it?,0
hmu @ shopper292,1
Connect on LinkedIn (linkedin.com/in/john_doe),1
How soon can I get it?,0
Does it come in other colors?,0
This looks good.,0
What’s the price?,0
This looks good.,0
Nice product!,0
I’m interested in this item.,0
Do you have it in stock?,0
Where do you ship from?,0
What are the dimensions?,0
Find me on Facebook: https://facebook.com/frank293,1
I’m interested in this item.,0
How soon can I get it?,0
Where do you ship from?,0
Send me a DM on Facebook: facebook.com/designer123,1
This looks good.,0
I’m interested in this item.,0
What are the dimensions?,0
What’s the price?,0
What’s the price?,0
Do you have it in stock?,0
I’m interested in this item.,0
I’m interested in this item.,0
Message me on Snapchat: shopper99,1
Can you show more photos?,0
This looks good.,0
Do you have it in stock?,0
How soon can I get it?,0
Text me at (086) 442-5579,1
Nice product!,0
Reach out on WhatsApp at +1-724-373-5559,1
I’m interested in this item.,0
This looks good.,0
This looks good.,0
What’s the price?,0
Signal me at +1 240 777 5087,1
I’m interested in this item.,0
Does it come in other colors?,0
Can you show more photos?,0
I’m interested in this item.,0
I’m interested in this item.,0
This looks good.,0
How soon can I get it?,0
How soon can I get it?,0
What’s the price?,0
Can you show more photos?,0
I’m interested in this item.,0
This looks good.,0
c   o   n   t   a   c   t   m   e   + 1   9 6 7   9 7 6   0 6 3 4,1
Can you show more photos?,0
Do you have it in stock?,0
c   o   n   t   a   c   t   m   e   0 0 3 - 5 5 6 - 1 4 2 2,1
Can you show more photos?,0
"Email is user1990@example.com, reach out anytime.",1
Can you show more photos?,0
How soon can I get it?,0
How soon can I get it?,0
I’m interested in this item.,0
What are the dimensions?,0
Where do you ship from?,0
I’m interested in this item.,0
Where do you ship from?,0
What are the dimensions?,0
Does it come in other colors?,0
Do you have it in stock?,0
This looks good.,0
How soon can I get it?,0
I’m interested in this item.,0
This looks good.,0
Do you have it in stock?,0
Does it come in other colors?,0
Do you have it in stock?,0
What are the dimensions?,0
How soon can I get it?,0
How soon can I get it?,0
What are the dimensions?,0
What are the dimensions?,0
Does it come in other colors?,0
Nice product!,0
This looks good.,0
c   o   n   t   a   c   t   m   e   ( 6 8 5 )   7 3 7 - 8 8 5 7,1
Nice product!,0
Where do you ship from?,0
Does it come in other colors?,0
How soon can I get it?,0
This looks good.,0
find me at user8464@example.com 😉,1
Text me at 555-205-9117 for more info.,1
Where do you ship from?,0
Signal me at +1 859 875 1313,1
How soon can I get it?,0
Reach out on WhatsApp at +1-639-268-7133,1
Add me on Facebook (facebook.com/tech_lead),1
Does it come in other colors?,0
I’m interested in this item.,0
Nice product!,0
Nice product!,0
This looks good.,0
This looks good.,0
Where do you ship from?,0
Can you show more photos?,0
Here is my email: user4379@example.com,1
you can DM me at fashionista42 on Insta,1
Reach out on WhatsApp at +1-673-532-2902,1
my digits: +1-123-968-6811,1
Do you have it in stock?,0
I’m interested in this item.,0
What’s the price?,0
Does it come in other colors?,0
Can you show more photos?,0
Does it come in other colors?,0
c   o   n   t   a   c   t   m   e   9 3 2 - 4 7 1 - 9 7 9 5,1
How soon can I get it?,0
Does it come in other colors?,0
How soon can I get it?,0
This looks good.,0
Reach me at 661-967-8644,1
What are the dimensions?,0
I’m interested in this item.,0
Nice product!,0
How soon can I get it?,0
Snapchat me @ coolcat528,1
How soon can I get it?,0
Can you share your phone number so I can send you details?,1
Text me at 1802296608,1
Do you have it in stock?,0
Follow me on Instagram @john_doe and DM.,1
This looks good.,0
Do you have it in stock?,0
This looks good.,0
How soon can I get it?,0
What are the dimensions?,0
Do you have it in stock?,0
Do you have it in stock?,0
I’m interested in this item.,0
Hit me up on WhatsApp at +1-978-750-5149,1
Does it come in other colors?,0
This looks good.,0
This looks good.,0
Nice product!,0
I’m interested in this item.,0
What are the dimensions?,0
Text me at 080-517-9261,1
Nice product!,0
What are the dimensions?,0
My WeChat ID is jane.smith,1
My TikTok: @eve856,1
Nice product!,0
Please email me at user3281@example.com,1
Where do you ship from?,0
I’m interested in this item.,0
I’m interested in this item.,0
Do you have it in stock?,0
Send me a DM on Facebook: facebook.com/fashionguru,1
Where do you ship from?,0
This looks good.,0
c o n t a c t : +1-368-788-9896,1
This looks good.,0
Can I have your email address?,1
Does it come in other colors?,0
I’m interested in this item.,0
What’s the price?,0
Do you have it in stock?,0
Let's connect on LinkedIn: https://linkedin.com/in/heidi637,1
Nice product!,0
What’s the price?,0
This looks good.,0
Reach me at +1 027 165 6300,1
Do you have it in stock?,0
Text me at +1 857 148 9453,1
Nice product!,0
What are the dimensions?,0
Do you have it in stock?,0
This looks good.,0
you can DM me at fashionista119 on Insta,1
Does it come in other colors?,0
What are the dimensions?,0
Does it come in other colors?,0
What are the dimensions?,0
Where do you ship from?,0
Does it come in other colors?,0
Does it come in other colors?,0
Can I have your email address?,1
What are the dimensions?,0
WhatsApp me at +1-555-668-9958,1
Can you show more photos?,0
Does it come in other colors?,0
Does it come in other colors?,0
My Snapchat is alice611,1
How soon can I get it?,0
Does it come in other colors?,0
What’s the price?,0
Follow me on Instagram @tech_lead and DM.,1
What are the dimensions?,0
I’m interested in this item.,0
Do you have it in stock?,0
Add me on WhatsApp: +1 448 755 0622,1
What are the dimensions?,0
Does it come in other colors?,0
Contact me via Telegram: @designer123,1
Does it come in other colors?,0
Do you have it in stock?,0
fb.com/coolcat94,1
Text me at 555-982-1361 for more info.,1
Call me at 500-595-3924,1
I’m interested in this item.,0
get in touch @ user3220@example.com,1
I’m interested in this item.,0
snap me at s-n-a-p shopper809,1
How soon can I get it?,0
You can reach me at +1-524-505-6326,1
Where do you ship from?,0
Do you have it in stock?,0
Nice product!,0
Nice product!,0
find me at user299@example.com 😉,1
What’s the price?,0
What’s the price?,0
What’s the price?,0
I’m interested in this item.,0
Does it come in other colors?,0
you can DM me at devguy375 on Insta,1
Can you show more photos?,0
Ping me on Telegram: @bob378,1
This looks good.,0
I’m interested in this item.,0
e m a i l m e @ user2780@example.com,1
Reach me at 7147900629,1
Nice product!,0
Can you show more photos?,0
I’m interested in this item.,0
This looks good.,0
This looks good.,0
Where do you ship from?,0
How soon can I get it?,0
Add me on WhatsApp: 555-551-8427,1
What are the dimensions?,0
Does it come in other colors?,0
How soon can I get it?,0
What’s the price?,0
Message via email: alice59@mail.com,1
What’s the price?,0
Do you have it in stock?,0
WhatsApp me at +1-555-413-8479,1
Does it come in other colors?,0
What are the dimensions?,0
Where do you ship from?,0
What are the dimensions?,0
Messenger me at +1 286 142 1055,1
DM me on Instagram: @grace181,1
This looks good.,0
Connect on LinkedIn (linkedin.com/in/shop_owner),1
reach at t w o o o @example.com,1
I’m interested in this item.,0
Mail me: ivan62@mail.com,1
Where do you ship from?,0
Can you show more photos?,0
Nice product!,0
Nice product!,0
What’s the price?,0
Can you show more photos?,0
What are the dimensions?,0
What are the dimensions?,0
How soon can I get it?,0
Do you have it in stock?,0
This looks good.,0
Does it come in other colors?,0
Do you have it in stock?,0
What’s the price?,0
What are the dimensions?,0
What’s the price?,0
Do you have it in stock?,0
Does it come in other colors?,0
Nice product!,0
What’s the price?,0
What’s the price?,0
Text me at +1 418 489 5638,1
Does it come in other colors?,0
📧 user9395@example.com,1
Where do you ship from?,0
Does it come in other colors?,0
Where do you ship from?,0
Do you have it in stock?,0
I’m interested in this item.,0
hmu @ shopper554,1
Do you have it in stock?,0
Does it come in other colors?,0
What are the dimensions?,0
Do you have it in stock?,0
My number is +1 387 432 9056,1
Nice product!,0
Where do you ship from?,0
This looks good.,0
Nice product!,0
fb.com/coolcat408,1
How soon can I get it?,0
Can you show more photos?,0
Where do you ship from?,0
Does it come in other colors?,0
How soon can I get it?,0
How soon can I get it?,0
What are the dimensions?,0
I’m interested in this item.,0
Connect on LinkedIn (linkedin.com/in/shopper477),1
📧 user725@example.com,1
Does it come in other colors?,0
Do you have it in stock?,0
Reach me at +1 269 265 5517,1
Do you have it in stock?,0
This looks good.,0
Nice product!,0
Do you have it in stock?,0
Where do you ship from?,0
What are the dimensions?,0
What’s the price?,0
Call me at 931-631-4928,1
This looks good.,0
I’m interested in this item.,0
This looks good.,0
Can you show more photos?,0
Do you have it in stock?,0
my email id is user479@example.com,1
Does it come in other colors?,0
I’m interested in this item.,0
This looks good.,0
Does it come in other colors?,0
Email me at user4758@example.com,1
This looks good.,0
Do you have it in stock?,0
Ping me on Telegram: @grace189,1
You can reach me at +1-928-717-2446,1
What are the dimensions?,0
How soon can I get it?,0
Where do you ship from?,0
What are the dimensions?,0
Contact me via Telegram: @john_doe,1
Nice product!,0
C a l l   m e :   0 6 1 0 5 3 8 0 0 8,1
📱 +1-115-969-6247,1
Mail me: alice85@mail.com,1
What are the dimensions?,0
Do you have it in stock?,0
message me via g m a i l at user206@example.com,1
Nice product!,0
How soon can I get it?,0
Do you have it in stock?,0
Add me on WhatsApp: 555-590-4435,1
I’m interested in this item.,0
Nice product!,0
What’s the price?,0
Hit me up on WhatsApp at +1-164-993-9592,1
What are the dimensions?,0
Can you show more photos?,0
Can you show more photos?,0
I’m interested in this item.,0
What are the dimensions?,0
How soon can I get it?,0
Can I have your email address?,1
get in touch @ user1719@example.com,1
Ping me on Telegram: @charlie505,1
Does it come in other colors?,0
Can you show more photos?,0
Do you have it in stock?,0
Does it come in other colors?,0
Does it come in other colors?,0
What are the dimensions?,0
What’s the price?,0
Nice product!,0
Please email me at user6669@example.com,1
What’s the price?,0
You can reach me at 555-240-9261,1
What’s the price?,0
Can you show more photos?,0
What’s the price?,0
This looks good.,0
I’m interested in this item.,0
I’m interested in this item.,0
t e l : +1-612-834-8531,1
message me via g m a i l at user7295@example.com,1
Let's connect on LinkedIn: linkedin.com/in/best_pizza,1
Nice product!,0
I’m interested in this item.,0
Can you show more photos?,0
Can you show more photos?,0
How soon can I get it?,0
Where do you ship from?,0
What are the dimensions?,0
Nice product!,0
Text me at 555-661-8580 for more info.,1
e m a i l m e @ user7693@example.com,1
Can you show more photos?,0
Nice product!,0
Does it come in other colors?,0
Nice product!,0
DM me on Facebook: facebook.com/shopper706,1
What are the dimensions?,0
Where do you ship from?,0
Follow me on Twitter: @david869,1
How soon can I get it?,0
What’s the price?,0
Where do you ship from?,0
How soon can I get it?,0
I’m interested in this item.,0
I’m interested in this item.,0
How soon can I get it?,0
c o n t a c t : +1-159-973-1577,1
Does it come in other colors?,0
Nice product!,0
Reach me at (287) 385-7005,1
This looks good.,0
Does it come in other colors?,0
DM me on Facebook: facebook.com/fashionista829,1
Email me at alice31@example.com,1
c o n t a c t : +1-427-108-9713,1
How soon can I get it?,0
Can I have your email address?,1
Email me at user4312@example.com,1
Nice product!,0
What are the dimensions?,0
I’m interested in this item.,0
Can you show more photos?,0
Call me at (711) 639-6736,1
Where do you ship from?,0
This looks good.,0
Email me at judy37@mail.com,1
Nice product!,0
How soon can I get it?,0
Nice product!,0
Mail me: david6@email.net,1
What’s the price?,0
Do you have it in stock?,0
What’s the price?,0
Can you show more photos?,0
What’s the price?,0
Connect on LinkedIn (linkedin.com/in/shop_owner),1
I’m interested in this item.,0
Nice product!,0
This looks good.,0
e m a i l m e @ user4655@example.com,1
wanna chat? +1-665-359-9915,1
How soon can I get it?,0
Ping me on Telegram: @grace619,1
How soon can I get it?,0
What are the dimensions?,0
What’s the price?,0
I’m interested in this item.,0
Can I have your email address?,1
What’s the price?,0
Do you have it in stock?,0
What are the dimensions?,0
my email id is user2380@example.com,1
How soon can I get it?,0
Nice product!,0
Where do you ship from?,0
This looks good.,0
Can you show more photos?,0
Hit me up on WhatsApp at 555-563-8796,1
Does it come in other colors?,0
Do you have it in stock?,0
What are the dimensions?,0
Message me on Signal: +1 519 619 8399,1
Here is my email: user5705@example.com,1
You can reach me at 555-183-4025,1
Does it come in other colors?,0
This looks good.,0
Nice product!,0
Can you show more photos?,0
Where do you ship from?,0
I’m interested in this item.,0
Does it come in other colors?,0
Snapchat me at +1 692 840 6779,1
Does it come in other colors?,0
I’m interested in this item.,0
What’s the price?,0
What’s the price?,0
Do you have it in stock?,0
Does it come in other colors?,0
What are the dimensions?,0
This looks good.,0
What’s the price?,0
Where do you ship from?,0
Where do you ship from?,0
I’m interested in this item.,0
What are the dimensions?,0
Can you show more photos?,0
Where do you ship from?,0
This looks good.,0
Contact via email: david78@mail.com,1
I’m interested in this item.,0
What’s the price?,0
Message me on Snapchat: shop_owner,1
Nice product!,0
Can you show more photos?,0
I’m interested in this item.,0
Can you show more photos?,0
Where do you ship from?,0
Where do you ship from?,0
What are the dimensions?,0
Can you show more photos?,0
What are the dimensions?,0
I’m interested in this item.,0
This looks good.,0
Contact me on Skype: judy714,1
Reach me at (767) 387-1648,1
This looks good.,0
I’m interested in this item.,0
Does it come in other colors?,0
How soon can I get it?,0
Where do you ship from?,0
Does it come in other colors?,0
Can you show more photos?,0
I’m interested in this item.,0
Does it come in other colors?,0
Do you have it in stock?,0
This looks good.,0
Can you show more photos?,0
Does it come in other colors?,0
Does it come in other colors?,0
What are the dimensions?,0
What’s the price?,0
reach at t w o o o @example.com,1
Does it come in other colors?,0
Where do you ship from?,0
This looks good.,0
Where do you ship from?,0
This looks good.,0
Can you show more photos?,0
Can you show more photos?,0
Message me on Signal: +1 767 902 5381,1
Text me at 555-240-4036 for more info.,1
This looks good.,0
Does it come in other colors?,0
Do you have it in stock?,0
Do you have it in stock?,0
Here's my email: user8617@example.com,1
I’m interested in this item.,0
How soon can I get it?,0
What are the dimensions?,0
What’s the price?,0
Reach out on WhatsApp at +1-195-273-9670,1
Do you have it in stock?,0
fb.com/coolcat680,1
I’m interested in this item.,0
I’m interested in this item.,0
Nice product!,0
What are the dimensions?,0
Text me at 555-773-5993 for more info.,1
Text me at 555-137-2305 for more info.,1
What’s the price?,0
Text me at 0928307619,1
Do you have it in stock?,0
my email id is user1012@example.com,1
My Snapchat is judy559,1
Can you show more photos?,0
Nice product!,0
How soon can I get it?,0
This looks good.,0
What’s the price?,0
Hit me up on WhatsApp at +1-853-630-3994,1
What’s the price?,0
Follow me on Twitter: @david111,1
get in touch @ user2321@example.com,1
Do you have it in stock?,0
I’m interested in this item.,0
How soon can I get it?,0
Do you have it in stock?,0
What’s the price?,0
How soon can I get it?,0
Nice product!,0
This looks good.,0
Do you have it in stock?,0
I’m interested in this item.,0
Where do you ship from?,0
Can you show more photos?,0
Can you show more photos?,0
What are the dimensions?,0
Do you have it in stock?,0
What are the dimensions?,0
Find me on Facebook: https://facebook.com/heidi414,1
What’s the price?,0
This looks good.,0
What are the dimensions?,0
Does it come in other colors?,0
What’s the price?,0
What are the dimensions?,0
What are the dimensions?,0
How soon can I get it?,0
How soon can I get it?,0
Does it come in other colors?,0
This looks good.,0
Email me at david31@example.com,1
Nice product!,0
my digits: +1-189-573-4691,1
What are the dimensions?,0
Does it come in other colors?,0
Nice product!,0
Does it come in other colors?,0
I’m interested in this item.,0
What are the dimensions?,0
How soon can I get it?,0
How soon can I get it?,0
What’s the price?,0
Follow me on Instagram @shop_owner and DM.,1
my digits: +1-839-146-9804,1
What’s the price?,0
DM me on Facebook: facebook.com/coolcat163,1
What’s the price?,0
Can you show more photos?,0
Can you show more photos?,0
What’s the price?,0
Does it come in other colors?,0
Does it come in other colors?,0
Here is my email: user1694@example.com,1
Can you show more photos?,0
Nice product!,0
Does it come in other colors?,0
How soon can I get it?,0
Does it come in other colors?,0
I’m interested in this item.,0
What are the dimensions?,0
Does it come in other colors?,0
Does it come in other colors?,0
Do you have it in stock?,0
I’m interested in this item.,0
snap me at s-n-a-p fashionista104,1
I’m interested in this item.,0
Let's connect on LinkedIn: linkedin.com/in/best_pizza,1
My WeChat ID is shopper99,1
Do you have it in stock?,0
Follow me on Instagram @tech_lead and DM.,1
Let's connect on LinkedIn: https://linkedin.com/in/alice382,1
Nice product!,0
Can you show more photos?,0
How soon can I get it?,0
What are the dimensions?,0
How soon can I get it?,0
I’m interested in this item.,0
Do you have it in stock?,0
Where do you ship from?,0
How soon can I get it?,0
Does it come in other colors?,0
How soon can I get it?,0
Nice product!,0
How soon can I get it?,0
Ping me on Telegram: @alice8,1
What’s the price?,0
Does it come in other colors?,0
This looks good.,0
Does it come in other colors?,0
What are the dimensions?,0
Do you have it in stock?,0
Message me on Snapchat: john_doe,1
What’s the price?,0
Nice product!,0
Where do you ship from?,0
Do you have it in stock?,0
I’m interested in this item.,0
📱 +1-509-179-8933,1
What’s the price?,0
Can you show more photos?,0
Let's connect on LinkedIn: https://linkedin.com/in/eve522,1
What are the dimensions?,0
How soon can I get it?,0
How soon can I get it?,0
How soon can I get it?,0
Can I have your email address?,1
What’s the price?,0
Can you show more photos?,0
What’s the price?,0
What’s the price?,0
Message me on Signal: 8882680387,1
Where do you ship from?,0
This looks good.,0
I’m interested in this item.,0
What’s the price?,0
Nice product!,0
Do you have it in stock?,0
Hit me up on WhatsApp at +1-766-264-1122,1
Message me at user5408@example.com,1
What’s the price?,0
I’m interested in this item.,0
WhatsApp me at +1-555-772-8735,1
Does it come in other colors?,0
Where do you ship from?,0
How soon can I get it?,0
Do you have it in stock?,0
Can you show more photos?,0
Can you show more photos?,0
Does it come in other colors?,0
Can you show more photos?,0
How soon can I get it?,0
You can reach me at 555-620-3316,1
Do you have it in stock?,0
I’m interested in this item.,0
Add me on WhatsApp: 555-419-7038,1
Can you show more photos?,0
Can you show more photos?,0
How soon can I get it?,0
Where do you ship from?,0
What are the dimensions?,0
Can you show more photos?,0
Nice product!,0
Can you show more photos?,0
This looks good.,0
Does it come in other colors?,0
What are the dimensions?,0
Follow me on Twitter: @ivan550,1
What are the dimensions?,0
📱 +1-293-341-7774,1
"My contact is 555-737-2679, call me.",1
Nice product!,0
What are the dimensions?,0
Can you show more photos?,0
This looks good.,0
Text me at 555-445-9270 for more info.,1
How soon can I get it?,0
How soon can I get it?,0
you can DM me at devguy948 on Insta,1
This looks good.,0
Add me on Facebook (facebook.com/designer123),1
This looks good.,0
Nice product!,0
Message via email: eve12@mail.com,1
DM me on Instagram @shopper99,1
Add me on WhatsApp: 1267286534,1
This looks good.,0
Nice product!,0
Here's my email: user3046@example.com,1
Can you show more photos?,0
Nice product!,0
Nice product!,0
Does it come in other colors?,0
Message me on Snapchat: shopper99,1
Where do you ship from?,0
Here's my email: user4615@example.com,1
What are the dimensions?,0
How soon can I get it?,0
What are the dimensions?,0
What’s the price?,0
Do you have it in stock?,0
This looks good.,0
I’m interested in this item.,0
Nice product!,0
Can you show more photos?,0
My TikTok: @alice88,1
Can you share your phone number so I can send you details?,1
What’s the price?,0
Can you show more photos?,0
Does it come in other colors?,0
Nice product!,0
Can you show more photos?,0
What’s the price?,0
Nice product!,0
How soon can I get it?,0
Nice product!,0
How soon can I get it?,0
How soon can I get it?,0
What are the dimensions?,0
Does it come in other colors?,0
Follow me on Twitter: @charlie758,1
Can you show more photos?,0
What’s the price?,0
What are the dimensions?,0
How soon can I get it?,0
How soon can I get it?,0
How soon can I get it?,0
Does it come in other colors?,0
What are the dimensions?,0
Hit me up on WhatsApp at +1-601-567-4053,1
Where do you ship from?,0
📧 user4583@example.com,1
Can you show more photos?,0
What are the dimensions?,0
snap me at s-n-a-p devguy192,1
Nice product!,0
Can you show more photos?,0
Nice product!,0
This looks good.,0
Can you show more photos?,0
Do you have it in stock?,0
I’m interested in this item.,0
Can you show more photos?,0
Do you have it in stock?,0
How soon can I get it?,0
Does it come in other colors?,0
Reach out on WhatsApp at +1-848-331-2887,1
What’s the price?,0
e m a i l m e @ user7435@example.com,1
Contact via email: ivan92@email.net,1
Does it come in other colors?,0
Nice product!,0
This looks good.,0
Where do you ship from?,0
Does it come in other colors?,0
My WeChat ID is shopper99,1
How soon can I get it?,0
How soon can I get it?,0
What’s the price?,0
Do you have it in stock?,0
What’s the price?,0
What’s the price?,0
WhatsApp me at +1-555-892-7194,1
Nice product!,0
This looks good.,0
Can you show more photos?,0
This looks good.,0
Do you have it in stock?,0
message me via g m a i l at user2868@example.com,1
What’s the price?,0
Text me at 555-569-4122 for more info.,1
Can you show more photos?,0
How soon can I get it?,0
You can reach me at +1-719-980-6226,1
wanna chat? +1-248-941-3060,1
Where do you ship from?,0
This looks good.,0
This looks good.,0
Can you show more photos?,0
Nice product!,0
Where do you ship from?,0
This looks good.,0
Add me on Facebook (facebook.com/fashionguru),1
Can you show more photos?,0
Does it come in other colors?,0
Can you show more photos?,0
How soon can I get it?,0
Do you have it in stock?,0
Do you have it in stock?,0
Does it come in other colors?,0
Reach out on WhatsApp at +1-164-175-8170,1
DM me on Instagram @designer123,1
Can you show more photos?,0
t e l : +1-521-922-6745,1
I’m interested in this item.,0
Does it come in other colors?,0
What’s the price?,0
You can reach me at 555-577-1298,1
How soon can I get it?,0
Does it come in other colors?,0
Nice product!,0
Here's my email: user3574@example.com,1
What’s the price?,0
Connect on LinkedIn (linkedin.com/in/shopper856),1
Nice product!,0
Follow me on Instagram @tech_lead and DM.,1
What are the dimensions?,0
Where do you ship from?,0
Does it come in other colors?,0
Text me at +1-601-580-6251,1
I’m interested in this item.,0
Where do you ship from?,0
What are the dimensions?,0
Nice product!,0
What are the dimensions?,0
Where do you ship from?,0
my digits: +1-970-905-5798,1
What are the dimensions?,0
Message me on Snapchat: best_pizza,1
Do you have it in stock?,0
This looks good.,0
Do you have it in stock?,0
I’m interested in this item.,0
What are the dimensions?,0
I’m interested in this item.,0
I’m interested in this item.,0
Does it come in other colors?,0
DM me on Instagram @fashioneer,1
This looks good.,0
Does it come in other colors?,0
This looks good.,0
What’s the price?,0
Nice product!,0
Nice product!,0
Add me on Facebook (facebook.com/coolguy42),1
This looks good.,0
Please email me at user7302@example.com,1
This looks good.,0
I’m interested in this item.,0
I’m interested in this item.,0
Send me a DM on Facebook: facebook.com/jane.smith,1
This looks good.,0
This looks good.,0
Do you have it in stock?,0
Do you have it in stock?,0
What’s the price?,0
Nice product!,0
How soon can I get it?,0
Do you have it in stock?,0
How soon can I get it?,0
I’m interested in this item.,0
Do you have it in stock?,0
Do you have it in stock?,0
I’m interested in this item.,0
"My contact is 555-126-8899, call me.",1
What are the dimensions?,0
You can reach me at +1-549-335-8406,1
I’m interested in this item.,0
Do you have it in stock?,0
What are the dimensions?,0
What’s the price?,0
Message via email: grace69@mail.com,1
Message me on Snapchat: jane.smith,1
Snapchat me @ coolcat213,1
How soon can I get it?,0
Nice product!,0
Follow me on Twitter: @frank982,1
What’s the price?,0
Does it come in other colors?,0
How soon can I get it?,0
I’m interested in this item.,0
Where do you ship from?,0
Add me on WhatsApp: (814) 118-7406,1
Can you show more photos?,0
get in touch @ user9209@example.com,1
Nice product!,0
t e l : +1-943-183-4845,1
What are the dimensions?,0
This looks good.,0
Do you have it in stock?,0
Add me on WhatsApp: 555-679-5149,1
e m a i l m e @ user8039@example.com,1
Nice product!,0
Does it come in other colors?,0
I’m interested in this item.,0
Nice product!,0
Can you show more photos?,0
Please email me at user7308@example.com,1
Where do you ship from?,0
Snapchat me @ coolcat923,1
📧 user9455@example.com,1
Can you show more photos?,0
This looks good.,0
How soon can I get it?,0
What are the dimensions?,0
I’m interested in this item.,0
What are the dimensions?,0
Does it come in other colors?,0
What’s the price?,0
Nice product!,0
What’s the price?,0
you can DM me at coolcat347 on Insta,1
Does it come in other colors?,0
Can you show more photos?,0
j u d y 3 0 @ t e s t . o r g,1
What’s the price?,0
This looks good.,0
Nice product!,0
I’m interested in this item.,0
Do you have it in stock?,0
Can you show more photos?,0
This looks good.,0
c   o   n   t   a   c   t   m   e   + 1   4 0 0   7 7 3   0 5 1 3,1
How soon can I get it?,0
Can you show more photos?,0
Where do you ship from?,0
Here's my email: user7748@example.com,1
How soon can I get it?,0
Nice product!,0
C a l l   m e :   ( 7 1 4 )   4 7 4 - 0 1 9 9,1
c o n t a c t : +1-407-265-1403,1
Where do you ship from?,0
Hit me up on WhatsApp at +1-345-534-2424,1
What’s the price?,0
What’s the price?,0
find me at user9227@example.com 😉,1
Can you show more photos?,0
What are the dimensions?,0
What’s the price?,0
📱 +1-625-475-5946,1
Can you show more photos?,0
Do you have it in stock?,0
How soon can I get it?,0
you can DM me at shopper886 on Insta,1
Connect on LinkedIn (linkedin.com/in/shopper936),1
Does it come in other colors?,0
What’s the price?,0
This looks good.,0
Nice product!,0
Where do you ship from?,0
This looks good.,0
Add me on Facebook (facebook.com/shopper99),1
This looks good.,0
Where do you ship from?,0
Here's my email: user8683@example.com,1
Nice product!,0
c   o   n   t   a   c   t   m   e   + 1   9 4 5   3 6 6   4 0 2 1,1
How soon can I get it?,0
my email id is user1594@example.com,1
Contact me on Skype: ivan660,1
Does it come in other colors?,0
What are the dimensions?,0
Where do you ship from?,0
Can you show more photos?,0
What are the dimensions?,0
c   o   n   t   a   c   t   m   e   4 0 7 5 5 4 7 2 5 6,1
wanna chat? +1-272-433-9618,1
Do you have it in stock?,0
You can reach me at +1-164-158-4703,1
This looks good.,0
Nice product!,0
How soon can I get it?,0
Does it come in other colors?,0
What are the dimensions?,0
How soon can I get it?,0
What’s the price?,0
Where do you ship from?,0
Message me on Signal: +1 850 055 3772,1
Signal me at +1 980 662 9655,1
Where do you ship from?,0
Where do you ship from?,0
Text me at +1 983 773 4656,1
Message me on Snapchat: fashioneer,1
Do you have it in stock?,0
Nice product!,0
How soon can I get it?,0
Does it come in other colors?,0
wanna chat? +1-826-815-5202,1
My Snapchat is bob940,1
Can you show more photos?,0
C o n t a c t :   2 9 7 9 3 7 1 0 4 1,1
What are the dimensions?,0
What are the dimensions?,0
Do you have it in stock?,0
Can you show more photos?,0
Do you have it in stock?,0
How soon can I get it?,0
Can you show more photos?,0
Does it come in other colors?,0
How soon can I get it?,0
I’m interested in this item.,0
This looks good.,0
Message me on Snapchat: john_doe,1
This looks good.,0
DM me on Instagram: @grace712,1
This looks good.,0
Do you have it in stock?,0
Nice product!,0
This looks good.,0
What are the dimensions?,0
Nice product!,0
Do you have it in stock?,0
What are the dimensions?,0
Telegram me at 387-745-7470,1
This looks good.,0
How soon can I get it?,0
t e l : +1-697-610-7536,1
Nice product!,0
Add me on Facebook (facebook.com/tech_lead),1
Add me on WhatsApp: 652-767-5826,1
How soon can I get it?,0
Here is my email: user4477@example.com,1
What’s the price?,0
What’s the price?,0
Add me on WhatsApp: 555-724-9286,1
What’s the price?,0
Can you show more photos?,0
What are the dimensions?,0
Message me at user4376@example.com,1
What’s the price?,0
This looks good.,0
I’m interested in this item.,0
My number is +1 601 866 9351,1
How soon can I get it?,0
What’s the price?,0
Does it come in other colors?,0
How soon can I get it?,0
Does it come in other colors?,0
I’m interested in this item.,0
Do you have it in stock?,0
Does it come in other colors?,0
How soon can I get it?,0
What’s the price?,0
Do you have it in stock?,0
I’m interested in this item.,0
Can you show more photos?,0
This looks good.,0
You can reach me at 555-882-3750,1
How soon can I get it?,0
t e l : +1-323-817-8691,1
Do you have it in stock?,0
Where do you ship from?,0
My TikTok: @grace657,1
Does it come in other colors?,0
How soon can I get it?,0
My Snapchat is heidi195,1
Please email me at user9043@example.com,1
Contact: +1-575-944-3060,1
Do you have it in stock?,0
Contact me via Telegram: @designer123,1
Can you show more photos?,0
Does it come in other colors?,0
Nice product!,0
What are the dimensions?,0
What are the dimensions?,0
Find me on Facebook: https://facebook.com/frank745,1
Can you show more photos?,0
What’s the price?,0
How soon can I get it?,0
This looks good.,0
Can you show more photos?,0
Can you show more photos?,0
Where do you ship from?,0
Hit me up on WhatsApp at +1-998-141-5982,1
Nice product!,0
Where do you ship from?,0
I’m interested in this item.,0
Does it come in other colors?,0
Call me at 5057059468,1
Where do you ship from?,0
Can you show more photos?,0
What are the dimensions?,0
Does it come in other colors?,0
Nice product!,0
How soon can I get it?,0
Reach out on WhatsApp at +1-779-198-9185,1
What’s the price?,0
How soon can I get it?,0
What’s the price?,0
Can you show more photos?,0
This looks good.,0
Does it come in other colors?,0
What are the dimensions?,0
Where do you ship from?,0
Nice product!,0
DM me on Facebook: facebook.com/devguy401,1
Where do you ship from?,0
What’s the price?,0
message me via g m a i l at user6246@example.com,1
Can you show more photos?,0
Where do you ship from?,0
I’m interested in this item.,0
I’m interested in this item.,0
Nice product!,0
Do you have it in stock?,0
My WeChat ID is john_doe,1
Does it come in other colors?,0
What are the dimensions?,0
I’m interested in this item.,0
How soon can I get it?,0
Nice product!,0
Where do you ship from?,0
This looks good.,0
Can you show more photos?,0
How soon can I get it?,0
What’s the price?,0
Where do you ship from?,0
Email me at alice79@test.org,1
Hit me up on WhatsApp at +1-251-443-2889,1
c   o   n   t   a   c   t   m   e   ( 8 7 3 )   6 3 6 - 1 9 8 8,1
my email id is user3885@example.com,1
hmu @ devguy580,1
Contact via email: heidi6@email.net,1
I’m interested in this item.,0
How soon can I get it?,0
Nice product!,0
What are the dimensions?,0
This looks good.,0
"My contact is 555-232-5437, call me.",1
What are the dimensions?,0
This looks good.,0
I’m interested in this item.,0
What’s the price?,0
e m a i l m e @ user2988@example.com,1
What are the dimensions?,0
My WeChat ID is designer123,1
This looks good.,0
What’s the price?,0
This looks good.,0
What’s the price?,0
Does it come in other colors?,0
Does it come in other colors?,0
hmu @ devguy184,1
Follow me on Twitter: @frank336,1
This looks good.,0
Let's connect on LinkedIn: https://linkedin.com/in/ivan611,1
What’s the price?,0
I’m interested in this item.,0
Can you show more photos?,0
Let's connect on LinkedIn: https://linkedin.com/in/grace556,1
What are the dimensions?,0
b o b 3 6 @ e m a i l . n e t,1
Can you show more photos?,0
My TikTok: @heidi351,1
Do you have it in stock?,0
I’m interested in this item.,0
How soon can I get it?,0
wanna chat? +1-478-934-6606,1
telegram: t dot me slash shopper754,1
What are the dimensions?,0
I’m interested in this item.,0
How soon can I get it?,0
This looks good.,0
I’m interested in this item.,0
My WeChat ID is best_pizza,1
You can reach me at 555-654-9801,1
I’m interested in this item.,0
What are the dimensions?,0
What are the dimensions?,0
C a l l   m e :   0 2 6 0 6 4 5 5 4 7,1
You can reach me at +1-303-599-8977,1
What’s the price?,0
Where do you ship from?,0
Can you show more photos?,0
c   o   n   t   a   c   t   m   e   1 5 2 4 5 1 5 8 3 1,1
Do you have it in stock?,0
How soon can I get it?,0
Hit me up on WhatsApp at 555-476-2997,1
Can you show more photos?,0
This looks good.,0
How soon can I get it?,0
WhatsApp me at +1-555-254-3170,1
I’m interested in this item.,0
This looks good.,0
I’m interested in this item.,0
How soon can I get it?,0
What’s the price?,0
telegram: t dot me slash devguy897,1
Where do you ship from?,0
"Email is user7904@example.com, reach out anytime.",1
How soon can I get it?,0
get in touch @ user9214@example.com,1
Follow me on Instagram @shop_owner and DM.,1
Add me on WhatsApp: +1 864 422 1418,1
What are the dimensions?,0
Where do you ship from?,0
WhatsApp me at +1-555-480-8495,1
Can you show more photos?,0
What’s the price?,0
Nice product!,0
Do you have it in stock?,0
Where do you ship from?,0
What are the dimensions?,0
How soon can I get it?,0
Nice product!,0
What’s the price?,0
Do you have it in stock?,0
I’m interested in this item.,0
Does it come in other colors?,0
How soon can I get it?,0
This looks good.,0
Contact via email: bob65@email.net,1
Does it come in other colors?,0
Where do you ship from?,0
Do you have it in stock?,0
Nice product!,0
Does it come in other colors?,0
Nice product!,0
Does it come in other colors?,0
Can you show more photos?,0
How soon can I get it?,0
Nice product!,0
What are the dimensions?,0
This looks good.,0
Can I have your email address?,1
What are the dimensions?,0
This looks good.,0
Do you have it in stock?,0
What’s the price?,0
Add me on WhatsApp: 555-336-4759,1
What’s the price?,0
I’m interested in this item.,0
What are the dimensions?,0
Does it come in other colors?,0
Nice product!,0
Contact me on Skype: david440,1
Can you show more photos?,0
Message me at user8239@example.com,1
My Snapchat is charlie789,1
Does it come in other colors?,0
Nice product!,0
Do you have it in stock?,0
Where do you ship from?,0
What’s the price?,0
Add me on Facebook (facebook.com/fashionguru),1
How soon can I get it?,0
Do you have it in stock?,0
Where do you ship from?,0
Do you have it in stock?,0
Does it come in other colors?,0
Do you have it in stock?,0
my email id is user2623@example.com,1
my email id is user2854@example.com,1
d a v i d 3 3 @ e m a i l . n e t,1
What are the dimensions?,0
What are the dimensions?,0
Does it come in other colors?,0
Twitter me at 2967672862,1
How soon can I get it?,0
Nice product!,0
How soon can I get it?,0
Do you have it in stock?,0
This looks good.,0
Do you have it in stock?,0
Text me at (730) 427-7975,1
Message me on Snapchat: fashionguru,1
Nice product!,0
telegram: t dot me slash devguy368,1
Where do you ship from?,0
Can you show more photos?,0
Can you show more photos?,0
wanna chat? +1-600-986-5310,1
find me at user6857@example.com 😉,1
Do you have it in stock?,0
Telegram me at (012) 506-9446,1
How soon can I get it?,0
What are the dimensions?,0
Can you show more photos?,0
How soon can I get it?,0
Does it come in other colors?,0
I’m interested in this item.,0
Nice product!,0
my email id is user5974@example.com,1
How soon can I get it?,0
I’m interested in this item.,0
Telegram me at 9694532642,1
Nice product!,0
Nice product!,0
What’s the price?,0
Connect on LinkedIn (linkedin.com/in/shop_owner),1
Contact me via Telegram: @tech_lead,1
My WeChat ID is coolguy42,1
t e l : +1-120-782-2446,1
How soon can I get it?,0
Hit me up on WhatsApp at 555-706-7790,1
Nice product!,0
Nice product!,0
Text me at +1-550-650-4328,1
Does it come in other colors?,0
Nice product!,0
My number is (241) 488-8641,1
What are the dimensions?,0
Can you show more photos?,0
How soon can I get it?,0
This looks good.,0
Where do you ship from?,0
What’s the price?,0
Do you have it in stock?,0
Can you show more photos?,0
Do you have it in stock?,0
What’s the price?,0
Can you show more photos?,0
Does it come in other colors?,0
How soon can I get it?,0
Snapchat me at +1 848 851 2671,1
Let's connect on LinkedIn: linkedin.com/in/fashionguru,1
Hit me up on WhatsApp at 555-124-9729,1
Here's my email: user8106@example.com,1
Can you show more photos?,0
I’m interested in this item.,0
Nice product!,0
What’s the price?,0
Where do you ship from?,0
Snapchat me @ shopper760,1
Does it come in other colors?,0
C o n t a c t :   2 0 5 6 1 3 4 1 1 7,1
Does it come in other colors?,0
This looks good.,0
Does it come in other colors?,0
Nice product!,0
Where do you ship from?,0
Does it come in other colors?,0
Does it come in other colors?,0
What are the dimensions?,0
This looks good.,0
Where do you ship from?,0
Does it come in other colors?,0
What are the dimensions?,0
Can you show more photos?,0
This looks good.,0
I’m interested in this item.,0
What’s the price?,0
Does it come in other colors?,0
This looks good.,0
Nice product!,0
How soon can I get it?,0
Text me at 0833953924,1
Where do you ship from?,0
Do you have it in stock?,0
Text me at +1-213-677-9062,1
What are the dimensions?,0
wanna chat? +1-651-257-8118,1
Can you show more photos?,0
What’s the price?,0
I’m interested in this item.,0
What’s the price?,0
What’s the price?,0
What’s the price?,0
Do you have it in stock?,0
Can you show more photos?,0
This looks good.,0
I’m interested in this item.,0
What are the dimensions?,0
Can you show more photos?,0
Let's connect on LinkedIn: https://linkedin.com/in/charlie824,1
What are the dimensions?,0
What’s the price?,0
Can you show more photos?,0
Where do you ship from?,0
Let's connect on LinkedIn: https://linkedin.com/in/judy598,1
What’s the price?,0
Nice product!,0
Where do you ship from?,0
What are the dimensions?,0
How soon can I get it?,0
snap me at s-n-a-p fashionista207,1
Connect on LinkedIn (linkedin.com/in/jane.smith),1
I’m interested in this item.,0
How soon can I get it?,0
This looks good.,0
Where do you ship from?,0
Nice product!,0
Where do you ship from?,0
Where do you ship from?,0
This looks good.,0
📱 +1-495-152-7669,1
Do you have it in stock?,0
What are the dimensions?,0
Can you show more photos?,0
What are the dimensions?,0
Nice product!,0
I’m interested in this item.,0
Can you show more photos?,0
Send me a DM on Facebook: facebook.com/john_doe,1
c   o   n   t   a   c   t   m   e   8 5 9 7 7 1 8 1 1 1,1
How soon can I get it?,0
DM me on Instagram: @charlie332,1
Nice product!,0
Do you have it in stock?,0
You can reach me at 555-360-1841,1
What are the dimensions?,0
This looks good.,0
Where do you ship from?,0
What’s the price?,0
Can you share your phone number so I can send you details?,1
Can you show more photos?,0
My Snapchat is alice87,1
Can you show more photos?,0
This looks good.,0
Let's connect on LinkedIn: linkedin.com/in/designer123,1
Do you have it in stock?,0
Here's my email: user2870@example.com,1
Contact me via Telegram: @designer123,1
How soon can I get it?,0
Message me on Snapchat: shop_owner,1
Here's my email: user6813@example.com,1
What’s the price?,0
This looks good.,0
Nice product!,0
Do you have it in stock?,0
Do you have it in stock?,0
I’m interested in this item.,0
Call me at 088-101-3647,1
What’s the price?,0
Do you have it in stock?,0
What are the dimensions?,0
📱 +1-241-632-7797,1
Does it come in other colors?,0
Can you show more photos?,0
you can DM me at fashionista579 on Insta,1
my email id is user7751@example.com,1
Does it come in other colors?,0
I’m interested in this item.,0
I’m interested in this item.,0
Contact via email: ivan18@mail.com,1
Email me at heidi84@mail.com,1
Can you share your phone number so I can send you details?,1
What are the dimensions?,0
Ping me on Telegram: @grace404,1
c   o   n   t   a   c   t   m   e   + 1   3 9 3   2 7 7   5 7 6 5,1
This looks good.,0
How soon can I get it?,0
Where do you ship from?,0
Nice product!,0
Where do you ship from?,0
Does it come in other colors?,0
What are the dimensions?,0
What’s the price?,0
Nice product!,0
How soon can I get it?,0
Nice product!,0
How soon can I get it?,0
my email id is user4006@example.com,1
What are the dimensions?,0
What are the dimensions?,0
Reach out on WhatsApp at +1-164-493-3098,1
I’m interested in this item.,0
What’s the price?,0
What’s the price?,0
Email me at bob42@email.net,1
What’s the price?,0
What’s the price?,0
Add me on Facebook (facebook.com/john_doe),1
Connect on LinkedIn (linkedin.com/in/best_pizza),1
Mail me: ivan28@example.com,1
What are the dimensions?,0
What are the dimensions?,0
How soon can I get it?,0
What are the dimensions?,0
Does it come in other colors?,0
I’m interested in this item.,0
What’s the price?,0
How soon can I get it?,0
Connect on LinkedIn (linkedin.com/in/jane.smith),1
What’s the price?,0
I’m interested in this item.,0
Signal me at (011) 291-7925,1
I’m interested in this item.,0
Can I have your email address?,1
Contact me via Telegram: @jane.smith,1
Does it come in other colors?,0
Can you show more photos?,0
How soon can I get it?,0
Please email me at user6733@example.com,1
Does it come in other colors?,0
Do you have it in stock?,0
Nice product!,0
What’s the price?,0
Here is my email: user5995@example.com,1
This looks good.,0
What’s the price?,0
Connect on LinkedIn (linkedin.com/in/shop_owner),1
Nice product!,0
Can I have your email address?,1
Hit me up on WhatsApp at 555-665-9112,1
WhatsApp me at +1-555-967-9563,1
What’s the price?,0
Where do you ship from?,0
Follow me on Instagram @best_pizza and DM.,1
Here's my email: user199@example.com,1
What are the dimensions?,0
This looks good.,0
What are the dimensions?,0
Does it come in other colors?,0
Where do you ship from?,0
Can you show more photos?,0
What are the dimensions?,0
What are the dimensions?,0
What’s the price?,0
Email me at eve3@test.org,1
What’s the price?,0
Can you show more photos?,0
I’m interested in this item.,0
Here's my email: user4547@example.com,1
Do you have it in stock?,0
Do you have it in stock?,0
Can you show more photos?,0
Where do you ship from?,0
I’m interested in this item.,0
What are the dimensions?,0
Nice product!,0
Can you show more photos?,0
What are the dimensions?,0
Text me at +1-280-109-6280,1
snap me at s-n-a-p devguy306,1
Does it come in other colors?,0
Does it come in other colors?,0
How soon can I get it?,0
Where do you ship from?,0
My Snapchat is ivan803,1
Nice product!,0
What’s the price?,0
What’s the price?,0
Message via email: eve38@test.org,1
C a l l   m e :   ( 9 4 3 )   2 8 8 - 0 7 6 3,1
Nice product!,0
This looks good.,0
WhatsApp me at +1-555-795-8479,1
Where do you ship from?,0
Do you have it in stock?,0
Does it come in other colors?,0
Message me on Signal: 2391763291,1
What’s the price?,0
This looks good.,0
Nice product!,0
What are the dimensions?,0
This looks good.,0
How soon can I get it?,0
Connect on LinkedIn (linkedin.com/in/john_doe),1
This looks good.,0
Where do you ship from?,0
I’m interested in this item.,0
Where do you ship from?,0
Do you have it in stock?,0
Where do you ship from?,0
What are the dimensions?,0
Can you show more photos?,0
hmu @ shopper188,1
How soon can I get it?,0
This looks good.,0
Can you show more photos?,0
This looks good.,0
"My contact is 555-204-5814, call me.",1
find me at user7188@example.com 😉,1
This looks good.,0
Where do you ship from?,0
Do you have it in stock?,0
Nice product!,0
Where do you ship from?,0
This looks good.,0
This looks good.,0
What are the dimensions?,0
How soon can I get it?,0
How soon can I get it?,0
DM me on Instagram: @bob766,1
What’s the price?,0
Does it come in other colors?,0
Where do you ship from?,0
What are the dimensions?,0
Here is my email: user6875@example.com,1
message me via g m a i l at user285@example.com,1
Where do you ship from?,0
What’s the price?,0
This looks good.,0
How soon can I get it?,0
What are the dimensions?,0
Hit me up on WhatsApp at 555-146-1679,1
Does it come in other colors?,0
Add me on Facebook (facebook.com/tech_lead),1
Where do you ship from?,0
I’m interested in this item.,0
This looks good.,0
Text me at (545) 908-9589,1
get in touch @ user8918@example.com,1
This looks good.,0
Text me at 555-512-2972 for more info.,1
Where do you ship from?,0
What are the dimensions?,0
C o n t a c t :   5 9 5 0 1 4 7 4 9 7,1
I’m interested in this item.,0
Can you show more photos?,0
Nice product!,0
Do you have it in stock?,0
My Snapchat is grace540,1
What are the dimensions?,0
Reach out on WhatsApp at +1-217-667-2495,1
I’m interested in this item.,0
Where do you ship from?,0
Does it come in other colors?,0
Can I have your email address?,1
Do you have it in stock?,0
get in touch @ user6107@example.com,1
What are the dimensions?,0
I’m interested in this item.,0
Snapchat me @ devguy924,1
Does it come in other colors?,0
Nice product!,0
Does it come in other colors?,0
Where do you ship from?,0
Where do you ship from?,0
Send me a DM on Facebook: facebook.com/john_doe,1
What’s the price?,0
What’s the price?,0
I’m interested in this item.,0
I’m interested in this item.,0
Where do you ship from?,0
Does it come in other colors?,0
Here is my email: user9752@example.com,1
Does it come in other colors?,0
What are the dimensions?,0
I’m interested in this item.,0
Reach out on WhatsApp at +1-641-274-5227,1
You can reach me at 555-323-3682,1
WhatsApp me at +1-555-289-5141,1
This looks good.,0
How soon can I get it?,0
What are the dimensions?,0
Nice product!,0
WhatsApp me at +1-555-240-3618,1
Where do you ship from?,0
Email me at judy77@mail.com,1
Where do you ship from?,0
message me via g m a i l at user29@example.com,1
Do you have it in stock?,0
I’m interested in this item.,0
Where do you ship from?,0
What are the dimensions?,0
Where do you ship from?,0
Can you show more photos?,0
This looks good.,0
How soon can I get it?,0
Connect on LinkedIn (linkedin.com/in/fashioneer),1
Do you have it in stock?,0
What are the dimensions?,0
What’s the price?,0
Where do you ship from?,0
Email me at user4818@example.com,1
What’s the price?,0
I’m interested in this item.,0
Can you show more photos?,0
Does it come in other colors?,0
What are the dimensions?,0
Text me at 780-276-9170,1
What’s the price?,0
t e l : +1-560-692-3443,1
Where do you ship from?,0
Do you have it in stock?,0
Nice product!,0
What’s the price?,0
This looks good.,0
Can you show more photos?,0
How soon can I get it?,0
Where do you ship from?,0
Can you show more photos?,0
How soon can I get it?,0
What’s the price?,0
What are the dimensions?,0
my email id is user1532@example.com,1
Nice product!,0
This looks good.,0
I’m interested in this item.,0
Do you have it in stock?,0
Reach out on WhatsApp at +1-140-882-4229,1
Where do you ship from?,0
get in touch @ user7204@example.com,1
Let's connect on LinkedIn: linkedin.com/in/best_pizza,1
What are the dimensions?,0
How soon can I get it?,0
What’s the price?,0
Can you show more photos?,0
Nice product!,0
d a v i d 3 2 @ m a i l . c o m,1
How soon can I get it?,0
What’s the price?,0
Nice product!,0
What’s the price?,0
Please email me at user1075@example.com,1
Message me on Snapchat: john_doe,1
Where do you ship from?,0
What’s the price?,0
My TikTok: @eve481,1
Message me on Signal: 1776783185,1
Can you show more photos?,0
Add me on WhatsApp: 555-982-9148,1
I’m interested in this item.,0
Find me on Facebook: https://facebook.com/judy348,1
Do you have it in stock?,0
How soon can I get it?,0
Does it come in other colors?,0
Does it come in other colors?,0
This looks good.,0
I’m interested in this item.,0
I’m interested in this item.,0
Does it come in other colors?,0
Can you show more photos?,0
How soon can I get it?,0
How soon can I get it?,0
Hit me up on WhatsApp at 555-605-9625,1
c   o   n   t   a   c   t   m   e   5 7 5 4 8 9 9 4 5 4,1
Message me on Snapchat: designer123,1
What’s the price?,0
What are the dimensions?,0
Does it come in other colors?,0
Does it come in other colors?,0
Where do you ship from?,0
Do you have it in stock?,0
Text me at +1-634-139-9445,1
Do you have it in stock?,0
How soon can I get it?,0
Can you show more photos?,0
Skype me at 0149005033,1
Can you show more photos?,0
Does it come in other colors?,0
How soon can I get it?,0
Nice product!,0
This looks good.,0
This looks good.,0
I’m interested in this item.,0
Nice product!,0
Does it come in other colors?,0
What are the dimensions?,0
My TikTok: @ivan560,1
Does it come in other colors?,0
Do you have it in stock?,0
Nice product!,0
Does it come in other colors?,0
Does it come in other colors?,0
Does it come in other colors?,0
Nice product!,0
How soon can I get it?,0
Do you have it in stock?,0
What’s the price?,0
What are the dimensions?,0
Mail me: heidi98@example.com,1
This looks good.,0
What are the dimensions?,0
wanna chat? +1-437-868-4210,1
Can you show more photos?,0
Where do you ship from?,0
C a l l   m e :   ( 4 1 6 )   9 4 6 - 5 5 0 1,1
What are the dimensions?,0
What are the dimensions?,0
"My contact is 555-550-9636, call me.",1
Do you have it in stock?,0
I’m interested in this item.,0
Does it come in other colors?,0
Where do you ship from?,0
Do you have it in stock?,0
Add me on WhatsApp: 555-343-3928,1
Does it come in other colors?,0
Does it come in other colors?,0
t e l : +1-814-144-5154,1
What’s the price?,0
Please email me at user6309@example.com,1
This looks good.,0
How soon can I get it?,0
my digits: +1-616-369-5751,1
This looks good.,0
I’m interested in this item.,0
I’m interested in this item.,0
Nice product!,0
How soon can I get it?,0
Can you show more photos?,0
Where do you ship from?,0
What are the dimensions?,0
What are the dimensions?,0
Nice product!,0
Nice product!,0
Contact: +1-980-638-7206,1
Do you have it in stock?,0
Nice product!,0
Where do you ship from?,0
I’m interested in this item.,0
This looks good.,0
How soon can I get it?,0
Do you have it in stock?,0
What’s the price?,0
Nice product!,0
What are the dimensions?,0
Can you show more photos?,0
I’m interested in this item.,0
Do you have it in stock?,0
How soon can I get it?,0
Do you have it in stock?,0
I’m interested in this item.,0
I’m interested in this item.,0
Where do you ship from?,0
What’s the price?,0
What’s the price?,0
Do you have it in stock?,0
Can you share your phone number so I can send you details?,1
What are the dimensions?,0
What are the dimensions?,0
This looks good.,0
Ping me on Telegram: @frank213,1
Does it come in other colors?,0
get in touch @ user8488@example.com,1
I’m interested in this item.,0
This looks good.,0
Nice product!,0
What are the dimensions?,0
What are the dimensions?,0
Do you have it in stock?,0
How soon can I get it?,0
What’s the price?,0
Can you show more photos?,0
Where do you ship from?,0
Do you have it in stock?,0
Does it come in other colors?,0
This looks good.,0
Where do you ship from?,0
Can you show more photos?,0
How soon can I get it?,0
What are the dimensions?,0
What’s the price?,0
This looks good.,0
My Snapchat is eve825,1
This looks good.,0
What’s the price?,0
This looks good.,0
Can you show more photos?,0
This looks good.,0
Can you show more photos?,0
Does it come in other colors?,0
What’s the price?,0
What are the dimensions?,0
Can you show more photos?,0
I’m interested in this item.,0
I’m interested in this item.,0
Here's my email: user7743@example.com,1
Can you show more photos?,0
I’m interested in this item.,0
I’m interested in this item.,0
Contact: +1-609-723-7270,1
DM me on Facebook: facebook.com/fashionista659,1
Do you have it in stock?,0
C o n t a c t :   ( 7 5 5 )   9 5 3 - 7 4 8 9,1
What’s the price?,0
How soon can I get it?,0
This looks good.,0
Message via email: david86@mail.com,1
Nice product!,0
Telegram me at +1 080 512 5251,1
Does it come in other colors?,0
Nice product!,0
Can you show more photos?,0
What’s the price?,0
What’s the price?,0
This looks good.,0
Text me at (181) 545-5660,1
What’s the price?,0
Where do you ship from?,0
What are the dimensions?,0
Can you show more photos?,0
Does it come in other colors?,0
What are the dimensions?,0
What are the dimensions?,0
wanna chat? +1-964-224-7652,1
Ping me on Telegram: @david848,1
My number is 401-500-5019,1
Please email me at user5576@example.com,1
How soon can I get it?,0
What are the dimensions?,0
What are the dimensions?,0
c   o   n   t   a   c   t   m   e   ( 9 3 3 )   5 3 1 - 7 9 0 1,1
Nice product!,0
Nice product!,0
What are the dimensions?,0
Where do you ship from?,0
This looks good.,0
What’s the price?,0
What are the dimensions?,0
What are the dimensions?,0
Nice product!,0
Here is my email: user5513@example.com,1
Can you show more photos?,0
You can reach me at 555-910-8764,1
This looks good.,0
What’s the price?,0
Where do you ship from?,0
This looks good.,0
hmu @ coolcat721,1
Nice product!,0
This looks good.,0
Message me on Snapchat: fashionguru,1
e m a i l m e @ user860@example.com,1
WhatsApp me at +1-555-228-5748,1
What are the dimensions?,0
Can you show more photos?,0
This looks good.,0
I’m interested in this item.,0
What are the dimensions?,0
This looks good.,0
Where do you ship from?,0
I’m interested in this item.,0
What’s the price?,0
What are the dimensions?,0
Can you show more photos?,0
Nice product!,0
Can I have your email address?,1
Nice product!,0
This looks good.,0
Can you show more photos?,0
Can you show more photos?,0
I’m interested in this item.,0
Nice product!,0
Do you have it in stock?,0
📧 user5525@example.com,1
"My contact is 555-879-5319, call me.",1
Where do you ship from?,0
Do you have it in stock?,0
Do you have it in stock?,0
Does it come in other colors?,0
Can you show more photos?,0
What’s the price?,0
I’m interested in this item.,0
Do you have it in stock?,0
Contact me via Telegram: @coolguy42,1
This looks good.,0
How soon can I get it?,0
C a l l   m e :   + 1   5 9 9   1 7 3   4 1 5 4,1
Does it come in other colors?,0
Where do you ship from?,0
Where do you ship from?,0
How soon can I get it?,0
This looks good.,0
What’s the price?,0
How soon can I get it?,0
What’s the price?,0
Where do you ship from?,0
Nice product!,0
Nice product!,0
Does it come in other colors?,0
Can you show more photos?,0
Nice product!,0
Call me at 8806189019,1
Can you show more photos?,0
C a l l   m e :   + 1   5 6 7   0 7 2   4 9 3 9,1
Reach out on WhatsApp at +1-700-125-1363,1
What are the dimensions?,0
I’m interested in this item.,0
Does it come in other colors?,0
Hit me up on WhatsApp at 555-597-2797,1
Nice product!,0
Can you show more photos?,0
g r a c e 7 3 @ m a i l . c o m,1
Can you show more photos?,0
This looks good.,0
Connect on LinkedIn (linkedin.com/in/designer123),1
This looks good.,0
get in touch @ user2324@example.com,1
Where do you ship from?,0
Email me at bob82@mail.com,1
Does it come in other colors?,0
This looks good.,0
This looks good.,0
Does it come in other colors?,0
What are the dimensions?,0
My WeChat ID is best_pizza,1
My number is 6759863749,1
Message me on Signal: +1 946 897 8701,1
This looks good.,0
my email id is user9015@example.com,1
What’s the price?,0
What are the dimensions?,0
This looks good.,0
Can you show more photos?,0
What are the dimensions?,0
Please email me at user5243@example.com,1
Nice product!,0
What are the dimensions?,0
How soon can I get it?,0
What’s the price?,0
get in touch @ user2433@example.com,1
Does it come in other colors?,0
My number is 8667715368,1
Can I have your email address?,1
How soon can I get it?,0
DM me on Instagram: @judy711,1
Does it come in other colors?,0
c o n t a c t : +1-763-237-9464,1
This looks good.,0
Does it come in other colors?,0
Snapchat me @ coolcat841,1
Can you show more photos?,0
This looks good.,0
What are the dimensions?,0
Follow me on Twitter: @frank521,1
Can you show more photos?,0
How soon can I get it?,0
Where do you ship from?,0
What are the dimensions?,0
Where do you ship from?,0
Does it come in other colors?,0
How soon can I get it?,0
Do you have it in stock?,0
My TikTok: @judy641,1
Does it come in other colors?,0
Reach me at (558) 465-8823,1
Text me at 555-891-3714 for more info.,1
Can you show more photos?,0
t e l : +1-286-378-7516,1
How soon can I get it?,0
Does it come in other colors?,0
Where do you ship from?,0
Where do you ship from?,0
c h a r l i e 8 3 @ e x a m p l e . c o m,1
Nice product!,0
This looks good.,0
What are the dimensions?,0
Nice product!,0
Nice product!,0
Nice product!,0
What are the dimensions?,0
I’m interested in this item.,0
Do you have it in stock?,0
How soon can I get it?,0
my digits: +1-953-681-9962,1
Where do you ship from?,0
Text me at 308-942-4675,1
What’s the price?,0
How soon can I get it?,0
Contact: +1-784-675-8962,1
Can you show more photos?,0
Does it come in other colors?,0
What’s the price?,0
What’s the price?,0
Email me at user2901@example.com,1
What are the dimensions?,0
Can you show more photos?,0
Email me at grace24@mail.com,1
What’s the price?,0
reach at t w o o o @example.com,1
Can you show more photos?,0
What are the dimensions?,0
What’s the price?,0
Nice product!,0
Nice product!,0
What are the dimensions?,0
Does it come in other colors?,0
Mail me: bob41@email.net,1
wanna chat? +1-595-246-9199,1
Do you have it in stock?,0
📧 user9277@example.com,1
I’m interested in this item.,0
Do you have it in stock?,0
What’s the price?,0
Where do you ship from?,0
Nice product!,0
Message me on Signal: 0202339184,1
How soon can I get it?,0
My WeChat ID is john_doe,1
Does it come in other colors?,0
DM me on Instagram: @frank239,1
Nice product!,0
Nice product!,0
Do you have it in stock?,0
Where do you ship from?,0
Can you show more photos?,0
DM me on Facebook: facebook.com/shopper381,1
Where do you ship from?,0
Call me at 878-086-6234,1
How soon can I get it?,0
How soon can I get it?,0
Nice product!,0
Do you have it in stock?,0
Nice product!,0
Follow me on Instagram @designer123 and DM.,1
I’m interested in this item.,0
Where do you ship from?,0
I’m interested in this item.,0
Nice product!,0
This looks good.,0
I’m interested in this item.,0
This looks good.,0
Where do you ship from?,0
How soon can I get it?,0
Where do you ship from?,0
I’m interested in this item.,0
How soon can I get it?,0
Do you have it in stock?,0
Can you show more photos?,0
This looks good.,0
What are the dimensions?,0
Can you show more photos?,0
Where do you ship from?,0
What are the dimensions?,0
Where do you ship from?,0
What are the dimensions?,0
What’s the price?,0
What’s the price?,0
Add me on WhatsApp: 555-544-3512,1
📱 +1-417-135-8089,1
I’m interested in this item.,0
"My contact is 555-775-3792, call me.",1
I’m interested in this item.,0
How soon can I get it?,0
This looks good.,0
What’s the price?,0
Where do you ship from?,0
Where do you ship from?,0
Does it come in other colors?,0
Where do you ship from?,0
my digits: +1-212-764-8540,1
How soon can I get it?,0
What are the dimensions?,0
I’m interested in this item.,0
Nice product!,0
"Email is user9705@example.com, reach out anytime.",1
C a l l   m e :   8 6 2 - 3 6 4 - 2 8 4 6,1
Does it come in other colors?,0
I’m interested in this item.,0
Can you show more photos?,0
How soon can I get it?,0
This looks good.,0
Please email me at user9341@example.com,1
Reach me at (639) 048-4843,1
Nice product!,0
Where do you ship from?,0
Do you have it in stock?,0
Do you have it in stock?,0
Where do you ship from?,0
Nice product!,0
Nice product!,0
What’s the price?,0
Let's connect on LinkedIn: https://linkedin.com/in/alice980,1
Email me at user906@example.com,1
What are the dimensions?,0
What are the dimensions?,0
Where do you ship from?,0
Can you show more photos?,0
Here is my email: user4258@example.com,1
This looks good.,0
📱 +1-157-677-9416,1
c   o   n   t   a   c   t   m   e   2 1 2 - 8 7 4 - 1 6 3 8,1
Follow me on Instagram @shopper99 and DM.,1
Nice product!,0
I’m interested in this item.,0
What are the dimensions?,0
Does it come in other colors?,0
Can you show more photos?,0
What are the dimensions?,0
b o b 6 6 @ t e s t . o r g,1
What are the dimensions?,0
Connect on LinkedIn (linkedin.com/in/coolcat434),1
How soon can I get it?,0
Hit me up on WhatsApp at +1-319-225-1476,1
What’s the price?,0
Contact: +1-611-697-4999,1
Do you have it in stock?,0
What’s the price?,0
Does it come in other colors?,0
Do you have it in stock?,0
Nice product!,0
I’m interested in this item.,0
What are the dimensions?,0
How soon can I get it?,0
Can you show more photos?,0
What’s the price?,0
Can you show more photos?,0
Do you have it in stock?,0
How soon can I get it?,0
Where do you ship from?,0
What are the dimensions?,0
Can you show more photos?,0
I’m interested in this item.,0
How soon can I get it?,0
Text me at 9886604753,1
Ping me on Telegram: @frank928,1
How soon can I get it?,0
What’s the price?,0
How soon can I get it?,0
Can you share your phone number so I can send you details?,1
What are the dimensions?,0
Does it come in other colors?,0
How soon can I get it?,0
What are the dimensions?,0
c o n t a c t : +1-256-187-9427,1
What are the dimensions?,0
Text me at 196-776-7458,1
fb.com/devguy27,1
Hit me up on WhatsApp at +1-533-296-6192,1
This looks good.,0
How soon can I get it?,0
Can you show more photos?,0
Do you have it in stock?,0
Does it come in other colors?,0
What’s the price?,0
This looks good.,0
Can you show more photos?,0
Contact via email: grace17@test.org,1
I’m interested in this item.,0
What are the dimensions?,0
How soon can I get it?,0
"My contact is 555-118-9201, call me.",1
Connect on LinkedIn (linkedin.com/in/john_doe),1
Contact me on Skype: charlie272,1
This looks good.,0
Does it come in other colors?,0
This looks good.,0
"Email is user8234@example.com, reach out anytime.",1
How soon can I get it?,0
Where do you ship from?,0
Can you show more photos?,0
This looks good.,0
find me at user678@example.com 😉,1
Can you show more photos?,0
I’m interested in this item.,0
What are the dimensions?,0
What are the dimensions?,0
My TikTok: @ivan338,1
What’s the price?,0
What’s the price?,0
Do you have it in stock?,0
I’m interested in this item.,0
Here is my email: user6924@example.com,1
This looks good.,0
This looks good.,0
d a v i d 7 @ e x a m p l e . c o m,1
Nice product!,0
Does it come in other colors?,0
How soon can I get it?,0
Nice product!,0
fb.com/shopper997,1
Nice product!,0
Ping me on Telegram: @bob358,1
Nice product!,0
Does it come in other colors?,0
How soon can I get it?,0
Where do you ship from?,0
Nice product!,0
What are the dimensions?,0
How soon can I get it?,0
This looks good.,0
I’m interested in this item.,0
Where do you ship from?,0
Can you show more photos?,0
What’s the price?,0
How soon can I get it?,0
Does it come in other colors?,0
Hit me up on WhatsApp at +1-413-410-6058,1
My Snapchat is bob38,1
Where do you ship from?,0
Where do you ship from?,0
Where do you ship from?,0
How soon can I get it?,0
I’m interested in this item.,0
What are the dimensions?,0
Can you show more photos?,0
Does it come in other colors?,0
Nice product!,0
Text me at +1 777 344 7630,1
I’m interested in this item.,0
Can you show more photos?,0
Where do you ship from?,0
This looks good.,0
Where do you ship from?,0
Does it come in other colors?,0
What are the dimensions?,0
This looks good.,0
Can you show more photos?,0
This looks good.,0
Where do you ship from?,0
Where do you ship from?,0
Where do you ship from?,0
Ping me on Telegram: @alice357,1
Reach me at +1 606 240 6054,1
hmu @ coolcat157,1
This looks good.,0
Message me on Snapchat: shop_owner,1
What are the dimensions?,0
What are the dimensions?,0
Where do you ship from?,0
DM me on Facebook: facebook.com/devguy425,1
Where do you ship from?,0
DM me on Instagram @coolguy42,1
Can you show more photos?,0
How soon can I get it?,0
📧 user150@example.com,1
Do you have it in stock?,0
Can you show more photos?,0
"Email is user6355@example.com, reach out anytime.",1
What’s the price?,0
What’s the price?,0
Nice product!,0
Nice product!,0
Nice product!,0
Nice product!,0
Does it come in other colors?,0
How soon can I get it?,0
WhatsApp me at +1-555-931-8594,1
This looks good.,0
Nice product!,0
Does it come in other colors?,0
What are the dimensions?,0
Where do you ship from?,0
Can you show more photos?,0
What are the dimensions?,0
snap me at s-n-a-p shopper319,1
Email me at grace48@example.com,1
This looks good.,0
Nice product!,0
Snapchat me @ shopper813,1
Contact via email: grace72@mail.com,1
Follow me on Instagram @shopper99 and DM.,1
DM me on Instagram @shopper99,1
Nice product!,0
Where do you ship from?,0
This looks good.,0
Can you show more photos?,0
How soon can I get it?,0
Can you show more photos?,0
What are the dimensions?,0
C a l l   m e :   0 4 2 - 9 6 9 - 4 7 8 5,1
DM me on Facebook: facebook.com/fashionista669,1
Nice product!,0
Send me a DM on Facebook: facebook.com/best_pizza,1
How soon can I get it?,0
Does it come in other colors?,0
Does it come in other colors?,0
I’m interested in this item.,0
What are the dimensions?,0
I’m interested in this item.,0
Nice product!,0
Mail me: david89@example.com,1
Can you show more photos?,0
Can you show more photos?,0
This looks good.,0
What’s the price?,0
Where do you ship from?,0
Do you have it in stock?,0
What’s the price?,0
What are the dimensions?,0
Nice product!,0
How soon can I get it?,0
What’s the price?,0
telegram: t dot me slash fashionista855,1
How soon can I get it?,0
Do you have it in stock?,0
I’m interested in this item.,0
What’s the price?,0
Do you have it in stock?,0
Can you show more photos?,0
Contact via email: bob97@email.net,1
How soon can I get it?,0
What are the dimensions?,0
I’m interested in this item.,0
What’s the price?,0
Message via email: eve3@test.org,1
What’s the price?,0
My number is 825-481-2548,1
Nice product!,0
I’m interested in this item.,0
My WeChat ID is fashioneer,1
You can reach me at +1-900-646-9938,1
Can I have your email address?,1
How soon can I get it?,0
What’s the price?,0
Nice product!,0
Where do you ship from?,0
I’m interested in this item.,0
Can you show more photos?,0
Do you have it in stock?,0
This looks good.,0
My TikTok: @charlie796,1
Do you have it in stock?,0
You can reach me at +1-472-237-8170,1
Does it come in other colors?,0
Where do you ship from?,0
Add me on WhatsApp: +1 313 071 6202,1
Nice product!,0
telegram: t dot me slash coolcat293,1
Message me on Signal: 9809105709,1
How soon can I get it?,0
What’s the price?,0
This looks good.,0
What’s the price?,0
Nice product!,0
Reach out on WhatsApp at +1-646-128-7115,1
Message via email: ivan69@email.net,1
I’m interested in this item.,0
Find me on Facebook: https://facebook.com/ivan571,1
What’s the price?,0
Do you have it in stock?,0
This looks good.,0
Nice product!,0
What are the dimensions?,0
Can you show more photos?,0
Where do you ship from?,0
Can you show more photos?,0
I’m interested in this item.,0
Can you show more photos?,0
Nice product!,0
Where do you ship from?,0
Reach me at (752) 884-8954,1
I’m interested in this item.,0
What’s the price?,0
Add me on WhatsApp: 555-202-1957,1
This looks good.,0
Connect on LinkedIn (linkedin.com/in/shop_owner),1
Can you show more photos?,0
Where do you ship from?,0
Can you show more photos?,0
"My contact is 555-770-7661, call me.",1
How soon can I get it?,0
Email me at user6002@example.com,1
Nice product!,0
What’s the price?,0
Text me at +1-751-878-7133,1
My number is 6979000103,1
I’m interested in this item.,0
This looks good.,0
Can you show more photos?,0
Can you show more photos?,0
Nice product!,0
Where do you ship from?,0
"My contact is 555-227-3857, call me.",1
"My contact is 555-912-3372, call me.",1
DM me on Facebook: facebook.com/devguy102,1
Can you show more photos?,0
Snapchat me @ shopper832,1
How soon can I get it?,0
Ping me on Telegram: @frank917,1
Does it come in other colors?,0
Where do you ship from?,0
"My contact is 555-354-2071, call me.",1
snap me at s-n-a-p coolcat747,1
DM me on Facebook: facebook.com/fashionista475,1
Does it come in other colors?,0
What’s the price?,0
What are the dimensions?,0
What are the dimensions?,0
Does it come in other colors?,0
Does it come in other colors?,0
Can you show more photos?,0
This looks good.,0
What’s the price?,0
h e i d i 3 8 @ e m a i l . n e t,1
Add me on WhatsApp: (131) 716-6109,1
Hit me up on WhatsApp at +1-734-655-7517,1
Connect on LinkedIn (linkedin.com/in/jane.smith),1
I’m interested in this item.,0
This looks good.,0
How soon can I get it?,0
Do you have it in stock?,0
What’s the price?,0
Contact me on Skype: eve891,1
Can you show more photos?,0
Do you have it in stock?,0
Does it come in other colors?,0
This looks good.,0
Nice product!,0
Do you have it in stock?,0
How soon can I get it?,0
c o n t a c t : +1-457-211-1115,1
What’s the price?,0
How soon can I get it?,0
Do you have it in stock?,0
Nice product!,0
Nice product!,0
What’s the price?,0
Where do you ship from?,0
Where do you ship from?,0
Do you have it in stock?,0
How soon can I get it?,0
Where do you ship from?,0
Where do you ship from?,0
I’m interested in this item.,0
Where do you ship from?,0
How soon can I get it?,0
This looks good.,0
Message me on Snapchat: fashioneer,1
Do you have it in stock?,0
Nice product!,0
you can DM me at coolcat982 on Insta,1
c   o   n   t   a   c   t   m   e   1 0 3 - 0 4 5 - 5 5 3 0,1
How soon can I get it?,0
What are the dimensions?,0
find me at user4371@example.com 😉,1
How soon can I get it?,0
Where do you ship from?,0
Where do you ship from?,0
Nice product!,0
Do you have it in stock?,0
Can you share your phone number so I can send you details?,1
You can reach me at +1-148-691-1159,1
Can you show more photos?,0
What are the dimensions?,0
Can you show more photos?,0
Call me at (388) 234-0468,1
This looks good.,0
"Email is user8157@example.com, reach out anytime.",1
How soon can I get it?,0
Nice product!,0
Does it come in other colors?,0
Do you have it in stock?,0
Do you have it in stock?,0
What are the dimensions?,0
Do you have it in stock?,0
What are the dimensions?,0
Follow me on Instagram @fashioneer and DM.,1
Contact: +1-983-410-1278,1
I’m interested in this item.,0
Nice product!,0
Can you show more photos?,0
I’m interested in this item.,0
I’m interested in this item.,0
Where do you ship from?,0
my digits: +1-603-901-3284,1
This looks good.,0
Does it come in other colors?,0
Does it come in other colors?,0
You can reach me at 555-627-1018,1
Can I have your email address?,1
I’m interested in this item.,0
Can you show more photos?,0
Do you have it in stock?,0
How soon can I get it?,0
Nice product!,0
Does it come in other colors?,0
Can you show more photos?,0
e m a i l m e @ user1139@example.com,1
Can you show more photos?,0
t e l : +1-202-641-6491,1
Nice product!,0
This looks good.,0
you can DM me at shopper796 on Insta,1
my email id is user2423@example.com,1
What are the dimensions?,0
📱 +1-733-998-5879,1
Where do you ship from?,0
Does it come in other colors?,0
What’s the price?,0
What are the dimensions?,0
This looks good.,0
my email id is user8805@example.com,1
Do you have it in stock?,0
What are the dimensions?,0
Contact me on Skype: grace499,1
I’m interested in this item.,0
This looks good.,0
How soon can I get it?,0
Does it come in other colors?,0
Call me at 5666527925,1
Can you show more photos?,0
Message me at user598@example.com,1
Do you have it in stock?,0
What are the dimensions?,0
Find me on Facebook: https://facebook.com/alice650,1
"My contact is 555-548-5311, call me.",1
What’s the price?,0
Do you have it in stock?,0
Can you show more photos?,0
What are the dimensions?,0
my email id is user2825@example.com,1
Does it come in other colors?,0
Follow me on Twitter: @grace593,1
Mail me: bob95@email.net,1
fb.com/devguy234,1
Can you show more photos?,0
I’m interested in this item.,0
I’m interested in this item.,0
Nice product!,0
I’m interested in this item.,0
My Snapchat is charlie591,1
snap me at s-n-a-p devguy838,1
Can you show more photos?,0
Reach out on WhatsApp at +1-406-848-8882,1
What’s the price?,0
What’s the price?,0
This looks good.,0
What’s the price?,0
What’s the price?,0
Nice product!,0
Can you show more photos?,0
Where do you ship from?,0
Does it come in other colors?,0
Email me at alice79@example.com,1
Contact me via Telegram: @coolguy42,1
Where do you ship from?,0
My TikTok: @alice712,1
Nice product!,0
This looks good.,0
I’m interested in this item.,0
Do you have it in stock?,0
Can you show more photos?,0
get in touch @ user828@example.com,1
I’m interested in this item.,0
Can you show more photos?,0
I’m interested in this item.,0
This looks good.,0
This looks good.,0
c   o   n   t   a   c   t   m   e   8 9 6 8 9 4 1 9 7 1,1
This looks good.,0
my digits: +1-376-758-1697,1
Can you share your phone number so I can send you details?,1
I’m interested in this item.,0
Can you show more photos?,0
find me at user4315@example.com 😉,1
What’s the price?,0
Message me on Signal: 0925410392,1
Reach me at 681-292-3989,1
reach at t w o o o @example.com,1
Do you have it in stock?,0
What’s the price?,0
This looks good.,0
Nice product!,0
What’s the price?,0
I’m interested in this item.,0
Does it come in other colors?,0
Where do you ship from?,0
Let's connect on LinkedIn: https://linkedin.com/in/charlie801,1
Does it come in other colors?,0
I’m interested in this item.,0
What are the dimensions?,0
Where do you ship from?,0
Do you have it in stock?,0
Can you show more photos?,0
Connect on LinkedIn (linkedin.com/in/coolcat943),1
What’s the price?,0
DM me on Facebook: facebook.com/fashionista958,1
Contact me via Telegram: @jane.smith,1
Where do you ship from?,0
Can you show more photos?,0
Does it come in other colors?,0
Does it come in other colors?,0
Nice product!,0
Snapchat me @ shopper992,1
Where do you ship from?,0
Contact: +1-745-311-5371,1
What are the dimensions?,0
Where do you ship from?,0
What are the dimensions?,0
What’s the price?,0
Can you show more photos?,0
What’s the price?,0
Here's my email: user2845@example.com,1
hmu @ shopper506,1
Does it come in other colors?,0
Can you show more photos?,0
Do you have it in stock?,0
Can you show more photos?,0
telegram: t dot me slash devguy369,1
Does it come in other colors?,0
This looks good.,0
Can you show more photos?,0
How soon can I get it?,0
Does it come in other colors?,0
Where do you ship from?,0
Do you have it in stock?,0
Here is my email: user9810@example.com,1
I’m interested in this item.,0
Nice product!,0
Can you show more photos?,0
Can you show more photos?,0
This looks good.,0
Does it come in other colors?,0
Call me at (575) 790-2393,1
Please email me at user7400@example.com,1
What’s the price?,0
Does it come in other colors?,0
Do you have it in stock?,0
What’s the price?,0
Message via email: judy66@email.net,1
Where do you ship from?,0
Where do you ship from?,0
What’s the price?,0
Here's my email: user4426@example.com,1
My number is 2972010997,1
Where do you ship from?,0
What are the dimensions?,0
What are the dimensions?,0
Add me on Facebook (facebook.com/best_pizza),1
Does it come in other colors?,0
Here is my email: user2597@example.com,1
Nice product!,0
What are the dimensions?,0
Nice product!,0
Where do you ship from?,0
hmu @ coolcat279,1
Can you show more photos?,0
Does it come in other colors?,0
Do you have it in stock?,0
Follow me on Instagram @designer123 and DM.,1
Connect on LinkedIn (linkedin.com/in/shop_owner),1
Message me on Snapchat: coolguy42,1
Do you have it in stock?,0
I’m interested in this item.,0
How soon can I get it?,0
Does it come in other colors?,0
Do you have it in stock?,0
Where do you ship from?,0
Contact me via Telegram: @tech_lead,1
Let's connect on LinkedIn: linkedin.com/in/coolguy42,1
C a l l   m e :   ( 1 9 7 )   1 0 4 - 6 9 9 2,1
Can you show more photos?,0
I’m interested in this item.,0
What are the dimensions?,0
DM me on Instagram @jane.smith,1
Where do you ship from?,0
I’m interested in this item.,0
Nice product!,0
Nice product!,0
Does it come in other colors?,0
This looks good.,0
Call me at +1 240 529 2763,1
How soon can I get it?,0
Does it come in other colors?,0
Please email me at user8081@example.com,1
Can you show more photos?,0
Contact me on Skype: heidi536,1
This looks good.,0
My Snapchat is judy7,1
What are the dimensions?,0
my digits: +1-604-346-9363,1
Does it come in other colors?,0
What’s the price?,0
Where do you ship from?,0
c   o   n   t   a   c   t   m   e   8 8 3 9 3 6 2 4 9 4,1
Can you share your phone number so I can send you details?,1
This looks good.,0
What’s the price?,0
Can you show more photos?,0
This looks good.,0
What are the dimensions?,0
Send me a DM on Facebook: facebook.com/coolguy42,1
Do you have it in stock?,0
How soon can I get it?,0
t e l : +1-443-473-5298,1
Message me on Signal: 6861628141,1
Does it come in other colors?,0
Does it come in other colors?,0
DM me on Instagram: @frank620,1
Where do you ship from?,0
What’s the price?,0
What are the dimensions?,0
I’m interested in this item.,0
What are the dimensions?,0
Text me at +1-625-636-4880,1
Where do you ship from?,0
DM me on Facebook: facebook.com/devguy222,1
Can you show more photos?,0
This looks good.,0
Add me on WhatsApp: 555-632-5061,1
Does it come in other colors?,0
Do you have it in stock?,0
Where do you ship from?,0
Do you have it in stock?,0
Does it come in other colors?,0
Where do you ship from?,0
I’m interested in this item.,0
What’s the price?,0
Ping me on Telegram: @bob702,1
What’s the price?,0
What’s the price?,0
c o n t a c t : +1-183-993-7371,1
I’m interested in this item.,0
"My contact is 555-927-1804, call me.",1
How soon can I get it?,0
Where do you ship from?,0
Does it come in other colors?,0
Does it come in other colors?,0
How soon can I get it?,0
DM me on Instagram: @eve258,1
What’s the price?,0
How soon can I get it?,0
What’s the price?,0
Can you show more photos?,0
My TikTok: @ivan659,1
What’s the price?,0
Here is my email: user9091@example.com,1
Can I have your email address?,1
Can you show more photos?,0
What are the dimensions?,0
Can you show more photos?,0
How soon can I get it?,0
This looks good.,0
Where do you ship from?,0
snap me at s-n-a-p fashionista387,1
This looks good.,0
"My contact is 555-259-1240, call me.",1
Contact via email: david27@mail.com,1
c   o   n   t   a   c   t   m   e   0 5 4 - 5 4 2 - 4 6 3 2,1
What’s the price?,0
Do you have it in stock?,0
What’s the price?,0
What’s the price?,0
Where do you ship from?,0
C a l l   m e :   6 0 3 - 5 1 7 - 4 8 0 1,1
Does it come in other colors?,0
What’s the price?,0
📱 +1-296-847-1899,1
my digits: +1-156-112-3455,1
Where do you ship from?,0
This looks good.,0
What are the dimensions?,0
This looks good.,0
I’m interested in this item.,0
What are the dimensions?,0
How soon can I get it?,0
How soon can I get it?,0
This looks good.,0
Does it come in other colors?,0
Does it come in other colors?,0
Connect on LinkedIn (linkedin.com/in/shop_owner),1
How soon can I get it?,0
How soon can I get it?,0
This looks good.,0
This looks good.,0
This looks good.,0
What are the dimensions?,0
What’s the price?,0
This looks good.,0
How soon can I get it?,0
Nice product!,0
Do you have it in stock?,0
How soon can I get it?,0
Can you show more photos?,0
What’s the price?,0
Here's my email: user8359@example.com,1
My WeChat ID is fashioneer,1
What are the dimensions?,0
This looks good.,0
What’s the price?,0
Does it come in other colors?,0
This looks good.,0
How soon can I get it?,0
What’s the price?,0
Does it come in other colors?,0
Mail me: ivan27@example.com,1
Where do you ship from?,0
Connect on LinkedIn (linkedin.com/in/best_pizza),1
How soon can I get it?,0
I’m interested in this item.,0
Do you have it in stock?,0
Can you show more photos?,0
What’s the price?,0
What are the dimensions?,0
How soon can I get it?,0
What’s the price?,0
How soon can I get it?,0
What are the dimensions?,0
Do you have it in stock?,0
What’s the price?,0
Can you show more photos?,0
What are the dimensions?,0
Find me on Facebook: https://facebook.com/ivan179,1
Does it come in other colors?,0
Text me at +1 606 309 3998,1
Where do you ship from?,0
What are the dimensions?,0
Add me on WhatsApp: 598-318-6641,1
Hit me up on WhatsApp at +1-327-125-7974,1
Add me on WhatsApp: 555-365-2380,1
Do you have it in stock?,0
Find me on Facebook: https://facebook.com/grace648,1
Nice product!,0
Nice product!,0
What’s the price?,0
Contact me via Telegram: @tech_lead,1
How soon can I get it?,0
wanna chat? +1-444-359-1770,1
Does it come in other colors?,0
Can you share your phone number so I can send you details?,1
Nice product!,0
Where do you ship from?,0
Can you show more photos?,0
How soon can I get it?,0
Reach me at +1 909 830 5627,1
Does it come in other colors?,0
I’m interested in this item.,0
How soon can I get it?,0
I’m interested in this item.,0
Nice product!,0
Where do you ship from?,0
Can you show more photos?,0
Do you have it in stock?,0
Contact me on Skype: ivan883,1
my digits: +1-420-781-2813,1
Contact via email: bob5@mail.com,1
What are the dimensions?,0
Where do you ship from?,0
Can you show more photos?,0
I’m interested in this item.,0
Do you have it in stock?,0
Does it come in other colors?,0
Where do you ship from?,0
This looks good.,0
How soon can I get it?,0
This looks good.,0
Does it come in other colors?,0
Nice product!,0
My Snapchat is judy989,1
What are the dimensions?,0
What are the dimensions?,0
Can you show more photos?,0
Nice product!,0
Does it come in other colors?,0
Nice product!,0
Here is my email: user6784@example.com,1
Where do you ship from?,0
Email me at frank50@email.net,1
Contact me via Telegram: @tech_lead,1
How soon can I get it?,0
Does it come in other colors?,0
I’m interested in this item.,0
What are the dimensions?,0
Where do you ship from?,0
What’s the price?,0
Does it come in other colors?,0
My Snapchat is alice832,1
Where do you ship from?,0
I’m interested in this item.,0
How soon can I get it?,0
Nice product!,0
Nice product!,0
Where do you ship from?,0
e m a i l m e @ user3686@example.com,1
Mail me: david76@example.com,1
"Email is user2169@example.com, reach out anytime.",1
How soon can I get it?,0
Can you show more photos?,0
Does it come in other colors?,0
What are the dimensions?,0
What’s the price?,0
I’m interested in this item.,0
Where do you ship from?,0
Can you show more photos?,0
How soon can I get it?,0
Text me at 555-349-3889 for more info.,1
Send me a DM on Facebook: facebook.com/coolguy42,1
What are the dimensions?,0
Does it come in other colors?,0
Do you have it in stock?,0
Where do you ship from?,0
This looks good.,0
Does it come in other colors?,0
How soon can I get it?,0
Can you show more photos?,0
Where do you ship from?,0
This looks good.,0
What are the dimensions?,0
Can you show more photos?,0
How soon can I get it?,0
What are the dimensions?,0
How soon can I get it?,0
What’s the price?,0
Where do you ship from?,0
Follow me on Twitter: @charlie593,1
What’s the price?,0
This looks good.,0
Where do you ship from?,0
snap me at s-n-a-p devguy374,1
How soon can I get it?,0
c o n t a c t : +1-265-346-7922,1
Do you have it in stock?,0
Connect on LinkedIn (linkedin.com/in/devguy921),1
Does it come in other colors?,0
Nice product!,0
What’s the price?,0
Do you have it in stock?,0
Does it come in other colors?,0
What’s the price?,0
Can you show more photos?,0
Where do you ship from?,0
What’s the price?,0
Do you have it in stock?,0
Do you have it in stock?,0
I’m interested in this item.,0
What’s the price?,0
What are the dimensions?,0
Can you show more photos?,0
you can DM me at shopper839 on Insta,1
I’m interested in this item.,0
What are the dimensions?,0
How soon can I get it?,0
How soon can I get it?,0
Where do you ship from?,0
Do you have it in stock?,0
Can you show more photos?,0
Email me at ivan13@test.org,1
I’m interested in this item.,0
What are the dimensions?,0
e m a i l m e @ user7726@example.com,1
Email me at ivan40@email.net,1
Do you have it in stock?,0
Do you have it in stock?,0
📱 +1-740-560-2585,1
t e l : +1-564-800-2430,1
What are the dimensions?,0
Let's connect on LinkedIn: https://linkedin.com/in/heidi833,1
Do you have it in stock?,0
Can you show more photos?,0
Does it come in other colors?,0
I’m interested in this item.,0
I’m interested in this item.,0
DM me on Instagram @jane.smith,1
Can you show more photos?,0
my email id is user3476@example.com,1
What are the dimensions?,0
Do you have it in stock?,0
I’m interested in this item.,0
What’s the price?,0
Reach out on WhatsApp at +1-550-800-5722,1
Do you have it in stock?,0
What are the dimensions?,0
📧 user3014@example.com,1
t e l : +1-945-432-3145,1
What are the dimensions?,0
Does it come in other colors?,0
Where do you ship from?,0
Do you have it in stock?,0
Do you have it in stock?,0
Where do you ship from?,0
get in touch @ user8867@example.com,1
Where do you ship from?,0
Follow me on Instagram @tech_lead and DM.,1
Do you have it in stock?,0
This looks good.,0
WhatsApp me at +1-555-321-7295,1
Do you have it in stock?,0
Mail me: alice41@mail.com,1
I’m interested in this item.,0
How soon can I get it?,0
What are the dimensions?,0
Let's connect on LinkedIn: linkedin.com/in/jane.smith,1
This looks good.,0
Where do you ship from?,0
Follow me on Twitter: @judy600,1
How soon can I get it?,0
How soon can I get it?,0
What’s the price?,0
Does it come in other colors?,0
Does it come in other colors?,0
Does it come in other colors?,0
I’m interested in this item.,0
What are the dimensions?,0
What are the dimensions?,0
This looks good.,0
What’s the price?,0
Where do you ship from?,0
Can you show more photos?,0
DM me on Instagram @shop_owner,1
What’s the price?,0
Do you have it in stock?,0
I’m interested in this item.,0
DM me on Instagram @tech_lead,1
Does it come in other colors?,0
Send me a DM on Facebook: facebook.com/john_doe,1
you can DM me at coolcat612 on Insta,1
Nice product!,0
Nice product!,0
Can you show more photos?,0
Where do you ship from?,0
How soon can I get it?,0
What are the dimensions?,0
Where do you ship from?,0
Does it come in other colors?,0
What are the dimensions?,0
"My contact is 555-947-2582, call me.",1
Where do you ship from?,0
What are the dimensions?,0
How soon can I get it?,0
Where do you ship from?,0
t e l : +1-549-281-2103,1
Where do you ship from?,0
get in touch @ user3216@example.com,1
I’m interested in this item.,0
My Snapchat is alice143,1
This looks good.,0
Do you have it in stock?,0
I’m interested in this item.,0
Nice product!,0
Where do you ship from?,0
my digits: +1-662-518-8063,1
Do you have it in stock?,0
Where do you ship from?,0
Reach me at +1 041 521 9245,1
You can reach me at 555-297-5518,1
you can DM me at fashionista406 on Insta,1
This looks good.,0
Follow me on Twitter: @eve793,1
What’s the price?,0
Do you have it in stock?,0
Can you show more photos?,0
What are the dimensions?,0
Contact via email: frank26@email.net,1
Nice product!,0
I’m interested in this item.,0
Text me at 555-159-3434 for more info.,1
Where do you ship from?,0
Can you show more photos?,0
Email me at ivan38@example.com,1
Hit me up on WhatsApp at +1-798-841-6167,1
What are the dimensions?,0
Text me at +1-240-253-2710,1
📧 user4568@example.com,1
📧 user7933@example.com,1
Where do you ship from?,0
How soon can I get it?,0
Does it come in other colors?,0
What are the dimensions?,0
I’m interested in this item.,0
I’m interested in this item.,0
Text me at +1-534-486-5933,1
This looks good.,0
Call me at 751-479-2560,1
I’m interested in this item.,0
What’s the price?,0
Do you have it in stock?,0
DM me on Instagram @designer123,1
My WeChat ID is shopper99,1
What are the dimensions?,0
Can you show more photos?,0
What are the dimensions?,0
What’s the price?,0
my email id is user8312@example.com,1
Follow me on Instagram @jane.smith and DM.,1
Follow me on Twitter: @heidi531,1
Nice product!,0
This looks good.,0
How soon can I get it?,0
What are the dimensions?,0
Do you have it in stock?,0
Does it come in other colors?,0
Send me a DM on Facebook: facebook.com/john_doe,1
snap me at s-n-a-p fashionista314,1
Where do you ship from?,0
Can you show more photos?,0
Can you show more photos?,0
Add me on WhatsApp: 555-712-9235,1
Email me at user7405@example.com,1
Can you show more photos?,0
What’s the price?,0
How soon can I get it?,0
Where do you ship from?,0
Nice product!,0
Hit me up on WhatsApp at +1-109-269-6792,1
Where do you ship from?,0
Message via email: david33@test.org,1
Contact me via Telegram: @tech_lead,1
This looks good.,0
What are the dimensions?,0
Does it come in other colors?,0
WhatsApp me at +1-555-338-7019,1
Does it come in other colors?,0
How soon can I get it?,0
What’s the price?,0
Where do you ship from?,0
What are the dimensions?,0
Message me on Signal: (812) 787-1133,1
I’m interested in this item.,0
How soon can I get it?,0
I’m interested in this item.,0
📧 user6391@example.com,1
What are the dimensions?,0
Hit me up on WhatsApp at +1-706-882-8732,1
How soon can I get it?,0
Do you have it in stock?,0
Where do you ship from?,0
This looks good.,0
telegram: t dot me slash fashionista555,1
Do you have it in stock?,0
Follow me on Twitter: @charlie735,1
Can you show more photos?,0
Can you show more photos?,0
How soon can I get it?,0
How soon can I get it?,0
What’s the price?,0
Do you have it in stock?,0
Where do you ship from?,0
my email id is user1120@example.com,1
Do you have it in stock?,0
Let's connect on LinkedIn: linkedin.com/in/best_pizza,1
How soon can I get it?,0
I’m interested in this item.,0
Do you have it in stock?,0
Follow me on Twitter: @david340,1
What’s the price?,0
What are the dimensions?,0
Nice product!,0
This looks good.,0
DM me on Facebook: facebook.com/coolcat942,1
📱 +1-372-914-7523,1
What are the dimensions?,0
Message via email: heidi17@email.net,1
fb.com/devguy515,1
Do you have it in stock?,0
Does it come in other colors?,0
How soon can I get it?,0
This looks good.,0
Do you have it in stock?,0
Do you have it in stock?,0
Can you show more photos?,0
This looks good.,0
This looks good.,0
This looks good.,0
Where do you ship from?,0
What’s the price?,0
e m a i l m e @ user7806@example.com,1
Does it come in other colors?,0
DM me on Instagram @fashioneer,1
WhatsApp me at +1-555-344-3249,1
What are the dimensions?,0
What’s the price?,0
Nice product!,0
What are the dimensions?,0
What are the dimensions?,0
Does it come in other colors?,0
What are the dimensions?,0
Email me at ivan57@mail.com,1
What’s the price?,0
Where do you ship from?,0
Does it come in other colors?,0
This looks good.,0
What are the dimensions?,0
What’s the price?,0
a l i c e 9 2 @ m a i l . c o m,1
How soon can I get it?,0
my email id is user4217@example.com,1
Do you have it in stock?,0
Does it come in other colors?,0
Does it come in other colors?,0
Does it come in other colors?,0
How soon can I get it?,0
Nice product!,0
Does it come in other colors?,0
Where do you ship from?,0
Snapchat me @ fashionista882,1
Does it come in other colors?,0
How soon can I get it?,0
Nice product!,0
Where do you ship from?,0
Messenger me at (434) 257-3576,1
Nice product!,0
Nice product!,0
I’m interested in this item.,0
Do you have it in stock?,0
What’s the price?,0
Do you have it in stock?,0
Can you show more photos?,0
Does it come in other colors?,0
How soon can I get it?,0
Text me at 1596997706,1
WhatsApp me at +1-555-240-3618,1
Do you have it in stock?,0
I’m interested in this item.,0
How soon can I get it?,0
Where do you ship from?,0
Can you show more photos?,0
What are the dimensions?,0
I’m interested in this item.,0
You can reach me at +1-563-542-4255,1
What are the dimensions?,0
reach at t w o o o @example.com,1
What’s the price?,0
I’m interested in this item.,0
Nice product!,0
Can you show more photos?,0
Message via email: ivan96@email.net,1
This looks good.,0
Do you have it in stock?,0
Where do you ship from?,0
This looks good.,0
Contact me via Telegram: @coolguy42,1
Where do you ship from?,0
find me at user7473@example.com 😉,1
Do you have it in stock?,0
Can you show more photos?,0
Send me a DM on Facebook: facebook.com/jane.smith,1
Connect on LinkedIn (linkedin.com/in/fashionguru),1
I’m interested in this item.,0
What’s the price?,0
Can you show more photos?,0
This looks good.,0
What’s the price?,0
Does it come in other colors?,0
Do you have it in stock?,0
Where do you ship from?,0
I’m interested in this item.,0
How soon can I get it?,0
How soon can I get it?,0
I’m interested in this item.,0
Add me on Facebook (facebook.com/jane.smith),1
What’s the price?,0
Follow me on Twitter: @judy581,1
What are the dimensions?,0
My TikTok: @grace142,1
Can you show more photos?,0
This looks good.,0
How soon can I get it?,0
Does it come in other colors?,0
Where do you ship from?,0
This looks good.,0
This looks good.,0
This looks good.,0
Do you have it in stock?,0
Does it come in other colors?,0
Does it come in other colors?,0
Can you show more photos?,0
I’m interested in this item.,0
I’m interested in this item.,0
What are the dimensions?,0
Add me on Facebook (facebook.com/john_doe),1
Text me at +1-198-490-9562,1
Follow me on Twitter: @heidi182,1
How soon can I get it?,0
Nice product!,0
DM me on Instagram: @bob773,1
Do you have it in stock?,0
Nice product!,0
How soon can I get it?,0
Where do you ship from?,0
Nice product!,0
Does it come in other colors?,0
What are the dimensions?,0
How soon can I get it?,0
What’s the price?,0
How soon can I get it?,0
C a l l   m e :   ( 9 9 4 )   4 4 5 - 4 4 4 6,1
WhatsApp me at +1-555-281-9993,1
Where do you ship from?,0
get in touch @ user7667@example.com,1
Nice product!,0
Where do you ship from?,0
I’m interested in this item.,0
Do you have it in stock?,0
What’s the price?,0
Do you have it in stock?,0
Contact: +1-395-508-9605,1
I’m interested in this item.,0
How soon can I get it?,0
Does it come in other colors?,0
t e l : +1-825-668-6348,1
"My contact is 555-354-3824, call me.",1
Where do you ship from?,0
Does it come in other colors?,0
What are the dimensions?,0
Does it come in other colors?,0
C o n t a c t :   7 2 5 - 2 4 8 - 5 7 5 5,1
My Snapchat is frank66,1
Where do you ship from?,0
Does it come in other colors?,0
Can you show more photos?,0
Do you have it in stock?,0
Where do you ship from?,0
my email id is user4680@example.com,1
What’s the price?,0
Find me on Facebook: https://facebook.com/heidi71,1
What’s the price?,0
What are the dimensions?,0
Does it come in other colors?,0
I’m interested in this item.,0
Do you have it in stock?,0
Does it come in other colors?,0
message me via g m a i l at user6032@example.com,1
What are the dimensions?,0
Contact me on Skype: david645,1
Nice product!,0
What are the dimensions?,0
Where do you ship from?,0
Can you show more photos?,0
Do you have it in stock?,0
"Email is user2672@example.com, reach out anytime.",1
What are the dimensions?,0
What are the dimensions?,0
How soon can I get it?,0
Does it come in other colors?,0
What’s the price?,0
Does it come in other colors?,0
This looks good.,0
Where do you ship from?,0
You can reach me at 555-156-3644,1
Does it come in other colors?,0
Connect on LinkedIn (linkedin.com/in/coolguy42),1
How soon can I get it?,0
This looks good.,0
This looks good.,0
What’s the price?,0
Please email me at user5618@example.com,1
message me via g m a i l at user5307@example.com,1
What are the dimensions?,0
Nice product!,0
Does it come in other colors?,0
How soon can I get it?,0
Nice product!,0
c   o   n   t   a   c   t   m   e   ( 1 3 0 )   4 7 8 - 9 3 8 6,1
C o n t a c t :   + 1   4 9 9   6 6 4   6 9 4 6,1
This looks good.,0
Send me a DM on Facebook: facebook.com/shop_owner,1
Nice product!,0
This looks good.,0
I’m interested in this item.,0
This looks good.,0
How soon can I get it?,0
Let's connect on LinkedIn: https://linkedin.com/in/judy914,1
Hit me up on WhatsApp at +1-592-851-5918,1
I’m interested in this item.,0
What’s the price?,0
What’s the price?,0
This looks good.,0
Can you show more photos?,0
My TikTok: @bob780,1
Do you have it in stock?,0
Does it come in other colors?,0
Nice product!,0
This looks good.,0
Can you show more photos?,0
Nice product!,0
Does it come in other colors?,0
I’m interested in this item.,0
Do you have it in stock?,0
This looks good.,0
fb.com/fashionista902,1
find me at user9087@example.com 😉,1
You can reach me at 555-417-6266,1
Do you have it in stock?,0
Here is my email: user5792@example.com,1
Nice product!,0
This looks good.,0
You can reach me at 555-738-3938,1
I’m interested in this item.,0
Contact me on Skype: david857,1
What’s the price?,0
Can you show more photos?,0
Here is my email: user6219@example.com,1
Text me at +1-970-273-4981,1
📧 user8677@example.com,1
c   o   n   t   a   c   t   m   e   7 7 5 - 8 4 4 - 5 2 1 7,1
Do you have it in stock?,0
What’s the price?,0
DM me on Instagram: @bob604,1
📧 user3612@example.com,1
Can you show more photos?,0
What are the dimensions?,0
Nice product!,0
LinkedIn me at (139) 081-7952,1
Can you show more photos?,0
I’m interested in this item.,0
Where do you ship from?,0
How soon can I get it?,0
What’s the price?,0
What’s the price?,0
This looks good.,0
How soon can I get it?,0
How soon can I get it?,0
What are the dimensions?,0
What’s the price?,0
Does it come in other colors?,0
This looks good.,0
I’m interested in this item.,0
Do you have it in stock?,0
What’s the price?,0
What’s the price?,0
Where do you ship from?,0
Can you show more photos?,0
fb.com/devguy650,1
What are the dimensions?,0
What’s the price?,0
Hit me up on WhatsApp at +1-536-312-3005,1
This looks good.,0
Does it come in other colors?,0
Nice product!,0
Do you have it in stock?,0
Can I have your email address?,1
How soon can I get it?,0
What’s the price?,0
How soon can I get it?,0
Do you have it in stock?,0
Nice product!,0
Do you have it in stock?,0
Can you show more photos?,0
Does it come in other colors?,0
Does it come in other colors?,0
What’s the price?,0
Where do you ship from?,0
Do you have it in stock?,0
hmu @ shopper741,1
What’s the price?,0
t e l : +1-171-429-1051,1
Does it come in other colors?,0
I’m interested in this item.,0
Here is my email: user2848@example.com,1
Where do you ship from?,0
Can you show more photos?,0
C a l l   m e :   8 8 1 - 0 4 0 - 2 5 6 5,1
Nice product!,0
Do you have it in stock?,0
wanna chat? +1-586-233-5412,1
What’s the price?,0
Does it come in other colors?,0
Here is my email: user8464@example.com,1
Where do you ship from?,0
hmu @ fashionista865,1
Message me on Snapchat: shopper99,1
I’m interested in this item.,0
How soon can I get it?,0
Where do you ship from?,0
WhatsApp me at +1-555-946-7935,1
Where do you ship from?,0
Connect on LinkedIn (linkedin.com/in/fashioneer),1
My Snapchat is eve350,1
Nice product!,0
Can you show more photos?,0
This looks good.,0
"My contact is 555-917-1702, call me.",1
How soon can I get it?,0
Where do you ship from?,0
Reach out on WhatsApp at +1-972-517-1157,1
This looks good.,0
What’s the price?,0
I’m interested in this item.,0
Follow me on Instagram @jane.smith and DM.,1
This looks good.,0
How soon can I get it?,0
Do you have it in stock?,0
This looks good.,0
What are the dimensions?,0
How soon can I get it?,0
Nice product!,0
What’s the price?,0
I’m interested in this item.,0
Where do you ship from?,0
Where do you ship from?,0
This looks good.,0
C a l l   m e :   + 1   0 4 8   4 5 6   0 2 7 9,1
Does it come in other colors?,0
This looks good.,0
Do you have it in stock?,0
My Snapchat is judy630,1
Can you show more photos?,0
Twitter me at 4830182590,1
Does it come in other colors?,0
Do you have it in stock?,0
What’s the price?,0
This looks good.,0
Does it come in other colors?,0
C o n t a c t :   2 0 5 4 4 5 3 5 4 7,1
Does it come in other colors?,0
Please email me at user6314@example.com,1
This looks good.,0
This looks good.,0
Do you have it in stock?,0
Does it come in other colors?,0
Nice product!,0
What are the dimensions?,0
Do you have it in stock?,0
Can you show more photos?,0
Does it come in other colors?,0
This looks good.,0
What’s the price?,0
Does it come in other colors?,0
Hit me up on WhatsApp at +1-362-879-5505,1
How soon can I get it?,0
Where do you ship from?,0
Do you have it in stock?,0
What are the dimensions?,0
📱 +1-855-899-2483,1
Do you have it in stock?,0
How soon can I get it?,0
How soon can I get it?,0
This looks good.,0
I’m interested in this item.,0
This looks good.,0
Please email me at user5815@example.com,1
What’s the price?,0
Where do you ship from?,0
Message me on Signal: 104-592-2996,1
This looks good.,0
Here is my email: user2174@example.com,1
Do you have it in stock?,0
Does it come in other colors?,0
What’s the price?,0
Here's my email: user9779@example.com,1
Where do you ship from?,0
How soon can I get it?,0
What’s the price?,0
Do you have it in stock?,0
I’m interested in this item.,0
my digits: +1-374-320-4969,1
How soon can I get it?,0
📱 +1-311-972-2173,1
Where do you ship from?,0
Do you have it in stock?,0
DM me on Instagram: @charlie382,1
What are the dimensions?,0
What are the dimensions?,0
What’s the price?,0
Can you show more photos?,0
I’m interested in this item.,0
Add me on WhatsApp: 555-923-9367,1
Reach me at (691) 101-8251,1
How soon can I get it?,0
Does it come in other colors?,0
What are the dimensions?,0
Snapchat me @ devguy430,1
Can you show more photos?,0
What are the dimensions?,0
Can you show more photos?,0
Can you show more photos?,0
Snapchat me @ devguy496,1
I’m interested in this item.,0
This looks good.,0
Nice product!,0
What are the dimensions?,0
Do you have it in stock?,0
This looks good.,0
Do you have it in stock?,0
How soon can I get it?,0
I’m interested in this item.,0
Where do you ship from?,0
Does it come in other colors?,0
Do you have it in stock?,0
Here's my email: user1797@example.com,1
How soon can I get it?,0
This looks good.,0
Do you have it in stock?,0
I’m interested in this item.,0
c o n t a c t : +1-712-194-7640,1
Where do you ship from?,0
Nice product!,0
This looks good.,0
What’s the price?,0
I’m interested in this item.,0
Reach me at (779) 962-1368,1
What are the dimensions?,0
This looks good.,0
Do you have it in stock?,0
How soon can I get it?,0
What’s the price?,0
Do you have it in stock?,0
What’s the price?,0
Nice product!,0
My WeChat ID is jane.smith,1
Where do you ship from?,0
What’s the price?,0
Message me at user8098@example.com,1
Does it come in other colors?,0
Can you show more photos?,0
Message me on Snapchat: shopper99,1
What’s the price?,0
c   o   n   t   a   c   t   m   e   + 1   3 8 0   3 6 4   5 7 3 3,1
How soon can I get it?,0
What are the dimensions?,0
Here's my email: user9222@example.com,1
Do you have it in stock?,0
Here's my email: user356@example.com,1
What are the dimensions?,0
Do you have it in stock?,0
Can you share your phone number so I can send you details?,1
Ping me on Telegram: @alice46,1
What’s the price?,0
Do you have it in stock?,0
I’m interested in this item.,0
What’s the price?,0
This looks good.,0
Can you show more photos?,0
Where do you ship from?,0
What are the dimensions?,0
Where do you ship from?,0
What are the dimensions?,0
Do you have it in stock?,0
Contact: +1-260-340-4684,1
This looks good.,0
Connect on LinkedIn (linkedin.com/in/devguy378),1
Can you show more photos?,0
Add me on WhatsApp: 3616398910,1
Can you show more photos?,0
This looks good.,0
"My contact is 555-212-5346, call me.",1
Do you have it in stock?,0
What are the dimensions?,0
What’s the price?,0
I’m interested in this item.,0
Does it come in other colors?,0
This looks good.,0
This looks good.,0
Nice product!,0
Nice product!,0
What are the dimensions?,0
Where do you ship from?,0
Message me on Snapchat: tech_lead,1
Can you show more photos?,0
I’m interested in this item.,0
Do you have it in stock?,0
WhatsApp me at +1-555-413-8479,1
Where do you ship from?,0
I’m interested in this item.,0
This looks good.,0
Do you have it in stock?,0
Can you show more photos?,0
I’m interested in this item.,0
Can you show more photos?,0
Do you have it in stock?,0
How soon can I get it?,0
"Email is user2217@example.com, reach out anytime.",1
Add me on WhatsApp: 555-392-1432,1
I’m interested in this item.,0
Snapchat me @ fashionista818,1
Do you have it in stock?,0
Can I have your email address?,1
Where do you ship from?,0
I’m interested in this item.,0
Where do you ship from?,0
What’s the price?,0
This looks good.,0
Do you have it in stock?,0
Do you have it in stock?,0
What’s the price?,0
How soon can I get it?,0
Where do you ship from?,0
Does it come in other colors?,0
Nice product!,0
What’s the price?,0
My WeChat ID is shopper99,1
Can you show more photos?,0
I’m interested in this item.,0
Contact me via Telegram: @best_pizza,1
hmu @ shopper838,1
This looks good.,0
reach at t w o o o @example.com,1
Reach me at +1 760 452 2234,1
Nice product!,0
Does it come in other colors?,0
This looks good.,0
Contact me on Skype: judy492,1
Where do you ship from?,0
My number is +1 142 901 9527,1
How soon can I get it?,0
Can you show more photos?,0
What’s the price?,0
find me at user8344@example.com 😉,1
Let's connect on LinkedIn: https://linkedin.com/in/heidi266,1
Does it come in other colors?,0
my email id is user3496@example.com,1
This looks good.,0
What’s the price?,0
You can reach me at 555-485-6561,1
This looks good.,0
I’m interested in this item.,0
Do you have it in stock?,0
Contact via email: frank4@mail.com,1
Follow me on Instagram @designer123 and DM.,1
I’m interested in this item.,0
My WeChat ID is designer123,1
What’s the price?,0
What are the dimensions?,0
What are the dimensions?,0
Can you show more photos?,0
This looks good.,0
Where do you ship from?,0
Does it come in other colors?,0
Nice product!,0
Where do you ship from?,0
I’m interested in this item.,0
Where do you ship from?,0
I’m interested in this item.,0
What are the dimensions?,0
What’s the price?,0
This looks good.,0
What’s the price?,0
What are the dimensions?,0
Does it come in other colors?,0
What are the dimensions?,0
Does it come in other colors?,0
How soon can I get it?,0
This looks good.,0
Where do you ship from?,0
My WeChat ID is fashioneer,1
Do you have it in stock?,0
What are the dimensions?,0
Where do you ship from?,0
Where do you ship from?,0
This looks good.,0
Can you show more photos?,0
Nice product!,0
Nice product!,0
What are the dimensions?,0
Does it come in other colors?,0
Do you have it in stock?,0
What’s the price?,0
This looks good.,0
Text me at (232) 838-4463,1
This looks good.,0
I’m interested in this item.,0
Please email me at user2598@example.com,1
What are the dimensions?,0
This looks good.,0
What are the dimensions?,0
This looks good.,0
What are the dimensions?,0
Contact me via Telegram: @shopper99,1
What are the dimensions?,0
My WeChat ID is best_pizza,1
fb.com/devguy183,1
What’s the price?,0
What’s the price?,0
What’s the price?,0
Contact me on Skype: david675,1
Where do you ship from?,0
Can you share your phone number so I can send you details?,1
Contact: +1-700-682-7718,1
Hit me up on WhatsApp at +1-682-584-9353,1
Nice product!,0
I’m interested in this item.,0
Nice product!,0
What’s the price?,0
How soon can I get it?,0
my digits: +1-590-962-9211,1
What are the dimensions?,0
Does it come in other colors?,0
Where do you ship from?,0
Nice product!,0
c   o   n   t   a   c   t   m   e   1 5 6 2 9 3 4 1 8 3,1
Do you have it in stock?,0
Do you have it in stock?,0
What’s the price?,0
Where do you ship from?,0
What are the dimensions?,0
Nice product!,0
message me via g m a i l at user3297@example.com,1
This looks good.,0
What’s the price?,0
Where do you ship from?,0
Nice product!,0
Do you have it in stock?,0
Does it come in other colors?,0
Follow me on Instagram @tech_lead and DM.,1
What are the dimensions?,0
What’s the price?,0
My Snapchat is bob573,1
Do you have it in stock?,0
What’s the price?,0
c o n t a c t : +1-401-922-7380,1
How soon can I get it?,0
Nice product!,0
Does it come in other colors?,0
Does it come in other colors?,0
Here's my email: user5518@example.com,1
Do you have it in stock?,0
Please email me at user6240@example.com,1
Where do you ship from?,0
Where do you ship from?,0
Does it come in other colors?,0
Can you show more photos?,0
Telegram me at 921-082-3291,1
What are the dimensions?,0
Do you have it in stock?,0
Can you show more photos?,0
Can you show more photos?,0
Where do you ship from?,0
Nice product!,0
How soon can I get it?,0
Can you show more photos?,0
Nice product!,0
Find me on Facebook: https://facebook.com/grace281,1
Where do you ship from?,0
This looks good.,0
Where do you ship from?,0
What are the dimensions?,0
Follow me on Twitter: @grace769,1
Where do you ship from?,0
Do you have it in stock?,0
Contact via email: judy2@mail.com,1
How soon can I get it?,0
This looks good.,0
Where do you ship from?,0
My WeChat ID is john_doe,1
I’m interested in this item.,0
What’s the price?,0
Let's connect on LinkedIn: linkedin.com/in/designer123,1
How soon can I get it?,0
Connect on LinkedIn (linkedin.com/in/designer123),1
Nice product!,0
Let's connect on LinkedIn: linkedin.com/in/john_doe,1
I’m interested in this item.,0
Contact me on Skype: ivan387,1
find me at user2311@example.com 😉,1
How soon can I get it?,0
c o n t a c t : +1-333-365-5920,1
Do you have it in stock?,0
What’s the price?,0
This looks good.,0
Where do you ship from?,0
I’m interested in this item.,0
Do you have it in stock?,0
Nice product!,0
Nice product!,0
What are the dimensions?,0
Does it come in other colors?,0
Do you have it in stock?,0
fb.com/shopper48,1
What are the dimensions?,0
What are the dimensions?,0
What’s the price?,0
Can you show more photos?,0
Nice product!,0
Nice product!,0
Nice product!,0
📧 user4899@example.com,1
This looks good.,0
Can you show more photos?,0
Do you have it in stock?,0
How soon can I get it?,0
Text me at +1-928-644-7451,1
Connect on LinkedIn (linkedin.com/in/shopper99),1
My number is 564-032-2711,1
What are the dimensions?,0
What are the dimensions?,0
Do you have it in stock?,0
I’m interested in this item.,0
snap me at s-n-a-p shopper867,1
How soon can I get it?,0
Do you have it in stock?,0
Do you have it in stock?,0
Call me at 502-705-6103,1
Nice product!,0
DM me on Instagram @designer123,1
Text me at +1-102-173-1387,1
Email me at alice78@mail.com,1
What’s the price?,0
What’s the price?,0
How soon can I get it?,0
What’s the price?,0
Nice product!,0
Can you show more photos?,0
What are the dimensions?,0
Nice product!,0
📱 +1-195-386-1442,1
This looks good.,0
What’s the price?,0
Connect on LinkedIn (linkedin.com/in/john_doe),1
What’s the price?,0
Do you have it in stock?,0
📧 user449@example.com,1
Does it come in other colors?,0
Nice product!,0
You can reach me at +1-658-465-5400,1
Nice product!,0
What are the dimensions?,0
Do you have it in stock?,0
Can you show more photos?,0
Nice product!,0
Does it come in other colors?,0
What’s the price?,0
Where do you ship from?,0
Can you show more photos?,0
Can you show more photos?,0
Nice product!,0
I’m interested in this item.,0
Nice product!,0
Do you have it in stock?,0
This looks good.,0
What are the dimensions?,0
This looks good.,0
How soon can I get it?,0
Does it come in other colors?,0
Text me at 555-404-5032 for more info.,1
Add me on WhatsApp: 555-564-2703,1
Does it come in other colors?,0
Nice product!,0
Call me at +1 993 146 7006,1
This looks good.,0
What’s the price?,0
Does it come in other colors?,0
Nice product!,0
Where do you ship from?,0
What’s the price?,0
How soon can I get it?,0
What are the dimensions?,0
Add me on Facebook (facebook.com/coolguy42),1
What are the dimensions?,0
Nice product!,0
How soon can I get it?,0
I’m interested in this item.,0
What’s the price?,0
Contact via email: bob69@mail.com,1
Text me at 2988483687,1
What are the dimensions?,0
Do you have it in stock?,0
What are the dimensions?,0
What’s the price?,0
My TikTok: @david502,1
Does it come in other colors?,0
How soon can I get it?,0
Can you show more photos?,0
j u d y 7 2 @ t e s t . o r g,1
I’m interested in this item.,0
message me via g m a i l at user7590@example.com,1
This looks good.,0
What are the dimensions?,0
What are the dimensions?,0
Where do you ship from?,0
How soon can I get it?,0
What’s the price?,0
Where do you ship from?,0
I’m interested in this item.,0
How soon can I get it?,0
Mail me: alice85@test.org,1
How soon can I get it?,0
Email me at frank9@test.org,1
Can you show more photos?,0
Nice product!,0
Nice product!,0
Do you have it in stock?,0
Nice product!,0
Nice product!,0
Do you have it in stock?,0
get in touch @ user6175@example.com,1
I’m interested in this item.,0
What’s the price?,0
What’s the price?,0
Nice product!,0
Text me at 3965748895,1
Does it come in other colors?,0
Do you have it in stock?,0
Can you show more photos?,0
What’s the price?,0
Does it come in other colors?,0
What are the dimensions?,0
Can you show more photos?,0
Can you share your phone number so I can send you details?,1
I’m interested in this item.,0
What are the dimensions?,0
fb.com/coolcat29,1
This looks good.,0
What are the dimensions?,0
What’s the price?,0
This looks good.,0
Where do you ship from?,0
Find me on Facebook: https://facebook.com/judy717,1
Does it come in other colors?,0
Can you show more photos?,0
Nice product!,0
What’s the price?,0
Can you show more photos?,0
Here is my email: user7680@example.com,1
Does it come in other colors?,0
C a l l   m e :   0 3 3 7 9 6 0 7 8 6,1
Nice product!,0
I’m interested in this item.,0
Do you have it in stock?,0
What are the dimensions?,0
Nice product!,0
Does it come in other colors?,0
Text me at 163-316-8751,1
What’s the price?,0
Please email me at user9259@example.com,1
What are the dimensions?,0
My number is 7704442798,1
message me via g m a i l at user1480@example.com,1
Where do you ship from?,0
Does it come in other colors?,0
Nice product!,0
This looks good.,0
Do you have it in stock?,0
C o n t a c t :   5 4 5 - 0 6 8 - 1 6 7 1,1
What’s the price?,0
I’m interested in this item.,0
Where do you ship from?,0
Where do you ship from?,0
How soon can I get it?,0
Where do you ship from?,0
Do you have it in stock?,0
wanna chat? +1-707-111-8247,1
Where do you ship from?,0
Nice product!,0
I’m interested in this item.,0
What are the dimensions?,0
What are the dimensions?,0
How soon can I get it?,0
I’m interested in this item.,0
"My contact is 555-639-5108, call me.",1
This looks good.,0
What’s the price?,0
Can you show more photos?,0
I’m interested in this item.,0
Connect on LinkedIn (linkedin.com/in/devguy986),1
What are the dimensions?,0
Contact via email: eve20@mail.com,1
Can you show more photos?,0
Nice product!,0
I’m interested in this item.,0
What are the dimensions?,0
This looks good.,0
How soon can I get it?,0
This looks good.,0
This looks good.,0
Can you show more photos?,0
Does it come in other colors?,0
DM me on Instagram: @judy189,1
Nice product!,0
Does it come in other colors?,0
I’m interested in this item.,0
"My contact is 555-779-5860, call me.",1
Where do you ship from?,0
Does it come in other colors?,0
Where do you ship from?,0
Does it come in other colors?,0
Add me on Facebook (facebook.com/tech_lead),1
message me via g m a i l at user2110@example.com,1
Message via email: frank98@mail.com,1
Can you show more photos?,0
What’s the price?,0
What are the dimensions?,0
Nice product!,0
Contact via email: alice66@example.com,1
How soon can I get it?,0
Message via email: bob60@mail.com,1
How soon can I get it?,0
How soon can I get it?,0
Does it come in other colors?,0
C a l l   m e :   ( 7 3 2 )   9 4 6 - 2 4 7 0,1
What’s the price?,0
Nice product!,0
c o n t a c t : +1-304-673-1745,1
I’m interested in this item.,0
Reach me at (642) 472-7468,1
What are the dimensions?,0
Do you have it in stock?,0
get in touch @ user4988@example.com,1
Where do you ship from?,0
DM me on Instagram: @bob910,1
Does it come in other colors?,0
What are the dimensions?,0
This looks good.,0
Where do you ship from?,0
Text me at 555-802-4664 for more info.,1
This looks good.,0
Where do you ship from?,0
This looks good.,0
Can you show more photos?,0
Where do you ship from?,0
Let's connect on LinkedIn: https://linkedin.com/in/judy633,1
Does it come in other colors?,0
What are the dimensions?,0
I’m interested in this item.,0
Nice product!,0
Where do you ship from?,0
What’s the price?,0
How soon can I get it?,0
Where do you ship from?,0
What are the dimensions?,0
Text me at +1-750-239-3114,1
Can you show more photos?,0
What are the dimensions?,0
How soon can I get it?,0
wanna chat? +1-207-222-5491,1
📧 user4155@example.com,1
Do you have it in stock?,0
What are the dimensions?,0
This looks good.,0
How soon can I get it?,0
How soon can I get it?,0
Can you show more photos?,0
What’s the price?,0
Where do you ship from?,0
Where do you ship from?,0
What are the dimensions?,0
What are the dimensions?,0
snap me at s-n-a-p devguy510,1
This looks good.,0
What’s the price?,0
Message me on Snapchat: designer123,1
What’s the price?,0
What’s the price?,0
e m a i l m e @ user9791@example.com,1
Nice product!,0
This looks good.,0
Nice product!,0
Does it come in other colors?,0
Does it come in other colors?,0
Where do you ship from?,0
Nice product!,0
What are the dimensions?,0
This looks good.,0
What’s the price?,0
Contact via email: alice92@test.org,1
Where do you ship from?,0
I’m interested in this item.,0
Do you have it in stock?,0
Nice product!,0
Do you have it in stock?,0
Follow me on Twitter: @eve779,1
Does it come in other colors?,0
Do you have it in stock?,0
Follow me on Instagram @shop_owner and DM.,1
Contact me on Skype: frank26,1
Message me on Snapchat: best_pizza,1
Can you show more photos?,0
Reach out on WhatsApp at +1-691-166-3371,1
Where do you ship from?,0
I’m interested in this item.,0
Can you show more photos?,0
What’s the price?,0
What’s the price?,0
Where do you ship from?,0
Do you have it in stock?,0
Does it come in other colors?,0
Where do you ship from?,0
Can you show more photos?,0
Can you show more photos?,0
Nice product!,0
This looks good.,0
Do you have it in stock?,0
Do you have it in stock?,0
What’s the price?,0
Nice product!,0
Message me on Signal: 4987096202,1
Find me on Facebook: https://facebook.com/heidi598,1
I’m interested in this item.,0
Can you show more photos?,0
How soon can I get it?,0
Where do you ship from?,0
Where do you ship from?,0
Where do you ship from?,0
What’s the price?,0
Instagram me at 884-225-3555,1
Where do you ship from?,0
Ping me on Telegram: @ivan229,1
What are the dimensions?,0
"Email is user8251@example.com, reach out anytime.",1
I’m interested in this item.,0
my digits: +1-410-215-3111,1
Do you have it in stock?,0
This looks good.,0
Nice product!,0
c o n t a c t : +1-248-743-7820,1
What are the dimensions?,0
This looks good.,0
What are the dimensions?,0
This looks good.,0
What are the dimensions?,0
Nice product!,0
Where do you ship from?,0
Where do you ship from?,0
What’s the price?,0
Nice product!,0
I’m interested in this item.,0
Nice product!,0
Does it come in other colors?,0
Does it come in other colors?,0
Can you show more photos?,0
Email me at charlie64@email.net,1
What are the dimensions?,0
find me at user2304@example.com 😉,1
DM me on Instagram @best_pizza,1
What’s the price?,0
Nice product!,0
DM me on Instagram @tech_lead,1
Can you show more photos?,0
I’m interested in this item.,0
What are the dimensions?,0
I’m interested in this item.,0
Do you have it in stock?,0
Here's my email: user7371@example.com,1
Can you show more photos?,0
What are the dimensions?,0
This looks good.,0
Does it come in other colors?,0
What’s the price?,0
How soon can I get it?,0
This looks good.,0
Does it come in other colors?,0
Do you have it in stock?,0
I’m interested in this item.,0
Can you show more photos?,0
How soon can I get it?,0
I’m interested in this item.,0
Can I have your email address?,1
Do you have it in stock?,0
This looks good.,0
fb.com/shopper345,1
This looks good.,0
Can you show more photos?,0
Where do you ship from?,0
What’s the price?,0
Add me on Facebook (facebook.com/tech_lead),1
I’m interested in this item.,0
How soon can I get it?,0
What are the dimensions?,0
How soon can I get it?,0
What are the dimensions?,0
Do you have it in stock?,0
This looks good.,0
What’s the price?,0
hmu @ coolcat155,1
This looks good.,0
Nice product!,0
Does it come in other colors?,0
This looks good.,0
My WeChat ID is john_doe,1
Does it come in other colors?,0
WhatsApp me at +1-555-310-1963,1
Where do you ship from?,0
What are the dimensions?,0
I’m interested in this item.,0
Where do you ship from?,0
What are the dimensions?,0
Does it come in other colors?,0
What’s the price?,0
Can you show more photos?,0
This looks good.,0
WhatsApp me at +1-555-401-7125,1
DM me on Facebook: facebook.com/fashionista35,1
Send me a DM on Facebook: facebook.com/coolguy42,1
Do you have it in stock?,0
How soon can I get it?,0
hmu @ fashionista199,1
Can you show more photos?,0
This looks good.,0
Do you have it in stock?,0
Add me on Facebook (facebook.com/fashionguru),1
Where do you ship from?,0
Does it come in other colors?,0
Does it come in other colors?,0
Do you have it in stock?,0
What are the dimensions?,0
I’m interested in this item.,0
Does it come in other colors?,0
Nice product!,0
Send me a DM on Facebook: facebook.com/fashioneer,1
I’m interested in this item.,0
snap me at s-n-a-p shopper788,1
Does it come in other colors?,0
Can you show more photos?,0
This looks good.,0
Do you have it in stock?,0
This looks good.,0
I’m interested in this item.,0
Does it come in other colors?,0
My TikTok: @alice986,1
What are the dimensions?,0
Add me on Facebook (facebook.com/shop_owner),1
How soon can I get it?,0
This looks good.,0
Can you show more photos?,0
Nice product!,0
How soon can I get it?,0
This looks good.,0
Does it come in other colors?,0
wanna chat? +1-710-591-5397,1
Nice product!,0
How soon can I get it?,0
This looks good.,0
Nice product!,0
Does it come in other colors?,0
Nice product!,0
Does it come in other colors?,0
What’s the price?,0
How soon can I get it?,0
Text me at +1-937-375-8793,1
Contact me via Telegram: @jane.smith,1
Do you have it in stock?,0
What are the dimensions?,0
How soon can I get it?,0
Do you have it in stock?,0
I’m interested in this item.,0
Do you have it in stock?,0
Add me on Facebook (facebook.com/fashioneer),1
"My contact is 555-217-4375, call me.",1
Can you show more photos?,0
What’s the price?,0
Reach me at (331) 781-6675,1
you can DM me at fashionista735 on Insta,1
This looks good.,0
Do you have it in stock?,0
Where do you ship from?,0
📱 +1-647-769-5081,1
This looks good.,0
Nice product!,0
This looks good.,0
c   o   n   t   a   c   t   m   e   0 7 5 0 8 9 2 6 7 8,1
How soon can I get it?,0
How soon can I get it?,0
Does it come in other colors?,0
Contact via email: ivan80@email.net,1
How soon can I get it?,0
What’s the price?,0
I’m interested in this item.,0
How soon can I get it?,0
c   o   n   t   a   c   t   m   e   ( 4 9 3 )   7 9 6 - 4 3 7 9,1
This looks good.,0
What’s the price?,0
What are the dimensions?,0
How soon can I get it?,0
This looks good.,0
What’s the price?,0
Can you show more photos?,0
"My contact is 555-947-5410, call me.",1
Do you have it in stock?,0
How soon can I get it?,0
I’m interested in this item.,0
I’m interested in this item.,0
What are the dimensions?,0
Does it come in other colors?,0
Where do you ship from?,0
Nice product!,0
Can you show more photos?,0
Can you show more photos?,0
DM me on Instagram @john_doe,1
Where do you ship from?,0
What’s the price?,0
What are the dimensions?,0
This looks good.,0
Ping me on Telegram: @alice632,1
Here's my email: user7619@example.com,1
Can you show more photos?,0
Add me on WhatsApp: 3314665368,1
"My contact is 555-526-5572, call me.",1
Mail me: frank47@email.net,1
Can you show more photos?,0
This looks good.,0
Can you show more photos?,0
This looks good.,0
I’m interested in this item.,0
Where do you ship from?,0
Can you show more photos?,0
Let's connect on LinkedIn: https://linkedin.com/in/eve163,1
Text me at 555-646-4436 for more info.,1
How soon can I get it?,0
I’m interested in this item.,0
What are the dimensions?,0
Can you share your phone number so I can send you details?,1
Can you show more photos?,0
What’s the price?,0
Where do you ship from?,0
Does it come in other colors?,0
What’s the price?,0
Does it come in other colors?,0
C o n t a c t :   5 6 4 - 7 9 9 - 4 0 4 6,1
What’s the price?,0
I’m interested in this item.,0
"My contact is 555-417-4829, call me.",1
Reach me at (390) 318-4119,1
My WeChat ID is coolguy42,1
Nice product!,0
Where do you ship from?,0
Do you have it in stock?,0
Can you show more photos?,0
How soon can I get it?,0
Where do you ship from?,0
Contact: +1-998-957-3808,1
This looks good.,0
Does it come in other colors?,0
you can DM me at fashionista295 on Insta,1
What are the dimensions?,0
This looks good.,0
Connect on LinkedIn (linkedin.com/in/fashioneer),1
I’m interested in this item.,0
I’m interested in this item.,0
Do you have it in stock?,0
Add me on Facebook (facebook.com/john_doe),1
What are the dimensions?,0
message me via g m a i l at user82@example.com,1
You can reach me at 555-786-4564,1
This looks good.,0
What’s the price?,0
Where do you ship from?,0
LinkedIn me at (164) 308-7928,1
How soon can I get it?,0
What are the dimensions?,0
C o n t a c t :   7 4 5 9 1 8 7 9 6 9,1
What’s the price?,0
snap me at s-n-a-p devguy99,1
Nice product!,0
Message me on Snapchat: coolguy42,1
Message me at user6900@example.com,1
What are the dimensions?,0
I’m interested in this item.,0
Do you have it in stock?,0
get in touch @ user6635@example.com,1
Does it come in other colors?,0
Message via email: heidi90@email.net,1
I’m interested in this item.,0
Where do you ship from?,0
Add me on WhatsApp: 555-483-8760,1
Where do you ship from?,0
Where do you ship from?,0
Do you have it in stock?,0
Does it come in other colors?,0
Nice product!,0
What’s the price?,0
Connect on LinkedIn (linkedin.com/in/coolcat950),1
This looks good.,0
Follow me on Instagram @coolguy42 and DM.,1
How soon can I get it?,0
What are the dimensions?,0
Does it come in other colors?,0
Follow me on Twitter: @ivan752,1
This looks good.,0
What’s the price?,0
Does it come in other colors?,0
What’s the price?,0
Does it come in other colors?,0
What’s the price?,0
my email id is user5064@example.com,1
my email id is user7967@example.com,1
Contact me via Telegram: @best_pizza,1
Can you show more photos?,0
my digits: +1-612-698-2446,1
What are the dimensions?,0
Does it come in other colors?,0
How soon can I get it?,0
Do you have it in stock?,0
What are the dimensions?,0
Nice product!,0
Can you show more photos?,0
What are the dimensions?,0
My number is (826) 887-7715,1
Do you have it in stock?,0
How soon can I get it?,0
Message me at user376@example.com,1
Nice product!,0
Add me on WhatsApp: 555-476-6987,1
Add me on Facebook (facebook.com/fashioneer),1
Can you share your phone number so I can send you details?,1
c   o   n   t   a   c   t   m   e   ( 7 7 4 )   1 0 0 - 1 0 7 5,1
I’m interested in this item.,0
Does it come in other colors?,0
This looks good.,0
Does it come in other colors?,0
Hit me up on WhatsApp at +1-758-532-8551,1
c   o   n   t   a   c   t   m   e   6 2 5 2 4 1 8 9 3 4,1
Can you show more photos?,0
Can you show more photos?,0
What are the dimensions?,0
Can you show more photos?,0
Nice product!,0
Where do you ship from?,0
What’s the price?,0
This looks good.,0
Do you have it in stock?,0
Where do you ship from?,0
I’m interested in this item.,0
Text me at 555-911-3951 for more info.,1
Can you show more photos?,0
Nice product!,0
This looks good.,0
I’m interested in this item.,0
This looks good.,0
Can you show more photos?,0
C o n t a c t :   + 1   8 8 7   6 5 7   7 4 2 2,1
What are the dimensions?,0
Where do you ship from?,0
What are the dimensions?,0
I’m interested in this item.,0
Do you have it in stock?,0
What’s the price?,0
Text me at 555-306-6827 for more info.,1
Does it come in other colors?,0
Nice product!,0
This looks good.,0
c h a r l i e 3 @ e x a m p l e . c o m,1
What’s the price?,0
Here is my email: user5710@example.com,1
What’s the price?,0
Text me at 9415304629,1
wanna chat? +1-909-349-5901,1
Does it come in other colors?,0
Where do you ship from?,0
How soon can I get it?,0
I’m interested in this item.,0
This looks good.,0
Does it come in other colors?,0
Can you show more photos?,0
Does it come in other colors?,0
Nice product!,0
What are the dimensions?,0
How soon can I get it?,0
Does it come in other colors?,0
Do you have it in stock?,0
my digits: +1-966-827-1921,1
What’s the price?,0
hmu @ devguy843,1
What are the dimensions?,0
This looks good.,0
Where do you ship from?,0
Where do you ship from?,0
Connect on LinkedIn (linkedin.com/in/designer123),1
How soon can I get it?,0
This looks good.,0
Can you show more photos?,0
Does it come in other colors?,0
Do you have it in stock?,0
Does it come in other colors?,0
What are the dimensions?,0
I’m interested in this item.,0
Ping me on Telegram: @grace992,1
Reach me at +1 336 846 9981,1
What’s the price?,0
Do you have it in stock?,0
What’s the price?,0
What’s the price?,0
Do you have it in stock?,0
I’m interested in this item.,0
Can you show more photos?,0
telegram: t dot me slash devguy89,1
Nice product!,0
c   o   n   t   a   c   t   m   e   + 1   5 1 0   1 2 5   6 8 5 8,1
How soon can I get it?,0
Nice product!,0
Does it come in other colors?,0
Nice product!,0
Snapchat me @ devguy51,1
What are the dimensions?,0
Do you have it in stock?,0
What are the dimensions?,0
What are the dimensions?,0
How soon can I get it?,0
How soon can I get it?,0
Do you have it in stock?,0
What’s the price?,0
Nice product!,0
What’s the price?,0
Can you show more photos?,0
Where do you ship from?,0
Does it come in other colors?,0
How soon can I get it?,0
I’m interested in this item.,0
Does it come in other colors?,0
You can reach me at 555-164-7031,1
What’s the price?,0
Does it come in other colors?,0
Where do you ship from?,0
What’s the price?,0
Nice product!,0
Do you have it in stock?,0
Call me at +1 078 778 7570,1
You can reach me at 555-714-6713,1
Connect on LinkedIn (linkedin.com/in/tech_lead),1
This looks good.,0
Can you show more photos?,0
What are the dimensions?,0
I’m interested in this item.,0
Do you have it in stock?,0
Nice product!,0
Does it come in other colors?,0
What’s the price?,0
This looks good.,0
Here is my email: user1065@example.com,1
How soon can I get it?,0
my digits: +1-873-615-8095,1
Nice product!,0
How soon can I get it?,0
Can you show more photos?,0
What’s the price?,0
Follow me on Twitter: @grace636,1
c   o   n   t   a   c   t   m   e   + 1   0 3 1   4 3 2   4 5 4 2,1
DM me on Instagram @fashionguru,1
I’m interested in this item.,0
What are the dimensions?,0
Where do you ship from?,0
What are the dimensions?,0
Can you show more photos?,0
Does it come in other colors?,0
Let's connect on LinkedIn: https://linkedin.com/in/david383,1
How soon can I get it?,0
my email id is user7496@example.com,1
I’m interested in this item.,0
How soon can I get it?,0
This looks good.,0
I’m interested in this item.,0
Where do you ship from?,0
Does it come in other colors?,0
What are the dimensions?,0
Nice product!,0
Nice product!,0
message me via g m a i l at user4645@example.com,1
Where do you ship from?,0
What’s the price?,0
What’s the price?,0
Message me at user3899@example.com,1
What’s the price?,0
This looks good.,0
Do you have it in stock?,0
Does it come in other colors?,0
Can you show more photos?,0
Skype me at 6954394660,1
How soon can I get it?,0
What are the dimensions?,0
Snapchat me @ fashionista871,1
What’s the price?,0
Do you have it in stock?,0
What’s the price?,0
reach at t w o o o @example.com,1
Mail me: frank12@email.net,1
Does it come in other colors?,0
What’s the price?,0
Do you have it in stock?,0
Message me at user5166@example.com,1
What’s the price?,0
What are the dimensions?,0
my digits: +1-536-978-2825,1
How soon can I get it?,0
What are the dimensions?,0
This looks good.,0
📧 user222@example.com,1
Reach out on WhatsApp at +1-497-934-7672,1
Does it come in other colors?,0
Do you have it in stock?,0
Where do you ship from?,0
I’m interested in this item.,0
Can you show more photos?,0
Contact me via Telegram: @shop_owner,1
Can you show more photos?,0
What’s the price?,0
Do you have it in stock?,0
Nice product!,0
Can you show more photos?,0
snap me at s-n-a-p devguy890,1
I’m interested in this item.,0
What are the dimensions?,0
e m a i l m e @ user5561@example.com,1
"My contact is 555-879-5319, call me.",1
Can I have your email address?,1
"Email is user6632@example.com, reach out anytime.",1
Can you show more photos?,0
What are the dimensions?,0
Do you have it in stock?,0
I’m interested in this item.,0
What are the dimensions?,0
Nice product!,0
Where do you ship from?,0
I’m interested in this item.,0
What are the dimensions?,0
Can you show more photos?,0
Hit me up on WhatsApp at 555-604-3852,1
I’m interested in this item.,0
Contact me via Telegram: @best_pizza,1
Can you show more photos?,0
Let's connect on LinkedIn: linkedin.com/in/jane.smith,1
I’m interested in this item.,0
Where do you ship from?,0
DM me on Instagram @designer123,1
This looks good.,0
Message me on Snapchat: john_doe,1
How soon can I get it?,0
Nice product!,0
Can you show more photos?,0
Do you have it in stock?,0
Does it come in other colors?,0
Contact: +1-436-586-9066,1
DM me on Facebook: facebook.com/devguy627,1
Nice product!,0
How soon can I get it?,0
This looks good.,0
Can you show more photos?,0
How soon can I get it?,0
I’m interested in this item.,0
Find me on Facebook: https://facebook.com/frank751,1
Nice product!,0
How soon can I get it?,0
reach at t w o o o @example.com,1
Where do you ship from?,0
My number is +1 877 339 4559,1
Do you have it in stock?,0
This looks good.,0
C o n t a c t :   7 7 8 2 1 5 6 9 7 9,1
Add me on WhatsApp: (280) 063-7345,1
What’s the price?,0
Nice product!,0
Add me on WhatsApp: 555-613-6619,1
What’s the price?,0
DM me on Facebook: facebook.com/devguy318,1
Does it come in other colors?,0
Nice product!,0
Where do you ship from?,0
Can you show more photos?,0
Where do you ship from?,0
What are the dimensions?,0
What’s the price?,0
What are the dimensions?,0
This looks good.,0
Where do you ship from?,0
Nice product!,0
Do you have it in stock?,0
This looks good.,0
What are the dimensions?,0
Do you have it in stock?,0
Snapchat me @ fashionista365,1
This looks good.,0
Text me at 555-749-8952 for more info.,1
This looks good.,0
Connect on LinkedIn (linkedin.com/in/john_doe),1
Here is my email: user2352@example.com,1
What are the dimensions?,0
This looks good.,0
This looks good.,0
Follow me on Twitter: @charlie944,1
I’m interested in this item.,0
Contact via email: charlie38@test.org,1
Nice product!,0
What are the dimensions?,0
How soon can I get it?,0
Do you have it in stock?,0
Where do you ship from?,0
What are the dimensions?,0
Can you show more photos?,0
This looks good.,0
What are the dimensions?,0
How soon can I get it?,0
Reach me at +1 601 899 5455,1
Add me on WhatsApp: +1 364 253 5320,1
Can you show more photos?,0
Can you show more photos?,0
Can you show more photos?,0
How soon can I get it?,0
Does it come in other colors?,0
Do you have it in stock?,0
Do you have it in stock?,0
📱 +1-197-931-2996,1
Do you have it in stock?,0
You can reach me at 555-637-2835,1
Can you show more photos?,0
How soon can I get it?,0
I’m interested in this item.,0
What are the dimensions?,0
What’s the price?,0
Hit me up on WhatsApp at +1-782-529-8287,1
Follow me on Instagram @fashioneer and DM.,1
This looks good.,0
Where do you ship from?,0
What are the dimensions?,0
Connect on LinkedIn (linkedin.com/in/coolcat646),1
I’m interested in this item.,0
Do you have it in stock?,0
Can you show more photos?,0
I’m interested in this item.,0
I’m interested in this item.,0
I’m interested in this item.,0
Nice product!,0
Where do you ship from?,0
Where do you ship from?,0
I’m interested in this item.,0
Nice product!,0
How soon can I get it?,0
How soon can I get it?,0
What are the dimensions?,0
Does it come in other colors?,0
What are the dimensions?,0
What’s the price?,0
Ping me on Telegram: @ivan428,1
Where do you ship from?,0
What’s the price?,0
get in touch @ user2345@example.com,1
Do you have it in stock?,0
My number is +1 048 830 1230,1
Nice product!,0
DM me on Instagram: @bob600,1
You can reach me at +1-595-993-1213,1
What’s the price?,0
What are the dimensions?,0
Nice product!,0
Can you show more photos?,0
I’m interested in this item.,0
Let's connect on LinkedIn: https://linkedin.com/in/heidi546,1
How soon can I get it?,0
Contact via email: ivan5@test.org,1
Do you have it in stock?,0
This looks good.,0
What’s the price?,0
Can you show more photos?,0
How soon can I get it?,0
How soon can I get it?,0
Ping me on Telegram: @judy447,1
What’s the price?,0
How soon can I get it?,0
What are the dimensions?,0
Can you show more photos?,0
Do you have it in stock?,0
This looks good.,0
reach at t w o o o @example.com,1
Does it come in other colors?,0
Do you have it in stock?,0
What’s the price?,0
Hit me up on WhatsApp at +1-864-117-7716,1
Where do you ship from?,0
What are the dimensions?,0
How soon can I get it?,0
Do you have it in stock?,0
Where do you ship from?,0
Message me on Signal: (552) 619-1323,1
Reach me at 9542479258,1
What’s the price?,0
Where do you ship from?,0
Find me on Facebook: https://facebook.com/ivan315,1
What are the dimensions?,0
Can you show more photos?,0
Do you have it in stock?,0
This looks good.,0
Do you have it in stock?,0
Email me at user8931@example.com,1
I’m interested in this item.,0
What are the dimensions?,0
My number is 3005670495,1
"My contact is 555-212-9593, call me.",1
I’m interested in this item.,0
How soon can I get it?,0
Where do you ship from?,0
I’m interested in this item.,0
Nice product!,0
Contact me via Telegram: @john_doe,1
Can you show more photos?,0
snap me at s-n-a-p shopper4,1
Where do you ship from?,0
Does it come in other colors?,0
I’m interested in this item.,0
This looks good.,0
Do you have it in stock?,0
Let's connect on LinkedIn: https://linkedin.com/in/grace107,1
What’s the price?,0
Do you have it in stock?,0
Message via email: eve5@mail.com,1
Can you show more photos?,0
What are the dimensions?,0
What are the dimensions?,0
Can you show more photos?,0
snap me at s-n-a-p coolcat719,1
Can I have your email address?,1
Text me at +1-853-758-7222,1
What’s the price?,0
hmu @ fashionista775,1
How soon can I get it?,0
What’s the price?,0
Nice product!,0
What are the dimensions?,0
What are the dimensions?,0
Mail me: ivan74@example.com,1
Does it come in other colors?,0
"My contact is 555-870-2102, call me.",1
You can reach me at 555-827-5543,1
Let's connect on LinkedIn: linkedin.com/in/jane.smith,1
Does it come in other colors?,0
Can you show more photos?,0
How soon can I get it?,0
This looks good.,0
Nice product!,0
How soon can I get it?,0
I’m interested in this item.,0
What are the dimensions?,0
Follow me on Twitter: @eve703,1
Add me on Facebook (facebook.com/john_doe),1
How soon can I get it?,0
How soon can I get it?,0
"Email is user9761@example.com, reach out anytime.",1
What’s the price?,0
Where do you ship from?,0
c   o   n   t   a   c   t   m   e   ( 2 5 0 )   6 1 9 - 5 1 7 8,1
Nice product!,0
Does it come in other colors?,0
fb.com/shopper686,1
Do you have it in stock?,0
Where do you ship from?,0
Does it come in other colors?,0
What’s the price?,0
fb.com/devguy247,1
What’s the price?,0
What are the dimensions?,0
What are the dimensions?,0
t e l : +1-772-521-1420,1
This looks good.,0
Does it come in other colors?,0
Can you show more photos?,0
How soon can I get it?,0
What are the dimensions?,0
How soon can I get it?,0
How soon can I get it?,0
How soon can I get it?,0
How soon can I get it?,0
"Email is user3865@example.com, reach out anytime.",1
How soon can I get it?,0
c   o   n   t   a   c   t   m   e   ( 2 4 1 )   7 4 1 - 9 4 5 6,1
Can you show more photos?,0
You can reach me at 555-750-1475,1
How soon can I get it?,0
Does it come in other colors?,0
This looks good.,0
What are the dimensions?,0
Message via email: alice99@example.com,1
Does it come in other colors?,0
Where do you ship from?,0
Please email me at user8650@example.com,1
📱 +1-669-513-4965,1
Where do you ship from?,0
Can you show more photos?,0
Nice product!,0
Can you show more photos?,0
Nice product!,0
This looks good.,0
Does it come in other colors?,0
What are the dimensions?,0
What’s the price?,0
How soon can I get it?,0
Does it come in other colors?,0
Do you have it in stock?,0
Nice product!,0
message me via g m a i l at user3737@example.com,1
What’s the price?,0
How soon can I get it?,0
Nice product!,0
This looks good.,0
Can you show more photos?,0
Can you show more photos?,0
What are the dimensions?,0
Nice product!,0
This looks good.,0
Connect on LinkedIn (linkedin.com/in/shopper665),1
Does it come in other colors?,0
Nice product!,0
Nice product!,0
c o n t a c t : +1-417-619-7125,1
Send me a DM on Facebook: facebook.com/designer123,1
Does it come in other colors?,0
I’m interested in this item.,0
I’m interested in this item.,0
my email id is user3202@example.com,1
This looks good.,0
C o n t a c t :   + 1   6 1 6   0 2 6   4 5 3 2,1
Does it come in other colors?,0
Where do you ship from?,0
telegram: t dot me slash devguy786,1
This looks good.,0
Nice product!,0
I’m interested in this item.,0
I’m interested in this item.,0
Does it come in other colors?,0
C o n t a c t :   + 1   8 4 7   3 1 8   5 2 8 0,1
fb.com/coolcat391,1
Hit me up on WhatsApp at 555-218-4883,1
Where do you ship from?,0
My number is +1 399 693 6861,1
Where do you ship from?,0
Message me at user7286@example.com,1
Does it come in other colors?,0
Message me on Signal: (766) 062-8738,1
Connect on LinkedIn (linkedin.com/in/fashionguru),1
What’s the price?,0
This looks good.,0
Nice product!,0
What’s the price?,0
This looks good.,0
What are the dimensions?,0
Do you have it in stock?,0
What are the dimensions?,0
Where do you ship from?,0
How soon can I get it?,0
How soon can I get it?,0
This looks good.,0
Nice product!,0
What are the dimensions?,0
What’s the price?,0
Nice product!,0
Does it come in other colors?,0
I’m interested in this item.,0
What’s the price?,0
Connect on LinkedIn (linkedin.com/in/designer123),1
This looks good.,0
What are the dimensions?,0
Contact me on Skype: alice15,1
My number is 246-179-1605,1
Nice product!,0
Does it come in other colors?,0
Send me a DM on Facebook: facebook.com/shop_owner,1
Do you have it in stock?,0
Reach me at +1 070 221 6713,1
What are the dimensions?,0
Can you show more photos?,0
Does it come in other colors?,0
How soon can I get it?,0
What are the dimensions?,0
Do you have it in stock?,0
Do you have it in stock?,0
Does it come in other colors?,0
Ping me on Telegram: @grace917,1
I’m interested in this item.,0
What’s the price?,0
I’m interested in this item.,0
What are the dimensions?,0
This looks good.,0
Do you have it in stock?,0
Do you have it in stock?,0
Where do you ship from?,0
Do you have it in stock?,0
Can you show more photos?,0
What are the dimensions?,0
Where do you ship from?,0
Nice product!,0
This looks good.,0
Here's my email: user7979@example.com,1
Does it come in other colors?,0
Can you show more photos?,0
I’m interested in this item.,0
What are the dimensions?,0
Where do you ship from?,0
I’m interested in this item.,0
Here's my email: user5193@example.com,1
What’s the price?,0
This looks good.,0
Follow me on Twitter: @charlie382,1
What’s the price?,0
Does it come in other colors?,0
Where do you ship from?,0
Nice product!,0
You can reach me at +1-120-461-9365,1
Nice product!,0
I’m interested in this item.,0
Where do you ship from?,0
Email me at user9044@example.com,1
This looks good.,0
Can you show more photos?,0
Here's my email: user9500@example.com,1
This looks good.,0
Message me at user8406@example.com,1
Can you share your phone number so I can send you details?,1
message me via g m a i l at user3998@example.com,1
Can you show more photos?,0
Do you have it in stock?,0
What’s the price?,0
What are the dimensions?,0
How soon can I get it?,0
Does it come in other colors?,0
I’m interested in this item.,0
Can you show more photos?,0
DM me on Instagram: @grace536,1
Can you show more photos?,0
Does it come in other colors?,0
How soon can I get it?,0
Hit me up on WhatsApp at +1-716-627-9398,1
Can you show more photos?,0
c   o   n   t   a   c   t   m   e   + 1   9 3 5   1 0 0   4 3 8 7,1
What’s the price?,0
Hit me up on WhatsApp at +1-265-310-8314,1
Can you show more photos?,0
Does it come in other colors?,0
Nice product!,0
This looks good.,0
Can you show more photos?,0
DM me on Instagram @fashioneer,1
What’s the price?,0
How soon can I get it?,0
My TikTok: @charlie875,1
Where do you ship from?,0
DM me on Instagram @designer123,1
Do you have it in stock?,0
Can you show more photos?,0
I’m interested in this item.,0
Where do you ship from?,0
What’s the price?,0
Please email me at user5912@example.com,1
Nice product!,0
Can you show more photos?,0
DM me on Facebook: facebook.com/shopper694,1
Do you have it in stock?,0
What are the dimensions?,0
📱 +1-408-321-6399,1
Where do you ship from?,0
This looks good.,0
Do you have it in stock?,0
What are the dimensions?,0
This looks good.,0
What’s the price?,0
"Email is user6388@example.com, reach out anytime.",1
Nice product!,0
This looks good.,0
Let's connect on LinkedIn: https://linkedin.com/in/judy633,1
Add me on Facebook (facebook.com/best_pizza),1
Contact me via Telegram: @john_doe,1
Do you have it in stock?,0
I’m interested in this item.,0
My WeChat ID is shopper99,1
Do you have it in stock?,0
Where do you ship from?,0
Nice product!,0
What are the dimensions?,0
What are the dimensions?,0
What are the dimensions?,0
How soon can I get it?,0
Add me on WhatsApp: 555-905-1988,1
What are the dimensions?,0
How soon can I get it?,0
Where do you ship from?,0
C o n t a c t :   + 1   4 3 1   6 2 2   5 5 1 8,1
Reach out on WhatsApp at +1-165-728-6540,1
This looks good.,0
Does it come in other colors?,0
Where do you ship from?,0
DM me on Facebook: facebook.com/fashionista657,1
You can reach me at 555-217-2835,1
This looks good.,0
Contact: +1-218-799-6897,1
I’m interested in this item.,0
Where do you ship from?,0
Add me on WhatsApp: (625) 643-9289,1
Can you show more photos?,0
My number is 542-485-4284,1
Can you show more photos?,0
Do you have it in stock?,0
I’m interested in this item.,0
Email me at user1939@example.com,1
Call me at 792-472-2421,1
How soon can I get it?,0
Where do you ship from?,0
Do you have it in stock?,0
Snapchat me @ shopper743,1
I’m interested in this item.,0
Let's connect on LinkedIn: linkedin.com/in/coolguy42,1
Does it come in other colors?,0
Where do you ship from?,0
Does it come in other colors?,0
Can you show more photos?,0
Call me at 780-794-7145,1
Can you show more photos?,0
This looks good.,0
Where do you ship from?,0
Do you have it in stock?,0
Message me on Snapchat: shopper99,1
Where do you ship from?,0
Do you have it in stock?,0
Message me on Snapchat: designer123,1
Message via email: grace44@test.org,1
Does it come in other colors?,0
What’s the price?,0
Can you show more photos?,0
Contact: +1-232-905-4682,1
How soon can I get it?,0
Nice product!,0
Add me on Facebook (facebook.com/shopper99),1
This looks good.,0
I’m interested in this item.,0
Can you show more photos?,0
I’m interested in this item.,0
Does it come in other colors?,0
What are the dimensions?,0
Hit me up on WhatsApp at 555-569-4832,1
What’s the price?,0
This looks good.,0
Does it come in other colors?,0
Where do you ship from?,0
I’m interested in this item.,0
Do you have it in stock?,0
Does it come in other colors?,0
Does it come in other colors?,0
Does it come in other colors?,0
This looks good.,0
How soon can I get it?,0
This looks good.,0
Hit me up on WhatsApp at 555-901-6270,1
How soon can I get it?,0
I’m interested in this item.,0
I’m interested in this item.,0
reach at t w o o o @example.com,1
Follow me on Twitter: @ivan514,1
Can you show more photos?,0
Where do you ship from?,0
I’m interested in this item.,0
Does it come in other colors?,0
Ping me on Telegram: @heidi283,1
Nice product!,0
What are the dimensions?,0
Nice product!,0
Can you show more photos?,0
Nice product!,0
I’m interested in this item.,0
e m a i l m e @ user1827@example.com,1
Connect on LinkedIn (linkedin.com/in/fashionista938),1
What’s the price?,0
What are the dimensions?,0
How soon can I get it?,0
How soon can I get it?,0
Can you show more photos?,0
Can you show more photos?,0
What’s the price?,0
What are the dimensions?,0
Can you show more photos?,0
What are the dimensions?,0
I’m interested in this item.,0
Contact me via Telegram: @best_pizza,1
Nice product!,0
Do you have it in stock?,0
Do you have it in stock?,0
I’m interested in this item.,0
Where do you ship from?,0
Does it come in other colors?,0
Message me at user5909@example.com,1
Can you show more photos?,0
I’m interested in this item.,0
How soon can I get it?,0
What are the dimensions?,0
Do you have it in stock?,0
What are the dimensions?,0
How soon can I get it?,0
Send me a DM on Facebook: facebook.com/designer123,1
What are the dimensions?,0
This looks good.,0
What’s the price?,0
I’m interested in this item.,0
Can you show more photos?,0
How soon can I get it?,0
Nice product!,0
Does it come in other colors?,0
How soon can I get it?,0
Does it come in other colors?,0
Do you have it in stock?,0
Can you show more photos?,0
Reach out on WhatsApp at +1-356-676-2594,1
Can you show more photos?,0
Does it come in other colors?,0
Do you have it in stock?,0
Can you show more photos?,0
Can you show more photos?,0
Text me at +1-236-935-2179,1
Nice product!,0
I’m interested in this item.,0
My Snapchat is judy657,1
Do you have it in stock?,0
This looks good.,0
Does it come in other colors?,0
I’m interested in this item.,0
Nice product!,0
I’m interested in this item.,0
Please email me at user9646@example.com,1
I’m interested in this item.,0
Where do you ship from?,0
What’s the price?,0
Can you show more photos?,0
I’m interested in this item.,0
Nice product!,0
My TikTok: @bob480,1
What are the dimensions?,0
Can you show more photos?,0
What’s the price?,0
Where do you ship from?,0
Do you have it in stock?,0
e m a i l m e @ user7439@example.com,1
Add me on WhatsApp: 555-844-5997,1
Where do you ship from?,0
What are the dimensions?,0
C a l l   m e :   5 1 8 - 6 1 4 - 3 5 4 9,1
Email me at grace94@test.org,1
This looks good.,0
Message via email: frank23@example.com,1
"My contact is 555-279-9793, call me.",1
What’s the price?,0
Do you have it in stock?,0
Where do you ship from?,0
What are the dimensions?,0
Text me at 555-904-7479 for more info.,1
Here is my email: user7963@example.com,1
Can you show more photos?,0
I’m interested in this item.,0
Add me on WhatsApp: (607) 939-6389,1
What are the dimensions?,0
Nice product!,0
Where do you ship from?,0
What’s the price?,0
Hit me up on WhatsApp at +1-668-753-6257,1
What are the dimensions?,0
How soon can I get it?,0
Do you have it in stock?,0
My Snapchat is judy520,1
Nice product!,0
I’m interested in this item.,0
Nice product!,0
This looks good.,0
LinkedIn me at 8787883219,1
This looks good.,0
Can you show more photos?,0
I’m interested in this item.,0
What’s the price?,0
Where do you ship from?,0
My Snapchat is frank266,1
What are the dimensions?,0
Add me on Facebook (facebook.com/fashionguru),1
Can you show more photos?,0
Do you have it in stock?,0
C a l l   m e :   6 1 0 - 1 4 3 - 3 1 2 3,1
You can reach me at 555-543-5381,1
My WeChat ID is shopper99,1
Can you show more photos?,0
Contact me on Skype: ivan379,1
I’m interested in this item.,0
Do you have it in stock?,0
What’s the price?,0
I’m interested in this item.,0
Where do you ship from?,0
Nice product!,0
What’s the price?,0
my digits: +1-330-490-7184,1
I’m interested in this item.,0
Where do you ship from?,0
What’s the price?,0
Does it come in other colors?,0
What’s the price?,0
Can you show more photos?,0
What are the dimensions?,0
"Email is user9463@example.com, reach out anytime.",1
Can I have your email address?,1
What are the dimensions?,0
Do you have it in stock?,0
Can you show more photos?,0
Where do you ship from?,0
Where do you ship from?,0
Do you have it in stock?,0
How soon can I get it?,0
Message me at user4090@example.com,1
Nice product!,0
Can you show more photos?,0
This looks good.,0
How soon can I get it?,0
Where do you ship from?,0
Nice product!,0
get in touch @ user6876@example.com,1
You can reach me at 555-909-7728,1
e m a i l m e @ user5631@example.com,1
I’m interested in this item.,0
I’m interested in this item.,0
Does it come in other colors?,0
How soon can I get it?,0
C o n t a c t :   5 2 6 6 7 3 3 7 9 9,1
Connect on LinkedIn (linkedin.com/in/devguy528),1
What’s the price?,0
What are the dimensions?,0
Nice product!,0
Where do you ship from?,0
What are the dimensions?,0
Nice product!,0
"My contact is 555-933-7075, call me.",1
Can you show more photos?,0
What are the dimensions?,0
I’m interested in this item.,0
I’m interested in this item.,0
Can you show more photos?,0
My TikTok: @eve52,1
What’s the price?,0
Does it come in other colors?,0
DM me on Facebook: facebook.com/fashionista276,1
How soon can I get it?,0
What are the dimensions?,0
Find me on Facebook: https://facebook.com/judy506,1
This looks good.,0
Hit me up on WhatsApp at 555-542-9335,1
Do you have it in stock?,0
"My contact is 555-998-2440, call me.",1
Where do you ship from?,0
Does it come in other colors?,0
Can you show more photos?,0
Where do you ship from?,0
find me at user3914@example.com 😉,1
What’s the price?,0
Does it come in other colors?,0
What are the dimensions?,0
Text me at 555-835-1938 for more info.,1
What’s the price?,0
I’m interested in this item.,0
Does it come in other colors?,0
How soon can I get it?,0
Can you show more photos?,0
Do you have it in stock?,0
This looks good.,0
Nice product!,0
Do you have it in stock?,0
you can DM me at shopper584 on Insta,1
Mail me: heidi62@test.org,1
Nice product!,0
Can you show more photos?,0
Where do you ship from?,0
Can you show more photos?,0
Nice product!,0
Do you have it in stock?,0
Do you have it in stock?,0
Can you show more photos?,0
Does it come in other colors?,0
Where do you ship from?,0
Where do you ship from?,0
Where do you ship from?,0
This looks good.,0
Contact: +1-289-248-1404,1
Nice product!,0
How soon can I get it?,0
This looks good.,0
What’s the price?,0
My WeChat ID is designer123,1
Can you show more photos?,0
Do you have it in stock?,0
This looks good.,0
Nice product!,0
How soon can I get it?,0
What’s the price?,0
This looks good.,0
Where do you ship from?,0
What’s the price?,0
My Snapchat is heidi177,1
Does it come in other colors?,0
Do you have it in stock?,0
Where do you ship from?,0
Nice product!,0
Does it come in other colors?,0
Do you have it in stock?,0
This looks good.,0
Nice product!,0
Where do you ship from?,0
What’s the price?,0
Where do you ship from?,0
Let's connect on LinkedIn: linkedin.com/in/tech_lead,1
What are the dimensions?,0
Call me at 7507854690,1
Does it come in other colors?,0
Email me at charlie94@test.org,1
What’s the price?,0
Do you have it in stock?,0
How soon can I get it?,0
How soon can I get it?,0
I’m interested in this item.,0
This looks good.,0
Can you show more photos?,0
What’s the price?,0
d a v i d 3 5 @ t e s t . o r g,1
Nice product!,0
This looks good.,0
This looks good.,0
This looks good.,0
Here is my email: user3732@example.com,1
"My contact is 555-227-2263, call me.",1
What’s the price?,0
What are the dimensions?,0
Can you show more photos?,0
Where do you ship from?,0
What’s the price?,0
Where do you ship from?,0
Does it come in other colors?,0
Contact: +1-154-635-9206,1
Does it come in other colors?,0
What are the dimensions?,0
I’m interested in this item.,0
My Snapchat is charlie655,1
What are the dimensions?,0
LinkedIn me at (844) 326-9757,1
Can you show more photos?,0
This looks good.,0
Nice product!,0
What’s the price?,0
Do you have it in stock?,0
Nice product!,0
How soon can I get it?,0
This looks good.,0
How soon can I get it?,0
Contact: +1-672-845-1545,1
Does it come in other colors?,0
Can you share your phone number so I can send you details?,1
What’s the price?,0
What are the dimensions?,0
Does it come in other colors?,0
my digits: +1-880-363-2435,1
Nice product!,0
What’s the price?,0
This looks good.,0
How soon can I get it?,0
Can you show more photos?,0
What’s the price?,0
Do you have it in stock?,0
What are the dimensions?,0
Do you have it in stock?,0
How soon can I get it?,0
Contact via email: bob18@example.com,1
How soon can I get it?,0
Where do you ship from?,0
How soon can I get it?,0
I’m interested in this item.,0
Message via email: heidi45@email.net,1
Nice product!,0
Do you have it in stock?,0
How soon can I get it?,0
What’s the price?,0
This looks good.,0
Can you show more photos?,0
Where do you ship from?,0
How soon can I get it?,0
This looks good.,0
Where do you ship from?,0
This looks good.,0
Nice product!,0
Does it come in other colors?,0
This looks good.,0
Can you show more photos?,0
Nice product!,0
What’s the price?,0
I’m interested in this item.,0
This looks good.,0
Does it come in other colors?,0
This looks good.,0
Can you show more photos?,0
I’m interested in this item.,0
Can you show more photos?,0
I’m interested in this item.,0
Nice product!,0
You can reach me at +1-570-836-4602,1
This looks good.,0
Can you show more photos?,0
I’m interested in this item.,0
Hit me up on WhatsApp at +1-729-747-1164,1
What are the dimensions?,0
Does it come in other colors?,0
This looks good.,0
I’m interested in this item.,0
my digits: +1-907-224-5063,1
Contact via email: alice2@test.org,1
What’s the price?,0
What’s the price?,0
Do you have it in stock?,0
Can you show more photos?,0
This looks good.,0
Can you show more photos?,0
What’s the price?,0
Follow me on Twitter: @heidi416,1
Where do you ship from?,0
t e l : +1-143-663-3800,1
What are the dimensions?,0
find me at user6804@example.com 😉,1
What are the dimensions?,0
Do you have it in stock?,0
I’m interested in this item.,0
How soon can I get it?,0
Can you show more photos?,0
How soon can I get it?,0
This looks good.,0
What are the dimensions?,0
Does it come in other colors?,0
What are the dimensions?,0
How soon can I get it?,0
Do you have it in stock?,0
Can you show more photos?,0
What’s the price?,0
Does it come in other colors?,0
Does it come in other colors?,0
How soon can I get it?,0
Does it come in other colors?,0
This looks good.,0
You can reach me at +1-985-114-6100,1
How soon can I get it?,0
Please email me at user4989@example.com,1
Can you show more photos?,0
I’m interested in this item.,0
Does it come in other colors?,0
Connect on LinkedIn (linkedin.com/in/fashionguru),1
Where do you ship from?,0
What’s the price?,0
fb.com/shopper712,1
What are the dimensions?,0
Does it come in other colors?,0
Ping me on Telegram: @david275,1
Nice product!,0
How soon can I get it?,0
What are the dimensions?,0
DM me on Instagram: @alice757,1
Do you have it in stock?,0
How soon can I get it?,0
Can you show more photos?,0
Does it come in other colors?,0
Can you share your phone number so I can send you details?,1
Connect on LinkedIn (linkedin.com/in/fashioneer),1
my email id is user4106@example.com,1
Can you show more photos?,0
Find me on Facebook: https://facebook.com/eve221,1
How soon can I get it?,0
Do you have it in stock?,0
What are the dimensions?,0
Where do you ship from?,0
Nice product!,0
Do you have it in stock?,0
Where do you ship from?,0
What are the dimensions?,0
What’s the price?,0
My WeChat ID is fashionguru,1
I’m interested in this item.,0
What’s the price?,0
How soon can I get it?,0
Follow me on Instagram @designer123 and DM.,1
Nice product!,0
How soon can I get it?,0
Text me at +1 964 865 4834,1
Can you show more photos?,0
Where do you ship from?,0
Can you show more photos?,0
Hit me up on WhatsApp at 555-498-5068,1
What are the dimensions?,0
This looks good.,0
What’s the price?,0
Where do you ship from?,0
Can you show more photos?,0
How soon can I get it?,0
What’s the price?,0
What’s the price?,0
Where do you ship from?,0
Where do you ship from?,0
Where do you ship from?,0
Do you have it in stock?,0
Nice product!,0
Do you have it in stock?,0
Can you show more photos?,0
e m a i l m e @ user2538@example.com,1
Let's connect on LinkedIn: linkedin.com/in/tech_lead,1
How soon can I get it?,0
Follow me on Instagram @coolguy42 and DM.,1
Do you have it in stock?,0
Does it come in other colors?,0
Where do you ship from?,0
Message me on Signal: 126-253-7325,1
What are the dimensions?,0
you can DM me at shopper156 on Insta,1
How soon can I get it?,0
How soon can I get it?,0
Does it come in other colors?,0
Does it come in other colors?,0
How soon can I get it?,0
Connect on LinkedIn (linkedin.com/in/tech_lead),1
Do you have it in stock?,0
How soon can I get it?,0
This looks good.,0
What are the dimensions?,0
Does it come in other colors?,0
Can you show more photos?,0
I’m interested in this item.,0
Does it come in other colors?,0
Nice product!,0
"My contact is 555-947-5410, call me.",1
What are the dimensions?,0
What are the dimensions?,0
Does it come in other colors?,0
What are the dimensions?,0
Nice product!,0
Connect on LinkedIn (linkedin.com/in/fashionista195),1
I’m interested in this item.,0
Does it come in other colors?,0
Can you show more photos?,0
What’s the price?,0
How soon can I get it?,0
My Snapchat is judy613,1
Does it come in other colors?,0
📧 user6938@example.com,1
Do you have it in stock?,0
What’s the price?,0
I’m interested in this item.,0
What’s the price?,0
Here's my email: user6669@example.com,1
This looks good.,0
Contact: +1-217-266-7814,1
Where do you ship from?,0
Where do you ship from?,0
Nice product!,0
Text me at 551-532-8422,1
What are the dimensions?,0
What are the dimensions?,0
This looks good.,0
What are the dimensions?,0
What are the dimensions?,0
What are the dimensions?,0
What’s the price?,0
I’m interested in this item.,0
WhatsApp me at +1-555-471-7871,1
Where do you ship from?,0
Reach me at (815) 442-3630,1
C a l l   m e :   7 7 9 - 0 9 0 - 8 5 8 3,1
What’s the price?,0
Can you show more photos?,0
Message me on Signal: 681-653-3347,1
How soon can I get it?,0
Reach me at +1 714 767 4507,1
I’m interested in this item.,0
Do you have it in stock?,0
Add me on WhatsApp: 555-699-6392,1
How soon can I get it?,0
Nice product!,0
What’s the price?,0
This looks good.,0
Can you show more photos?,0
Connect on LinkedIn (linkedin.com/in/devguy628),1
"My contact is 555-641-8784, call me.",1
Can you show more photos?,0
i v a n 2 9 @ m a i l . c o m,1
Nice product!,0
Can you show more photos?,0
How soon can I get it?,0
Find me on Facebook: https://facebook.com/ivan724,1
DM me on Instagram: @grace558,1
I’m interested in this item.,0
WhatsApp me at +1-555-379-1607,1
get in touch @ user4038@example.com,1
What’s the price?,0
Where do you ship from?,0
You can reach me at +1-357-951-6966,1
get in touch @ user8945@example.com,1
Nice product!,0
Follow me on Instagram @jane.smith and DM.,1
This looks good.,0
I’m interested in this item.,0
What’s the price?,0
Nice product!,0
Text me at +1-814-498-3674,1
What’s the price?,0
I’m interested in this item.,0
I’m interested in this item.,0
c o n t a c t : +1-605-722-1065,1
Do you have it in stock?,0
Can you show more photos?,0
This looks good.,0
Add me on WhatsApp: 555-752-6359,1
My TikTok: @judy788,1
Message via email: bob69@test.org,1
Follow me on Instagram @designer123 and DM.,1
Nice product!,0
Does it come in other colors?,0
Does it come in other colors?,0
Does it come in other colors?,0
I’m interested in this item.,0
How soon can I get it?,0
Where do you ship from?,0
What’s the price?,0
find me at user4835@example.com 😉,1
How soon can I get it?,0
Contact me via Telegram: @john_doe,1
Do you have it in stock?,0
Skype me at 117-951-3979,1
What’s the price?,0
Does it come in other colors?,0
This looks good.,0
Where do you ship from?,0
Where do you ship from?,0
Contact me via Telegram: @shopper99,1
Let's connect on LinkedIn: https://linkedin.com/in/eve540,1
Mail me: judy57@test.org,1
What’s the price?,0
Connect on LinkedIn (linkedin.com/in/shopper99),1
This looks good.,0
Nice product!,0
What are the dimensions?,0
This looks good.,0
I’m interested in this item.,0
How soon can I get it?,0
What’s the price?,0
Can you show more photos?,0
Does it come in other colors?,0
Can you show more photos?,0
I’m interested in this item.,0
I’m interested in this item.,0
Do you have it in stock?,0
Does it come in other colors?,0
Can you show more photos?,0
Does it come in other colors?,0
Nice product!,0
Can you share your phone number so I can send you details?,1
I’m interested in this item.,0
reach at t w o o o @example.com,1
What’s the price?,0
How soon can I get it?,0
Does it come in other colors?,0
Do you have it in stock?,0
What are the dimensions?,0
I’m interested in this item.,0
I’m interested in this item.,0
What are the dimensions?,0
Can you show more photos?,0
Do you have it in stock?,0
This looks good.,0
Where do you ship from?,0
This looks good.,0
This looks good.,0
What’s the price?,0
I’m interested in this item.,0
Does it come in other colors?,0
What are the dimensions?,0
This looks good.,0
This looks good.,0
What are the dimensions?,0
I’m interested in this item.,0
Nice product!,0
I’m interested in this item.,0
Can you show more photos?,0
Where do you ship from?,0
What’s the price?,0
Does it come in other colors?,0
Contact me via Telegram: @fashionguru,1
Can you show more photos?,0
Does it come in other colors?,0
Where do you ship from?,0
What’s the price?,0
C a l l   m e :   1 7 5 6 5 9 4 8 7 3,1
How soon can I get it?,0
What’s the price?,0
Does it come in other colors?,0
You can reach me at 555-839-1958,1
How soon can I get it?,0
Connect on LinkedIn (linkedin.com/in/fashionguru),1
Can you show more photos?,0
What are the dimensions?,0
This looks good.,0
Do you have it in stock?,0
I’m interested in this item.,0
Nice product!,0
This looks good.,0
This looks good.,0
Can you show more photos?,0
Connect on LinkedIn (linkedin.com/in/best_pizza),1
Do you have it in stock?,0
What’s the price?,0
What’s the price?,0
I’m interested in this item.,0
Does it come in other colors?,0
Where do you ship from?,0
This looks good.,0
Does it come in other colors?,0
What’s the price?,0
I’m interested in this item.,0
This looks good.,0
I’m interested in this item.,0
I’m interested in this item.,0
What’s the price?,0
How soon can I get it?,0
e m a i l m e @ user7848@example.com,1
Message me on Snapchat: shopper99,1
You can reach me at 555-407-3511,1
Where do you ship from?,0
This looks good.,0
Where do you ship from?,0
Do you have it in stock?,0
Message me on Snapchat: coolguy42,1
What are the dimensions?,0
Does it come in other colors?,0
I’m interested in this item.,0
This looks good.,0
How soon can I get it?,0
How soon can I get it?,0
What’s the price?,0
Can you show more photos?,0
What’s the price?,0
What’s the price?,0
How soon can I get it?,0
What are the dimensions?,0
How soon can I get it?,0
"My contact is 555-762-8326, call me.",1
Add me on WhatsApp: 555-233-7603,1
Where do you ship from?,0
WhatsApp me at +1-555-272-8023,1
c o n t a c t : +1-178-643-1384,1
Where do you ship from?,0
Add me on WhatsApp: (075) 013-1385,1
What are the dimensions?,0
find me at user17@example.com 😉,1
Where do you ship from?,0
I’m interested in this item.,0
WhatsApp me at +1-555-901-7789,1
Where do you ship from?,0
This looks good.,0
Call me at 128-861-7291,1
This looks good.,0
Does it come in other colors?,0
Where do you ship from?,0
fb.com/coolcat40,1
Can you show more photos?,0
You can reach me at 555-979-5508,1
DM me on Facebook: facebook.com/devguy873,1
What are the dimensions?,0
Nice product!,0
Does it come in other colors?,0
Can you show more photos?,0
What’s the price?,0
Do you have it in stock?,0
What’s the price?,0
Where do you ship from?,0
What’s the price?,0
What’s the price?,0
Where do you ship from?,0
This looks good.,0
Where do you ship from?,0
Do you have it in stock?,0
Can you show more photos?,0
This looks good.,0
What’s the price?,0
Does it come in other colors?,0
Does it come in other colors?,0
Does it come in other colors?,0
find me at user866@example.com 😉,1
How soon can I get it?,0
Find me on Facebook: https://facebook.com/grace94,1
snap me at s-n-a-p coolcat461,1
Text me at 555-640-6660 for more info.,1
What’s the price?,0
What’s the price?,0
Message me on Snapchat: designer123,1
What are the dimensions?,0
How soon can I get it?,0
This looks good.,0
Does it come in other colors?,0
Does it come in other colors?,0
Nice product!,0
Here's my email: user7065@example.com,1
I’m interested in this item.,0
What are the dimensions?,0
How soon can I get it?,0
What’s the price?,0
How soon can I get it?,0
Send me a DM on Facebook: facebook.com/tech_lead,1
Please email me at user5781@example.com,1
Nice product!,0
Can you show more photos?,0
How soon can I get it?,0
Do you have it in stock?,0
Where do you ship from?,0
What are the dimensions?,0
How soon can I get it?,0
Nice product!,0
Can you show more photos?,0
What are the dimensions?,0
Does it come in other colors?,0
I’m interested in this item.,0
This looks good.,0
Do you have it in stock?,0
This looks good.,0
What are the dimensions?,0
Where do you ship from?,0
Do you have it in stock?,0
How soon can I get it?,0
📧 user3186@example.com,1
Can I have your email address?,1
What’s the price?,0
Does it come in other colors?,0
Find me on Facebook: https://facebook.com/frank115,1
What’s the price?,0
Does it come in other colors?,0
fb.com/coolcat663,1
Where do you ship from?,0
I’m interested in this item.,0
Let's connect on LinkedIn: linkedin.com/in/best_pizza,1
Can you show more photos?,0
Send me a DM on Facebook: facebook.com/fashionguru,1
What’s the price?,0
Here's my email: user1013@example.com,1
What’s the price?,0
Where do you ship from?,0
Can you show more photos?,0
Where do you ship from?,0
This looks good.,0
Can you show more photos?,0
snap me at s-n-a-p coolcat229,1
Does it come in other colors?,0
Where do you ship from?,0
Nice product!,0
Can you show more photos?,0
Do you have it in stock?,0
Can you show more photos?,0
What are the dimensions?,0
Find me on Facebook: https://facebook.com/judy99,1
Nice product!,0
Can you show more photos?,0
C o n t a c t :   ( 2 8 0 )   1 6 2 - 0 4 1 9,1
I’m interested in this item.,0
What’s the price?,0
How soon can I get it?,0
How soon can I get it?,0
This looks good.,0
c o n t a c t : +1-755-452-4733,1
How soon can I get it?,0
Does it come in other colors?,0
Does it come in other colors?,0
Do you have it in stock?,0
I’m interested in this item.,0
What are the dimensions?,0
Do you have it in stock?,0
Mail me: ivan56@example.com,1
How soon can I get it?,0
Nice product!,0
What’s the price?,0
How soon can I get it?,0
Does it come in other colors?,0
DM me on Instagram: @david374,1
my digits: +1-406-789-7492,1
What are the dimensions?,0
Can you show more photos?,0
I’m interested in this item.,0
Where do you ship from?,0
Nice product!,0
What are the dimensions?,0
Do you have it in stock?,0
Add me on WhatsApp: 393-559-9282,1
This looks good.,0
Can you show more photos?,0
Where do you ship from?,0
Nice product!,0
How soon can I get it?,0
How soon can I get it?,0
Let's connect on LinkedIn: https://linkedin.com/in/charlie172,1
hmu @ shopper473,1
What’s the price?,0
I’m interested in this item.,0
How soon can I get it?,0
Where do you ship from?,0
This looks good.,0
Does it come in other colors?,0
Do you have it in stock?,0
What’s the price?,0
This looks good.,0
What are the dimensions?,0
This looks good.,0
What’s the price?,0
Does it come in other colors?,0
Where do you ship from?,0
Do you have it in stock?,0
You can reach me at 555-248-9287,1
Nice product!,0
Does it come in other colors?,0
Where do you ship from?,0
Where do you ship from?,0
Where do you ship from?,0
Can you show more photos?,0
This looks good.,0
Here's my email: user2367@example.com,1
Does it come in other colors?,0
Where do you ship from?,0
Can you show more photos?,0
How soon can I get it?,0
Can you show more photos?,0
Do you have it in stock?,0
Add me on Facebook (facebook.com/tech_lead),1
Does it come in other colors?,0
Text me at (647) 772-4582,1
Email me at charlie85@test.org,1
Nice product!,0
Follow me on Instagram @john_doe and DM.,1
My Snapchat is ivan95,1
Message me at user791@example.com,1
Nice product!,0
This looks good.,0
Do you have it in stock?,0
How soon can I get it?,0
Message via email: heidi12@test.org,1
I’m interested in this item.,0
Message me on Signal: 299-383-7928,1
I’m interested in this item.,0
Follow me on Instagram @fashioneer and DM.,1
How soon can I get it?,0
Can you show more photos?,0
Does it come in other colors?,0
Do you have it in stock?,0
Does it come in other colors?,0
My Snapchat is eve904,1
Can you show more photos?,0
What’s the price?,0
How soon can I get it?,0
My WeChat ID is jane.smith,1
Does it come in other colors?,0
fb.com/coolcat886,1
Does it come in other colors?,0
Do you have it in stock?,0
Does it come in other colors?,0
Nice product!,0
This looks good.,0
What’s the price?,0
Do you have it in stock?,0
What are the dimensions?,0
This looks good.,0
Text me at 555-190-7446 for more info.,1
What are the dimensions?,0
Here is my email: user3271@example.com,1
Message me on Signal: 6675988399,1
Send me a DM on Facebook: facebook.com/coolguy42,1
Can you show more photos?,0
Where do you ship from?,0
C o n t a c t :   + 1   2 8 0   9 4 6   3 6 1 7,1
Does it come in other colors?,0
find me at user4567@example.com 😉,1
DM me on Instagram: @frank989,1
What’s the price?,0
How soon can I get it?,0
You can reach me at 555-390-4746,1
Does it come in other colors?,0
"Email is user7214@example.com, reach out anytime.",1
This looks good.,0
snap me at s-n-a-p coolcat675,1
Does it come in other colors?,0
Does it come in other colors?,0
How soon can I get it?,0
Message me at user4720@example.com,1
Follow me on Instagram @jane.smith and DM.,1
Does it come in other colors?,0
Follow me on Twitter: @david557,1
WhatsApp me at (945) 020-6312,1
What are the dimensions?,0
Nice product!,0
I’m interested in this item.,0
Nice product!,0
Can you show more photos?,0
📧 user4139@example.com,1
Where do you ship from?,0
Does it come in other colors?,0
Where do you ship from?,0
This looks good.,0
Does it come in other colors?,0
Please email me at user8847@example.com,1
How soon can I get it?,0
I’m interested in this item.,0
Add me on Facebook (facebook.com/shop_owner),1
Do you have it in stock?,0
Follow me on Instagram @best_pizza and DM.,1
How soon can I get it?,0
What’s the price?,0
Connect on LinkedIn (linkedin.com/in/john_doe),1
Does it come in other colors?,0
Nice product!,0
Does it come in other colors?,0
Can you show more photos?,0
Do you have it in stock?,0
What’s the price?,0
Do you have it in stock?,0
I’m interested in this item.,0
Does it come in other colors?,0
Contact me via Telegram: @fashioneer,1
Nice product!,0
I’m interested in this item.,0
Does it come in other colors?,0
Can you show more photos?,0
This looks good.,0
Text me at 5010670152,1
What’s the price?,0
This looks good.,0
Nice product!,0
Does it come in other colors?,0
get in touch @ user4792@example.com,1
What are the dimensions?,0
What’s the price?,0
How soon can I get it?,0
How soon can I get it?,0
find me at user4147@example.com 😉,1
Let's connect on LinkedIn: https://linkedin.com/in/judy661,1
Do you have it in stock?,0
Where do you ship from?,0
Do you have it in stock?,0
Nice product!,0
I’m interested in this item.,0
Message me on Snapchat: tech_lead,1
Where do you ship from?,0
Where do you ship from?,0
This looks good.,0
I’m interested in this item.,0
Where do you ship from?,0
DM me on Instagram: @heidi571,1
Nice product!,0
This looks good.,0
How soon can I get it?,0
What are the dimensions?,0
Do you have it in stock?,0
What are the dimensions?,0
Can you show more photos?,0
Nice product!,0
This looks good.,0
Does it come in other colors?,0
Where do you ship from?,0
Reach out on WhatsApp at +1-580-490-8133,1
Text me at 555-218-3201 for more info.,1
Nice product!,0
Where do you ship from?,0
Nice product!,0
Nice product!,0
How soon can I get it?,0
What’s the price?,0
Nice product!,0
Nice product!,0
What’s the price?,0
Ping me on Telegram: @judy973,1
Where do you ship from?,0
Where do you ship from?,0
This looks good.,0
Nice product!,0
Does it come in other colors?,0
Where do you ship from?,0
Message via email: judy30@mail.com,1
This looks good.,0
How soon can I get it?,0
I’m interested in this item.,0
I’m interested in this item.,0
Nice product!,0
Does it come in other colors?,0
Does it come in other colors?,0
Can you show more photos?,0
Does it come in other colors?,0
I’m interested in this item.,0
you can DM me at devguy288 on Insta,1
Where do you ship from?,0
This looks good.,0
Please email me at user5595@example.com,1
Contact via email: bob88@mail.com,1
Do you have it in stock?,0
This looks good.,0
This looks good.,0
Can you show more photos?,0
How soon can I get it?,0
What’s the price?,0
I’m interested in this item.,0
Do you have it in stock?,0
e m a i l m e @ user6746@example.com,1
Where do you ship from?,0
How soon can I get it?,0
I’m interested in this item.,0
Mail me: eve43@test.org,1
Where do you ship from?,0
Can you show more photos?,0
How soon can I get it?,0
Can you show more photos?,0
Let's connect on LinkedIn: https://linkedin.com/in/alice774,1
Do you have it in stock?,0
Do you have it in stock?,0
Find me on Facebook: https://facebook.com/bob830,1
Do you have it in stock?,0
Can you show more photos?,0
What’s the price?,0
Where do you ship from?,0
📱 +1-999-593-7304,1
Where do you ship from?,0
I’m interested in this item.,0
This looks good.,0
What’s the price?,0
What’s the price?,0
What’s the price?,0
e m a i l m e @ user9338@example.com,1
Does it come in other colors?,0
Ping me on Telegram: @frank985,1
I’m interested in this item.,0
I’m interested in this item.,0
Can you show more photos?,0
This looks good.,0
Do you have it in stock?,0
Where do you ship from?,0
Contact me via Telegram: @fashioneer,1
Connect on LinkedIn (linkedin.com/in/fashionista724),1
This looks good.,0
I’m interested in this item.,0
Where do you ship from?,0
Nice product!,0
This looks good.,0
Does it come in other colors?,0
What’s the price?,0
What are the dimensions?,0
What’s the price?,0
This looks good.,0
Where do you ship from?,0
How soon can I get it?,0
wanna chat? +1-997-964-6324,1
How soon can I get it?,0
How soon can I get it?,0
What’s the price?,0
Nice product!,0
What are the dimensions?,0
Nice product!,0
h e i d i 3 7 @ e m a i l . n e t,1
This looks good.,0
Does it come in other colors?,0
What’s the price?,0
How soon can I get it?,0
Can you show more photos?,0
Can you show more photos?,0
What are the dimensions?,0
Where do you ship from?,0
Where do you ship from?,0
snap me at s-n-a-p fashionista395,1
Message me at user8038@example.com,1
This looks good.,0
How soon can I get it?,0
I’m interested in this item.,0
Nice product!,0
Please email me at user1779@example.com,1
Can you show more photos?,0
How soon can I get it?,0
Where do you ship from?,0
What’s the price?,0
DM me on Instagram @tech_lead,1
Can you share your phone number so I can send you details?,1
Where do you ship from?,0
This looks good.,0
What’s the price?,0
What’s the price?,0
Do you have it in stock?,0
Where do you ship from?,0
DM me on Facebook: facebook.com/shopper906,1
Follow me on Instagram @shop_owner and DM.,1
How soon can I get it?,0
get in touch @ user8506@example.com,1
Where do you ship from?,0
Nice product!,0
Nice product!,0
Do you have it in stock?,0
Connect on LinkedIn (linkedin.com/in/best_pizza),1
"Email is user8440@example.com, reach out anytime.",1
Let's connect on LinkedIn: linkedin.com/in/fashionguru,1
Nice product!,0
Do you have it in stock?,0
Nice product!,0
How soon can I get it?,0
How soon can I get it?,0
Do you have it in stock?,0
t e l : +1-687-302-5513,1
"My contact is 555-993-6040, call me.",1
Nice product!,0
WhatsApp me at +1-555-470-7876,1
This looks good.,0
What’s the price?,0
Here is my email: user3710@example.com,1
What’s the price?,0
Do you have it in stock?,0
Can you show more photos?,0
You can reach me at +1-580-972-9673,1
Where do you ship from?,0
How soon can I get it?,0
This looks good.,0
Can you show more photos?,0
This looks good.,0
find me at user4266@example.com 😉,1
Do you have it in stock?,0
Nice product!,0
What’s the price?,0
What’s the price?,0
Can you show more photos?,0
Nice product!,0
Nice product!,0
I’m interested in this item.,0
Do you have it in stock?,0
Where do you ship from?,0
This looks good.,0
Ping me on Telegram: @charlie44,1
Nice product!,0
message me via g m a i l at user1064@example.com,1
I’m interested in this item.,0
Where do you ship from?,0
How soon can I get it?,0
Where do you ship from?,0
How soon can I get it?,0
I’m interested in this item.,0
Do you have it in stock?,0
C a l l   m e :   + 1   6 1 6   7 9 5   2 9 3 6,1
What’s the price?,0
What are the dimensions?,0
Can you show more photos?,0
Connect on LinkedIn (linkedin.com/in/designer123),1
How soon can I get it?,0
Do you have it in stock?,0
I’m interested in this item.,0
Nice product!,0
Does it come in other colors?,0
What’s the price?,0
What are the dimensions?,0
Do you have it in stock?,0
Nice product!,0
Here is my email: user9153@example.com,1
Here is my email: user4107@example.com,1
Do you have it in stock?,0
I’m interested in this item.,0
What are the dimensions?,0
How soon can I get it?,0
Where do you ship from?,0
Add me on WhatsApp: 555-748-2704,1
I’m interested in this item.,0
How soon can I get it?,0
Do you have it in stock?,0
What’s the price?,0
Do you have it in stock?,0
t e l : +1-155-359-8340,1
This looks good.,0
Do you have it in stock?,0
How soon can I get it?,0
C a l l   m e :   ( 4 5 9 )   7 2 9 - 7 4 0 4,1
Does it come in other colors?,0
Where do you ship from?,0
Let's connect on LinkedIn: https://linkedin.com/in/charlie219,1
c   o   n   t   a   c   t   m   e   8 1 2 7 9 9 6 3 7 6,1
What are the dimensions?,0
What are the dimensions?,0
I’m interested in this item.,0
What are the dimensions?,0
This looks good.,0
Can you show more photos?,0
My number is (673) 514-3258,1
Contact: +1-860-827-3043,1
What are the dimensions?,0
This looks good.,0
How soon can I get it?,0
Snapchat me @ shopper348,1
This looks good.,0
Reach out on WhatsApp at +1-618-439-6280,1
What’s the price?,0
Can you show more photos?,0
Can you share your phone number so I can send you details?,1
How soon can I get it?,0
Where do you ship from?,0
Does it come in other colors?,0
I’m interested in this item.,0
I’m interested in this item.,0
Nice product!,0
How soon can I get it?,0
I’m interested in this item.,0
Can you show more photos?,0
Where do you ship from?,0
Nice product!,0
My WeChat ID is shopper99,1
Does it come in other colors?,0
I’m interested in this item.,0
Let's connect on LinkedIn: https://linkedin.com/in/bob356,1
Do you have it in stock?,0
This looks good.,0
Where do you ship from?,0
This looks good.,0
Does it come in other colors?,0
How soon can I get it?,0
Nice product!,0
Where do you ship from?,0
Add me on WhatsApp: (956) 941-3765,1
What are the dimensions?,0
Connect on LinkedIn (linkedin.com/in/fashionguru),1
Nice product!,0
This looks good.,0
Where do you ship from?,0
How soon can I get it?,0
What are the dimensions?,0
Do you have it in stock?,0
Can you show more photos?,0
Where do you ship from?,0
Do you have it in stock?,0
I’m interested in this item.,0
Nice product!,0
DM me on Instagram @fashioneer,1
Can you show more photos?,0
Can you show more photos?,0
How soon can I get it?,0
Connect on LinkedIn (linkedin.com/in/devguy33),1
How soon can I get it?,0
Where do you ship from?,0
Where do you ship from?,0
Can you show more photos?,0
How soon can I get it?,0
Message me on Signal: 4409778092,1
Connect on LinkedIn (linkedin.com/in/coolcat500),1
Nice product!,0
Where do you ship from?,0
c o n t a c t : +1-393-713-5317,1
Contact me on Skype: bob802,1
Message me on Signal: (329) 527-0063,1
Can you show more photos?,0
Do you have it in stock?,0
Do you have it in stock?,0
Nice product!,0
Does it come in other colors?,0
Can you show more photos?,0
Where do you ship from?,0
How soon can I get it?,0
My number is (285) 444-6431,1
This looks good.,0
What are the dimensions?,0
How soon can I get it?,0
"Email is user3217@example.com, reach out anytime.",1
Do you have it in stock?,0
What’s the price?,0
Text me at +1-242-598-2243,1
How soon can I get it?,0
Send me a DM on Facebook: facebook.com/fashionguru,1
Does it come in other colors?,0
Here's my email: user1812@example.com,1
I’m interested in this item.,0
Nice product!,0
Let's connect on LinkedIn: linkedin.com/in/shop_owner,1
Does it come in other colors?,0
Text me at +1 280 516 7482,1
snap me at s-n-a-p coolcat706,1
Message me on Signal: 6560470944,1
What’s the price?,0
e m a i l m e @ user639@example.com,1
What’s the price?,0
Does it come in other colors?,0
This looks good.,0
Does it come in other colors?,0
Nice product!,0
What’s the price?,0
This looks good.,0
Do you have it in stock?,0
Follow me on Instagram @john_doe and DM.,1
How soon can I get it?,0
How soon can I get it?,0
"Email is user2721@example.com, reach out anytime.",1
How soon can I get it?,0
What are the dimensions?,0
Can you show more photos?,0
Can you show more photos?,0
I’m interested in this item.,0
message me via g m a i l at user5846@example.com,1
Nice product!,0
Does it come in other colors?,0
Can you show more photos?,0
How soon can I get it?,0
Can you show more photos?,0
My number is +1 867 141 3217,1
Does it come in other colors?,0
I’m interested in this item.,0
What’s the price?,0
you can DM me at coolcat539 on Insta,1
What’s the price?,0
Do you have it in stock?,0
"Email is user1827@example.com, reach out anytime.",1
What are the dimensions?,0
What’s the price?,0
What’s the price?,0
Does it come in other colors?,0
Does it come in other colors?,0
How soon can I get it?,0
My number is (401) 033-9854,1
I’m interested in this item.,0
What are the dimensions?,0
Does it come in other colors?,0
Can you show more photos?,0
Nice product!,0
I’m interested in this item.,0
Does it come in other colors?,0
What’s the price?,0
Message me on Signal: (854) 508-7930,1
My number is (654) 447-3467,1
What are the dimensions?,0
Add me on Facebook (facebook.com/tech_lead),1
Does it come in other colors?,0
Can you show more photos?,0
What are the dimensions?,0
Do you have it in stock?,0
I’m interested in this item.,0
This looks good.,0
What’s the price?,0
Do you have it in stock?,0
Let's connect on LinkedIn: linkedin.com/in/shopper99,1
Nice product!,0
This looks good.,0
Does it come in other colors?,0
Does it come in other colors?,0
Nice product!,0
This looks good.,0
I’m interested in this item.,0
Facebook me at +1 174 410 5790,1
How soon can I get it?,0
Where do you ship from?,0
Nice product!,0
Does it come in other colors?,0
What’s the price?,0
Text me at +1-466-330-2384,1
What’s the price?,0
Does it come in other colors?,0
Can you show more photos?,0
I’m interested in this item.,0
Call me at 275-554-9612,1
What are the dimensions?,0
What’s the price?,0
How soon can I get it?,0
Email me at ivan80@example.com,1
Does it come in other colors?,0
wanna chat? +1-758-794-5510,1
How soon can I get it?,0
Can you show more photos?,0
I’m interested in this item.,0
Nice product!,0
Where do you ship from?,0
Can you show more photos?,0
WhatsApp me at +1-555-340-9085,1
Can you show more photos?,0
Follow me on Twitter: @alice861,1
Do you have it in stock?,0
Nice product!,0
What are the dimensions?,0
How soon can I get it?,0
What are the dimensions?,0
What are the dimensions?,0
This looks good.,0
How soon can I get it?,0
Does it come in other colors?,0
Can you show more photos?,0
Ping me on Telegram: @grace592,1
Nice product!,0
Where do you ship from?,0
Nice product!,0
DM me on Instagram @tech_lead,1
How soon can I get it?,0
I’m interested in this item.,0
Nice product!,0
I’m interested in this item.,0
How soon can I get it?,0
What are the dimensions?,0
Where do you ship from?,0
This looks good.,0
Do you have it in stock?,0
wanna chat? +1-602-961-5008,1
What’s the price?,0
What’s the price?,0
"My contact is 555-681-4004, call me.",1
Do you have it in stock?,0
Can you show more photos?,0
What’s the price?,0
Nice product!,0
Reach out on WhatsApp at +1-454-999-1102,1
Reach me at +1 907 678 2025,1
What’s the price?,0
How soon can I get it?,0
What’s the price?,0
Where do you ship from?,0
find me at user4241@example.com 😉,1
e m a i l m e @ user243@example.com,1
Does it come in other colors?,0
C a l l   m e :   ( 3 8 1 )   4 6 2 - 8 7 7 8,1
This looks good.,0
I’m interested in this item.,0
What are the dimensions?,0
How soon can I get it?,0
I’m interested in this item.,0
C a l l   m e :   + 1   0 1 2   5 8 9   3 7 9 4,1
How soon can I get it?,0
Nice product!,0
my email id is user5546@example.com,1
Can you show more photos?,0
I’m interested in this item.,0
Does it come in other colors?,0
Can you show more photos?,0
What’s the price?,0
What’s the price?,0
You can reach me at +1-379-130-3763,1
Can you show more photos?,0
Can you show more photos?,0
Does it come in other colors?,0
This looks good.,0
Does it come in other colors?,0
Where do you ship from?,0
You can reach me at +1-697-464-7616,1
Does it come in other colors?,0
I’m interested in this item.,0
Message via email: eve28@email.net,1
Nice product!,0
What’s the price?,0
What are the dimensions?,0
How soon can I get it?,0
I’m interested in this item.,0
Can you show more photos?,0
snap me at s-n-a-p coolcat646,1
Message via email: eve62@test.org,1
Let's connect on LinkedIn: linkedin.com/in/best_pizza,1
Do you have it in stock?,0
C a l l   m e :   4 7 6 3 3 6 0 8 8 6,1
g r a c e 8 5 @ t e s t . o r g,1
How soon can I get it?,0
Text me at +1 555 403 4647,1
Nice product!,0
TikTok me at (377) 809-5461,1
c o n t a c t : +1-661-946-4052,1
find me at user8882@example.com 😉,1
Where do you ship from?,0
Nice product!,0
This looks good.,0
Do you have it in stock?,0
How soon can I get it?,0
This looks good.,0
Do you have it in stock?,0
How soon can I get it?,0
Where do you ship from?,0
How soon can I get it?,0
What are the dimensions?,0
Do you have it in stock?,0
What’s the price?,0
Nice product!,0
I’m interested in this item.,0
Do you have it in stock?,0
What’s the price?,0
Does it come in other colors?,0
Where do you ship from?,0
Do you have it in stock?,0
How soon can I get it?,0
What are the dimensions?,0
Does it come in other colors?,0
This looks good.,0
Where do you ship from?,0
What are the dimensions?,0
Can I have your email address?,1
I’m interested in this item.,0
Reach me at 5844320180,1
snap me at s-n-a-p fashionista806,1
Does it come in other colors?,0
Where do you ship from?,0
I’m interested in this item.,0
Text me at +1 658 351 4312,1
This looks good.,0
Can you show more photos?,0
Do you have it in stock?,0
telegram: t dot me slash shopper42,1
Do you have it in stock?,0
What’s the price?,0
Does it come in other colors?,0
I’m interested in this item.,0
My Snapchat is eve325,1
Does it come in other colors?,0
Can you show more photos?,0
Where do you ship from?,0
Can you show more photos?,0
Nice product!,0
What’s the price?,0
Add me on WhatsApp: (476) 645-2040,1
What are the dimensions?,0
Can you show more photos?,0
What are the dimensions?,0
Can you show more photos?,0
What’s the price?,0
Do you have it in stock?,0
What’s the price?,0
What’s the price?,0
Do you have it in stock?,0
Can you show more photos?,0
Connect on LinkedIn (linkedin.com/in/shop_owner),1
Text me at 555-184-8537 for more info.,1
Where do you ship from?,0
Find me on Facebook: https://facebook.com/grace633,1
Do you have it in stock?,0
What’s the price?,0
Add me on WhatsApp: 555-821-3251,1
Contact via email: grace83@test.org,1
Do you have it in stock?,0
Does it come in other colors?,0
Where do you ship from?,0
My Snapchat is eve985,1
What’s the price?,0
This looks good.,0
Find me on Facebook: https://facebook.com/alice867,1
I’m interested in this item.,0
This looks good.,0
This looks good.,0
e m a i l m e @ user8268@example.com,1
My WeChat ID is shop_owner,1
Where do you ship from?,0
This looks good.,0
I’m interested in this item.,0
Does it come in other colors?,0
my email id is user4848@example.com,1
What are the dimensions?,0
Message via email: judy76@example.com,1
I’m interested in this item.,0
Connect on LinkedIn (linkedin.com/in/fashioneer),1
You can reach me at 555-473-4446,1
How soon can I get it?,0
Does it come in other colors?,0
Do you have it in stock?,0
Can you show more photos?,0
I’m interested in this item.,0
What’s the price?,0
Do you have it in stock?,0
Can you show more photos?,0
Can you share your phone number so I can send you details?,1
Can you show more photos?,0
What are the dimensions?,0
fb.com/fashionista454,1
Can you show more photos?,0
What’s the price?,0
This looks good.,0
Do you have it in stock?,0
Where do you ship from?,0
DM me on Instagram @shopper99,1
Contact me via Telegram: @best_pizza,1
How soon can I get it?,0
Email me at alice73@email.net,1
I’m interested in this item.,0
get in touch @ user2838@example.com,1
I’m interested in this item.,0
Where do you ship from?,0
How soon can I get it?,0
Follow me on Twitter: @eve312,1
You can reach me at +1-511-120-1901,1
Follow me on Twitter: @frank47,1
Where do you ship from?,0
How soon can I get it?,0
h e i d i 7 2 @ t e s t . o r g,1
Can you show more photos?,0
Follow me on Instagram @shopper99 and DM.,1
Does it come in other colors?,0
fb.com/shopper293,1
Hit me up on WhatsApp at +1-897-163-2526,1
This looks good.,0
What are the dimensions?,0
What’s the price?,0
What are the dimensions?,0
This looks good.,0
This looks good.,0
How soon can I get it?,0
What’s the price?,0
Send me a DM on Facebook: facebook.com/coolguy42,1
Nice product!,0
What’s the price?,0
Text me at 555-874-7619 for more info.,1
How soon can I get it?,0
Ping me on Telegram: @grace809,1
I’m interested in this item.,0
This looks good.,0
WhatsApp me at +1-555-773-6013,1
How soon can I get it?,0
Does it come in other colors?,0
Message via email: frank2@example.com,1
Does it come in other colors?,0
I’m interested in this item.,0
e m a i l m e @ user2178@example.com,1
Add me on WhatsApp: 555-803-1085,1
This looks good.,0
Follow me on Twitter: @frank720,1
What’s the price?,0
What’s the price?,0
Can you show more photos?,0
What’s the price?,0
📱 +1-893-411-4461,1
c o n t a c t : +1-564-543-6322,1
This looks good.,0
Do you have it in stock?,0
Does it come in other colors?,0
I’m interested in this item.,0
find me at user2080@example.com 😉,1
What are the dimensions?,0
Where do you ship from?,0
Can you show more photos?,0
This looks good.,0
Where do you ship from?,0
Nice product!,0
Do you have it in stock?,0
I’m interested in this item.,0
DM me on Facebook: facebook.com/shopper82,1
What are the dimensions?,0
WhatsApp me at +1-555-805-3837,1
DM me on Facebook: facebook.com/fashionista828,1
How soon can I get it?,0
My TikTok: @eve466,1
What are the dimensions?,0
Add me on WhatsApp: 555-341-7924,1
Nice product!,0
How soon can I get it?,0
My WeChat ID is john_doe,1
Text me at 555-979-4161 for more info.,1
I’m interested in this item.,0
I’m interested in this item.,0
Do you have it in stock?,0
Can you share your phone number so I can send you details?,1
What are the dimensions?,0
This looks good.,0
Contact me via Telegram: @shop_owner,1
my digits: +1-252-394-2614,1
Can you show more photos?,0
Does it come in other colors?,0
Where do you ship from?,0
Where do you ship from?,0
How soon can I get it?,0
Contact me via Telegram: @john_doe,1
This looks good.,0
Where do you ship from?,0
Can you show more photos?,0
Nice product!,0
Can you show more photos?,0
Can you show more photos?,0
Does it come in other colors?,0
telegram: t dot me slash devguy972,1
What are the dimensions?,0
Nice product!,0
Where do you ship from?,0
This looks good.,0
Nice product!,0
a l i c e 2 3 @ t e s t . o r g,1
Nice product!,0
What’s the price?,0
This looks good.,0
What’s the price?,0
Can you show more photos?,0
Add me on WhatsApp: 908-471-5186,1
I’m interested in this item.,0
This looks good.,0
Reach me at +1 674 943 4021,1
Mail me: david43@test.org,1
Hit me up on WhatsApp at 555-719-3583,1
j u d y 6 5 @ t e s t . o r g,1
I’m interested in this item.,0
you can DM me at devguy647 on Insta,1
Send me a DM on Facebook: facebook.com/designer123,1
Does it come in other colors?,0
Contact me on Skype: bob63,1
Does it come in other colors?,0
How soon can I get it?,0
Nice product!,0
Does it come in other colors?,0
What’s the price?,0
What’s the price?,0
I’m interested in this item.,0
Where do you ship from?,0
What are the dimensions?,0
I’m interested in this item.,0
Do you have it in stock?,0
Where do you ship from?,0
C o n t a c t :   9 4 0 5 9 6 8 2 9 6,1
I’m interested in this item.,0
Call me at +1 274 514 0504,1
How soon can I get it?,0
t e l : +1-962-559-1121,1
Do you have it in stock?,0
This looks good.,0
How soon can I get it?,0
Can you show more photos?,0
Does it come in other colors?,0
Does it come in other colors?,0
I’m interested in this item.,0
DM me on Facebook: facebook.com/fashionista635,1
get in touch @ user7119@example.com,1
Text me at 555-303-9087 for more info.,1
Does it come in other colors?,0
Where do you ship from?,0
Nice product!,0
find me at user8695@example.com 😉,1
Contact me via Telegram: @shop_owner,1
Do you have it in stock?,0
Hit me up on WhatsApp at +1-130-651-9215,1
Can you show more photos?,0
This looks good.,0
Nice product!,0
This looks good.,0
Do you have it in stock?,0
What’s the price?,0
Where do you ship from?,0
I’m interested in this item.,0
hmu @ coolcat399,1
Can you show more photos?,0
Can I have your email address?,1
Message me on Signal: 956-708-2210,1
What’s the price?,0
e m a i l m e @ user3275@example.com,1
This looks good.,0
Does it come in other colors?,0
Where do you ship from?,0
What are the dimensions?,0
How soon can I get it?,0
This looks good.,0
What are the dimensions?,0
How soon can I get it?,0
I’m interested in this item.,0
Nice product!,0
Can you show more photos?,0
This looks good.,0
Can you show more photos?,0
Nice product!,0
Where do you ship from?,0
Nice product!,0
This looks good.,0
How soon can I get it?,0
DM me on Instagram @designer123,1
What’s the price?,0
What’s the price?,0
What are the dimensions?,0
How soon can I get it?,0
My Snapchat is grace730,1
Nice product!,0
How soon can I get it?,0
What’s the price?,0
I’m interested in this item.,0
Where do you ship from?,0
Does it come in other colors?,0
This looks good.,0
I’m interested in this item.,0
I’m interested in this item.,0
How soon can I get it?,0
C a l l   m e :   6 2 7 - 3 8 5 - 6 4 5 7,1
Add me on WhatsApp: (179) 107-5030,1
Do you have it in stock?,0
Do you have it in stock?,0
d a v i d 2 7 @ e x a m p l e . c o m,1
What are the dimensions?,0
Connect on LinkedIn (linkedin.com/in/devguy68),1
Here is my email: user3729@example.com,1
Do you have it in stock?,0
I’m interested in this item.,0
Can you show more photos?,0
I’m interested in this item.,0
Do you have it in stock?,0
Can I have your email address?,1
What’s the price?,0
DM me on Instagram @jane.smith,1
What’s the price?,0
What are the dimensions?,0
Does it come in other colors?,0
Can you show more photos?,0
Call me at +1 680 306 7733,1
Connect on LinkedIn (linkedin.com/in/designer123),1
This looks good.,0
What’s the price?,0
What’s the price?,0
What are the dimensions?,0
Message via email: grace33@mail.com,1
I’m interested in this item.,0
Where do you ship from?,0
📧 user8231@example.com,1
Nice product!,0
Where do you ship from?,0
I’m interested in this item.,0
Connect on LinkedIn (linkedin.com/in/tech_lead),1
How soon can I get it?,0
Hit me up on WhatsApp at +1-216-934-9339,1
I’m interested in this item.,0
Can you show more photos?,0
Do you have it in stock?,0
I’m interested in this item.,0
Nice product!,0
My Snapchat is bob852,1
Can you show more photos?,0
Can you show more photos?,0
WhatsApp me at +1-555-310-8967,1
c o n t a c t : +1-890-727-2900,1
Where do you ship from?,0
This looks good.,0
What’s the price?,0
g r a c e 1 9 @ e x a m p l e . c o m,1
How soon can I get it?,0
e m a i l m e @ user6903@example.com,1
What are the dimensions?,0
Does it come in other colors?,0
What’s the price?,0
Where do you ship from?,0
message me via g m a i l at user9356@example.com,1
Do you have it in stock?,0
Contact via email: alice82@example.com,1
I’m interested in this item.,0
I’m interested in this item.,0
What’s the price?,0
Do you have it in stock?,0
How soon can I get it?,0
How soon can I get it?,0
Do you have it in stock?,0
Does it come in other colors?,0
How soon can I get it?,0
Can you show more photos?,0
Does it come in other colors?,0
How soon can I get it?,0
WhatsApp me at +1-555-612-2353,1
Does it come in other colors?,0
Where do you ship from?,0
This looks good.,0
What’s the price?,0
What are the dimensions?,0
Where do you ship from?,0
Message me at user6730@example.com,1
I’m interested in this item.,0
Connect on LinkedIn (linkedin.com/in/shopper659),1
What’s the price?,0
I’m interested in this item.,0
How soon can I get it?,0
Reach me at (689) 379-3317,1
Do you have it in stock?,0
What are the dimensions?,0
Does it come in other colors?,0
What’s the price?,0
Does it come in other colors?,0
I’m interested in this item.,0
I’m interested in this item.,0
Send me a DM on Facebook: facebook.com/best_pizza,1
Does it come in other colors?,0
What’s the price?,0
Where do you ship from?,0
Nice product!,0
How soon can I get it?,0
What’s the price?,0
Do you have it in stock?,0
Here's my email: user6769@example.com,1
Text me at 6509979378,1
Can you show more photos?,0
I’m interested in this item.,0
Nice product!,0
What’s the price?,0
What’s the price?,0
Contact me via Telegram: @designer123,1
Does it come in other colors?,0
What’s the price?,0
What are the dimensions?,0
How soon can I get it?,0
What are the dimensions?,0
This looks good.,0
I’m interested in this item.,0
This looks good.,0
Where do you ship from?,0
Can you show more photos?,0
Do you have it in stock?,0
Do you have it in stock?,0
Do you have it in stock?,0
What are the dimensions?,0
Where do you ship from?,0
My WeChat ID is best_pizza,1
Where do you ship from?,0
You can reach me at 555-688-9068,1
This looks good.,0
Can you show more photos?,0
How soon can I get it?,0
How soon can I get it?,0
Nice product!,0
Where do you ship from?,0
This looks good.,0
What are the dimensions?,0
I’m interested in this item.,0
What are the dimensions?,0
I’m interested in this item.,0
I’m interested in this item.,0
I’m interested in this item.,0
This looks good.,0
Send me a DM on Facebook: facebook.com/shop_owner,1
Nice product!,0
Where do you ship from?,0
Where do you ship from?,0
I’m interested in this item.,0
Where do you ship from?,0
How soon can I get it?,0
This looks good.,0
c o n t a c t : +1-894-352-2218,1
Nice product!,0
DM me on Facebook: facebook.com/coolcat783,1
Do you have it in stock?,0
This looks good.,0
What’s the price?,0
What are the dimensions?,0
What are the dimensions?,0
Follow me on Twitter: @eve741,1
Can I have your email address?,1
Does it come in other colors?,0
Do you have it in stock?,0
I’m interested in this item.,0
c o n t a c t : +1-798-300-9958,1
Where do you ship from?,0
DM me on Instagram: @judy768,1
This looks good.,0
What’s the price?,0
Can you show more photos?,0
Can you show more photos?,0
Do you have it in stock?,0
I’m interested in this item.,0
This looks good.,0
Can you show more photos?,0
Does it come in other colors?,0
What are the dimensions?,0
This looks good.,0
Reach out on WhatsApp at +1-888-883-9273,1
Does it come in other colors?,0
I’m interested in this item.,0
Does it come in other colors?,0
Does it come in other colors?,0
How soon can I get it?,0
Can you share your phone number so I can send you details?,1
Let's connect on LinkedIn: https://linkedin.com/in/charlie33,1
Follow me on Twitter: @judy837,1
Where do you ship from?,0
This looks good.,0
Snapchat me @ devguy86,1
How soon can I get it?,0
Does it come in other colors?,0
Can you show more photos?,0
Can you show more photos?,0
"My contact is 555-998-2440, call me.",1
I’m interested in this item.,0
This looks good.,0
DM me on Instagram @best_pizza,1
Where do you ship from?,0
Where do you ship from?,0
Can you show more photos?,0
I’m interested in this item.,0
Do you have it in stock?,0
Does it come in other colors?,0
Nice product!,0
Nice product!,0
What’s the price?,0
What’s the price?,0
Does it come in other colors?,0
What’s the price?,0
Where do you ship from?,0
Does it come in other colors?,0
WhatsApp me at +1-555-799-6418,1
How soon can I get it?,0
Contact me on Skype: judy361,1
Where do you ship from?,0
Let's connect on LinkedIn: https://linkedin.com/in/ivan492,1
I’m interested in this item.,0
How soon can I get it?,0
find me at user2247@example.com 😉,1
Nice product!,0
Nice product!,0
Can you show more photos?,0
Do you have it in stock?,0
Nice product!,0
Here's my email: user3356@example.com,1
Does it come in other colors?,0
I’m interested in this item.,0
This looks good.,0
How soon can I get it?,0
How soon can I get it?,0
Does it come in other colors?,0
Can you show more photos?,0
Does it come in other colors?,0
Where do you ship from?,0
Do you have it in stock?,0
I’m interested in this item.,0
This looks good.,0
What are the dimensions?,0
What are the dimensions?,0
Reach me at (139) 963-4861,1
telegram: t dot me slash devguy690,1
Can you show more photos?,0
This looks good.,0
Do you have it in stock?,0
What’s the price?,0
Nice product!,0
Where do you ship from?,0
You can reach me at +1-174-886-1745,1
Nice product!,0
What’s the price?,0
Nice product!,0
Can you show more photos?,0
message me via g m a i l at user8475@example.com,1
Let's connect on LinkedIn: https://linkedin.com/in/eve494,1
Where do you ship from?,0
telegram: t dot me slash fashionista42,1
Contact via email: bob22@example.com,1
This looks good.,0
How soon can I get it?,0
This looks good.,0
This looks good.,0
Do you have it in stock?,0
Nice product!,0
How soon can I get it?,0
My Snapchat is bob737,1
Where do you ship from?,0
How soon can I get it?,0
Does it come in other colors?,0
Text me at 555-665-5298 for more info.,1
Nice product!,0
Where do you ship from?,0
I’m interested in this item.,0
I’m interested in this item.,0
What are the dimensions?,0
What’s the price?,0
Do you have it in stock?,0
📱 +1-243-992-2682,1
How soon can I get it?,0
I’m interested in this item.,0
Find me on Facebook: https://facebook.com/ivan111,1
I’m interested in this item.,0
I’m interested in this item.,0
Can you show more photos?,0
How soon can I get it?,0
This looks good.,0
Where do you ship from?,0
📱 +1-382-402-5809,1
Nice product!,0
Nice product!,0
Text me at +1 479 281 4911,1
What’s the price?,0
Nice product!,0
How soon can I get it?,0
Messenger me at 620-369-9961,1
Do you have it in stock?,0
Do you have it in stock?,0
I’m interested in this item.,0
Do you have it in stock?,0
Can you show more photos?,0
How soon can I get it?,0
Ping me on Telegram: @charlie905,1
Nice product!,0
Where do you ship from?,0
Call me at 9954848590,1
I’m interested in this item.,0
Can you show more photos?,0
I’m interested in this item.,0
This looks good.,0
Where do you ship from?,0
How soon can I get it?,0
What are the dimensions?,0
DM me on Instagram: @ivan848,1
This looks good.,0
I’m interested in this item.,0
📧 user7762@example.com,1
Hit me up on WhatsApp at +1-969-705-5069,1
What’s the price?,0
I’m interested in this item.,0
Where do you ship from?,0
How soon can I get it?,0
Contact: +1-115-208-5294,1
This looks good.,0
You can reach me at 555-967-7997,1
Do you have it in stock?,0
C a l l   m e :   ( 9 2 4 )   3 0 4 - 7 9 4 7,1
Do you have it in stock?,0
What are the dimensions?,0
Add me on WhatsApp: 469-423-0813,1
What’s the price?,0
Here's my email: user4639@example.com,1
I’m interested in this item.,0
Do you have it in stock?,0
What are the dimensions?,0
Can you show more photos?,0
This looks good.,0
How soon can I get it?,0
Do you have it in stock?,0
Does it come in other colors?,0
Do you have it in stock?,0
How soon can I get it?,0
This looks good.,0
I’m interested in this item.,0
DM me on Instagram @fashioneer,1
Nice product!,0
You can reach me at +1-968-950-4144,1
Do you have it in stock?,0
How soon can I get it?,0
Here is my email: user5888@example.com,1
This looks good.,0
Nice product!,0
How soon can I get it?,0
Does it come in other colors?,0
Do you have it in stock?,0
Text me at +1-710-778-2936,1
Here's my email: user8630@example.com,1
Connect on LinkedIn (linkedin.com/in/devguy68),1
Does it come in other colors?,0
C o n t a c t :   + 1   9 9 3   8 0 9   8 0 8 8,1
Please email me at user4213@example.com,1
This looks good.,0
find me at user8935@example.com 😉,1
What are the dimensions?,0
I’m interested in this item.,0
Can you show more photos?,0
Do you have it in stock?,0
What’s the price?,0
Do you have it in stock?,0
What are the dimensions?,0
I’m interested in this item.,0
I’m interested in this item.,0
Can you show more photos?,0
Let's connect on LinkedIn: linkedin.com/in/coolguy42,1
Do you have it in stock?,0
Does it come in other colors?,0
I’m interested in this item.,0
WhatsApp me at +1-555-321-7295,1
What’s the price?,0
You can reach me at +1-296-655-2699,1
I’m interested in this item.,0
What are the dimensions?,0
Instagram me at (576) 131-3483,1
Do you have it in stock?,0
Here is my email: user4512@example.com,1
"Email is user3581@example.com, reach out anytime.",1
"My contact is 555-197-1455, call me.",1
What’s the price?,0
I’m interested in this item.,0
What are the dimensions?,0
Can you show more photos?,0
📱 +1-233-636-6059,1
Does it come in other colors?,0
This looks good.,0
This looks good.,0
This looks good.,0
This looks good.,0
What are the dimensions?,0
What’s the price?,0
How soon can I get it?,0
Instagram me at (305) 571-2067,1
Does it come in other colors?,0
Text me at 555-589-2576 for more info.,1
Contact via email: frank28@test.org,1
Where do you ship from?,0
Do you have it in stock?,0
This looks good.,0
This looks good.,0
This looks good.,0
How soon can I get it?,0
Do you have it in stock?,0
What’s the price?,0
Where do you ship from?,0
Can you show more photos?,0
Nice product!,0
Nice product!,0
Let's connect on LinkedIn: https://linkedin.com/in/frank133,1
This looks good.,0
c o n t a c t : +1-403-742-1049,1
What are the dimensions?,0
I’m interested in this item.,0
What’s the price?,0
Does it come in other colors?,0
📧 user6084@example.com,1
I’m interested in this item.,0
How soon can I get it?,0
What’s the price?,0
Does it come in other colors?,0
Where do you ship from?,0
What’s the price?,0
This looks good.,0
Nice product!,0
Can you show more photos?,0
Can you show more photos?,0
How soon can I get it?,0
Do you have it in stock?,0
DM me on Facebook: facebook.com/fashionista747,1
How soon can I get it?,0
What are the dimensions?,0
How soon can I get it?,0
What’s the price?,0
What’s the price?,0
What’s the price?,0
Where do you ship from?,0
Nice product!,0
I’m interested in this item.,0
What are the dimensions?,0
Can you show more photos?,0
Does it come in other colors?,0
I’m interested in this item.,0
This looks good.,0
What are the dimensions?,0
This looks good.,0
Ping me on Telegram: @david830,1
reach at t w o o o @example.com,1
Nice product!,0
Can you show more photos?,0
Can you show more photos?,0
Call me at 7062523202,1
This looks good.,0
Nice product!,0
Where do you ship from?,0
Do you have it in stock?,0
What are the dimensions?,0
Can I have your email address?,1
I’m interested in this item.,0
What are the dimensions?,0
Nice product!,0
Does it come in other colors?,0
Where do you ship from?,0
Can you show more photos?,0
Can you show more photos?,0
This looks good.,0
Does it come in other colors?,0
What are the dimensions?,0
Can you show more photos?,0
How soon can I get it?,0
What’s the price?,0
This looks good.,0
What are the dimensions?,0
This looks good.,0
📧 user9837@example.com,1
Can you show more photos?,0
Nice product!,0
Can you show more photos?,0
I’m interested in this item.,0
Do you have it in stock?,0
Does it come in other colors?,0
I’m interested in this item.,0
Follow me on Instagram @designer123 and DM.,1
Here is my email: user4903@example.com,1
How soon can I get it?,0
Nice product!,0
How soon can I get it?,0
This looks good.,0
Does it come in other colors?,0
Can you show more photos?,0
What’s the price?,0
What’s the price?,0
Nice product!,0
Contact me on Skype: david35,1
c   o   n   t   a   c   t   m   e   + 1   9 2 9   4 0 7   4 6 9 8,1
Does it come in other colors?,0
Can you show more photos?,0
I’m interested in this item.,0
What’s the price?,0
What are the dimensions?,0
Does it come in other colors?,0
WhatsApp me at +1-555-931-8594,1
I’m interested in this item.,0
Send me a DM on Facebook: facebook.com/john_doe,1
Text me at 1888855535,1
Can you show more photos?,0
What’s the price?,0
Do you have it in stock?,0
my email id is user2968@example.com,1
I’m interested in this item.,0
Does it come in other colors?,0
Please email me at user3384@example.com,1
How soon can I get it?,0
Can you show more photos?,0
What are the dimensions?,0
I’m interested in this item.,0
How soon can I get it?,0
Does it come in other colors?,0
Nice product!,0
What’s the price?,0
Can you show more photos?,0
This looks good.,0
Nice product!,0
Can you show more photos?,0
Send me a DM on Facebook: facebook.com/coolguy42,1
Can you show more photos?,0
I’m interested in this item.,0
What’s the price?,0
How soon can I get it?,0
You can reach me at +1-479-574-6053,1
This looks good.,0
You can reach me at +1-477-454-3340,1
telegram: t dot me slash devguy65,1
Do you have it in stock?,0
Can you share your phone number so I can send you details?,1
What are the dimensions?,0
Do you have it in stock?,0
What’s the price?,0
Does it come in other colors?,0
Do you have it in stock?,0
This looks good.,0
What are the dimensions?,0
Does it come in other colors?,0
Can you show more photos?,0
Where do you ship from?,0
Can you show more photos?,0
Can you show more photos?,0
What are the dimensions?,0
Email me at eve43@mail.com,1
Message me on Snapchat: john_doe,1
What are the dimensions?,0
How soon can I get it?,0
Here is my email: user8544@example.com,1
What are the dimensions?,0
How soon can I get it?,0
Does it come in other colors?,0
Can you show more photos?,0
Contact me via Telegram: @tech_lead,1
This looks good.,0
Where do you ship from?,0
Hit me up on WhatsApp at 555-959-5394,1
My TikTok: @frank900,1
Message me at user9565@example.com,1
Can you show more photos?,0
Can you show more photos?,0
C a l l   m e :   + 1   3 0 3   1 6 7   7 9 0 6,1
Can you show more photos?,0
I’m interested in this item.,0
Do you have it in stock?,0
fb.com/shopper623,1
Where do you ship from?,0
Text me at +1-180-706-1377,1
This looks good.,0
Do you have it in stock?,0
This looks good.,0
What are the dimensions?,0
C a l l   m e :   ( 5 1 7 )   0 2 8 - 9 4 0 9,1
What’s the price?,0
How soon can I get it?,0
Nice product!,0
Does it come in other colors?,0
This looks good.,0
What are the dimensions?,0
This looks good.,0
Here is my email: user5859@example.com,1
How soon can I get it?,0
Do you have it in stock?,0
DM me on Instagram: @alice14,1
Do you have it in stock?,0
c   o   n   t   a   c   t   m   e   5 1 4 7 7 2 5 4 7 8,1
Where do you ship from?,0
How soon can I get it?,0
Email me at alice42@test.org,1
Reach out on WhatsApp at +1-464-171-1537,1
How soon can I get it?,0
This looks good.,0
Nice product!,0
I’m interested in this item.,0
Where do you ship from?,0
How soon can I get it?,0
What’s the price?,0
c   o   n   t   a   c   t   m   e   7 0 2 9 9 3 7 7 0 6,1
How soon can I get it?,0
DM me on Instagram @coolguy42,1
you can DM me at shopper41 on Insta,1
DM me on Facebook: facebook.com/shopper846,1
Can you show more photos?,0
How soon can I get it?,0
This looks good.,0
Can you share your phone number so I can send you details?,1
This looks good.,0
What’s the price?,0
What’s the price?,0
Does it come in other colors?,0
Do you have it in stock?,0
Can you show more photos?,0
Where do you ship from?,0
What are the dimensions?,0
I’m interested in this item.,0
Where do you ship from?,0
Where do you ship from?,0
wanna chat? +1-847-430-9075,1
C o n t a c t :   + 1   9 7 7   3 5 9   3 5 5 1,1
What are the dimensions?,0
How soon can I get it?,0
Do you have it in stock?,0
I’m interested in this item.,0
Message me at user2417@example.com,1
I’m interested in this item.,0
Nice product!,0
Hit me up on WhatsApp at +1-754-437-7494,1
What’s the price?,0
How soon can I get it?,0
Where do you ship from?,0
get in touch @ user7912@example.com,1
Find me on Facebook: https://facebook.com/bob448,1
Nice product!,0
Do you have it in stock?,0
How soon can I get it?,0
Nice product!,0
I’m interested in this item.,0
Nice product!,0
Does it come in other colors?,0
snap me at s-n-a-p coolcat653,1
What’s the price?,0
How soon can I get it?,0
Where do you ship from?,0
Do you have it in stock?,0
I’m interested in this item.,0
What are the dimensions?,0
Nice product!,0
Here is my email: user6200@example.com,1
Can you show more photos?,0
Nice product!,0
Can you show more photos?,0
Mail me: judy92@test.org,1
Do you have it in stock?,0
I’m interested in this item.,0
What are the dimensions?,0
What are the dimensions?,0
Where do you ship from?,0
Follow me on Twitter: @david251,1
Nice product!,0
Nice product!,0
This looks good.,0
snap me at s-n-a-p devguy554,1
What are the dimensions?,0
Can you show more photos?,0
Nice product!,0
Can you show more photos?,0
What are the dimensions?,0
Can you show more photos?,0
📱 +1-956-604-2761,1
What are the dimensions?,0
Can you show more photos?,0
DM me on Facebook: facebook.com/shopper86,1
Do you have it in stock?,0
This looks good.,0
What’s the price?,0
Do you have it in stock?,0
What’s the price?,0
I’m interested in this item.,0
How soon can I get it?,0
Nice product!,0
Snapchat me @ shopper544,1
Nice product!,0
Where do you ship from?,0
How soon can I get it?,0
wanna chat? +1-928-860-2899,1
I’m interested in this item.,0
Can you show more photos?,0
This looks good.,0
What are the dimensions?,0
How soon can I get it?,0
Connect on LinkedIn (linkedin.com/in/designer123),1
Can you show more photos?,0
How soon can I get it?,0
Can you share your phone number so I can send you details?,1
Where do you ship from?,0
I’m interested in this item.,0
Nice product!,0
Do you have it in stock?,0
reach at t w o o o @example.com,1
I’m interested in this item.,0
Does it come in other colors?,0
Can you show more photos?,0
What’s the price?,0
Where do you ship from?,0
How soon can I get it?,0
My number is 718-564-9878,1
I’m interested in this item.,0
Add me on WhatsApp: (904) 919-1305,1
I’m interested in this item.,0
This looks good.,0
What’s the price?,0
What’s the price?,0
Does it come in other colors?,0
What’s the price?,0
Can you show more photos?,0
Does it come in other colors?,0
Do you have it in stock?,0
What’s the price?,0
How soon can I get it?,0
Does it come in other colors?,0
How soon can I get it?,0
Where do you ship from?,0
This looks good.,0
Does it come in other colors?,0
Can you show more photos?,0
What are the dimensions?,0
Ping me on Telegram: @grace783,1
This looks good.,0
What are the dimensions?,0
My WeChat ID is jane.smith,1
Where do you ship from?,0
Where do you ship from?,0
What’s the price?,0
DM me on Instagram: @alice79,1
This looks good.,0
Can you show more photos?,0
Does it come in other colors?,0
Nice product!,0
Do you have it in stock?,0
Nice product!,0
You can reach me at 555-909-7728,1
Do you have it in stock?,0
What’s the price?,0
Does it come in other colors?,0
t e l : +1-742-781-6042,1
Can you show more photos?,0
Can you share your phone number so I can send you details?,1
Where do you ship from?,0
This looks good.,0
Nice product!,0
Nice product!,0
Let's connect on LinkedIn: https://linkedin.com/in/david78,1
This looks good.,0
What are the dimensions?,0
Where do you ship from?,0
How soon can I get it?,0
What’s the price?,0
Where do you ship from?,0
Do you have it in stock?,0
What are the dimensions?,0
Nice product!,0
hmu @ coolcat624,1
message me via g m a i l at user5088@example.com,1
How soon can I get it?,0
This looks good.,0
This looks good.,0
Reach me at 8682352582,1
This looks good.,0
This looks good.,0
Where do you ship from?,0
Hit me up on WhatsApp at +1-970-115-7788,1
What’s the price?,0
What’s the price?,0
How soon can I get it?,0
Can I have your email address?,1
Find me on Facebook: https://facebook.com/eve514,1
t e l : +1-187-941-9861,1
Nice product!,0
This looks good.,0
Can you share your phone number so I can send you details?,1
Contact me on Skype: david514,1
Do you have it in stock?,0
📱 +1-920-549-4619,1
Do you have it in stock?,0
Text me at +1-277-122-7710,1
Can you show more photos?,0
I’m interested in this item.,0
How soon can I get it?,0
Does it come in other colors?,0
Does it come in other colors?,0
Email me at user5588@example.com,1
Nice product!,0
How soon can I get it?,0
This looks good.,0
my digits: +1-356-341-8027,1
Can you show more photos?,0
How soon can I get it?,0
Nice product!,0
Message me at user6197@example.com,1
Can you show more photos?,0
I’m interested in this item.,0
Can you show more photos?,0
"My contact is 555-277-4703, call me.",1
c   o   n   t   a   c   t   m   e   ( 2 1 9 )   8 0 3 - 2 7 5 1,1
What are the dimensions?,0
c   o   n   t   a   c   t   m   e   + 1   6 1 6   5 0 1   4 8 4 4,1
Does it come in other colors?,0
What’s the price?,0
Nice product!,0
I’m interested in this item.,0
My Snapchat is heidi722,1
Follow me on Twitter: @frank121,1
Here is my email: user6485@example.com,1
How soon can I get it?,0
Can you show more photos?,0
I’m interested in this item.,0
DM me on Instagram: @frank570,1
Do you have it in stock?,0
Does it come in other colors?,0
How soon can I get it?,0
This looks good.,0
How soon can I get it?,0
I’m interested in this item.,0
I’m interested in this item.,0
DM me on Instagram @john_doe,1
Does it come in other colors?,0
Do you have it in stock?,0
I’m interested in this item.,0
What’s the price?,0
Follow me on Instagram @fashionguru and DM.,1
What are the dimensions?,0
WhatsApp me at +1-555-127-6715,1
Mail me: grace79@test.org,1
Where do you ship from?,0
What are the dimensions?,0
you can DM me at devguy12 on Insta,1
This looks good.,0
Let's connect on LinkedIn: linkedin.com/in/best_pizza,1
My Snapchat is alice44,1
Text me at (904) 396-0538,1
Nice product!,0
Does it come in other colors?,0
Can you show more photos?,0
What’s the price?,0
What are the dimensions?,0
What are the dimensions?,0
This looks good.,0
I’m interested in this item.,0
Let's connect on LinkedIn: linkedin.com/in/fashionguru,1
Nice product!,0
Where do you ship from?,0
What are the dimensions?,0
How soon can I get it?,0
Do you have it in stock?,0
wanna chat? +1-896-768-1412,1
I’m interested in this item.,0
DM me on Instagram: @judy786,1
This looks good.,0
message me via g m a i l at user1404@example.com,1
Snapchat me @ devguy526,1
Mail me: heidi25@email.net,1
What’s the price?,0
Add me on Facebook (facebook.com/fashioneer),1
Can you show more photos?,0
Do you have it in stock?,0
I’m interested in this item.,0
What are the dimensions?,0
Does it come in other colors?,0
What are the dimensions?,0
Do you have it in stock?,0
Here's my email: user2496@example.com,1
How soon can I get it?,0
This looks good.,0
What’s the price?,0
Can you show more photos?,0
This looks good.,0
I’m interested in this item.,0
Do you have it in stock?,0
Can you show more photos?,0
This looks good.,0
This looks good.,0
Where do you ship from?,0
My WeChat ID is best_pizza,1
Where do you ship from?,0
Hit me up on WhatsApp at 555-618-5166,1
Do you have it in stock?,0
Can you show more photos?,0
How soon can I get it?,0
Can you show more photos?,0
What’s the price?,0
Where do you ship from?,0
Hit me up on WhatsApp at +1-383-716-3841,1
Here's my email: user145@example.com,1
get in touch @ user2574@example.com,1
Can you show more photos?,0
Add me on WhatsApp: +1 422 235 1996,1
Can you show more photos?,0
Where do you ship from?,0
I’m interested in this item.,0
Does it come in other colors?,0
Message via email: grace79@mail.com,1
Can you show more photos?,0
Where do you ship from?,0
I’m interested in this item.,0
Send me a DM on Facebook: facebook.com/best_pizza,1
Can you show more photos?,0
Do you have it in stock?,0
Where do you ship from?,0
What are the dimensions?,0
Does it come in other colors?,0
Contact me on Skype: eve449,1
How soon can I get it?,0
Does it come in other colors?,0
How soon can I get it?,0
📱 +1-798-286-5113,1
You can reach me at +1-430-283-5977,1
What are the dimensions?,0
Nice product!,0
Add me on WhatsApp: +1 861 019 2724,1
fb.com/coolcat291,1
I’m interested in this item.,0
Follow me on Twitter: @frank691,1
This looks good.,0
I’m interested in this item.,0
How soon can I get it?,0
How soon can I get it?,0
How soon can I get it?,0
Can you show more photos?,0
How soon can I get it?,0
📱 +1-345-650-6491,1
Nice product!,0
I’m interested in this item.,0
Do you have it in stock?,0
What’s the price?,0
Nice product!,0
Add me on Facebook (facebook.com/coolguy42),1
Can you show more photos?,0
Do you have it in stock?,0
What’s the price?,0
This looks good.,0
What’s the price?,0
Does it come in other colors?,0
Reach out on WhatsApp at +1-426-991-3463,1
"Email is user5891@example.com, reach out anytime.",1
What are the dimensions?,0
Let's connect on LinkedIn: https://linkedin.com/in/bob887,1
Snapchat me @ fashionista451,1
Does it come in other colors?,0
How soon can I get it?,0
Does it come in other colors?,0
📱 +1-700-968-5253,1
This looks good.,0
Text me at 555-582-2514 for more info.,1
I’m interested in this item.,0
Can you show more photos?,0
C a l l   m e :   2 3 4 - 5 0 5 - 2 5 9 9,1
Snapchat me @ shopper167,1
What are the dimensions?,0
c   o   n   t   a   c   t   m   e   + 1   8 1 0   0 5 8   7 8 5 3,1
How soon can I get it?,0
What are the dimensions?,0
Do you have it in stock?,0
Can you show more photos?,0
WhatsApp me at +1-555-831-2894,1
Nice product!,0
What are the dimensions?,0
What’s the price?,0
Can you show more photos?,0
Here is my email: user6022@example.com,1
How soon can I get it?,0
This looks good.,0
Nice product!,0
Please email me at user7251@example.com,1
Ping me on Telegram: @eve199,1
Do you have it in stock?,0
What are the dimensions?,0
Find me on Facebook: https://facebook.com/david998,1
What are the dimensions?,0
Does it come in other colors?,0
Where do you ship from?,0
Does it come in other colors?,0
What’s the price?,0
Add me on WhatsApp: 2581532121,1
What’s the price?,0
WhatsApp me at +1-555-655-1539,1
What’s the price?,0
Where do you ship from?,0
Can you show more photos?,0
What’s the price?,0
I’m interested in this item.,0
Nice product!,0
Does it come in other colors?,0
You can reach me at +1-210-340-7736,1
This looks good.,0
Mail me: bob8@test.org,1
This looks good.,0
Can you show more photos?,0
Do you have it in stock?,0
I’m interested in this item.,0
What are the dimensions?,0
Nice product!,0
What’s the price?,0
My Snapchat is frank905,1
What’s the price?,0
I’m interested in this item.,0
Snapchat me @ coolcat815,1
I’m interested in this item.,0
Does it come in other colors?,0
Nice product!,0
What are the dimensions?,0
Do you have it in stock?,0
What are the dimensions?,0
Nice product!,0
Nice product!,0
Nice product!,0
I’m interested in this item.,0
Where do you ship from?,0
Does it come in other colors?,0
What are the dimensions?,0
Add me on Facebook (facebook.com/fashioneer),1
Does it come in other colors?,0
Does it come in other colors?,0
I’m interested in this item.,0
Can you show more photos?,0
Call me at 1402329882,1
Does it come in other colors?,0
This looks good.,0
Does it come in other colors?,0
What are the dimensions?,0
Can you show more photos?,0
Hit me up on WhatsApp at 555-954-4246,1
Nice product!,0
This looks good.,0
I’m interested in this item.,0
This looks good.,0
Nice product!,0
How soon can I get it?,0
Does it come in other colors?,0
I’m interested in this item.,0
Nice product!,0
Contact me via Telegram: @designer123,1
Can you show more photos?,0
Does it come in other colors?,0
Nice product!,0
This looks good.,0
Does it come in other colors?,0
My TikTok: @charlie904,1
Does it come in other colors?,0
DM me on Facebook: facebook.com/coolcat427,1
Where do you ship from?,0
What’s the price?,0
Does it come in other colors?,0
Can you show more photos?,0
hmu @ coolcat404,1
This looks good.,0
I’m interested in this item.,0
I’m interested in this item.,0
Does it come in other colors?,0
I’m interested in this item.,0
Do you have it in stock?,0
wanna chat? +1-910-195-1599,1
Message me at user6278@example.com,1
What’s the price?,0
Nice product!,0
Can you show more photos?,0
t e l : +1-300-153-5224,1
What’s the price?,0
Does it come in other colors?,0
Please email me at user1115@example.com,1
C a l l   m e :   ( 2 3 9 )   8 9 5 - 5 6 1 1,1
t e l : +1-909-872-3046,1
Does it come in other colors?,0
What’s the price?,0
Do you have it in stock?,0
Can you share your phone number so I can send you details?,1
You can reach me at 555-520-9898,1
Where do you ship from?,0
How soon can I get it?,0
I’m interested in this item.,0
This looks good.,0
What are the dimensions?,0
c   o   n   t   a   c   t   m   e   ( 5 5 8 )   2 1 1 - 9 0 0 2,1
What are the dimensions?,0
What are the dimensions?,0
Do you have it in stock?,0
You can reach me at 555-657-4663,1
How soon can I get it?,0
Where do you ship from?,0
reach at t w o o o @example.com,1
my digits: +1-558-335-4400,1
Nice product!,0
I’m interested in this item.,0
Here is my email: user2362@example.com,1
Where do you ship from?,0
Let's connect on LinkedIn: https://linkedin.com/in/grace177,1
Nice product!,0
I’m interested in this item.,0
Can you show more photos?,0
Nice product!,0
Where do you ship from?,0
Nice product!,0
This looks good.,0
What are the dimensions?,0
I’m interested in this item.,0
What are the dimensions?,0
Text me at +1-803-711-8116,1
Where do you ship from?,0
Where do you ship from?,0
This looks good.,0
C a l l   m e :   ( 5 3 4 )   7 4 9 - 0 1 7 4,1
Do you have it in stock?,0
Let's connect on LinkedIn: linkedin.com/in/jane.smith,1
DM me on Facebook: facebook.com/shopper245,1
What are the dimensions?,0
Does it come in other colors?,0
What are the dimensions?,0
Do you have it in stock?,0
Follow me on Twitter: @judy118,1
Does it come in other colors?,0
Where do you ship from?,0
Do you have it in stock?,0
Where do you ship from?,0
I’m interested in this item.,0
This looks good.,0
message me via g m a i l at user7336@example.com,1
This looks good.,0
I’m interested in this item.,0
What are the dimensions?,0
What are the dimensions?,0
This looks good.,0
Does it come in other colors?,0
Can you show more photos?,0
Do you have it in stock?,0
Where do you ship from?,0
How soon can I get it?,0
Do you have it in stock?,0
Do you have it in stock?,0
Text me at +1-206-126-2628,1
Do you have it in stock?,0
Do you have it in stock?,0
What are the dimensions?,0
Where do you ship from?,0
Message via email: judy98@test.org,1
Message me on Signal: 056-199-4404,1
Can you show more photos?,0
I’m interested in this item.,0
Do you have it in stock?,0
Does it come in other colors?,0
Call me at +1 543 592 7682,1
What’s the price?,0
Nice product!,0
Do you have it in stock?,0
Nice product!,0
Does it come in other colors?,0
Where do you ship from?,0
Send me a DM on Facebook: facebook.com/shop_owner,1
Where do you ship from?,0
Can you show more photos?,0
Nice product!,0
Add me on WhatsApp: +1 823 731 1045,1
What are the dimensions?,0
e m a i l m e @ user5275@example.com,1
What are the dimensions?,0
I’m interested in this item.,0
How soon can I get it?,0
Nice product!,0
How soon can I get it?,0
What are the dimensions?,0
Do you have it in stock?,0
Nice product!,0
I’m interested in this item.,0
What’s the price?,0
Where do you ship from?,0
Where do you ship from?,0
How soon can I get it?,0
message me via g m a i l at user5998@example.com,1
Nice product!,0
Ping me on Telegram: @heidi974,1
This looks good.,0
Call me at +1 136 111 5229,1
This looks good.,0
I’m interested in this item.,0
WhatsApp me at +1-555-683-5863,1
Contact via email: charlie45@mail.com,1
Does it come in other colors?,0
What are the dimensions?,0
Can you show more photos?,0
How soon can I get it?,0
How soon can I get it?,0
Can you show more photos?,0
You can reach me at +1-128-108-6011,1
Nice product!,0
My Snapchat is alice909,1
This looks good.,0
Can you show more photos?,0
What’s the price?,0
Can you show more photos?,0
My number is 0726455965,1
Can you share your phone number so I can send you details?,1
How soon can I get it?,0
What are the dimensions?,0
Follow me on Instagram @shop_owner and DM.,1
Can I have your email address?,1
This looks good.,0
Does it come in other colors?,0
This looks good.,0
Can you show more photos?,0
Add me on WhatsApp: 555-598-9389,1
This looks good.,0
Do you have it in stock?,0
Add me on WhatsApp: 555-154-5890,1
Nice product!,0
Do you have it in stock?,0
What are the dimensions?,0
Where do you ship from?,0
Where do you ship from?,0
This looks good.,0
Where do you ship from?,0
my digits: +1-299-283-4361,1
Contact me on Skype: heidi529,1
This looks good.,0
This looks good.,0
Does it come in other colors?,0
What’s the price?,0
What are the dimensions?,0
Does it come in other colors?,0
How soon can I get it?,0
This looks good.,0
Can you show more photos?,0
Can you show more photos?,0
What’s the price?,0
This looks good.,0
What are the dimensions?,0
This looks good.,0
This looks good.,0
Can you show more photos?,0
I’m interested in this item.,0
I’m interested in this item.,0
This looks good.,0
Do you have it in stock?,0
Let's connect on LinkedIn: https://linkedin.com/in/charlie500,1
Can you show more photos?,0
What’s the price?,0
Nice product!,0
What’s the price?,0
What are the dimensions?,0
Nice product!,0
Does it come in other colors?,0
My Snapchat is judy895,1
How soon can I get it?,0
What’s the price?,0
Add me on WhatsApp: 555-757-2673,1
What are the dimensions?,0
I’m interested in this item.,0
Does it come in other colors?,0
What are the dimensions?,0
Do you have it in stock?,0
What’s the price?,0
Let's connect on LinkedIn: linkedin.com/in/fashioneer,1
Does it come in other colors?,0
I’m interested in this item.,0
Does it come in other colors?,0
What’s the price?,0
Do you have it in stock?,0
C o n t a c t :   + 1   1 4 6   1 5 5   8 0 5 4,1
I’m interested in this item.,0
How soon can I get it?,0
What are the dimensions?,0
Does it come in other colors?,0
I’m interested in this item.,0
Do you have it in stock?,0
Does it come in other colors?,0
What are the dimensions?,0
Do you have it in stock?,0
Nice product!,0
This looks good.,0
Can you show more photos?,0
Do you have it in stock?,0
I’m interested in this item.,0
Do you have it in stock?,0
This looks good.,0
How soon can I get it?,0
I’m interested in this item.,0
How soon can I get it?,0
What are the dimensions?,0
I’m interested in this item.,0
Where do you ship from?,0
What’s the price?,0
How soon can I get it?,0
Please email me at user6355@example.com,1
Where do you ship from?,0
Can you show more photos?,0
This looks good.,0
What are the dimensions?,0
Does it come in other colors?,0
Do you have it in stock?,0
hmu @ fashionista189,1
Can you show more photos?,0
Nice product!,0
Call me at 479-515-1926,1
My WeChat ID is jane.smith,1
This looks good.,0
Can you show more photos?,0
C o n t a c t :   8 0 9 6 0 2 9 0 0 2,1
This looks good.,0
What are the dimensions?,0
What’s the price?,0
Call me at 100-026-3551,1
What are the dimensions?,0
Does it come in other colors?,0
I’m interested in this item.,0
How soon can I get it?,0
What’s the price?,0
Nice product!,0
Let's connect on LinkedIn: https://linkedin.com/in/david385,1
This looks good.,0
This looks good.,0
Do you have it in stock?,0
How soon can I get it?,0
Where do you ship from?,0
This looks good.,0
This looks good.,0
What’s the price?,0
This looks good.,0
Where do you ship from?,0
What are the dimensions?,0
Nice product!,0
Add me on WhatsApp: 2916071758,1
What are the dimensions?,0
Does it come in other colors?,0
Where do you ship from?,0
What’s the price?,0
Nice product!,0
This looks good.,0
Let's connect on LinkedIn: linkedin.com/in/designer123,1
Nice product!,0
find me at user5491@example.com 😉,1
I’m interested in this item.,0
Connect on LinkedIn (linkedin.com/in/fashioneer),1
fb.com/devguy487,1
Do you have it in stock?,0
Can you show more photos?,0
Can you show more photos?,0
get in touch @ user9782@example.com,1
Add me on WhatsApp: (154) 899-1288,1
Do you have it in stock?,0
This looks good.,0
Nice product!,0
Nice product!,0
c o n t a c t : +1-762-344-6026,1
Can you show more photos?,0
Does it come in other colors?,0
Nice product!,0
DM me on Instagram @jane.smith,1
Email me at user1276@example.com,1
Do you have it in stock?,0
What are the dimensions?,0
Can you show more photos?,0
How soon can I get it?,0
Can you show more photos?,0
What’s the price?,0
I’m interested in this item.,0
What are the dimensions?,0
What’s the price?,0
What’s the price?,0
What are the dimensions?,0
Does it come in other colors?,0
Does it come in other colors?,0
What are the dimensions?,0
What’s the price?,0
Where do you ship from?,0
Do you have it in stock?,0
How soon can I get it?,0
How soon can I get it?,0
Do you have it in stock?,0
What’s the price?,0
my digits: +1-586-163-4391,1
Where do you ship from?,0
Do you have it in stock?,0
Add me on WhatsApp: 555-844-8952,1
Where do you ship from?,0
This looks good.,0
Where do you ship from?,0
This looks good.,0
Can you show more photos?,0
get in touch @ user4840@example.com,1
Nice product!,0
Do you have it in stock?,0
Does it come in other colors?,0
Nice product!,0
This looks good.,0
What’s the price?,0
Nice product!,0
Let's connect on LinkedIn: https://linkedin.com/in/david162,1
my email id is user9883@example.com,1
Do you have it in stock?,0
Do you have it in stock?,0
Where do you ship from?,0
Where do you ship from?,0
What are the dimensions?,0
What are the dimensions?,0
You can reach me at 555-639-6431,1
I’m interested in this item.,0
Message me at user2733@example.com,1
Hit me up on WhatsApp at +1-686-791-9108,1
Nice product!,0
What are the dimensions?,0
t e l : +1-792-210-7253,1
Does it come in other colors?,0
Do you have it in stock?,0
What’s the price?,0
What’s the price?,0
Nice product!,0
📱 +1-656-604-4872,1
Do you have it in stock?,0
Where do you ship from?,0
How soon can I get it?,0
This looks good.,0
How soon can I get it?,0
I’m interested in this item.,0
C o n t a c t :   + 1   4 0 2   7 4 9   2 6 4 1,1
Can you show more photos?,0
What are the dimensions?,0
Can you show more photos?,0
Email me at david21@email.net,1
This looks good.,0
Nice product!,0
I’m interested in this item.,0
I’m interested in this item.,0
How soon can I get it?,0
What are the dimensions?,0
Here's my email: user7744@example.com,1
What are the dimensions?,0
What’s the price?,0
Where do you ship from?,0
you can DM me at fashionista326 on Insta,1
Does it come in other colors?,0
Does it come in other colors?,0
Does it come in other colors?,0
Nice product!,0
DM me on Facebook: facebook.com/shopper926,1
Hit me up on WhatsApp at 555-922-2500,1
Add me on WhatsApp: 645-657-1045,1
Where do you ship from?,0
Connect on LinkedIn (linkedin.com/in/coolcat252),1
Nice product!,0
This looks good.,0
Here is my email: user5770@example.com,1
Contact me via Telegram: @designer123,1
Message me at user7112@example.com,1
Where do you ship from?,0
Where do you ship from?,0
Does it come in other colors?,0
Can you show more photos?,0
I’m interested in this item.,0
How soon can I get it?,0
I’m interested in this item.,0
What’s the price?,0
This looks good.,0
What’s the price?,0
Can you show more photos?,0
I’m interested in this item.,0
Contact via email: grace38@mail.com,1
Where do you ship from?,0
Can you show more photos?,0
Does it come in other colors?,0
Contact me via Telegram: @best_pizza,1
Message me on Signal: 125-687-5699,1
This looks good.,0
What are the dimensions?,0
Can you show more photos?,0
Do you have it in stock?,0
Hit me up on WhatsApp at 555-318-4766,1
Call me at (072) 828-2447,1
This looks good.,0
Do you have it in stock?,0
What are the dimensions?,0
I’m interested in this item.,0
How soon can I get it?,0
Can I have your email address?,1
Where do you ship from?,0
my email id is user3280@example.com,1
Can you show more photos?,0
What are the dimensions?,0
Does it come in other colors?,0
I’m interested in this item.,0
What are the dimensions?,0
Does it come in other colors?,0
This looks good.,0
"Email is user9561@example.com, reach out anytime.",1
This looks good.,0
Do you have it in stock?,0
Do you have it in stock?,0
What are the dimensions?,0
Do you have it in stock?,0
I’m interested in this item.,0
my digits: +1-209-975-1157,1
What’s the price?,0
Nice product!,0
Does it come in other colors?,0
Do you have it in stock?,0
Does it come in other colors?,0
hmu @ coolcat673,1
Do you have it in stock?,0
Nice product!,0
Nice product!,0
Do you have it in stock?,0
Can you show more photos?,0
I’m interested in this item.,0
Does it come in other colors?,0
Where do you ship from?,0
What are the dimensions?,0
Can you show more photos?,0
What are the dimensions?,0
Nice product!,0
This looks good.,0
Email me at frank20@mail.com,1
This looks good.,0
I’m interested in this item.,0
What’s the price?,0
Where do you ship from?,0
What are the dimensions?,0
Snapchat me @ fashionista570,1
WhatsApp me at +1-555-461-2865,1
Where do you ship from?,0
Let's connect on LinkedIn: https://linkedin.com/in/eve276,1
Hit me up on WhatsApp at +1-627-284-5554,1
message me via g m a i l at user1149@example.com,1
DM me on Facebook: facebook.com/devguy969,1
What’s the price?,0
Can you show more photos?,0
Contact: +1-666-704-6914,1
What are the dimensions?,0
What’s the price?,0
Can I have your email address?,1
How soon can I get it?,0
Does it come in other colors?,0
Call me at 0961334372,1
What’s the price?,0
My Snapchat is bob584,1
Can you show more photos?,0
Nice product!,0
Add me on WhatsApp: 555-590-2447,1
How soon can I get it?,0
Nice product!,0
You can reach me at 555-564-6406,1
Reach me at (130) 077-1241,1
Reach me at 149-777-1361,1
Can you show more photos?,0
I’m interested in this item.,0
What’s the price?,0
How soon can I get it?,0
Can you show more photos?,0
What’s the price?,0
How soon can I get it?,0
c   o   n   t   a   c   t   m   e   ( 9 3 3 )   0 1 5 - 3 9 3 4,1
What’s the price?,0
Nice product!,0
This looks good.,0
How soon can I get it?,0
What’s the price?,0
Does it come in other colors?,0
Does it come in other colors?,0
Does it come in other colors?,0
How soon can I get it?,0
Hit me up on WhatsApp at 555-140-7290,1
I’m interested in this item.,0
What’s the price?,0
Email me at user9213@example.com,1
I’m interested in this item.,0
How soon can I get it?,0
How soon can I get it?,0
Does it come in other colors?,0
This looks good.,0
c o n t a c t : +1-939-218-9651,1
I’m interested in this item.,0
Where do you ship from?,0
Nice product!,0
Connect on LinkedIn (linkedin.com/in/fashionista411),1
I’m interested in this item.,0
Can you show more photos?,0
This looks good.,0
📧 user2700@example.com,1
What’s the price?,0
Can you show more photos?,0
Nice product!,0
Can you show more photos?,0
Do you have it in stock?,0
Does it come in other colors?,0
How soon can I get it?,0
Where do you ship from?,0
telegram: t dot me slash shopper982,1
This looks good.,0
t e l : +1-598-519-9938,1
This looks good.,0
Does it come in other colors?,0
What are the dimensions?,0
I’m interested in this item.,0
Does it come in other colors?,0
snap me at s-n-a-p coolcat748,1
What are the dimensions?,0
Do you have it in stock?,0
Can you show more photos?,0
I’m interested in this item.,0
Do you have it in stock?,0
Find me on Facebook: https://facebook.com/alice28,1
Where do you ship from?,0
How soon can I get it?,0
Nice product!,0
What are the dimensions?,0
My TikTok: @ivan876,1
Does it come in other colors?,0
Do you have it in stock?,0
Does it come in other colors?,0
What’s the price?,0
What are the dimensions?,0
Where do you ship from?,0
This looks good.,0
Can you show more photos?,0
Can you show more photos?,0
Nice product!,0
Where do you ship from?,0
I’m interested in this item.,0
You can reach me at 555-360-8082,1
Ping me on Telegram: @frank82,1
Do you have it in stock?,0
I’m interested in this item.,0
How soon can I get it?,0
How soon can I get it?,0
Find me on Facebook: https://facebook.com/judy930,1
DM me on Instagram: @david25,1
How soon can I get it?,0
Nice product!,0
I’m interested in this item.,0
Nice product!,0
Where do you ship from?,0
Do you have it in stock?,0
What are the dimensions?,0
Does it come in other colors?,0
This looks good.,0
My number is 092-220-4196,1
Please email me at user6429@example.com,1
Please email me at user9916@example.com,1
What’s the price?,0
DM me on Facebook: facebook.com/devguy868,1
What are the dimensions?,0
Does it come in other colors?,0
Can you show more photos?,0
I’m interested in this item.,0
This looks good.,0
This looks good.,0
What are the dimensions?,0
Where do you ship from?,0
Where do you ship from?,0
This looks good.,0
How soon can I get it?,0
Where do you ship from?,0
telegram: t dot me slash devguy227,1
Can you show more photos?,0
I’m interested in this item.,0
Do you have it in stock?,0
What’s the price?,0
Can you show more photos?,0
How soon can I get it?,0
"Email is user7007@example.com, reach out anytime.",1
Nice product!,0
I’m interested in this item.,0
This looks good.,0
Do you have it in stock?,0
What are the dimensions?,0
This looks good.,0
j u d y 6 7 @ t e s t . o r g,1
Can you show more photos?,0
I’m interested in this item.,0
Where do you ship from?,0
What are the dimensions?,0
Can you show more photos?,0
How soon can I get it?,0
What’s the price?,0
get in touch @ user3129@example.com,1
Message via email: bob42@example.com,1
DM me on Facebook: facebook.com/shopper971,1
Add me on Facebook (facebook.com/fashioneer),1
Email me at judy52@email.net,1
I’m interested in this item.,0
📧 user756@example.com,1
DM me on Instagram: @heidi109,1
Can you show more photos?,0
How soon can I get it?,0
Do you have it in stock?,0
Where do you ship from?,0
What are the dimensions?,0
Does it come in other colors?,0
Does it come in other colors?,0
This looks good.,0
Can you show more photos?,0
Do you have it in stock?,0
Does it come in other colors?,0
This looks good.,0
You can reach me at +1-246-427-5653,1
What are the dimensions?,0
How soon can I get it?,0
I’m interested in this item.,0
Can you show more photos?,0
Do you have it in stock?,0
C o n t a c t :   3 7 2 - 0 7 0 - 9 7 5 5,1
Can you show more photos?,0
Can you show more photos?,0
What’s the price?,0
Text me at 555-698-6881 for more info.,1
Where do you ship from?,0
This looks good.,0
DM me on Facebook: facebook.com/devguy844,1
get in touch @ user2290@example.com,1
Can you show more photos?,0
How soon can I get it?,0
How soon can I get it?,0
Do you have it in stock?,0
I’m interested in this item.,0
Nice product!,0
This looks good.,0
Can you show more photos?,0
What are the dimensions?,0
Can you show more photos?,0
Nice product!,0
Nice product!,0
Where do you ship from?,0
This looks good.,0
Do you have it in stock?,0
What are the dimensions?,0
my digits: +1-992-333-5773,1
Can you show more photos?,0
Does it come in other colors?,0
"Email is user7954@example.com, reach out anytime.",1
📧 user4517@example.com,1
Do you have it in stock?,0
c o n t a c t : +1-893-118-8281,1
Connect on LinkedIn (linkedin.com/in/jane.smith),1
What are the dimensions?,0
Does it come in other colors?,0
This looks good.,0
My Snapchat is bob813,1
I’m interested in this item.,0
I’m interested in this item.,0
What’s the price?,0
Nice product!,0
Does it come in other colors?,0
t e l : +1-665-980-4984,1
Do you have it in stock?,0
Does it come in other colors?,0
What’s the price?,0
Does it come in other colors?,0
Do you have it in stock?,0
Does it come in other colors?,0
This looks good.,0
Can you show more photos?,0
Does it come in other colors?,0
Nice product!,0
Nice product!,0
Call me at 3858212367,1
I’m interested in this item.,0
Please email me at user5961@example.com,1
"Email is user5029@example.com, reach out anytime.",1
C a l l   m e :   3 8 3 - 1 5 1 - 7 0 5 7,1
Where do you ship from?,0
Message me on Signal: 3720897608,1
Where do you ship from?,0
Does it come in other colors?,0
What are the dimensions?,0
I’m interested in this item.,0
Message me on Signal: +1 954 863 4293,1
Where do you ship from?,0
Ping me on Telegram: @frank318,1
I’m interested in this item.,0
Find me on Facebook: https://facebook.com/charlie989,1
What’s the price?,0
I’m interested in this item.,0
Where do you ship from?,0
How soon can I get it?,0
How soon can I get it?,0
This looks good.,0
Do you have it in stock?,0
How soon can I get it?,0
Follow me on Twitter: @alice292,1
Does it come in other colors?,0
Do you have it in stock?,0
Does it come in other colors?,0
This looks good.,0
What are the dimensions?,0
What’s the price?,0
How soon can I get it?,0
What’s the price?,0
Reach out on WhatsApp at +1-943-727-3244,1
Text me at 494-017-6053,1
Do you have it in stock?,0
Does it come in other colors?,0
I’m interested in this item.,0
Where do you ship from?,0
How soon can I get it?,0
How soon can I get it?,0
What’s the price?,0
C a l l   m e :   6 8 4 - 8 1 2 - 6 9 4 8,1
Where do you ship from?,0
C a l l   m e :   5 6 1 8 1 8 4 7 7 1,1
My number is 601-419-2663,1
Nice product!,0
you can DM me at devguy439 on Insta,1
What’s the price?,0
C o n t a c t :   0 1 1 8 9 2 4 2 8 2,1
Can you share your phone number so I can send you details?,1
find me at user7501@example.com 😉,1
Can you show more photos?,0
Does it come in other colors?,0
What’s the price?,0
How soon can I get it?,0
Does it come in other colors?,0
I’m interested in this item.,0
Where do you ship from?,0
Can you show more photos?,0
How soon can I get it?,0
Nice product!,0
Let's connect on LinkedIn: linkedin.com/in/tech_lead,1
What are the dimensions?,0
Where do you ship from?,0
📱 +1-921-141-4729,1
Can you show more photos?,0
What’s the price?,0
What are the dimensions?,0
Nice product!,0
Here is my email: user1766@example.com,1
Nice product!,0
Do you have it in stock?,0
Can you show more photos?,0
Please email me at user7698@example.com,1
What are the dimensions?,0
How soon can I get it?,0
Nice product!,0
Where do you ship from?,0
What’s the price?,0
t e l : +1-935-546-2578,1
Where do you ship from?,0
Does it come in other colors?,0
Does it come in other colors?,0
Let's connect on LinkedIn: linkedin.com/in/shopper99,1
Do you have it in stock?,0
How soon can I get it?,0
What’s the price?,0
This looks good.,0
my digits: +1-227-255-8281,1
Where do you ship from?,0
What’s the price?,0
Call me at (805) 436-8598,1
DM me on Instagram: @ivan759,1
What are the dimensions?,0
C o n t a c t :   4 3 1 0 9 1 0 3 2 8,1
Do you have it in stock?,0
Nice product!,0
Can you show more photos?,0
Message via email: ivan98@test.org,1
How soon can I get it?,0
Can you show more photos?,0
Nice product!,0
Do you have it in stock?,0
Do you have it in stock?,0
wanna chat? +1-225-349-1036,1
Add me on Facebook (facebook.com/best_pizza),1
How soon can I get it?,0
This looks good.,0
Here's my email: user4551@example.com,1
Ping me on Telegram: @alice308,1
Does it come in other colors?,0
Do you have it in stock?,0
Where do you ship from?,0
Nice product!,0
Let's connect on LinkedIn: https://linkedin.com/in/frank937,1
WhatsApp me at +1-555-513-9869,1
Nice product!,0
Do you have it in stock?,0
This looks good.,0
t e l : +1-811-813-3830,1
What’s the price?,0
Nice product!,0
This looks good.,0
Do you have it in stock?,0
What are the dimensions?,0
I’m interested in this item.,0
What’s the price?,0
This looks good.,0
What are the dimensions?,0
This looks good.,0
Follow me on Instagram @best_pizza and DM.,1
What are the dimensions?,0
Call me at 9988091436,1
Let's connect on LinkedIn: linkedin.com/in/coolguy42,1
I’m interested in this item.,0
t e l : +1-986-909-9870,1
This looks good.,0
Do you have it in stock?,0
Add me on Facebook (facebook.com/shop_owner),1
Does it come in other colors?,0
fb.com/fashionista610,1
I’m interested in this item.,0
Does it come in other colors?,0
Where do you ship from?,0
Call me at 060-404-4414,1
What are the dimensions?,0
Does it come in other colors?,0
Nice product!,0
Where do you ship from?,0
This looks good.,0
I’m interested in this item.,0
Where do you ship from?,0
Where do you ship from?,0
reach at t w o o o @example.com,1
telegram: t dot me slash fashionista322,1
find me at user1401@example.com 😉,1
Connect on LinkedIn (linkedin.com/in/devguy416),1
Can you show more photos?,0
This looks good.,0
C o n t a c t :   + 1   4 6 1   6 7 2   2 7 8 7,1
How soon can I get it?,0
What are the dimensions?,0
What are the dimensions?,0
How soon can I get it?,0
Contact me on Skype: grace15,1
Where do you ship from?,0
c   o   n   t   a   c   t   m   e   4 5 2 6 1 2 3 7 9 2,1
Nice product!,0
What are the dimensions?,0
Do you have it in stock?,0
How soon can I get it?,0
Nice product!,0
I’m interested in this item.,0
Where do you ship from?,0
Here is my email: user7309@example.com,1
My WeChat ID is shop_owner,1
What are the dimensions?,0
What are the dimensions?,0
Can you show more photos?,0
How soon can I get it?,0
Does it come in other colors?,0
Where do you ship from?,0
What are the dimensions?,0
How soon can I get it?,0
I’m interested in this item.,0
You can reach me at 555-809-1833,1
Do you have it in stock?,0
Does it come in other colors?,0
You can reach me at +1-328-914-4205,1
Does it come in other colors?,0
I’m interested in this item.,0
How soon can I get it?,0
I’m interested in this item.,0
How soon can I get it?,0
📱 +1-423-364-2146,1
Where do you ship from?,0
How soon can I get it?,0
Reach me at (026) 034-4300,1
How soon can I get it?,0
Nice product!,0
What are the dimensions?,0
How soon can I get it?,0
How soon can I get it?,0
This looks good.,0
c   o   n   t   a   c   t   m   e   0 6 6 - 3 8 3 - 1 1 9 9,1
Can you show more photos?,0
Can you share your phone number so I can send you details?,1
Does it come in other colors?,0
This looks good.,0
What are the dimensions?,0
Does it come in other colors?,0
Does it come in other colors?,0
Nice product!,0
How soon can I get it?,0
DM me on Instagram: @charlie302,1
Email me at grace47@mail.com,1
Nice product!,0
What’s the price?,0
Do you have it in stock?,0
WhatsApp me at +1-555-235-8035,1
Can you show more photos?,0
How soon can I get it?,0
You can reach me at +1-766-369-4852,1
Let's connect on LinkedIn: linkedin.com/in/fashioneer,1
Can you show more photos?,0
Do you have it in stock?,0
I’m interested in this item.,0
Snapchat me @ devguy138,1
"Email is user2730@example.com, reach out anytime.",1
How soon can I get it?,0
How soon can I get it?,0
Does it come in other colors?,0
I’m interested in this item.,0
This looks good.,0
Do you have it in stock?,0
How soon can I get it?,0
I’m interested in this item.,0
Can you show more photos?,0
Contact: +1-362-371-9553,1
I’m interested in this item.,0
What are the dimensions?,0
I’m interested in this item.,0
Let's connect on LinkedIn: https://linkedin.com/in/alice877,1
Nice product!,0
What’s the price?,0
What are the dimensions?,0
Does it come in other colors?,0
How soon can I get it?,0
This looks good.,0
Do you have it in stock?,0
I’m interested in this item.,0
What’s the price?,0
Hit me up on WhatsApp at 555-386-3740,1
Do you have it in stock?,0
Where do you ship from?,0
What are the dimensions?,0
reach at t w o o o @example.com,1
Send me a DM on Facebook: facebook.com/john_doe,1
Where do you ship from?,0
Here's my email: user3402@example.com,1
message me via g m a i l at user7123@example.com,1
What’s the price?,0
What’s the price?,0
This looks good.,0
How soon can I get it?,0
Nice product!,0
You can reach me at 555-892-7378,1
Nice product!,0
Nice product!,0
This looks good.,0
This looks good.,0
DM me on Instagram @shopper99,1
Nice product!,0
What’s the price?,0
Message me on Snapchat: designer123,1
My TikTok: @david886,1
How soon can I get it?,0
c   o   n   t   a   c   t   m   e   + 1   2 7 5   6 2 1   0 7 0 2,1
Email me at grace52@test.org,1
I’m interested in this item.,0
Can you show more photos?,0
DM me on Facebook: facebook.com/coolcat947,1
Let's connect on LinkedIn: linkedin.com/in/coolguy42,1
Follow me on Twitter: @david122,1
What’s the price?,0
What’s the price?,0
I’m interested in this item.,0
I’m interested in this item.,0
Can you show more photos?,0
I’m interested in this item.,0
Snapchat me @ shopper813,1
How soon can I get it?,0
Does it come in other colors?,0
How soon can I get it?,0
Do you have it in stock?,0
What are the dimensions?,0
What are the dimensions?,0
What are the dimensions?,0
Do you have it in stock?,0
Mail me: eve91@email.net,1
c   o   n   t   a   c   t   m   e   ( 4 8 5 )   8 9 2 - 6 8 0 2,1
How soon can I get it?,0
How soon can I get it?,0
message me via g m a i l at user198@example.com,1
Does it come in other colors?,0
Reach me at 000-492-1968,1
Can I have your email address?,1
Can I have your email address?,1
I’m interested in this item.,0
This looks good.,0
Does it come in other colors?,0
What are the dimensions?,0
Does it come in other colors?,0
Nice product!,0
Nice product!,0
Do you have it in stock?,0
What are the dimensions?,0
Where do you ship from?,0
Follow me on Instagram @shop_owner and DM.,1
What’s the price?,0
What’s the price?,0
I’m interested in this item.,0
What are the dimensions?,0
Reach out on WhatsApp at +1-293-781-6935,1
Nice product!,0
What’s the price?,0
How soon can I get it?,0
Nice product!,0
Does it come in other colors?,0
Can you show more photos?,0
How soon can I get it?,0
Can you show more photos?,0
Can you show more photos?,0
This looks good.,0
Find me on Facebook: https://facebook.com/bob668,1
Where do you ship from?,0
I’m interested in this item.,0
How soon can I get it?,0
Can you show more photos?,0
Where do you ship from?,0
How soon can I get it?,0
I’m interested in this item.,0
DM me on Instagram @fashionguru,1
What are the dimensions?,0
Where do you ship from?,0
Follow me on Instagram @john_doe and DM.,1
Nice product!,0
Can you show more photos?,0
Does it come in other colors?,0
Can you show more photos?,0
This looks good.,0
This looks good.,0
Can you show more photos?,0
C a l l   m e :   2 0 7 7 4 8 5 6 1 8,1
t e l : +1-312-828-1252,1
Where do you ship from?,0
DM me on Facebook: facebook.com/shopper5,1
Does it come in other colors?,0
You can reach me at 555-964-9585,1
Nice product!,0
What are the dimensions?,0
Nice product!,0
Does it come in other colors?,0
How soon can I get it?,0
Does it come in other colors?,0
Can you show more photos?,0
WhatsApp me at +1-555-634-8351,1
I’m interested in this item.,0
Reach me at +1 872 888 6397,1
Do you have it in stock?,0
This looks good.,0
Can you show more photos?,0
Nice product!,0
Do you have it in stock?,0
What’s the price?,0
I’m interested in this item.,0
This looks good.,0
Nice product!,0
What are the dimensions?,0
Here is my email: user4903@example.com,1
Where do you ship from?,0
Does it come in other colors?,0
Does it come in other colors?,0
Nice product!,0
Can you show more photos?,0
Do you have it in stock?,0
wanna chat? +1-467-379-4131,1
I’m interested in this item.,0
Nice product!,0
I’m interested in this item.,0
This looks good.,0
What are the dimensions?,0
I’m interested in this item.,0
My number is 7840050382,1
Message via email: bob21@example.com,1
This looks good.,0
This looks good.,0
Does it come in other colors?,0
My TikTok: @ivan640,1
Where do you ship from?,0
How soon can I get it?,0
Do you have it in stock?,0
Can you show more photos?,0
c o n t a c t : +1-362-632-5145,1
Nice product!,0
Nice product!,0
Does it come in other colors?,0
This looks good.,0
How soon can I get it?,0
How soon can I get it?,0
What’s the price?,0
my email id is user7308@example.com,1
Does it come in other colors?,0
I’m interested in this item.,0
WhatsApp me at +1-555-655-7094,1
Here's my email: user3877@example.com,1
Follow me on Twitter: @alice994,1
This looks good.,0
Message me on Snapchat: best_pizza,1
Where do you ship from?,0
Can you show more photos?,0
You can reach me at +1-215-405-8787,1
Nice product!,0
This looks good.,0
What are the dimensions?,0
Can you show more photos?,0
d a v i d 5 2 @ e m a i l . n e t,1
What are the dimensions?,0
This looks good.,0
How soon can I get it?,0
How soon can I get it?,0
What are the dimensions?,0
Can you show more photos?,0
This looks good.,0
"Email is user1198@example.com, reach out anytime.",1
Nice product!,0
I’m interested in this item.,0
Where do you ship from?,0
Reach out on WhatsApp at +1-470-971-9007,1
This looks good.,0
Can you show more photos?,0
t e l : +1-946-574-2829,1
Let's connect on LinkedIn: https://linkedin.com/in/heidi426,1
Nice product!,0
What’s the price?,0
Where do you ship from?,0
Contact me on Skype: judy787,1
This looks good.,0
Nice product!,0
DM me on Instagram @shopper99,1
What’s the price?,0
Do you have it in stock?,0
You can reach me at +1-627-954-1316,1
Do you have it in stock?,0
How soon can I get it?,0
Where do you ship from?,0
Does it come in other colors?,0
Where do you ship from?,0
How soon can I get it?,0
How soon can I get it?,0
Nice product!,0
Do you have it in stock?,0
Where do you ship from?,0
Do you have it in stock?,0
This looks good.,0
My WeChat ID is shopper99,1
I’m interested in this item.,0
This looks good.,0
"My contact is 555-484-7215, call me.",1
DM me on Instagram @jane.smith,1
reach at t w o o o @example.com,1
This looks good.,0
Does it come in other colors?,0
What are the dimensions?,0
Where do you ship from?,0
What are the dimensions?,0
Do you have it in stock?,0
Does it come in other colors?,0
Does it come in other colors?,0
Where do you ship from?,0
Do you have it in stock?,0
What’s the price?,0
Nice product!,0
What’s the price?,0
Do you have it in stock?,0
Where do you ship from?,0
What are the dimensions?,0
Do you have it in stock?,0
What’s the price?,0
Nice product!,0
Does it come in other colors?,0
Can you show more photos?,0
I’m interested in this item.,0
Can you show more photos?,0
c   o   n   t   a   c   t   m   e   ( 9 8 4 )   5 1 6 - 8 2 1 3,1
What’s the price?,0
Add me on WhatsApp: 555-741-1026,1
Do you have it in stock?,0
I’m interested in this item.,0
I’m interested in this item.,0
What’s the price?,0
What are the dimensions?,0
Ping me on Telegram: @alice869,1
Find me on Facebook: https://facebook.com/grace857,1
What’s the price?,0
This looks good.,0
my digits: +1-667-366-8681,1
How soon can I get it?,0
Nice product!,0
Message me on Signal: +1 418 038 6993,1
WhatsApp me at +1-555-965-9494,1
Message me at user5111@example.com,1
Where do you ship from?,0
Can you show more photos?,0
Does it come in other colors?,0
Where do you ship from?,0
I’m interested in this item.,0
What’s the price?,0
This looks good.,0
Where do you ship from?,0
Do you have it in stock?,0
Here's my email: user8288@example.com,1
Where do you ship from?,0
Do you have it in stock?,0
get in touch @ user9887@example.com,1
Can you show more photos?,0
Do you have it in stock?,0
My TikTok: @judy765,1
Nice product!,0
Nice product!,0
I’m interested in this item.,0
Do you have it in stock?,0
How soon can I get it?,0
Nice product!,0
My Snapchat is judy869,1
Contact: +1-449-297-5700,1
I’m interested in this item.,0
I’m interested in this item.,0
Where do you ship from?,0
Reach out on WhatsApp at +1-766-131-3321,1
Where do you ship from?,0
I’m interested in this item.,0
Can you show more photos?,0
Nice product!,0
Reach me at (953) 627-6678,1
This looks good.,0
This looks good.,0
What are the dimensions?,0
Contact via email: eve44@test.org,1
Do you have it in stock?,0
Nice product!,0
fb.com/fashionista71,1
c h a r l i e 6 9 @ m a i l . c o m,1
This looks good.,0
This looks good.,0
Here's my email: user3994@example.com,1
This looks good.,0
This looks good.,0
I’m interested in this item.,0
Can you show more photos?,0
I’m interested in this item.,0
Do you have it in stock?,0
What’s the price?,0
You can reach me at 555-389-6963,1
This looks good.,0
t e l : +1-858-850-5611,1
Where do you ship from?,0
Email me at eve91@test.org,1
Nice product!,0
C a l l   m e :   ( 8 4 0 )   5 3 9 - 3 6 9 4,1
Where do you ship from?,0
Message me on Signal: +1 957 876 4801,1
How soon can I get it?,0
Where do you ship from?,0
How soon can I get it?,0
"Email is user7193@example.com, reach out anytime.",1
How soon can I get it?,0
What are the dimensions?,0
How soon can I get it?,0
Do you have it in stock?,0
Can you show more photos?,0
message me via g m a i l at user7107@example.com,1
You can reach me at +1-443-354-3337,1
What are the dimensions?,0
Hit me up on WhatsApp at +1-153-237-9582,1
Text me at 3990365226,1
Can you show more photos?,0
Does it come in other colors?,0
What’s the price?,0
What are the dimensions?,0
Where do you ship from?,0
I’m interested in this item.,0
Message via email: charlie2@mail.com,1
I’m interested in this item.,0
Nice product!,0
How soon can I get it?,0
Can you show more photos?,0
This looks good.,0
I’m interested in this item.,0
hmu @ coolcat313,1
WhatsApp me at +1-555-431-9210,1
Do you have it in stock?,0
This looks good.,0
What are the dimensions?,0
Email me at david83@email.net,1
Let's connect on LinkedIn: linkedin.com/in/best_pizza,1
I’m interested in this item.,0
Can I have your email address?,1
This looks good.,0
What are the dimensions?,0
What’s the price?,0
Does it come in other colors?,0
What are the dimensions?,0
How soon can I get it?,0
Can you show more photos?,0
What’s the price?,0
What’s the price?,0
How soon can I get it?,0
Where do you ship from?,0
Where do you ship from?,0
What’s the price?,0
Nice product!,0
Nice product!,0
What’s the price?,0
Do you have it in stock?,0
This looks good.,0
Can you show more photos?,0
Snapchat me @ coolcat971,1
I’m interested in this item.,0
What’s the price?,0
Does it come in other colors?,0
What are the dimensions?,0
Does it come in other colors?,0
telegram: t dot me slash shopper836,1
I’m interested in this item.,0
Does it come in other colors?,0
Nice product!,0
I’m interested in this item.,0
Follow me on Twitter: @frank761,1
This looks good.,0
This looks good.,0
What’s the price?,0
What are the dimensions?,0
This looks good.,0
Does it come in other colors?,0
Nice product!,0
What are the dimensions?,0
Where do you ship from?,0
Do you have it in stock?,0
Can you show more photos?,0
Facebook me at 1859942194,1
Connect on LinkedIn (linkedin.com/in/fashionista43),1
I’m interested in this item.,0
I’m interested in this item.,0
DM me on Instagram @fashionguru,1
Does it come in other colors?,0
Where do you ship from?,0
What are the dimensions?,0
Nice product!,0
How soon can I get it?,0
What’s the price?,0
How soon can I get it?,0
Does it come in other colors?,0
This looks good.,0
Add me on Facebook (facebook.com/fashionguru),1
Find me on Facebook: https://facebook.com/frank272,1
I’m interested in this item.,0
How soon can I get it?,0
Can you show more photos?,0
Where do you ship from?,0
Do you have it in stock?,0
Nice product!,0
Can you show more photos?,0
I’m interested in this item.,0
What’s the price?,0
Does it come in other colors?,0
This looks good.,0
Can you show more photos?,0
I’m interested in this item.,0
Can you show more photos?,0
Nice product!,0
Does it come in other colors?,0
Does it come in other colors?,0
What are the dimensions?,0
What are the dimensions?,0
c   o   n   t   a   c   t   m   e   9 6 3 6 5 9 7 2 3 5,1
I’m interested in this item.,0
What are the dimensions?,0
Nice product!,0
How soon can I get it?,0
Can you show more photos?,0
What are the dimensions?,0
What are the dimensions?,0
How soon can I get it?,0
I’m interested in this item.,0
Text me at 3316544988,1
This looks good.,0
Can you show more photos?,0
Does it come in other colors?,0
Please email me at user3784@example.com,1
How soon can I get it?,0
How soon can I get it?,0
How soon can I get it?,0
Does it come in other colors?,0
Can you show more photos?,0
Follow me on Twitter: @judy810,1
You can reach me at 555-164-7031,1
Contact via email: frank10@email.net,1
Where do you ship from?,0
Nice product!,0
What are the dimensions?,0
This looks good.,0
Does it come in other colors?,0
What’s the price?,0
Where do you ship from?,0
I’m interested in this item.,0
Does it come in other colors?,0
📧 user4633@example.com,1
What’s the price?,0
This looks good.,0
Instagram me at +1 348 751 3794,1
Does it come in other colors?,0
Where do you ship from?,0
What’s the price?,0
c   o   n   t   a   c   t   m   e   1 8 7 6 3 4 9 5 6 8,1
Nice product!,0
Can you show more photos?,0
Where do you ship from?,0
Nice product!,0
What are the dimensions?,0
Do you have it in stock?,0
Hit me up on WhatsApp at +1-120-438-8632,1
Nice product!,0
This looks good.,0
Can you show more photos?,0
Message me on Signal: (337) 434-0211,1
Nice product!,0
This looks good.,0
Where do you ship from?,0
This looks good.,0
This looks good.,0
I’m interested in this item.,0
I’m interested in this item.,0
This looks good.,0
How soon can I get it?,0
Nice product!,0
I’m interested in this item.,0
How soon can I get it?,0
What are the dimensions?,0
I’m interested in this item.,0
What are the dimensions?,0
What’s the price?,0
How soon can I get it?,0
Nice product!,0
What are the dimensions?,0
Text me at 555-128-8194 for more info.,1
Reach me at 8693039981,1
How soon can I get it?,0
My number is 8828677243,1
Nice product!,0
Can you show more photos?,0
This looks good.,0
What are the dimensions?,0
Does it come in other colors?,0
This looks good.,0
This looks good.,0
What’s the price?,0
WhatsApp me at +1-555-165-4510,1
Nice product!,0
I’m interested in this item.,0
What’s the price?,0
How soon can I get it?,0
Do you have it in stock?,0
My Snapchat is frank706,1
Do you have it in stock?,0
This looks good.,0
What’s the price?,0
Nice product!,0
Nice product!,0
I’m interested in this item.,0
How soon can I get it?,0
DM me on Instagram @shop_owner,1
How soon can I get it?,0
snap me at s-n-a-p devguy952,1
Nice product!,0
How soon can I get it?,0
This looks good.,0
I’m interested in this item.,0
How soon can I get it?,0
Does it come in other colors?,0
How soon can I get it?,0
What’s the price?,0
Do you have it in stock?,0
I’m interested in this item.,0
This looks good.,0
Nice product!,0
What are the dimensions?,0
This looks good.,0
Reach me at +1 323 626 7845,1
Add me on WhatsApp: (556) 586-6328,1
I’m interested in this item.,0
This looks good.,0
Can you show more photos?,0
I’m interested in this item.,0
Where do you ship from?,0
What are the dimensions?,0
You can reach me at +1-813-625-4590,1
This looks good.,0
This looks good.,0
Nice product!,0
What’s the price?,0
DM me on Instagram: @eve540,1
Can you show more photos?,0
I’m interested in this item.,0
Nice product!,0
Where do you ship from?,0
Where do you ship from?,0
Does it come in other colors?,0
I’m interested in this item.,0
What’s the price?,0
What’s the price?,0
Does it come in other colors?,0
I’m interested in this item.,0
Can you show more photos?,0
Nice product!,0
What are the dimensions?,0
Where do you ship from?,0
What are the dimensions?,0
Do you have it in stock?,0
Let's connect on LinkedIn: https://linkedin.com/in/alice708,1
Where do you ship from?,0
This looks good.,0
e m a i l m e @ user9816@example.com,1
This looks good.,0
I’m interested in this item.,0
Nice product!,0
Nice product!,0
What’s the price?,0
Can you show more photos?,0
you can DM me at fashionista739 on Insta,1
This looks good.,0
I’m interested in this item.,0
What are the dimensions?,0
I’m interested in this item.,0
Nice product!,0
Does it come in other colors?,0
Nice product!,0
What’s the price?,0
What are the dimensions?,0
How soon can I get it?,0
This looks good.,0
Do you have it in stock?,0
What’s the price?,0
What are the dimensions?,0
This looks good.,0
Reach me at 973-697-3315,1
Does it come in other colors?,0
What’s the price?,0
Can you show more photos?,0
I’m interested in this item.,0
This looks good.,0
Nice product!,0
Does it come in other colors?,0
What’s the price?,0
Does it come in other colors?,0
Where do you ship from?,0
Can I have your email address?,1
Can you show more photos?,0
How soon can I get it?,0
My TikTok: @ivan358,1
"My contact is 555-709-5229, call me.",1
Does it come in other colors?,0
What’s the price?,0
Can you show more photos?,0
Follow me on Instagram @fashioneer and DM.,1
find me at user8681@example.com 😉,1
Can you show more photos?,0
Where do you ship from?,0
Do you have it in stock?,0
How soon can I get it?,0
I’m interested in this item.,0
Do you have it in stock?,0
Message me at user5100@example.com,1
Nice product!,0
Text me at +1-537-408-1873,1
I’m interested in this item.,0
Follow me on Instagram @tech_lead and DM.,1
I’m interested in this item.,0
My number is 994-897-2851,1
How soon can I get it?,0
Add me on WhatsApp: 555-640-5282,1
What are the dimensions?,0
Where do you ship from?,0
Here's my email: user7022@example.com,1
What’s the price?,0
Nice product!,0
Does it come in other colors?,0
This looks good.,0
This looks good.,0
C a l l   m e :   3 6 9 - 9 4 9 - 6 7 4 2,1
Where do you ship from?,0
This looks good.,0
Do you have it in stock?,0
Do you have it in stock?,0
Can you show more photos?,0
Contact me via Telegram: @tech_lead,1
Where do you ship from?,0
Does it come in other colors?,0
This looks good.,0
Can you show more photos?,0
What’s the price?,0
You can reach me at +1-676-321-2946,1
I’m interested in this item.,0
What are the dimensions?,0
What’s the price?,0
I’m interested in this item.,0
Does it come in other colors?,0
What are the dimensions?,0
Nice product!,0
Where do you ship from?,0
I’m interested in this item.,0
Nice product!,0
Reach out on WhatsApp at +1-912-986-2674,1
How soon can I get it?,0
Send me a DM on Facebook: facebook.com/coolguy42,1
I’m interested in this item.,0
Call me at (540) 079-1077,1
Does it come in other colors?,0
Nice product!,0
What are the dimensions?,0
Where do you ship from?,0
What’s the price?,0
Can you show more photos?,0
How soon can I get it?,0
What’s the price?,0
What’s the price?,0
Nice product!,0
What’s the price?,0
My WeChat ID is designer123,1
How soon can I get it?,0
Do you have it in stock?,0
How soon can I get it?,0
What’s the price?,0
Mail me: david79@email.net,1
I’m interested in this item.,0
I’m interested in this item.,0
What’s the price?,0
Let's connect on LinkedIn: https://linkedin.com/in/david246,1
Follow me on Twitter: @charlie858,1
Nice product!,0
This looks good.,0
Do you have it in stock?,0
You can reach me at 555-336-8846,1
Does it come in other colors?,0
Can you show more photos?,0
"Email is user6297@example.com, reach out anytime.",1
This looks good.,0
What’s the price?,0
What’s the price?,0
I’m interested in this item.,0
"My contact is 555-647-1659, call me.",1
"My contact is 555-962-8798, call me.",1
How soon can I get it?,0
Does it come in other colors?,0
How soon can I get it?,0
This looks good.,0
Can you show more photos?,0
I’m interested in this item.,0
What’s the price?,0
This looks good.,0
Nice product!,0
Call me at 1484739539,1
Can you show more photos?,0
Where do you ship from?,0
Connect on LinkedIn (linkedin.com/in/fashionista227),1
This looks good.,0
reach at t w o o o @example.com,1
What are the dimensions?,0
WhatsApp me at +1-555-543-2049,1
What are the dimensions?,0
Do you have it in stock?,0
I’m interested in this item.,0
Ping me on Telegram: @alice892,1
What’s the price?,0
What’s the price?,0
I’m interested in this item.,0
Email me at user4775@example.com,1
My Snapchat is alice476,1
This looks good.,0
Follow me on Twitter: @grace32,1
Nice product!,0
What are the dimensions?,0
What are the dimensions?,0
I’m interested in this item.,0
I’m interested in this item.,0
Here is my email: user7557@example.com,1
What are the dimensions?,0
You can reach me at +1-481-869-8778,1
Do you have it in stock?,0
What are the dimensions?,0
What are the dimensions?,0
This looks good.,0
Where do you ship from?,0
Ping me on Telegram: @charlie910,1
Can you show more photos?,0
Can you show more photos?,0
I’m interested in this item.,0
This looks good.,0
What are the dimensions?,0
What are the dimensions?,0
How soon can I get it?,0
Can you show more photos?,0
Let's connect on LinkedIn: linkedin.com/in/jane.smith,1
Can you show more photos?,0
Where do you ship from?,0
This looks good.,0
Does it come in other colors?,0
What’s the price?,0
What’s the price?,0
Do you have it in stock?,0
Nice product!,0
Can you show more photos?,0
Does it come in other colors?,0
Mail me: bob49@test.org,1
How soon can I get it?,0
How soon can I get it?,0
This looks good.,0
t e l : +1-652-919-3245,1
Where do you ship from?,0
This looks good.,0
Nice product!,0
Send me a DM on Facebook: facebook.com/best_pizza,1
I’m interested in this item.,0
Follow me on Instagram @best_pizza and DM.,1
What are the dimensions?,0
Do you have it in stock?,0
Text me at 555-515-2400 for more info.,1
Can you show more photos?,0
"Email is user6066@example.com, reach out anytime.",1
What are the dimensions?,0
I’m interested in this item.,0
Does it come in other colors?,0
What’s the price?,0
This looks good.,0
get in touch @ user2344@example.com,1
Can you show more photos?,0
Does it come in other colors?,0
What are the dimensions?,0
Does it come in other colors?,0
Can you show more photos?,0
snap me at s-n-a-p fashionista576,1
I’m interested in this item.,0
Where do you ship from?,0
How soon can I get it?,0
Find me on Facebook: https://facebook.com/ivan442,1
Nice product!,0
Does it come in other colors?,0
Does it come in other colors?,0
Find me on Facebook: https://facebook.com/grace314,1
I’m interested in this item.,0
get in touch @ user5294@example.com,1
What’s the price?,0
I’m interested in this item.,0
Do you have it in stock?,0
Nice product!,0
What are the dimensions?,0
Add me on Facebook (facebook.com/tech_lead),1
Mail me: bob36@mail.com,1
What’s the price?,0
This looks good.,0
I’m interested in this item.,0
How soon can I get it?,0
📧 user4244@example.com,1
What’s the price?,0
I’m interested in this item.,0
This looks good.,0
Do you have it in stock?,0
Does it come in other colors?,0
This looks good.,0
📧 user8539@example.com,1
How soon can I get it?,0
My TikTok: @charlie498,1
Nice product!,0
How soon can I get it?,0
How soon can I get it?,0
How soon can I get it?,0
Ping me on Telegram: @ivan186,1
What are the dimensions?,0
What’s the price?,0
Message me on Signal: 3480542538,1
Do you have it in stock?,0
Where do you ship from?,0
Nice product!,0
Let's connect on LinkedIn: https://linkedin.com/in/alice740,1
This looks good.,0
This looks good.,0
Where do you ship from?,0
I’m interested in this item.,0
What are the dimensions?,0
Nice product!,0
Where do you ship from?,0
fb.com/fashionista84,1
"Email is user3365@example.com, reach out anytime.",1
Does it come in other colors?,0
Do you have it in stock?,0
Can you show more photos?,0
Do you have it in stock?,0
Text me at +1-928-452-4055,1
Do you have it in stock?,0
Where do you ship from?,0
Add me on Facebook (facebook.com/john_doe),1
Contact via email: heidi60@email.net,1
Does it come in other colors?,0
Message me on Snapchat: shop_owner,1
Nice product!,0
What are the dimensions?,0
What are the dimensions?,0
How soon can I get it?,0
Do you have it in stock?,0
Can you show more photos?,0
How soon can I get it?,0
What are the dimensions?,0
You can reach me at 555-432-2507,1
Where do you ship from?,0
Can you show more photos?,0
Send me a DM on Facebook: facebook.com/coolguy42,1
Can you show more photos?,0
I’m interested in this item.,0
📧 user9499@example.com,1
📱 +1-679-480-6140,1
I’m interested in this item.,0
What’s the price?,0
Do you have it in stock?,0
C o n t a c t :   ( 3 5 1 )   4 2 3 - 9 4 1 0,1
Does it come in other colors?,0
What’s the price?,0
How soon can I get it?,0
What’s the price?,0
What are the dimensions?,0
Where do you ship from?,0
Message me on Snapchat: designer123,1
Let's connect on LinkedIn: linkedin.com/in/fashionguru,1
This looks good.,0
What are the dimensions?,0
Text me at 555-718-2821 for more info.,1
Where do you ship from?,0
What are the dimensions?,0
Do you have it in stock?,0
Do you have it in stock?,0
This looks good.,0
This looks good.,0
Add me on Facebook (facebook.com/fashionguru),1
What are the dimensions?,0
Can you show more photos?,0
Ping me on Telegram: @david716,1
This looks good.,0
How soon can I get it?,0
Message via email: alice41@test.org,1
Message me on Signal: +1 344 953 8856,1
Email me at user7492@example.com,1
You can reach me at 555-723-4586,1
I’m interested in this item.,0
get in touch @ user1073@example.com,1
Add me on WhatsApp: 555-407-3096,1
Add me on WhatsApp: 555-280-9211,1
I’m interested in this item.,0
DM me on Facebook: facebook.com/devguy179,1
How soon can I get it?,0
How soon can I get it?,0
C a l l   m e :   + 1   1 4 3   2 2 4   9 1 8 0,1
Can you show more photos?,0
This looks good.,0
Let's connect on LinkedIn: linkedin.com/in/designer123,1
Nice product!,0
What are the dimensions?,0
Contact via email: david11@mail.com,1
Can you show more photos?,0
Does it come in other colors?,0
Do you have it in stock?,0
Does it come in other colors?,0
I’m interested in this item.,0
DM me on Instagram @fashioneer,1
What’s the price?,0
Where do you ship from?,0
Do you have it in stock?,0
What’s the price?,0
📱 +1-776-179-1979,1
hmu @ shopper599,1
Nice product!,0
Where do you ship from?,0
C a l l   m e :   ( 9 5 1 )   3 9 4 - 1 1 1 5,1
C a l l   m e :   6 8 1 - 1 4 9 - 8 4 0 0,1
How soon can I get it?,0
How soon can I get it?,0
Does it come in other colors?,0
What’s the price?,0
DM me on Facebook: facebook.com/devguy437,1
What’s the price?,0
This looks good.,0
Add me on Facebook (facebook.com/fashioneer),1
How soon can I get it?,0
What are the dimensions?,0
What are the dimensions?,0
This looks good.,0
What’s the price?,0
I’m interested in this item.,0
What’s the price?,0
Nice product!,0
Does it come in other colors?,0
This looks good.,0
Contact me via Telegram: @fashionguru,1
Does it come in other colors?,0
What are the dimensions?,0
How soon can I get it?,0
Can you show more photos?,0
What’s the price?,0
What are the dimensions?,0
You can reach me at 555-864-1723,1
What’s the price?,0
Nice product!,0
DM me on Instagram: @alice627,1
I’m interested in this item.,0
Let's connect on LinkedIn: https://linkedin.com/in/david93,1
What are the dimensions?,0
How soon can I get it?,0
Nice product!,0
How soon can I get it?,0
Do you have it in stock?,0
Nice product!,0
What’s the price?,0
What’s the price?,0
Do you have it in stock?,0
How soon can I get it?,0
Does it come in other colors?,0
Nice product!,0
Where do you ship from?,0
What’s the price?,0
Can you show more photos?,0
What are the dimensions?,0
This looks good.,0
Email me at david84@mail.com,1
How soon can I get it?,0
Can you show more photos?,0
How soon can I get it?,0
How soon can I get it?,0
Can you show more photos?,0
How soon can I get it?,0
Do you have it in stock?,0
Snapchat me @ devguy403,1
Nice product!,0
My number is (322) 162-3150,1
Do you have it in stock?,0
Nice product!,0
I’m interested in this item.,0
"Email is user4927@example.com, reach out anytime.",1
Do you have it in stock?,0
Can you show more photos?,0
What are the dimensions?,0
How soon can I get it?,0
This looks good.,0
How soon can I get it?,0
DM me on Facebook: facebook.com/devguy877,1
Where do you ship from?,0
Contact me via Telegram: @fashionguru,1
What are the dimensions?,0
Do you have it in stock?,0
Can you show more photos?,0
What’s the price?,0
Snapchat me @ fashionista988,1
Do you have it in stock?,0
What’s the price?,0
Does it come in other colors?,0
What’s the price?,0
What are the dimensions?,0
Nice product!,0
How soon can I get it?,0
Follow me on Twitter: @david434,1
What are the dimensions?,0
Does it come in other colors?,0
C o n t a c t :   7 6 7 - 7 0 1 - 6 7 6 5,1
C a l l   m e :   9 2 5 - 7 0 0 - 1 8 6 2,1
What are the dimensions?,0
Contact me via Telegram: @tech_lead,1
Can you show more photos?,0
This looks good.,0
Does it come in other colors?,0
Contact me via Telegram: @shop_owner,1
Nice product!,0
Do you have it in stock?,0
This looks good.,0
What’s the price?,0
Nice product!,0
Does it come in other colors?,0
Connect on LinkedIn (linkedin.com/in/fashioneer),1
What are the dimensions?,0
Nice product!,0
Does it come in other colors?,0
Do you have it in stock?,0
Can you show more photos?,0
This looks good.,0
Can you show more photos?,0
Does it come in other colors?,0
Does it come in other colors?,0
Where do you ship from?,0
Where do you ship from?,0
Nice product!,0
Email me at user7482@example.com,1
This looks good.,0
How soon can I get it?,0
Find me on Facebook: https://facebook.com/ivan209,1
How soon can I get it?,0
What’s the price?,0
I’m interested in this item.,0
This looks good.,0
Where do you ship from?,0
Can you show more photos?,0
Can you show more photos?,0
This looks good.,0
What are the dimensions?,0
Does it come in other colors?,0
Does it come in other colors?,0
Nice product!,0
How soon can I get it?,0
What are the dimensions?,0
How soon can I get it?,0
Can you share your phone number so I can send you details?,1
What are the dimensions?,0
Email me at charlie90@example.com,1
Nice product!,0
Signal me at 5917680653,1
I’m interested in this item.,0
I’m interested in this item.,0
This looks good.,0
How soon can I get it?,0
Mail me: bob61@mail.com,1
Do you have it in stock?,0
How soon can I get it?,0
What are the dimensions?,0
Can you share your phone number so I can send you details?,1
I’m interested in this item.,0
How soon can I get it?,0
Add me on Facebook (facebook.com/jane.smith),1
Does it come in other colors?,0
Nice product!,0
This looks good.,0
Let's connect on LinkedIn: https://linkedin.com/in/charlie695,1
Nice product!,0
Nice product!,0
I’m interested in this item.,0
Add me on WhatsApp: 555-489-4220,1
What are the dimensions?,0
What’s the price?,0
What are the dimensions?,0
Find me on Facebook: https://facebook.com/david228,1
Does it come in other colors?,0
Contact via email: david36@test.org,1
Does it come in other colors?,0
Contact via email: bob36@example.com,1
Do you have it in stock?,0
This looks good.,0
Text me at 555-646-4436 for more info.,1
Snapchat me @ shopper272,1
How soon can I get it?,0
Send me a DM on Facebook: facebook.com/fashionguru,1
How soon can I get it?,0
Do you have it in stock?,0
How soon can I get it?,0
My TikTok: @bob386,1
Can you show more photos?,0
Can I have your email address?,1
Contact me on Skype: charlie17,1
I’m interested in this item.,0
Nice product!,0
Where do you ship from?,0
Nice product!,0
Let's connect on LinkedIn: linkedin.com/in/coolguy42,1
Do you have it in stock?,0
Where do you ship from?,0
How soon can I get it?,0
I’m interested in this item.,0
e m a i l m e @ user6292@example.com,1
How soon can I get it?,0
Nice product!,0
What’s the price?,0
What are the dimensions?,0
This looks good.,0
What’s the price?,0
Nice product!,0
Does it come in other colors?,0
How soon can I get it?,0
What are the dimensions?,0
Do you have it in stock?,0
I’m interested in this item.,0
Where do you ship from?,0
This looks good.,0
Does it come in other colors?,0
"Email is user7778@example.com, reach out anytime.",1
Can you show more photos?,0
you can DM me at coolcat636 on Insta,1
snap me at s-n-a-p shopper621,1
Can you show more photos?,0
Do you have it in stock?,0
Where do you ship from?,0
snap me at s-n-a-p devguy548,1
Hit me up on WhatsApp at 555-559-7552,1
Can you show more photos?,0
You can reach me at 555-244-4547,1
C o n t a c t :   + 1   2 0 7   4 0 7   9 9 0 3,1
How soon can I get it?,0
Do you have it in stock?,0
Text me at +1-479-675-2724,1
This looks good.,0
Connect on LinkedIn (linkedin.com/in/tech_lead),1
What’s the price?,0
Does it come in other colors?,0
Ping me on Telegram: @ivan457,1
Does it come in other colors?,0
Can you show more photos?,0
What’s the price?,0
Nice product!,0
get in touch @ user7790@example.com,1
What’s the price?,0
What are the dimensions?,0
c h a r l i e 7 5 @ t e s t . o r g,1
Where do you ship from?,0
message me via g m a i l at user9898@example.com,1
How soon can I get it?,0
What’s the price?,0
h e i d i 7 9 @ e x a m p l e . c o m,1
What are the dimensions?,0
Do you have it in stock?,0
This looks good.,0
Where do you ship from?,0
What are the dimensions?,0
Can you show more photos?,0
How soon can I get it?,0
Do you have it in stock?,0
Nice product!,0
Contact me on Skype: bob819,1
I’m interested in this item.,0
This looks good.,0
Do you have it in stock?,0
d a v i d 4 @ e m a i l . n e t,1
c   o   n   t   a   c   t   m   e   2 4 5 4 7 8 2 7 0 1,1
How soon can I get it?,0
You can reach me at 555-426-1517,1
Can you show more photos?,0
What’s the price?,0
What’s the price?,0
Do you have it in stock?,0
Nice product!,0
Reach me at 225-291-1633,1
Where do you ship from?,0
wanna chat? +1-572-202-4346,1
How soon can I get it?,0
What’s the price?,0
Where do you ship from?,0
Does it come in other colors?,0
Where do you ship from?,0
What’s the price?,0
How soon can I get it?,0
I’m interested in this item.,0
Nice product!,0
Follow me on Instagram @best_pizza and DM.,1
How soon can I get it?,0
My Snapchat is ivan791,1
Nice product!,0
Where do you ship from?,0
Can you show more photos?,0
Do you have it in stock?,0
wanna chat? +1-954-399-8475,1
Send me a DM on Facebook: facebook.com/fashioneer,1
Can you show more photos?,0
snap me at s-n-a-p coolcat421,1
Do you have it in stock?,0
I’m interested in this item.,0
Do you have it in stock?,0
How soon can I get it?,0
wanna chat? +1-966-913-3131,1
How soon can I get it?,0
Nice product!,0
What are the dimensions?,0
How soon can I get it?,0
Where do you ship from?,0
Where do you ship from?,0
Do you have it in stock?,0
Where do you ship from?,0
Can you show more photos?,0
I’m interested in this item.,0
Hit me up on WhatsApp at 555-872-9367,1
Where do you ship from?,0
This looks good.,0
This looks good.,0
How soon can I get it?,0
I’m interested in this item.,0
Can you show more photos?,0
This looks good.,0
This looks good.,0
Nice product!,0
This looks good.,0
Contact via email: alice50@example.com,1
I’m interested in this item.,0
Where do you ship from?,0
This looks good.,0
Can you show more photos?,0
I’m interested in this item.,0
This looks good.,0
This looks good.,0
Does it come in other colors?,0
Follow me on Instagram @designer123 and DM.,1
I’m interested in this item.,0
What’s the price?,0
Text me at +1-236-568-9131,1
Message me on Signal: (053) 228-2837,1
Do you have it in stock?,0
Does it come in other colors?,0
This looks good.,0
Can I have your email address?,1
Where do you ship from?,0
What are the dimensions?,0
Hit me up on WhatsApp at 555-936-4630,1
t e l : +1-993-468-4149,1
I’m interested in this item.,0
I’m interested in this item.,0
I’m interested in this item.,0
Do you have it in stock?,0
What’s the price?,0
This looks good.,0
What are the dimensions?,0
Nice product!,0
Does it come in other colors?,0
Can you show more photos?,0
Contact: +1-196-874-6263,1
How soon can I get it?,0
Where do you ship from?,0
Do you have it in stock?,0
Nice product!,0
Where do you ship from?,0
What’s the price?,0
What’s the price?,0
Mail me: ivan16@mail.com,1
What are the dimensions?,0
Let's connect on LinkedIn: https://linkedin.com/in/grace176,1
Do you have it in stock?,0
Where do you ship from?,0
Where do you ship from?,0
Ping me on Telegram: @bob158,1
Does it come in other colors?,0
Do you have it in stock?,0
C a l l   m e :   + 1   5 5 9   1 2 3   2 5 1 4,1
Where do you ship from?,0
Nice product!,0
What are the dimensions?,0
📱 +1-946-610-6052,1
This looks good.,0
Does it come in other colors?,0
Nice product!,0
How soon can I get it?,0
Can you show more photos?,0
Can I have your email address?,1
📧 user2978@example.com,1
What’s the price?,0
Can you show more photos?,0
Nice product!,0
Where do you ship from?,0
Where do you ship from?,0
Can you show more photos?,0
What’s the price?,0
Can you show more photos?,0
Where do you ship from?,0
How soon can I get it?,0
Do you have it in stock?,0
Does it come in other colors?,0
I’m interested in this item.,0
How soon can I get it?,0
What’s the price?,0
How soon can I get it?,0
Can I have your email address?,1
📧 user6679@example.com,1
What’s the price?,0
Where do you ship from?,0
How soon can I get it?,0
I’m interested in this item.,0
I’m interested in this item.,0
I’m interested in this item.,0
This looks good.,0
Nice product!,0
Does it come in other colors?,0
Where do you ship from?,0
This looks good.,0
Nice product!,0
my email id is user9539@example.com,1
How soon can I get it?,0
Can you show more photos?,0
Can you show more photos?,0
How soon can I get it?,0
Nice product!,0
Where do you ship from?,0
Can you show more photos?,0
Nice product!,0
What are the dimensions?,0
Do you have it in stock?,0
Here's my email: user7216@example.com,1
C a l l   m e :   4 6 8 - 8 3 2 - 1 4 0 3,1
My TikTok: @frank489,1
Can you show more photos?,0
Send me a DM on Facebook: facebook.com/john_doe,1
What’s the price?,0
I’m interested in this item.,0
Does it come in other colors?,0
DM me on Instagram: @alice215,1
Nice product!,0
c   o   n   t   a   c   t   m   e   ( 5 2 5 )   1 3 2 - 1 2 6 4,1
Nice product!,0
I’m interested in this item.,0
Do you have it in stock?,0
Do you have it in stock?,0
How soon can I get it?,0
Can you show more photos?,0
Connect on LinkedIn (linkedin.com/in/shop_owner),1
Do you have it in stock?,0
Can you show more photos?,0
Can you show more photos?,0
Does it come in other colors?,0
Do you have it in stock?,0
Can you show more photos?,0
Where do you ship from?,0
How soon can I get it?,0
Nice product!,0
This looks good.,0
Can you show more photos?,0
Where do you ship from?,0
Nice product!,0
Follow me on Twitter: @eve460,1
DM me on Instagram @designer123,1
telegram: t dot me slash fashionista576,1
What are the dimensions?,0
Do you have it in stock?,0
Nice product!,0
Where do you ship from?,0
What are the dimensions?,0
What’s the price?,0
How soon can I get it?,0
This looks good.,0
What’s the price?,0
Where do you ship from?,0
Does it come in other colors?,0
How soon can I get it?,0
Does it come in other colors?,0
Hit me up on WhatsApp at +1-389-825-9143,1
Message me on Snapchat: jane.smith,1
You can reach me at +1-302-916-8405,1
This looks good.,0
How soon can I get it?,0
Where do you ship from?,0
What’s the price?,0
Where do you ship from?,0
Nice product!,0
This looks good.,0
This looks good.,0
How soon can I get it?,0
What are the dimensions?,0
j u d y 4 3 @ m a i l . c o m,1
Nice product!,0
What’s the price?,0
This looks good.,0
Add me on Facebook (facebook.com/shop_owner),1
Do you have it in stock?,0
Can you show more photos?,0
Do you have it in stock?,0
My WeChat ID is tech_lead,1
telegram: t dot me slash fashionista684,1
This looks good.,0
Can you share your phone number so I can send you details?,1
This looks good.,0
Email me at charlie20@test.org,1
I’m interested in this item.,0
Does it come in other colors?,0
Call me at +1 642 764 5580,1
What are the dimensions?,0
What are the dimensions?,0
Nice product!,0
Contact via email: alice49@email.net,1
My TikTok: @grace66,1
How soon can I get it?,0
"My contact is 555-600-4724, call me.",1
Snapchat me @ shopper307,1
How soon can I get it?,0
Can you show more photos?,0
you can DM me at coolcat86 on Insta,1
Reach out on WhatsApp at +1-368-438-2618,1
Nice product!,0
Find me on Facebook: https://facebook.com/ivan372,1
I’m interested in this item.,0
What’s the price?,0
g r a c e 5 2 @ e x a m p l e . c o m,1
Add me on Facebook (facebook.com/john_doe),1
What are the dimensions?,0
This looks good.,0
Can you show more photos?,0
This looks good.,0
This looks good.,0
Where do you ship from?,0
This looks good.,0
How soon can I get it?,0
Can you show more photos?,0
Can you show more photos?,0
This looks good.,0
telegram: t dot me slash devguy113,1
What’s the price?,0
Do you have it in stock?,0
Do you have it in stock?,0
Do you have it in stock?,0
You can reach me at +1-649-186-8041,1
What are the dimensions?,0
Contact: +1-955-345-3454,1
Follow me on Twitter: @bob136,1
Can you show more photos?,0
Do you have it in stock?,0
What are the dimensions?,0
What are the dimensions?,0
Call me at (726) 106-2328,1
Do you have it in stock?,0
What’s the price?,0
Can you show more photos?,0
Does it come in other colors?,0
Please email me at user9342@example.com,1
Does it come in other colors?,0
Do you have it in stock?,0
Do you have it in stock?,0
Where do you ship from?,0
Let's connect on LinkedIn: linkedin.com/in/fashionguru,1
I’m interested in this item.,0
Text me at 555-713-3470 for more info.,1
Can you show more photos?,0
This looks good.,0
What are the dimensions?,0
Where do you ship from?,0
What are the dimensions?,0
What are the dimensions?,0
What are the dimensions?,0
Does it come in other colors?,0
What are the dimensions?,0
Where do you ship from?,0
How soon can I get it?,0
You can reach me at 555-930-2553,1
What are the dimensions?,0
Where do you ship from?,0
Do you have it in stock?,0
What’s the price?,0
Add me on WhatsApp: 0446430006,1
Does it come in other colors?,0
Nice product!,0
What’s the price?,0
Add me on WhatsApp: 555-538-5663,1
Can you show more photos?,0
What’s the price?,0
I’m interested in this item.,0
I’m interested in this item.,0
I’m interested in this item.,0
Do you have it in stock?,0
Nice product!,0
C o n t a c t :   ( 0 6 1 )   5 3 7 - 5 4 1 8,1
Where do you ship from?,0
This looks good.,0
I’m interested in this item.,0
How soon can I get it?,0
Message via email: frank21@test.org,1
Hit me up on WhatsApp at 555-879-5966,1
What’s the price?,0
What are the dimensions?,0
Can you show more photos?,0
Email me at user7761@example.com,1
Does it come in other colors?,0
Does it come in other colors?,0
Find me on Facebook: https://facebook.com/ivan591,1
Nice product!,0
Send me a DM on Facebook: facebook.com/designer123,1
Do you have it in stock?,0
I’m interested in this item.,0
This looks good.,0
Do you have it in stock?,0
I’m interested in this item.,0
Follow me on Twitter: @judy659,1
Can you show more photos?,0
How soon can I get it?,0
I’m interested in this item.,0
Where do you ship from?,0
Do you have it in stock?,0
What are the dimensions?,0
Does it come in other colors?,0
e m a i l m e @ user6361@example.com,1
What’s the price?,0
How soon can I get it?,0
Nice product!,0
Do you have it in stock?,0
t e l : +1-742-630-8132,1
What are the dimensions?,0
This looks good.,0
Nice product!,0
Can you show more photos?,0
Message me at user6339@example.com,1
This looks good.,0
What are the dimensions?,0
I’m interested in this item.,0
j u d y 1 3 @ e x a m p l e . c o m,1
Does it come in other colors?,0
Can you show more photos?,0
WhatsApp me at +1-555-774-9461,1
Nice product!,0
Do you have it in stock?,0
I’m interested in this item.,0
What’s the price?,0
What’s the price?,0
What are the dimensions?,0
What’s the price?,0
Where do you ship from?,0
I’m interested in this item.,0
Here is my email: user9218@example.com,1
I’m interested in this item.,0
Text me at 555-552-5312 for more info.,1
Where do you ship from?,0
Nice product!,0
I’m interested in this item.,0
What’s the price?,0
Nice product!,0
Do you have it in stock?,0
Text me at (183) 148-1245,1
What are the dimensions?,0
This looks good.,0
e m a i l m e @ user7116@example.com,1
Does it come in other colors?,0
DM me on Instagram: @ivan44,1
What are the dimensions?,0
Where do you ship from?,0
Does it come in other colors?,0
What are the dimensions?,0
Let's connect on LinkedIn: https://linkedin.com/in/david737,1
What’s the price?,0
What are the dimensions?,0
Where do you ship from?,0
WhatsApp me at +1-555-416-3799,1
This looks good.,0
Nice product!,0
Can you show more photos?,0
Do you have it in stock?,0
t e l : +1-381-135-6227,1
Can you show more photos?,0
I’m interested in this item.,0
Message me on Signal: 613-674-3492,1
Where do you ship from?,0
Nice product!,0
Does it come in other colors?,0
How soon can I get it?,0
get in touch @ user2878@example.com,1
Can you show more photos?,0
Can you show more photos?,0
I’m interested in this item.,0
How soon can I get it?,0
I’m interested in this item.,0
Do you have it in stock?,0
Can you show more photos?,0
Add me on WhatsApp: (842) 141-8040,1
Let's connect on LinkedIn: https://linkedin.com/in/bob103,1
I’m interested in this item.,0
What’s the price?,0
Does it come in other colors?,0
Where do you ship from?,0
How soon can I get it?,0
What are the dimensions?,0
I’m interested in this item.,0
This looks good.,0
Do you have it in stock?,0
This looks good.,0
Where do you ship from?,0
Where do you ship from?,0
DM me on Instagram @fashionguru,1
This looks good.,0
Here's my email: user9829@example.com,1
Do you have it in stock?,0
Text me at 555-735-7287 for more info.,1
Nice product!,0
Nice product!,0
What’s the price?,0
What’s the price?,0
What are the dimensions?,0
Contact via email: frank93@email.net,1
Nice product!,0
"My contact is 555-627-9616, call me.",1
How soon can I get it?,0
Where do you ship from?,0
Do you have it in stock?,0
What are the dimensions?,0
Do you have it in stock?,0
I’m interested in this item.,0
Can you show more photos?,0
Can you show more photos?,0
telegram: t dot me slash devguy707,1
Where do you ship from?,0
Do you have it in stock?,0
Send me a DM on Facebook: facebook.com/shop_owner,1
Nice product!,0
Can you show more photos?,0
Nice product!,0
Nice product!,0
hmu @ coolcat141,1
Does it come in other colors?,0
Send me a DM on Facebook: facebook.com/fashioneer,1
Text me at +1 420 875 5626,1
What’s the price?,0
Add me on Facebook (facebook.com/designer123),1
Where do you ship from?,0
What’s the price?,0
Do you have it in stock?,0
Where do you ship from?,0
Follow me on Twitter: @eve948,1
What’s the price?,0
Can you show more photos?,0
Nice product!,0
I’m interested in this item.,0
I’m interested in this item.,0
What are the dimensions?,0
Does it come in other colors?,0
hmu @ fashionista514,1
Call me at 6177231339,1
I’m interested in this item.,0
What are the dimensions?,0
What are the dimensions?,0
You can reach me at 555-812-5148,1
How soon can I get it?,0
This looks good.,0
Does it come in other colors?,0
Do you have it in stock?,0
Can you show more photos?,0
c   o   n   t   a   c   t   m   e   1 7 7 - 6 0 5 - 2 6 4 2,1
This looks good.,0
What are the dimensions?,0
reach at t w o o o @example.com,1
Follow me on Twitter: @judy798,1
Do you have it in stock?,0
This looks good.,0
How soon can I get it?,0
This looks good.,0
How soon can I get it?,0
Do you have it in stock?,0
Call me at 135-522-4268,1
This looks good.,0
Nice product!,0
Can you show more photos?,0
How soon can I get it?,0
get in touch @ user6325@example.com,1
This looks good.,0
Can you show more photos?,0
This looks good.,0
Does it come in other colors?,0
Nice product!,0
What are the dimensions?,0
Do you have it in stock?,0
How soon can I get it?,0
Can you show more photos?,0
Can you show more photos?,0
Message me at user8374@example.com,1
reach at t w o o o @example.com,1
Do you have it in stock?,0
What’s the price?,0
telegram: t dot me slash coolcat300,1
Can you show more photos?,0
Follow me on Twitter: @charlie172,1
Where do you ship from?,0
wanna chat? +1-782-135-2371,1
This looks good.,0
Do you have it in stock?,0
Does it come in other colors?,0
Do you have it in stock?,0
This looks good.,0
How soon can I get it?,0
I’m interested in this item.,0
t e l : +1-706-930-3203,1
What are the dimensions?,0
Does it come in other colors?,0
Nice product!,0
Do you have it in stock?,0
How soon can I get it?,0
📱 +1-653-530-3671,1
Hit me up on WhatsApp at +1-666-873-4569,1
Nice product!,0
What are the dimensions?,0
I’m interested in this item.,0
I’m interested in this item.,0
How soon can I get it?,0
Nice product!,0
I’m interested in this item.,0
This looks good.,0
Do you have it in stock?,0
What are the dimensions?,0
Do you have it in stock?,0
Where do you ship from?,0
Nice product!,0
How soon can I get it?,0
I’m interested in this item.,0
Does it come in other colors?,0
Does it come in other colors?,0
Call me at (466) 309-3752,1
Can you show more photos?,0
What’s the price?,0
I’m interested in this item.,0
Do you have it in stock?,0
You can reach me at 555-414-7949,1
Does it come in other colors?,0
Does it come in other colors?,0
What’s the price?,0
Do you have it in stock?,0
What are the dimensions?,0
Nice product!,0
Reach out on WhatsApp at +1-425-588-2790,1
This looks good.,0
How soon can I get it?,0
Do you have it in stock?,0
Does it come in other colors?,0
How soon can I get it?,0
What are the dimensions?,0
Nice product!,0
What are the dimensions?,0
Can you show more photos?,0
Does it come in other colors?,0
I’m interested in this item.,0
Do you have it in stock?,0
Where do you ship from?,0
Where do you ship from?,0
What are the dimensions?,0
Where do you ship from?,0
fb.com/fashionista939,1
Where do you ship from?,0
What are the dimensions?,0
What’s the price?,0
Does it come in other colors?,0
Where do you ship from?,0
"My contact is 555-869-8447, call me.",1
What are the dimensions?,0
Message via email: ivan42@test.org,1
Nice product!,0
I’m interested in this item.,0
What’s the price?,0
Nice product!,0
Can you show more photos?,0
What’s the price?,0
Can you show more photos?,0
What are the dimensions?,0
reach at t w o o o @example.com,1
Text me at +1-901-490-9457,1
This looks good.,0
Can you show more photos?,0
How soon can I get it?,0
What’s the price?,0
Where do you ship from?,0
Do you have it in stock?,0
Do you have it in stock?,0
How soon can I get it?,0
What’s the price?,0
Nice product!,0
How soon can I get it?,0
I’m interested in this item.,0
What’s the price?,0
My number is 2365368494,1
What are the dimensions?,0
Can you show more photos?,0
Follow me on Instagram @shop_owner and DM.,1
I’m interested in this item.,0
Nice product!,0
DM me on Instagram @best_pizza,1
Hit me up on WhatsApp at 555-920-5362,1
Where do you ship from?,0
This looks good.,0
Can you show more photos?,0
How soon can I get it?,0
Nice product!,0
Nice product!,0
Do you have it in stock?,0
Add me on WhatsApp: 555-161-6840,1
What are the dimensions?,0
Send me a DM on Facebook: facebook.com/fashionguru,1
"My contact is 555-199-9301, call me.",1
What’s the price?,0
What are the dimensions?,0
How soon can I get it?,0
Where do you ship from?,0
What’s the price?,0
Add me on WhatsApp: 2781732928,1
Can you show more photos?,0
Follow me on Twitter: @bob142,1
Does it come in other colors?,0
What are the dimensions?,0
Where do you ship from?,0
What are the dimensions?,0
Do you have it in stock?,0
I’m interested in this item.,0
I’m interested in this item.,0
Nice product!,0
Connect on LinkedIn (linkedin.com/in/devguy404),1
Ping me on Telegram: @frank302,1
What are the dimensions?,0
Where do you ship from?,0
Where do you ship from?,0
This looks good.,0
What’s the price?,0
Can you show more photos?,0
This looks good.,0
What’s the price?,0
Where do you ship from?,0
Can you show more photos?,0
Does it come in other colors?,0
Follow me on Twitter: @ivan906,1
snap me at s-n-a-p coolcat323,1
What’s the price?,0
c   o   n   t   a   c   t   m   e   ( 3 1 6 )   3 0 6 - 8 1 0 4,1
What are the dimensions?,0
Can you show more photos?,0
What’s the price?,0
Nice product!,0
Contact: +1-408-877-6173,1
How soon can I get it?,0
DM me on Instagram: @bob322,1
This looks good.,0
Can you show more photos?,0
Nice product!,0
find me at user3576@example.com 😉,1
This looks good.,0
I’m interested in this item.,0
Nice product!,0
Does it come in other colors?,0
Where do you ship from?,0
Does it come in other colors?,0
This looks good.,0
Can you show more photos?,0
I’m interested in this item.,0
What are the dimensions?,0
I’m interested in this item.,0
Contact me via Telegram: @fashionguru,1
This looks good.,0
Does it come in other colors?,0
Does it come in other colors?,0
My Snapchat is bob733,1
Does it come in other colors?,0
Can you show more photos?,0
Nice product!,0
Nice product!,0
This looks good.,0
What are the dimensions?,0
Contact me via Telegram: @john_doe,1
reach at t w o o o @example.com,1
Nice product!,0
Do you have it in stock?,0
Do you have it in stock?,0
How soon can I get it?,0
Does it come in other colors?,0
This looks good.,0
What are the dimensions?,0
c o n t a c t : +1-811-771-9965,1
Nice product!,0
Follow me on Instagram @shop_owner and DM.,1
How soon can I get it?,0
my digits: +1-202-580-9087,1
Connect on LinkedIn (linkedin.com/in/jane.smith),1
What are the dimensions?,0
my digits: +1-276-104-8545,1
Do you have it in stock?,0
What are the dimensions?,0
This looks good.,0
What are the dimensions?,0
Can you show more photos?,0
Can you show more photos?,0
Do you have it in stock?,0
Do you have it in stock?,0
This looks good.,0
What’s the price?,0
What are the dimensions?,0
I’m interested in this item.,0
Do you have it in stock?,0
Where do you ship from?,0
DM me on Instagram: @david948,1
Does it come in other colors?,0
I’m interested in this item.,0
Can you show more photos?,0
This looks good.,0
Can you show more photos?,0
What are the dimensions?,0
This looks good.,0
How soon can I get it?,0
This looks good.,0
Do you have it in stock?,0
Do you have it in stock?,0
I’m interested in this item.,0
This looks good.,0
This looks good.,0
What’s the price?,0
Nice product!,0
DM me on Instagram @shopper99,1
Does it come in other colors?,0
Do you have it in stock?,0
Can you show more photos?,0
I’m interested in this item.,0
Message me on Snapchat: best_pizza,1
Nice product!,0
This looks good.,0
Reach out on WhatsApp at +1-422-613-2245,1
telegram: t dot me slash shopper176,1
Nice product!,0
Can you show more photos?,0
What are the dimensions?,0
Message me on Snapchat: shopper99,1
Here's my email: user8386@example.com,1
This looks good.,0
Can you show more photos?,0
Let's connect on LinkedIn: https://linkedin.com/in/judy608,1
Can you show more photos?,0
Message via email: alice84@test.org,1
This looks good.,0
📧 user3637@example.com,1
Does it come in other colors?,0
What’s the price?,0
How soon can I get it?,0
DM me on Facebook: facebook.com/shopper967,1
Text me at +1-573-409-1415,1
What’s the price?,0
This looks good.,0
This looks good.,0
Where do you ship from?,0
What are the dimensions?,0
You can reach me at +1-719-624-5366,1
Does it come in other colors?,0
Can you show more photos?,0
How soon can I get it?,0
Nice product!,0
Can you show more photos?,0
you can DM me at fashionista217 on Insta,1
Do you have it in stock?,0
How soon can I get it?,0
How soon can I get it?,0
Can you show more photos?,0
My Snapchat is david579,1
DM me on Facebook: facebook.com/devguy428,1
What are the dimensions?,0
Nice product!,0
What’s the price?,0
Reach out on WhatsApp at +1-844-978-5652,1
Can you show more photos?,0
I’m interested in this item.,0
Where do you ship from?,0
Can you show more photos?,0
Nice product!,0
This looks good.,0
c   o   n   t   a   c   t   m   e   0 8 6 0 5 2 6 0 1 3,1
Can you show more photos?,0
How soon can I get it?,0
Does it come in other colors?,0
Do you have it in stock?,0
What are the dimensions?,0
Contact me via Telegram: @coolguy42,1
This looks good.,0
What are the dimensions?,0
Where do you ship from?,0
How soon can I get it?,0
What are the dimensions?,0
c h a r l i e 6 2 @ m a i l . c o m,1
I’m interested in this item.,0
DM me on Instagram @best_pizza,1
I’m interested in this item.,0
DM me on Instagram: @frank556,1
What are the dimensions?,0
Add me on WhatsApp: 4682794530,1
fb.com/coolcat651,1
Nice product!,0
What are the dimensions?,0
This looks good.,0
Do you have it in stock?,0
Can you show more photos?,0
Mail me: david33@test.org,1
I’m interested in this item.,0
I’m interested in this item.,0
Do you have it in stock?,0
How soon can I get it?,0
Where do you ship from?,0
Where do you ship from?,0
Does it come in other colors?,0
I’m interested in this item.,0
Does it come in other colors?,0
Send me a DM on Facebook: facebook.com/fashioneer,1
Where do you ship from?,0
This looks good.,0
get in touch @ user9744@example.com,1
Nice product!,0
Nice product!,0
Contact via email: judy12@mail.com,1
What are the dimensions?,0
Nice product!,0
my digits: +1-582-207-9025,1
Contact: +1-450-558-9106,1
I’m interested in this item.,0
My TikTok: @bob112,1
How soon can I get it?,0
my email id is user2697@example.com,1
snap me at s-n-a-p fashionista959,1
Do you have it in stock?,0
Nice product!,0
What are the dimensions?,0
Do you have it in stock?,0
This looks good.,0
Can you show more photos?,0
Does it come in other colors?,0
This looks good.,0
Where do you ship from?,0
Can you show more photos?,0
Where do you ship from?,0
Do you have it in stock?,0
What’s the price?,0
Does it come in other colors?,0
Can you show more photos?,0
Message me on Signal: (416) 445-3600,1
Do you have it in stock?,0
Nice product!,0
Does it come in other colors?,0
What are the dimensions?,0
I’m interested in this item.,0
find me at user8013@example.com 😉,1
Send me a DM on Facebook: facebook.com/john_doe,1
I’m interested in this item.,0
I’m interested in this item.,0
I’m interested in this item.,0
Find me on Facebook: https://facebook.com/frank105,1
What’s the price?,0
This looks good.,0
This looks good.,0
Does it come in other colors?,0
My TikTok: @bob625,1
What’s the price?,0
c   o   n   t   a   c   t   m   e   6 9 7 - 6 1 7 - 4 5 8 3,1
What are the dimensions?,0
What are the dimensions?,0
What are the dimensions?,0
I’m interested in this item.,0
Do you have it in stock?,0
Does it come in other colors?,0
Where do you ship from?,0
📱 +1-789-327-2788,1
Nice product!,0
What’s the price?,0
I’m interested in this item.,0
Nice product!,0
Add me on Facebook (facebook.com/fashioneer),1
This looks good.,0
C o n t a c t :   0 8 6 - 9 7 8 - 8 4 1 6,1
How soon can I get it?,0
Contact via email: frank65@email.net,1
Do you have it in stock?,0
How soon can I get it?,0
I’m interested in this item.,0
Can you show more photos?,0
Can you show more photos?,0
This looks good.,0
Nice product!,0
Here's my email: user5894@example.com,1
Can you show more photos?,0
I’m interested in this item.,0
This looks good.,0
What are the dimensions?,0
How soon can I get it?,0
I’m interested in this item.,0
I’m interested in this item.,0
Does it come in other colors?,0
Do you have it in stock?,0
Nice product!,0
How soon can I get it?,0
What are the dimensions?,0
Ping me on Telegram: @charlie673,1
How soon can I get it?,0
Nice product!,0
Can you show more photos?,0
This looks good.,0
Do you have it in stock?,0
you can DM me at fashionista287 on Insta,1
This looks good.,0
What’s the price?,0
Do you have it in stock?,0
Can you show more photos?,0
DM me on Instagram: @grace846,1
How soon can I get it?,0
What’s the price?,0
I’m interested in this item.,0
Does it come in other colors?,0
Can you show more photos?,0
How soon can I get it?,0
This looks good.,0
What are the dimensions?,0
reach at t w o o o @example.com,1
Can you show more photos?,0
This looks good.,0
Nice product!,0
g r a c e 2 0 @ m a i l . c o m,1
What’s the price?,0
Where do you ship from?,0
Contact me on Skype: david513,1
Where do you ship from?,0
I’m interested in this item.,0
Nice product!,0
What are the dimensions?,0
Where do you ship from?,0
This looks good.,0
Here is my email: user1694@example.com,1
Nice product!,0
wanna chat? +1-424-449-2169,1
Do you have it in stock?,0
This looks good.,0
"Email is user2167@example.com, reach out anytime.",1
I’m interested in this item.,0
I’m interested in this item.,0
How soon can I get it?,0
Text me at 555-218-3201 for more info.,1
Email me at eve27@mail.com,1
Here is my email: user3644@example.com,1
wanna chat? +1-667-251-3698,1
What’s the price?,0
Please email me at user6356@example.com,1
What’s the price?,0
This looks good.,0
What’s the price?,0
Can I have your email address?,1
I’m interested in this item.,0
Reach out on WhatsApp at +1-276-529-7590,1
Does it come in other colors?,0
How soon can I get it?,0
Does it come in other colors?,0
Connect on LinkedIn (linkedin.com/in/fashionista948),1
Nice product!,0
Where do you ship from?,0
What are the dimensions?,0
Do you have it in stock?,0
I’m interested in this item.,0
I’m interested in this item.,0
Do you have it in stock?,0
Does it come in other colors?,0
Nice product!,0
Does it come in other colors?,0
How soon can I get it?,0
Does it come in other colors?,0
What are the dimensions?,0
Nice product!,0
I’m interested in this item.,0
Does it come in other colors?,0
📧 user3091@example.com,1
What are the dimensions?,0
Can you show more photos?,0
Can I have your email address?,1
What’s the price?,0
What are the dimensions?,0
Nice product!,0
Can you show more photos?,0
Add me on WhatsApp: 6947204249,1
Where do you ship from?,0
Do you have it in stock?,0
Text me at 5983251324,1
Do you have it in stock?,0
Send me a DM on Facebook: facebook.com/best_pizza,1
Nice product!,0
What’s the price?,0
c o n t a c t : +1-766-675-7698,1
Where do you ship from?,0
What’s the price?,0
DM me on Instagram: @alice852,1
📱 +1-810-238-5598,1
Ping me on Telegram: @charlie806,1
How soon can I get it?,0
I’m interested in this item.,0
Let's connect on LinkedIn: linkedin.com/in/fashioneer,1
Email me at user164@example.com,1
What’s the price?,0
Where do you ship from?,0
Can you share your phone number so I can send you details?,1
c o n t a c t : +1-196-848-9466,1
What are the dimensions?,0
Can you show more photos?,0
Can you show more photos?,0
Nice product!,0
Nice product!,0
What’s the price?,0
What are the dimensions?,0
Email me at user6532@example.com,1
Nice product!,0
WhatsApp me at (327) 409-1832,1
Nice product!,0
Nice product!,0
My Snapchat is heidi597,1
This looks good.,0
What’s the price?,0
Do you have it in stock?,0
Do you have it in stock?,0
This looks good.,0
Do you have it in stock?,0
What’s the price?,0
Can I have your email address?,1
What are the dimensions?,0
This looks good.,0
Where do you ship from?,0
Text me at +1-153-700-8957,1
Follow me on Instagram @shop_owner and DM.,1
Here is my email: user2407@example.com,1
Where do you ship from?,0
Contact via email: charlie12@mail.com,1
What’s the price?,0
Follow me on Instagram @shopper99 and DM.,1
Nice product!,0
Does it come in other colors?,0
DM me on Instagram @jane.smith,1
How soon can I get it?,0
Please email me at user6240@example.com,1
Can you show more photos?,0
Does it come in other colors?,0
📧 user1487@example.com,1
Does it come in other colors?,0
Follow me on Instagram @designer123 and DM.,1
This looks good.,0
Twitter me at +1 556 925 4747,1
I’m interested in this item.,0
What’s the price?,0
Can you show more photos?,0
I’m interested in this item.,0
What’s the price?,0
Nice product!,0
What’s the price?,0
How soon can I get it?,0
Can you show more photos?,0
Message me at user8267@example.com,1
Send me a DM on Facebook: facebook.com/shop_owner,1
Nice product!,0
Does it come in other colors?,0
How soon can I get it?,0
Can you show more photos?,0
How soon can I get it?,0
I’m interested in this item.,0
"Email is user2527@example.com, reach out anytime.",1
What are the dimensions?,0
Can you show more photos?,0
This looks good.,0
This looks good.,0
Do you have it in stock?,0
What are the dimensions?,0
How soon can I get it?,0
t e l : +1-246-789-3934,1
Nice product!,0
How soon can I get it?,0
message me via g m a i l at user6213@example.com,1
What are the dimensions?,0
What are the dimensions?,0
How soon can I get it?,0
Do you have it in stock?,0
you can DM me at fashionista416 on Insta,1
What’s the price?,0
Nice product!,0
Does it come in other colors?,0
How soon can I get it?,0
This looks good.,0
Nice product!,0
Does it come in other colors?,0
Do you have it in stock?,0
Can you share your phone number so I can send you details?,1
This looks good.,0
This looks good.,0
This looks good.,0
Does it come in other colors?,0
Where do you ship from?,0
What’s the price?,0
What are the dimensions?,0
Does it come in other colors?,0
Do you have it in stock?,0
Where do you ship from?,0
Where do you ship from?,0
Where do you ship from?,0
Does it come in other colors?,0
I’m interested in this item.,0
Nice product!,0
What are the dimensions?,0
Can you show more photos?,0
How soon can I get it?,0
Do you have it in stock?,0
This looks good.,0
This looks good.,0
Where do you ship from?,0
I’m interested in this item.,0
How soon can I get it?,0
This looks good.,0
Nice product!,0
Do you have it in stock?,0
Do you have it in stock?,0
Does it come in other colors?,0
What’s the price?,0
Please email me at user5046@example.com,1
What are the dimensions?,0
This looks good.,0
Nice product!,0
How soon can I get it?,0
What’s the price?,0
Nice product!,0
I’m interested in this item.,0
Where do you ship from?,0
Let's connect on LinkedIn: https://linkedin.com/in/alice982,1
Nice product!,0
Where do you ship from?,0
Nice product!,0
Nice product!,0
This looks good.,0
Where do you ship from?,0
What are the dimensions?,0
This looks good.,0
How soon can I get it?,0
How soon can I get it?,0
How soon can I get it?,0
What are the dimensions?,0
📱 +1-150-580-6432,1
What’s the price?,0
I’m interested in this item.,0
What’s the price?,0
Does it come in other colors?,0
This looks good.,0
Where do you ship from?,0
Do you have it in stock?,0
e m a i l m e @ user3058@example.com,1
Can you show more photos?,0
This looks good.,0
How soon can I get it?,0
Can you show more photos?,0
Does it come in other colors?,0
Does it come in other colors?,0
My WeChat ID is fashionguru,1
Do you have it in stock?,0
Where do you ship from?,0
How soon can I get it?,0
Connect on LinkedIn (linkedin.com/in/devguy907),1
What’s the price?,0
Where do you ship from?,0
Can you show more photos?,0
my email id is user1929@example.com,1
Does it come in other colors?,0
Do you have it in stock?,0
What’s the price?,0
What are the dimensions?,0
What are the dimensions?,0
Do you have it in stock?,0
How soon can I get it?,0
"My contact is 555-151-6094, call me.",1
How soon can I get it?,0
What are the dimensions?,0
You can reach me at 555-815-9021,1
Nice product!,0
Nice product!,0
How soon can I get it?,0
What are the dimensions?,0
What’s the price?,0
Follow me on Instagram @fashionguru and DM.,1
What’s the price?,0
my email id is user2736@example.com,1
What are the dimensions?,0
What’s the price?,0
Ping me on Telegram: @judy604,1
Nice product!,0
This looks good.,0
Nice product!,0
Do you have it in stock?,0
Do you have it in stock?,0
Add me on WhatsApp: 6381197458,1
I’m interested in this item.,0
d a v i d 1 6 @ e x a m p l e . c o m,1
Message me on Snapchat: jane.smith,1
Does it come in other colors?,0
Do you have it in stock?,0
Can you show more photos?,0
I’m interested in this item.,0
Contact me via Telegram: @fashioneer,1
What’s the price?,0
Nice product!,0
Can you share your phone number so I can send you details?,1
Where do you ship from?,0
Hit me up on WhatsApp at 555-356-1509,1
Can you show more photos?,0
What’s the price?,0
Do you have it in stock?,0
What’s the price?,0
Connect on LinkedIn (linkedin.com/in/john_doe),1
Message me on Signal: 8351136814,1
What are the dimensions?,0
Do you have it in stock?,0
My TikTok: @ivan198,1
What are the dimensions?,0
Where do you ship from?,0
I’m interested in this item.,0
I’m interested in this item.,0
Can you show more photos?,0
Nice product!,0
Please email me at user5815@example.com,1
What are the dimensions?,0
Does it come in other colors?,0
This looks good.,0
Nice product!,0
How soon can I get it?,0
c   o   n   t   a   c   t   m   e   9 4 0 - 8 2 8 - 4 1 8 1,1
This looks good.,0
Nice product!,0
Does it come in other colors?,0
Do you have it in stock?,0
Nice product!,0
How soon can I get it?,0
How soon can I get it?,0
Where do you ship from?,0
Do you have it in stock?,0
Does it come in other colors?,0
What’s the price?,0
This looks good.,0
you can DM me at fashionista219 on Insta,1
I’m interested in this item.,0
Let's connect on LinkedIn: https://linkedin.com/in/charlie756,1
Here is my email: user9334@example.com,1
c   o   n   t   a   c   t   m   e   2 6 0 - 7 5 9 - 5 8 5 5,1
This looks good.,0
Does it come in other colors?,0
Can you show more photos?,0
Message me at user705@example.com,1
This looks good.,0
Nice product!,0
Email me at user1809@example.com,1
You can reach me at 555-369-3961,1
How soon can I get it?,0
Where do you ship from?,0
What’s the price?,0
How soon can I get it?,0
I’m interested in this item.,0
Can you show more photos?,0
Where do you ship from?,0
What’s the price?,0
Do you have it in stock?,0
How soon can I get it?,0
Nice product!,0
What are the dimensions?,0
Where do you ship from?,0
Connect on LinkedIn (linkedin.com/in/coolcat115),1
Does it come in other colors?,0
Do you have it in stock?,0
Do you have it in stock?,0
Nice product!,0
Find me on Facebook: https://facebook.com/ivan779,1
Where do you ship from?,0
Where do you ship from?,0
Call me at +1 622 058 6036,1
I’m interested in this item.,0
Message me on Snapchat: fashioneer,1
Can you show more photos?,0
reach at t w o o o @example.com,1
Does it come in other colors?,0
Nice product!,0
Do you have it in stock?,0
Do you have it in stock?,0
Where do you ship from?,0
What are the dimensions?,0
📧 user3783@example.com,1
Text me at +1-653-817-3173,1
I’m interested in this item.,0
Contact me via Telegram: @fashioneer,1
Where do you ship from?,0
Nice product!,0
Nice product!,0
Here is my email: user3161@example.com,1
Can you show more photos?,0
My WeChat ID is shopper99,1
Send me a DM on Facebook: facebook.com/best_pizza,1
Nice product!,0
How soon can I get it?,0
You can reach me at +1-533-869-8992,1
Where do you ship from?,0
My WeChat ID is john_doe,1
Can you show more photos?,0
What are the dimensions?,0
C o n t a c t :   2 5 2 8 6 9 7 0 0 7,1
This looks good.,0
Let's connect on LinkedIn: linkedin.com/in/shop_owner,1
Add me on WhatsApp: +1 775 229 4566,1
I’m interested in this item.,0
Can you show more photos?,0
Does it come in other colors?,0
Does it come in other colors?,0
Hit me up on WhatsApp at 555-604-5972,1
Do you have it in stock?,0
Text me at 555-321-4312 for more info.,1
Does it come in other colors?,0
Where do you ship from?,0
Where do you ship from?,0
How soon can I get it?,0
Nice product!,0
Can you share your phone number so I can send you details?,1
Please email me at user8309@example.com,1
Message me on Snapchat: fashionguru,1
Nice product!,0
You can reach me at 555-508-9144,1
This looks good.,0
Does it come in other colors?,0
Connect on LinkedIn (linkedin.com/in/best_pizza),1
Does it come in other colors?,0
How soon can I get it?,0
Can you show more photos?,0
Reach me at (559) 839-7510,1
How soon can I get it?,0
This looks good.,0
How soon can I get it?,0
What’s the price?,0
Do you have it in stock?,0
This looks good.,0
Do you have it in stock?,0
What’s the price?,0
This looks good.,0
This looks good.,0
DM me on Instagram: @bob60,1
Nice product!,0
Do you have it in stock?,0
Can you show more photos?,0
Does it come in other colors?,0
WhatsApp me at +1-555-938-3177,1
How soon can I get it?,0
This looks good.,0
Can you show more photos?,0
I’m interested in this item.,0
Where do you ship from?,0
I’m interested in this item.,0
This looks good.,0
Do you have it in stock?,0
This looks good.,0
What are the dimensions?,0
What’s the price?,0
Nice product!,0
How soon can I get it?,0
"Email is user8677@example.com, reach out anytime.",1
Where do you ship from?,0
my email id is user5471@example.com,1
"My contact is 555-769-3962, call me.",1
What are the dimensions?,0
What are the dimensions?,0
Does it come in other colors?,0
How soon can I get it?,0
How soon can I get it?,0
Do you have it in stock?,0
This looks good.,0
Nice product!,0
Does it come in other colors?,0
Can you show more photos?,0
Do you have it in stock?,0
Can you show more photos?,0
c o n t a c t : +1-245-963-3084,1
Do you have it in stock?,0
Do you have it in stock?,0
Contact me on Skype: heidi215,1
What are the dimensions?,0
Message me on Snapchat: fashionguru,1
You can reach me at +1-250-695-2781,1
What are the dimensions?,0
b o b 8 8 @ e m a i l . n e t,1
This looks good.,0
My Snapchat is judy270,1
Nice product!,0
What’s the price?,0
Please email me at user6771@example.com,1
Do you have it in stock?,0
Mail me: frank80@email.net,1
How soon can I get it?,0
I’m interested in this item.,0
Does it come in other colors?,0
Where do you ship from?,0
Do you have it in stock?,0
Does it come in other colors?,0
I’m interested in this item.,0
Nice product!,0
How soon can I get it?,0
This looks good.,0
find me at user3095@example.com 😉,1
You can reach me at 555-978-9443,1
Nice product!,0
fb.com/devguy249,1
What’s the price?,0
Can you show more photos?,0
I’m interested in this item.,0
I’m interested in this item.,0
Where do you ship from?,0
fb.com/fashionista489,1
What are the dimensions?,0
I’m interested in this item.,0
Connect on LinkedIn (linkedin.com/in/fashionista792),1
Where do you ship from?,0
What’s the price?,0
I’m interested in this item.,0
Where do you ship from?,0
How soon can I get it?,0
hmu @ coolcat828,1
Nice product!,0
What’s the price?,0
What are the dimensions?,0
Nice product!,0
Can you share your phone number so I can send you details?,1
Do you have it in stock?,0
Text me at 555-932-7625 for more info.,1
What are the dimensions?,0
Ping me on Telegram: @charlie83,1
Follow me on Instagram @fashioneer and DM.,1
What’s the price?,0
This looks good.,0
Can you show more photos?,0
Can you show more photos?,0
I’m interested in this item.,0
DM me on Instagram @coolguy42,1
Ping me on Telegram: @alice772,1
How soon can I get it?,0
I’m interested in this item.,0
How soon can I get it?,0
What’s the price?,0
c   o   n   t   a   c   t   m   e   + 1   3 2 2   7 3 5   5 6 0 6,1
Does it come in other colors?,0
telegram: t dot me slash fashionista640,1
Where do you ship from?,0
Text me at +1-458-886-4861,1
Nice product!,0
I’m interested in this item.,0
Where do you ship from?,0
my email id is user6097@example.com,1
What are the dimensions?,0
This looks good.,0
Can you show more photos?,0
My Snapchat is eve267,1
Follow me on Instagram @fashioneer and DM.,1
Nice product!,0
Do you have it in stock?,0
Does it come in other colors?,0
What are the dimensions?,0
Where do you ship from?,0
Can you show more photos?,0
Can you show more photos?,0
Does it come in other colors?,0
Do you have it in stock?,0
Follow me on Instagram @tech_lead and DM.,1
you can DM me at shopper650 on Insta,1
I’m interested in this item.,0
What’s the price?,0
How soon can I get it?,0
Text me at (740) 235-0860,1
Does it come in other colors?,0
Mail me: charlie11@example.com,1
My Snapchat is charlie939,1
I’m interested in this item.,0
Where do you ship from?,0
wanna chat? +1-759-328-7146,1
Where do you ship from?,0
DM me on Instagram @best_pizza,1
Can you show more photos?,0
Hit me up on WhatsApp at +1-698-972-3619,1
What’s the price?,0
Nice product!,0
e m a i l m e @ user8214@example.com,1
My number is +1 326 852 8571,1
Where do you ship from?,0
This looks good.,0
wanna chat? +1-941-388-7439,1
Do you have it in stock?,0
What’s the price?,0
How soon can I get it?,0
Mail me: frank26@mail.com,1
What’s the price?,0
Does it come in other colors?,0
Contact me on Skype: ivan349,1
Nice product!,0
c   o   n   t   a   c   t   m   e   1 7 0 6 0 5 5 7 6 3,1
Where do you ship from?,0
This looks good.,0
How soon can I get it?,0
Ping me on Telegram: @grace53,1
reach at t w o o o @example.com,1
I’m interested in this item.,0
Can I have your email address?,1
What’s the price?,0
Please email me at user9341@example.com,1
Email me at grace29@example.com,1
Does it come in other colors?,0
C a l l   m e :   9 5 4 9 3 2 2 1 6 6,1
How soon can I get it?,0
Do you have it in stock?,0
Nice product!,0
How soon can I get it?,0
This looks good.,0
I’m interested in this item.,0
Nice product!,0
Nice product!,0
Can you show more photos?,0
Add me on Facebook (facebook.com/tech_lead),1
Can you share your phone number so I can send you details?,1
This looks good.,0
I’m interested in this item.,0
Where do you ship from?,0
t e l : +1-188-485-2102,1
t e l : +1-917-959-3786,1
What’s the price?,0
How soon can I get it?,0
Does it come in other colors?,0
I’m interested in this item.,0
You can reach me at +1-768-364-5828,1
Where do you ship from?,0
Do you have it in stock?,0
I’m interested in this item.,0
What are the dimensions?,0
Nice product!,0
How soon can I get it?,0
c o n t a c t : +1-651-842-4829,1
Does it come in other colors?,0
What are the dimensions?,0
"My contact is 555-827-6454, call me.",1
This looks good.,0
Does it come in other colors?,0
Text me at +1-642-840-4074,1
Where do you ship from?,0
Do you have it in stock?,0
g r a c e 3 0 @ e m a i l . n e t,1
Nice product!,0
c   o   n   t   a   c   t   m   e   + 1   6 4 4   2 4 7   3 5 6 1,1
Add me on WhatsApp: (826) 576-2645,1
Does it come in other colors?,0
What are the dimensions?,0
Nice product!,0
This looks good.,0
Where do you ship from?,0
Where do you ship from?,0
Text me at +1-155-840-3959,1
get in touch @ user6886@example.com,1
Does it come in other colors?,0
How soon can I get it?,0
This looks good.,0
Nice product!,0
c o n t a c t : +1-300-692-6804,1
Please email me at user6789@example.com,1
Nice product!,0
I’m interested in this item.,0
Does it come in other colors?,0
This looks good.,0
Can you show more photos?,0
I’m interested in this item.,0
find me at user4125@example.com 😉,1
How soon can I get it?,0
How soon can I get it?,0
"Email is user4720@example.com, reach out anytime.",1
How soon can I get it?,0
How soon can I get it?,0
WhatsApp me at +1-555-537-8147,1
This looks good.,0
This looks good.,0
What are the dimensions?,0
What’s the price?,0
Nice product!,0
This looks good.,0
Nice product!,0
Can I have your email address?,1
reach at t w o o o @example.com,1
Can you show more photos?,0
What are the dimensions?,0
This looks good.,0
Please email me at user2046@example.com,1
fb.com/devguy430,1
How soon can I get it?,0
Do you have it in stock?,0
Message me on Signal: +1 562 460 7026,1
Does it come in other colors?,0
C a l l   m e :   7 8 8 0 4 3 7 2 4 2,1
Nice product!,0
What are the dimensions?,0
What are the dimensions?,0
What are the dimensions?,0
I’m interested in this item.,0
Do you have it in stock?,0
Can you show more photos?,0
How soon can I get it?,0
This looks good.,0
What are the dimensions?,0
Hit me up on WhatsApp at 555-123-4449,1
Can you show more photos?,0
Nice product!,0
How soon can I get it?,0
Please email me at user9576@example.com,1
Nice product!,0
What are the dimensions?,0
Does it come in other colors?,0
Message me on Snapchat: fashioneer,1
Does it come in other colors?,0
Does it come in other colors?,0
Can you show more photos?,0
How soon can I get it?,0
Can you show more photos?,0
telegram: t dot me slash coolcat655,1
Reach me at 9659018048,1
My WeChat ID is shop_owner,1
Does it come in other colors?,0
How soon can I get it?,0
Do you have it in stock?,0
This looks good.,0
Send me a DM on Facebook: facebook.com/shop_owner,1
Does it come in other colors?,0
What’s the price?,0
Does it come in other colors?,0
fb.com/coolcat443,1
What are the dimensions?,0
How soon can I get it?,0
What’s the price?,0
Do you have it in stock?,0
Does it come in other colors?,0
DM me on Instagram @fashionguru,1
What are the dimensions?,0
Can I have your email address?,1
Can you show more photos?,0
This looks good.,0
How soon can I get it?,0
Does it come in other colors?,0
Can you show more photos?,0
What are the dimensions?,0
Does it come in other colors?,0
Ping me on Telegram: @alice277,1
What are the dimensions?,0
This looks good.,0
You can reach me at 555-953-8400,1
Where do you ship from?,0
Does it come in other colors?,0
I’m interested in this item.,0
What’s the price?,0
Nice product!,0
Connect on LinkedIn (linkedin.com/in/coolguy42),1
How soon can I get it?,0
This looks good.,0
Reach me at (651) 256-5604,1
Can you show more photos?,0
Connect on LinkedIn (linkedin.com/in/designer123),1
Nice product!,0
"My contact is 555-237-9455, call me.",1
This looks good.,0
What are the dimensions?,0
Nice product!,0
Do you have it in stock?,0
This looks good.,0
fb.com/shopper451,1
Can you show more photos?,0
Does it come in other colors?,0
What are the dimensions?,0
I’m interested in this item.,0
This looks good.,0
What are the dimensions?,0
My number is (166) 505-9744,1
Do you have it in stock?,0
Does it come in other colors?,0
Nice product!,0
find me at user2054@example.com 😉,1
Nice product!,0
Nice product!,0
I’m interested in this item.,0
Does it come in other colors?,0
What are the dimensions?,0
Ping me on Telegram: @alice364,1
Nice product!,0
Does it come in other colors?,0
What’s the price?,0
This looks good.,0
Do you have it in stock?,0
Can you show more photos?,0
Nice product!,0
Can you show more photos?,0
Does it come in other colors?,0
Do you have it in stock?,0
DM me on Facebook: facebook.com/devguy475,1
Find me on Facebook: https://facebook.com/grace217,1
Text me at 8024667703,1
I’m interested in this item.,0
Hit me up on WhatsApp at 555-275-1489,1
Nice product!,0
Does it come in other colors?,0
DM me on Instagram: @ivan778,1
Nice product!,0
How soon can I get it?,0
t e l : +1-935-775-9204,1
Where do you ship from?,0
This looks good.,0
WhatsApp me at +1-555-582-7066,1
What are the dimensions?,0
Contact me via Telegram: @designer123,1
I’m interested in this item.,0
Where do you ship from?,0
What’s the price?,0
Nice product!,0
Let's connect on LinkedIn: https://linkedin.com/in/charlie365,1
Where do you ship from?,0
Where do you ship from?,0
Does it come in other colors?,0
Message me on Signal: 895-892-3408,1
Does it come in other colors?,0
How soon can I get it?,0
This looks good.,0
My WeChat ID is designer123,1
Text me at 555-166-7204 for more info.,1
Can I have your email address?,1
DM me on Instagram @fashioneer,1
How soon can I get it?,0
Contact via email: bob9@example.com,1
What are the dimensions?,0
Does it come in other colors?,0
What’s the price?,0
How soon can I get it?,0
Twitter me at 731-170-3434,1
I’m interested in this item.,0
Nice product!,0
How soon can I get it?,0
Nice product!,0
Do you have it in stock?,0
Contact me via Telegram: @fashionguru,1
Where do you ship from?,0
Hit me up on WhatsApp at +1-640-366-1868,1
What are the dimensions?,0
This looks good.,0
Facebook me at (595) 253-9140,1
Nice product!,0
What are the dimensions?,0
"Email is user4328@example.com, reach out anytime.",1
I’m interested in this item.,0
Does it come in other colors?,0
How soon can I get it?,0
What’s the price?,0
Does it come in other colors?,0
"Email is user7904@example.com, reach out anytime.",1
Can I have your email address?,1
Nice product!,0
Connect on LinkedIn (linkedin.com/in/designer123),1
This looks good.,0
What are the dimensions?,0
Where do you ship from?,0
This looks good.,0
What’s the price?,0
Follow me on Instagram @designer123 and DM.,1
C o n t a c t :   1 7 2 - 0 1 6 - 0 8 5 2,1
What are the dimensions?,0
Hit me up on WhatsApp at 555-830-2635,1
This looks good.,0
Can you show more photos?,0
How soon can I get it?,0
This looks good.,0
I’m interested in this item.,0
I’m interested in this item.,0
What’s the price?,0
DM me on Instagram @shop_owner,1
I’m interested in this item.,0
What’s the price?,0
What’s the price?,0
How soon can I get it?,0
I’m interested in this item.,0
I’m interested in this item.,0
Can you show more photos?,0
Where do you ship from?,0
📱 +1-305-697-1603,1
Follow me on Instagram @shop_owner and DM.,1
"Email is user8677@example.com, reach out anytime.",1
Does it come in other colors?,0
Find me on Facebook: https://facebook.com/alice712,1
Hit me up on WhatsApp at +1-874-146-6013,1
DM me on Facebook: facebook.com/devguy349,1
Do you have it in stock?,0
Do you have it in stock?,0
How soon can I get it?,0
Do you have it in stock?,0
Where do you ship from?,0
What are the dimensions?,0
Do you have it in stock?,0
How soon can I get it?,0
Email me at heidi7@example.com,1
Add me on WhatsApp: 555-652-1173,1
This looks good.,0
Add me on WhatsApp: 6633513678,1
What’s the price?,0
Does it come in other colors?,0
Where do you ship from?,0
What’s the price?,0
How soon can I get it?,0
c h a r l i e 9 3 @ t e s t . o r g,1
This looks good.,0
t e l : +1-344-502-9873,1
Can you show more photos?,0
Can I have your email address?,1
📱 +1-502-669-7661,1
Nice product!,0
"Email is user2484@example.com, reach out anytime.",1
Nice product!,0
Can you show more photos?,0
How soon can I get it?,0
This looks good.,0
Can you show more photos?,0
How soon can I get it?,0
What’s the price?,0
Hit me up on WhatsApp at 555-466-5574,1
Does it come in other colors?,0
Reach me at 4233291951,1
Find me on Facebook: https://facebook.com/judy6,1
How soon can I get it?,0
What are the dimensions?,0
📧 user6885@example.com,1
I’m interested in this item.,0
This looks good.,0
How soon can I get it?,0
Does it come in other colors?,0
TikTok me at 890-272-7478,1
This looks good.,0
Does it come in other colors?,0
Send me a DM on Facebook: facebook.com/fashionguru,1
This looks good.,0
How soon can I get it?,0
Nice product!,0
Nice product!,0
How soon can I get it?,0
My TikTok: @grace441,1
Can you show more photos?,0
Do you have it in stock?,0
WhatsApp me at +1-555-816-7640,1
I’m interested in this item.,0
My number is 347-378-0076,1
Do you have it in stock?,0
Nice product!,0
Follow me on Instagram @best_pizza and DM.,1
Connect on LinkedIn (linkedin.com/in/devguy975),1
I’m interested in this item.,0
What’s the price?,0
Can you share your phone number so I can send you details?,1
How soon can I get it?,0
Nice product!,0
Do you have it in stock?,0
Where do you ship from?,0
i v a n 1 5 @ e x a m p l e . c o m,1
What’s the price?,0
snap me at s-n-a-p shopper100,1
"Email is user2219@example.com, reach out anytime.",1
What are the dimensions?,0
My TikTok: @heidi500,1
What’s the price?,0
Reach me at 659-687-5640,1
Nice product!,0
C o n t a c t :   + 1   9 2 7   4 6 0   4 5 4 4,1
Can you show more photos?,0
Where do you ship from?,0
This looks good.,0
You can reach me at 555-610-2231,1
How soon can I get it?,0
I’m interested in this item.,0
What’s the price?,0
Do you have it in stock?,0
Where do you ship from?,0
This looks good.,0
WhatsApp me at +1-555-627-4242,1
Do you have it in stock?,0
Nice product!,0
c o n t a c t : +1-974-712-2823,1
Does it come in other colors?,0
How soon can I get it?,0
This looks good.,0
Nice product!,0
Do you have it in stock?,0
Does it come in other colors?,0
This looks good.,0
I’m interested in this item.,0
Nice product!,0
Do you have it in stock?,0
Where do you ship from?,0
This looks good.,0
Do you have it in stock?,0
Where do you ship from?,0
Where do you ship from?,0
Do you have it in stock?,0
How soon can I get it?,0
This looks good.,0
This looks good.,0
This looks good.,0
What’s the price?,0
my email id is user2103@example.com,1
Where do you ship from?,0
Nice product!,0
Where do you ship from?,0
This looks good.,0
hmu @ devguy343,1
Where do you ship from?,0
What are the dimensions?,0
get in touch @ user5618@example.com,1
What’s the price?,0
Let's connect on LinkedIn: https://linkedin.com/in/frank579,1
Text me at +1-773-935-8662,1
Does it come in other colors?,0
What’s the price?,0
I’m interested in this item.,0
I’m interested in this item.,0
How soon can I get it?,0
Do you have it in stock?,0
What are the dimensions?,0
Does it come in other colors?,0
Do you have it in stock?,0
Where do you ship from?,0
WhatsApp me at (009) 401-1660,1
Nice product!,0
Message me at user3621@example.com,1
This looks good.,0
Follow me on Twitter: @eve745,1
This looks good.,0
Can you show more photos?,0
I’m interested in this item.,0
What’s the price?,0
Can you show more photos?,0
Nice product!,0
What’s the price?,0
reach at t w o o o @example.com,1
I’m interested in this item.,0
Hit me up on WhatsApp at 555-989-1334,1
Do you have it in stock?,0
This looks good.,0
What are the dimensions?,0
Do you have it in stock?,0
Do you have it in stock?,0
Does it come in other colors?,0
What are the dimensions?,0
Can you show more photos?,0
Ping me on Telegram: @frank639,1
I’m interested in this item.,0
Nice product!,0
What’s the price?,0
Can you show more photos?,0
Do you have it in stock?,0
What are the dimensions?,0
Nice product!,0
Can you share your phone number so I can send you details?,1
Where do you ship from?,0
Does it come in other colors?,0
My Snapchat is frank395,1
Find me on Facebook: https://facebook.com/ivan506,1
My number is (270) 485-4864,1
How soon can I get it?,0
Let's connect on LinkedIn: https://linkedin.com/in/grace683,1
Where do you ship from?,0
This looks good.,0
message me via g m a i l at user5825@example.com,1
Can you show more photos?,0
What’s the price?,0
What’s the price?,0
What are the dimensions?,0
I’m interested in this item.,0
Mail me: judy96@mail.com,1
What’s the price?,0
Do you have it in stock?,0
Where do you ship from?,0
Add me on WhatsApp: 0586944846,1
Let's connect on LinkedIn: linkedin.com/in/fashioneer,1
What’s the price?,0
Nice product!,0
My WeChat ID is fashioneer,1
i v a n 6 9 @ t e s t . o r g,1
This looks good.,0
I’m interested in this item.,0
I’m interested in this item.,0
Do you have it in stock?,0
📧 user1828@example.com,1
I’m interested in this item.,0
What are the dimensions?,0
What’s the price?,0
What are the dimensions?,0
Do you have it in stock?,0
How soon can I get it?,0
My number is (435) 223-8744,1
Do you have it in stock?,0
Connect on LinkedIn (linkedin.com/in/fashionista796),1
How soon can I get it?,0
DM me on Instagram @fashionguru,1
Where do you ship from?,0
Does it come in other colors?,0
I’m interested in this item.,0
Nice product!,0
How soon can I get it?,0
Text me at +1-590-859-6135,1
This looks good.,0
Follow me on Instagram @best_pizza and DM.,1
Where do you ship from?,0
Do you have it in stock?,0
This looks good.,0
How soon can I get it?,0
What’s the price?,0
Does it come in other colors?,0
Message me at user3853@example.com,1
My WeChat ID is coolguy42,1
Do you have it in stock?,0
I’m interested in this item.,0
I’m interested in this item.,0
Nice product!,0
Do you have it in stock?,0
Let's connect on LinkedIn: linkedin.com/in/fashionguru,1
How soon can I get it?,0
Does it come in other colors?,0
Nice product!,0
How soon can I get it?,0
How soon can I get it?,0
Do you have it in stock?,0
Where do you ship from?,0
This looks good.,0
Does it come in other colors?,0
c o n t a c t : +1-362-534-4205,1
I’m interested in this item.,0
Can you show more photos?,0
Where do you ship from?,0
I’m interested in this item.,0
Can you show more photos?,0
How soon can I get it?,0
This looks good.,0
Where do you ship from?,0
Can you show more photos?,0
Message me on Snapchat: shop_owner,1
Does it come in other colors?,0
How soon can I get it?,0
Message me on Snapchat: jane.smith,1
What are the dimensions?,0
Find me on Facebook: https://facebook.com/eve519,1
Does it come in other colors?,0
c o n t a c t : +1-216-959-6614,1
My Snapchat is david217,1
I’m interested in this item.,0
What are the dimensions?,0
This looks good.,0
Message me on Signal: +1 647 878 5056,1
Does it come in other colors?,0
Can you show more photos?,0
Where do you ship from?,0
Do you have it in stock?,0
My WeChat ID is best_pizza,1
My WeChat ID is fashioneer,1
get in touch @ user2509@example.com,1
This looks good.,0
I’m interested in this item.,0
I’m interested in this item.,0
This looks good.,0
I’m interested in this item.,0
Nice product!,0
Where do you ship from?,0
Do you have it in stock?,0
Where do you ship from?,0
I’m interested in this item.,0
Connect on LinkedIn (linkedin.com/in/coolguy42),1
Nice product!,0
Does it come in other colors?,0
This looks good.,0
What’s the price?,0
I’m interested in this item.,0
This looks good.,0
I’m interested in this item.,0
What are the dimensions?,0
Nice product!,0
I’m interested in this item.,0
"My contact is 555-858-8722, call me.",1
Message me on Signal: (114) 775-7380,1
Send me a DM on Facebook: facebook.com/john_doe,1
Does it come in other colors?,0
Nice product!,0
Does it come in other colors?,0
Do you have it in stock?,0
Reach me at +1 173 135 5030,1
What’s the price?,0
Where do you ship from?,0
Do you have it in stock?,0
What’s the price?,0
Where do you ship from?,0
What’s the price?,0
Do you have it in stock?,0
What’s the price?,0
How soon can I get it?,0
What are the dimensions?,0
Contact via email: judy53@mail.com,1
Does it come in other colors?,0
This looks good.,0
How soon can I get it?,0
Does it come in other colors?,0
C o n t a c t :   ( 3 4 5 )   5 9 6 - 0 2 3 9,1
This looks good.,0
Nice product!,0
Where do you ship from?,0
What are the dimensions?,0
c o n t a c t : +1-341-550-3696,1
My TikTok: @grace811,1
Connect on LinkedIn (linkedin.com/in/devguy925),1
This looks good.,0
What’s the price?,0
Does it come in other colors?,0
Follow me on Instagram @fashioneer and DM.,1
Can you show more photos?,0
Message me on Snapchat: coolguy42,1
Does it come in other colors?,0
How soon can I get it?,0
Nice product!,0
How soon can I get it?,0
I’m interested in this item.,0
Do you have it in stock?,0
Find me on Facebook: https://facebook.com/eve792,1
hmu @ coolcat855,1
This looks good.,0
I’m interested in this item.,0
my email id is user4194@example.com,1
Do you have it in stock?,0
Nice product!,0
What’s the price?,0
What’s the price?,0
Does it come in other colors?,0
Nice product!,0
Does it come in other colors?,0
you can DM me at shopper300 on Insta,1
What are the dimensions?,0
How soon can I get it?,0
Can you share your phone number so I can send you details?,1
What are the dimensions?,0
you can DM me at shopper216 on Insta,1
Do you have it in stock?,0
Message me on Signal: 3850994387,1
This looks good.,0
Please email me at user8419@example.com,1
I’m interested in this item.,0
What are the dimensions?,0
get in touch @ user9838@example.com,1
I’m interested in this item.,0
This looks good.,0
How soon can I get it?,0
What are the dimensions?,0
You can reach me at 555-726-5200,1
What’s the price?,0
My Snapchat is alice699,1
This looks good.,0
Does it come in other colors?,0
What are the dimensions?,0
Email me at user1264@example.com,1
Do you have it in stock?,0
Where do you ship from?,0
C o n t a c t :   ( 0 5 1 )   4 7 9 - 9 7 5 1,1
What’s the price?,0
Snapchat me @ coolcat396,1
What are the dimensions?,0
How soon can I get it?,0
I’m interested in this item.,0
I’m interested in this item.,0
Do you have it in stock?,0
I’m interested in this item.,0
Nice product!,0
Can you show more photos?,0
This looks good.,0
I’m interested in this item.,0
Can you show more photos?,0
Can you show more photos?,0
Do you have it in stock?,0
This looks good.,0
Where do you ship from?,0
Nice product!,0
I’m interested in this item.,0
Do you have it in stock?,0
Does it come in other colors?,0
Can you show more photos?,0
What are the dimensions?,0
I’m interested in this item.,0
This looks good.,0
Can you show more photos?,0
What are the dimensions?,0
Nice product!,0
Can you show more photos?,0
This looks good.,0
Where do you ship from?,0
This looks good.,0
What are the dimensions?,0
Do you have it in stock?,0
Hit me up on WhatsApp at 555-106-6278,1
Do you have it in stock?,0
Nice product!,0
How soon can I get it?,0
What’s the price?,0
Nice product!,0
What’s the price?,0
Nice product!,0
Call me at (421) 295-8578,1
Where do you ship from?,0
What’s the price?,0
What are the dimensions?,0
What’s the price?,0
Add me on WhatsApp: +1 780 897 3486,1
What are the dimensions?,0
How soon can I get it?,0
Does it come in other colors?,0
How soon can I get it?,0
t e l : +1-273-953-8703,1
Can you show more photos?,0
How soon can I get it?,0
Nice product!,0
I’m interested in this item.,0
I’m interested in this item.,0
Add me on Facebook (facebook.com/fashioneer),1
"My contact is 555-644-3283, call me.",1
Can you show more photos?,0
This looks good.,0
Do you have it in stock?,0
Does it come in other colors?,0
t e l : +1-678-659-8050,1
Do you have it in stock?,0
What are the dimensions?,0
Do you have it in stock?,0
Can you share your phone number so I can send you details?,1
What are the dimensions?,0
What are the dimensions?,0
c o n t a c t : +1-618-811-9805,1
Message me on Snapchat: shop_owner,1
What’s the price?,0
What’s the price?,0
I’m interested in this item.,0
What’s the price?,0
Does it come in other colors?,0
Contact me via Telegram: @fashioneer,1
Do you have it in stock?,0
Where do you ship from?,0
Can you show more photos?,0
DM me on Facebook: facebook.com/devguy611,1
How soon can I get it?,0
Nice product!,0
C o n t a c t :   + 1   1 9 5   2 2 9   4 3 8 6,1
Does it come in other colors?,0
What are the dimensions?,0
Nice product!,0
Connect on LinkedIn (linkedin.com/in/jane.smith),1
What’s the price?,0
Can you show more photos?,0
This looks good.,0
Where do you ship from?,0
Can you show more photos?,0
This looks good.,0
Do you have it in stock?,0
Contact via email: bob75@example.com,1
DM me on Instagram @coolguy42,1
Does it come in other colors?,0
Do you have it in stock?,0
How soon can I get it?,0
This looks good.,0
Call me at 041-084-2935,1
Where do you ship from?,0
Does it come in other colors?,0
I’m interested in this item.,0
What are the dimensions?,0
My TikTok: @ivan79,1
Does it come in other colors?,0
Do you have it in stock?,0
Do you have it in stock?,0
Does it come in other colors?,0
DM me on Instagram @fashioneer,1
This looks good.,0
Nice product!,0
How soon can I get it?,0
Can you show more photos?,0
Text me at +1-641-223-1406,1
Does it come in other colors?,0
Nice product!,0
I’m interested in this item.,0
What’s the price?,0
Do you have it in stock?,0
Does it come in other colors?,0
What are the dimensions?,0
Does it come in other colors?,0
This looks good.,0
Let's connect on LinkedIn: linkedin.com/in/shopper99,1
Nice product!,0
Can you show more photos?,0
Does it come in other colors?,0
Where do you ship from?,0
This looks good.,0
Does it come in other colors?,0
I’m interested in this item.,0
Does it come in other colors?,0
What’s the price?,0
Nice product!,0
This looks good.,0
Here's my email: user4509@example.com,1
I’m interested in this item.,0
Message me on Signal: 3213363887,1
How soon can I get it?,0
What are the dimensions?,0
What are the dimensions?,0
I’m interested in this item.,0
Do you have it in stock?,0
my email id is user722@example.com,1
DM me on Instagram @john_doe,1
hmu @ coolcat515,1
This looks good.,0
I’m interested in this item.,0
Can you show more photos?,0
What’s the price?,0
Can you show more photos?,0
Can you share your phone number so I can send you details?,1
I’m interested in this item.,0
Does it come in other colors?,0
This looks good.,0
Do you have it in stock?,0
Call me at 258-014-2872,1
This looks good.,0
I’m interested in this item.,0
Does it come in other colors?,0
Twitter me at +1 728 097 8281,1
I’m interested in this item.,0
How soon can I get it?,0
How soon can I get it?,0
How soon can I get it?,0
This looks good.,0
What are the dimensions?,0
How soon can I get it?,0
Can you show more photos?,0
find me at user5671@example.com 😉,1
What are the dimensions?,0
What’s the price?,0
How soon can I get it?,0
Reach out on WhatsApp at +1-458-137-4075,1
DM me on Instagram: @frank650,1
DM me on Instagram @shop_owner,1
What are the dimensions?,0
This looks good.,0
Nice product!,0
This looks good.,0
WhatsApp me at +1-555-490-9342,1
Do you have it in stock?,0
Can you show more photos?,0
Nice product!,0
This looks good.,0
find me at user3346@example.com 😉,1
Messenger me at (391) 736-7445,1
What are the dimensions?,0
Does it come in other colors?,0
Nice product!,0
How soon can I get it?,0
I’m interested in this item.,0
What are the dimensions?,0
My Snapchat is frank353,1
Does it come in other colors?,0
Does it come in other colors?,0
Nice product!,0
Does it come in other colors?,0
What are the dimensions?,0
Can you show more photos?,0
Does it come in other colors?,0
I’m interested in this item.,0
Find me on Facebook: https://facebook.com/charlie445,1
How soon can I get it?,0
What are the dimensions?,0
What’s the price?,0
Do you have it in stock?,0
Does it come in other colors?,0
Message me on Snapchat: tech_lead,1
What are the dimensions?,0
How soon can I get it?,0
Do you have it in stock?,0
My Snapchat is frank609,1
What are the dimensions?,0
Does it come in other colors?,0
Where do you ship from?,0
t e l : +1-809-136-4785,1
Add me on WhatsApp: 555-421-2111,1
Do you have it in stock?,0
How soon can I get it?,0
Reach me at (181) 272-2805,1
What are the dimensions?,0
What’s the price?,0
Call me at +1 217 383 8281,1
Do you have it in stock?,0
Does it come in other colors?,0
How soon can I get it?,0
What are the dimensions?,0
Does it come in other colors?,0
Where do you ship from?,0
Do you have it in stock?,0
Where do you ship from?,0
Contact: +1-293-631-8935,1
What’s the price?,0
Message me on Snapchat: best_pizza,1
This looks good.,0
What are the dimensions?,0
Do you have it in stock?,0
What’s the price?,0
Do you have it in stock?,0
What’s the price?,0
Does it come in other colors?,0
Does it come in other colors?,0
Can you show more photos?,0
What are the dimensions?,0
What’s the price?,0
Nice product!,0
Do you have it in stock?,0
I’m interested in this item.,0
Nice product!,0
How soon can I get it?,0
Does it come in other colors?,0
Can you show more photos?,0
I’m interested in this item.,0
How soon can I get it?,0
Please email me at user4561@example.com,1
wanna chat? +1-724-966-8080,1
Where do you ship from?,0
Can you show more photos?,0
This looks good.,0
Send me a DM on Facebook: facebook.com/shopper99,1
This looks good.,0
get in touch @ user2566@example.com,1
I’m interested in this item.,0
Can I have your email address?,1
Text me at 555-919-9065 for more info.,1
Does it come in other colors?,0
my digits: +1-734-271-2037,1
I’m interested in this item.,0
Nice product!,0
What’s the price?,0
I’m interested in this item.,0
This looks good.,0
I’m interested in this item.,0
find me at user5776@example.com 😉,1
Can you show more photos?,0
Where do you ship from?,0
My Snapchat is frank823,1
get in touch @ user3997@example.com,1
Where do you ship from?,0
Does it come in other colors?,0
Do you have it in stock?,0
Add me on WhatsApp: 5861866835,1
Nice product!,0
What are the dimensions?,0
📱 +1-109-528-1168,1
Can you show more photos?,0
What are the dimensions?,0
hmu @ fashionista280,1
Can you show more photos?,0
Does it come in other colors?,0
Add me on WhatsApp: 555-958-6927,1
Let's connect on LinkedIn: https://linkedin.com/in/heidi39,1
What are the dimensions?,0
What’s the price?,0
Where do you ship from?,0
This looks good.,0
Where do you ship from?,0
Signal me at 8738449325,1
How soon can I get it?,0
Does it come in other colors?,0
Where do you ship from?,0
How soon can I get it?,0
Do you have it in stock?,0
Does it come in other colors?,0
This looks good.,0
Where do you ship from?,0
Does it come in other colors?,0
What are the dimensions?,0
Follow me on Instagram @fashioneer and DM.,1
Send me a DM on Facebook: facebook.com/coolguy42,1
What’s the price?,0
Let's connect on LinkedIn: linkedin.com/in/designer123,1
What are the dimensions?,0
How soon can I get it?,0
How soon can I get it?,0
C a l l   m e :   0 8 2 9 0 0 1 8 0 1,1
Can you show more photos?,0
Do you have it in stock?,0
What’s the price?,0
Do you have it in stock?,0
Can you show more photos?,0
Do you have it in stock?,0
Contact me via Telegram: @tech_lead,1
How soon can I get it?,0
What are the dimensions?,0
My number is (956) 592-4638,1
Does it come in other colors?,0
Does it come in other colors?,0
Add me on WhatsApp: 555-474-8940,1
What’s the price?,0
What are the dimensions?,0
What’s the price?,0
Does it come in other colors?,0
Does it come in other colors?,0
Does it come in other colors?,0
Find me on Facebook: https://facebook.com/heidi132,1
How soon can I get it?,0
This looks good.,0
Do you have it in stock?,0
How soon can I get it?,0
Do you have it in stock?,0
Snapchat me @ devguy843,1
Do you have it in stock?,0
How soon can I get it?,0
This looks good.,0
Does it come in other colors?,0
Does it come in other colors?,0
This looks good.,0
What’s the price?,0
Contact me via Telegram: @designer123,1
This looks good.,0
Nice product!,0
Follow me on Instagram @fashioneer and DM.,1
You can reach me at +1-574-348-4185,1
DM me on Instagram @john_doe,1
I’m interested in this item.,0
What’s the price?,0
my digits: +1-713-608-1770,1
This looks good.,0
What’s the price?,0
Nice product!,0
telegram: t dot me slash coolcat246,1
What’s the price?,0
Can you show more photos?,0
I’m interested in this item.,0
Contact: +1-542-683-5323,1
I’m interested in this item.,0
Does it come in other colors?,0
Where do you ship from?,0
e m a i l m e @ user615@example.com,1
What’s the price?,0
Do you have it in stock?,0
Can you show more photos?,0
📧 user7029@example.com,1
Does it come in other colors?,0
This looks good.,0
Can you show more photos?,0
Does it come in other colors?,0
Does it come in other colors?,0
c o n t a c t : +1-203-215-2969,1
What are the dimensions?,0
What are the dimensions?,0
Does it come in other colors?,0
This looks good.,0
I’m interested in this item.,0
How soon can I get it?,0
What are the dimensions?,0
c   o   n   t   a   c   t   m   e   7 5 0 5 1 9 5 1 7 2,1
Can you show more photos?,0
This looks good.,0
Do you have it in stock?,0
Nice product!,0
Do you have it in stock?,0
DM me on Instagram: @frank924,1
This looks good.,0
How soon can I get it?,0
Can you show more photos?,0
What’s the price?,0
c   o   n   t   a   c   t   m   e   4 0 7 - 5 7 6 - 1 4 6 8,1
Nice product!,0
Text me at 555-931-3361 for more info.,1
Call me at 5120355065,1
What’s the price?,0
Do you have it in stock?,0
This looks good.,0
What’s the price?,0
How soon can I get it?,0
Snapchat me @ coolcat468,1
Nice product!,0
What are the dimensions?,0
What’s the price?,0
This looks good.,0
Can I have your email address?,1
What are the dimensions?,0
Can you show more photos?,0
What’s the price?,0
Nice product!,0
What are the dimensions?,0
Can you show more photos?,0
Connect on LinkedIn (linkedin.com/in/best_pizza),1
I’m interested in this item.,0
Do you have it in stock?,0
What are the dimensions?,0
t e l : +1-990-272-8907,1
Where do you ship from?,0
I’m interested in this item.,0
Does it come in other colors?,0
This looks good.,0
I’m interested in this item.,0
Does it come in other colors?,0
What’s the price?,0
Can you show more photos?,0
What’s the price?,0
Where do you ship from?,0
Where do you ship from?,0
Where do you ship from?,0
Does it come in other colors?,0
Nice product!,0
Do you have it in stock?,0
This looks good.,0
Let's connect on LinkedIn: linkedin.com/in/best_pizza,1
Does it come in other colors?,0
Can I have your email address?,1
What are the dimensions?,0
What are the dimensions?,0
I’m interested in this item.,0
Do you have it in stock?,0
DM me on Instagram @fashioneer,1
Text me at 555-361-5057 for more info.,1
Reach me at 065-065-8329,1
Can you show more photos?,0
Can you show more photos?,0
This looks good.,0
I’m interested in this item.,0
How soon can I get it?,0
What are the dimensions?,0
What’s the price?,0
C o n t a c t :   2 4 4 - 3 3 3 - 0 1 2 0,1
What’s the price?,0
Contact via email: ivan12@email.net,1
Where do you ship from?,0
How soon can I get it?,0
Does it come in other colors?,0
Nice product!,0
Where do you ship from?,0
Do you have it in stock?,0
Can you show more photos?,0
Here is my email: user4300@example.com,1
How soon can I get it?,0
Does it come in other colors?,0
This looks good.,0
Can you show more photos?,0
I’m interested in this item.,0
Nice product!,0
What are the dimensions?,0
This looks good.,0
Does it come in other colors?,0
Does it come in other colors?,0
Can you show more photos?,0
Can you show more photos?,0
What are the dimensions?,0
How soon can I get it?,0
How soon can I get it?,0
What’s the price?,0
Can you show more photos?,0
Does it come in other colors?,0
DM me on Instagram @shopper99,1
How soon can I get it?,0
What’s the price?,0
Can you share your phone number so I can send you details?,1
Can you show more photos?,0
This looks good.,0
Do you have it in stock?,0
Does it come in other colors?,0
Nice product!,0
Does it come in other colors?,0
Where do you ship from?,0
This looks good.,0
Do you have it in stock?,0
DM me on Instagram: @alice172,1
Does it come in other colors?,0
Nice product!,0
Do you have it in stock?,0
This looks good.,0
Nice product!,0
This looks good.,0
How soon can I get it?,0
This looks good.,0
Where do you ship from?,0
I’m interested in this item.,0
Mail me: frank67@test.org,1
How soon can I get it?,0
DM me on Instagram @coolguy42,1
My TikTok: @eve74,1
What’s the price?,0
I’m interested in this item.,0
Where do you ship from?,0
Do you have it in stock?,0
Does it come in other colors?,0
I’m interested in this item.,0
Does it come in other colors?,0
Does it come in other colors?,0
What are the dimensions?,0
I’m interested in this item.,0
Do you have it in stock?,0
What’s the price?,0
What are the dimensions?,0
I’m interested in this item.,0
This looks good.,0
j u d y 2 2 @ t e s t . o r g,1
Where do you ship from?,0
I’m interested in this item.,0
I’m interested in this item.,0
Message via email: david64@test.org,1
How soon can I get it?,0
Do you have it in stock?,0
What’s the price?,0
How soon can I get it?,0
Message via email: david37@example.com,1
Where do you ship from?,0
What’s the price?,0
Can you show more photos?,0
Can you show more photos?,0
Do you have it in stock?,0
get in touch @ user7242@example.com,1
message me via g m a i l at user1627@example.com,1
I’m interested in this item.,0
telegram: t dot me slash shopper958,1
Does it come in other colors?,0
Do you have it in stock?,0
What’s the price?,0
c   o   n   t   a   c   t   m   e   2 6 1 3 7 1 5 1 6 3,1
Does it come in other colors?,0
Do you have it in stock?,0
Can you show more photos?,0
What’s the price?,0
I’m interested in this item.,0
Where do you ship from?,0
Do you have it in stock?,0
My Snapchat is alice802,1
What are the dimensions?,0
📧 user1584@example.com,1
I’m interested in this item.,0
Can I have your email address?,1
Does it come in other colors?,0
Where do you ship from?,0
How soon can I get it?,0
How soon can I get it?,0
What’s the price?,0
I’m interested in this item.,0
Message me on Signal: (024) 696-6225,1
Where do you ship from?,0
What are the dimensions?,0
Does it come in other colors?,0
c   o   n   t   a   c   t   m   e   4 1 1 1 5 7 0 7 4 8,1
Does it come in other colors?,0
reach at t w o o o @example.com,1
Does it come in other colors?,0
Can you show more photos?,0
What’s the price?,0
What are the dimensions?,0
Can you show more photos?,0
Nice product!,0
Can you show more photos?,0
I’m interested in this item.,0
What are the dimensions?,0
Do you have it in stock?,0
How soon can I get it?,0
How soon can I get it?,0
WhatsApp me at +1-555-310-1963,1
What’s the price?,0
Does it come in other colors?,0
I’m interested in this item.,0
Call me at +1 982 236 9950,1
C o n t a c t :   ( 2 0 4 )   1 1 9 - 3 7 7 2,1
message me via g m a i l at user743@example.com,1
Does it come in other colors?,0
What’s the price?,0
Can you show more photos?,0
Where do you ship from?,0
Email me at bob22@email.net,1
What’s the price?,0
WhatsApp me at +1-555-543-5266,1
Can you share your phone number so I can send you details?,1
I’m interested in this item.,0
What are the dimensions?,0
Does it come in other colors?,0
Does it come in other colors?,0
message me via g m a i l at user8467@example.com,1
What are the dimensions?,0
This looks good.,0
Where do you ship from?,0
Nice product!,0
What are the dimensions?,0
What are the dimensions?,0
Contact via email: david33@example.com,1
This looks good.,0
Nice product!,0
Does it come in other colors?,0
Text me at 555-547-6216 for more info.,1
This looks good.,0
Ping me on Telegram: @alice247,1
message me via g m a i l at user4115@example.com,1
This looks good.,0
What are the dimensions?,0
C a l l   m e :   ( 7 4 4 )   7 5 6 - 9 9 4 1,1
This looks good.,0
How soon can I get it?,0
Hit me up on WhatsApp at 555-914-1981,1
What’s the price?,0
Does it come in other colors?,0
Do you have it in stock?,0
Nice product!,0
Mail me: heidi75@email.net,1
I’m interested in this item.,0
This looks good.,0
Does it come in other colors?,0
Message via email: grace41@email.net,1
This looks good.,0
I’m interested in this item.,0
Text me at 555-648-5969 for more info.,1
You can reach me at 555-358-3296,1
Where do you ship from?,0
Does it come in other colors?,0
I’m interested in this item.,0
I’m interested in this item.,0
What’s the price?,0
This looks good.,0
How soon can I get it?,0
Email me at user6087@example.com,1
get in touch @ user7323@example.com,1
What’s the price?,0
This looks good.,0
Do you have it in stock?,0
I’m interested in this item.,0
What’s the price?,0
Do you have it in stock?,0
Does it come in other colors?,0
message me via g m a i l at user6070@example.com,1
What are the dimensions?,0
Does it come in other colors?,0
What’s the price?,0
c o n t a c t : +1-814-665-8928,1
Do you have it in stock?,0
How soon can I get it?,0
Nice product!,0
e m a i l m e @ user6616@example.com,1
This looks good.,0
I’m interested in this item.,0
Do you have it in stock?,0
Where do you ship from?,0
This looks good.,0
Can I have your email address?,1
What are the dimensions?,0
This looks good.,0
This looks good.,0
Nice product!,0
Where do you ship from?,0
Can you show more photos?,0
Do you have it in stock?,0
Does it come in other colors?,0
📧 user4936@example.com,1
Does it come in other colors?,0
C a l l   m e :   3 6 0 - 9 6 6 - 2 8 0 7,1
What’s the price?,0
Where do you ship from?,0
c o n t a c t : +1-546-591-2942,1
Can you show more photos?,0
What are the dimensions?,0
I’m interested in this item.,0
What are the dimensions?,0
Do you have it in stock?,0
c o n t a c t : +1-225-845-5922,1
Add me on WhatsApp: 555-293-1558,1
What are the dimensions?,0
Does it come in other colors?,0
I’m interested in this item.,0
What’s the price?,0
Add me on WhatsApp: 321-126-0620,1
This looks good.,0
How soon can I get it?,0
How soon can I get it?,0
I’m interested in this item.,0
My Snapchat is charlie442,1
📱 +1-244-628-6209,1
Find me on Facebook: https://facebook.com/charlie516,1
f r a n k 1 1 @ e x a m p l e . c o m,1
Can I have your email address?,1
Does it come in other colors?,0
Where do you ship from?,0
What are the dimensions?,0
Can you show more photos?,0
I’m interested in this item.,0
Can you show more photos?,0
Does it come in other colors?,0
How soon can I get it?,0
I’m interested in this item.,0
Nice product!,0
📱 +1-686-125-6738,1
How soon can I get it?,0
I’m interested in this item.,0
Reach out on WhatsApp at +1-196-301-2684,1
you can DM me at coolcat466 on Insta,1
I’m interested in this item.,0
Can you show more photos?,0
How soon can I get it?,0
Do you have it in stock?,0
Can you show more photos?,0
I’m interested in this item.,0
Can you show more photos?,0
Nice product!,0
Where do you ship from?,0
Can you show more photos?,0
My number is 803-605-3381,1
This looks good.,0
This looks good.,0
Can you show more photos?,0
Nice product!,0
Nice product!,0
Follow me on Instagram @fashionguru and DM.,1
Can you show more photos?,0
My number is 647-748-8860,1
Nice product!,0
What are the dimensions?,0
Does it come in other colors?,0
Do you have it in stock?,0
This looks good.,0
What’s the price?,0
f r a n k 4 3 @ e x a m p l e . c o m,1
Add me on WhatsApp: 555-705-4693,1
"Email is user9420@example.com, reach out anytime.",1
Contact via email: judy50@mail.com,1
Can you show more photos?,0
📧 user5799@example.com,1
I’m interested in this item.,0
This looks good.,0
This looks good.,0
Here's my email: user3638@example.com,1
Where do you ship from?,0
Does it come in other colors?,0
Where do you ship from?,0
Nice product!,0
Nice product!,0
Can you show more photos?,0
Do you have it in stock?,0
Can you show more photos?,0
Where do you ship from?,0
Where do you ship from?,0
Do you have it in stock?,0
Do you have it in stock?,0
This looks good.,0
DM me on Instagram @shopper99,1
Connect on LinkedIn (linkedin.com/in/coolcat374),1
Send me a DM on Facebook: facebook.com/fashioneer,1
I’m interested in this item.,0
Text me at +1-833-995-1701,1
Can you show more photos?,0
Nice product!,0
Text me at 555-674-4533 for more info.,1
Contact me via Telegram: @tech_lead,1
How soon can I get it?,0
What are the dimensions?,0
Do you have it in stock?,0
This looks good.,0
Do you have it in stock?,0
Here is my email: user3942@example.com,1
This looks good.,0
Do you have it in stock?,0
What are the dimensions?,0
Does it come in other colors?,0
This looks good.,0
Does it come in other colors?,0
Message via email: grace14@test.org,1
Reach me at 714-734-1952,1
What’s the price?,0
C o n t a c t :   ( 7 5 0 )   8 4 8 - 2 3 7 7,1
Does it come in other colors?,0
Send me a DM on Facebook: facebook.com/shop_owner,1
wanna chat? +1-465-948-7465,1
Add me on WhatsApp: 555-474-4388,1
Hit me up on WhatsApp at +1-700-642-6105,1
This looks good.,0
Message via email: alice46@mail.com,1
you can DM me at shopper523 on Insta,1
Nice product!,0
Follow me on Instagram @coolguy42 and DM.,1
"Email is user8370@example.com, reach out anytime.",1
Nice product!,0
What are the dimensions?,0
Does it come in other colors?,0
Ping me on Telegram: @eve408,1
Text me at +1-217-454-4042,1
Can you show more photos?,0
My number is (292) 587-1192,1
Can you show more photos?,0
I’m interested in this item.,0
What’s the price?,0
Can you show more photos?,0
What are the dimensions?,0
This looks good.,0
What’s the price?,0
What’s the price?,0
How soon can I get it?,0
What’s the price?,0
Do you have it in stock?,0
How soon can I get it?,0
Do you have it in stock?,0
How soon can I get it?,0
Follow me on Instagram @jane.smith and DM.,1
Call me at (579) 213-3235,1
Text me at +1-562-546-9347,1
How soon can I get it?,0
How soon can I get it?,0
How soon can I get it?,0
Nice product!,0
This looks good.,0
Does it come in other colors?,0
📱 +1-644-112-7853,1
What’s the price?,0
Nice product!,0
Do you have it in stock?,0
Do you have it in stock?,0
Where do you ship from?,0
Please email me at user1509@example.com,1
c o n t a c t : +1-465-698-5262,1
I’m interested in this item.,0
Does it come in other colors?,0
Do you have it in stock?,0
How soon can I get it?,0
This looks good.,0
Does it come in other colors?,0
Nice product!,0
Can you show more photos?,0
What are the dimensions?,0
I’m interested in this item.,0
What are the dimensions?,0
Does it come in other colors?,0
Where do you ship from?,0
This looks good.,0
Can I have your email address?,1
Where do you ship from?,0
Nice product!,0
Reach me at (800) 643-2317,1
my email id is user4372@example.com,1
snap me at s-n-a-p fashionista373,1
Where do you ship from?,0
How soon can I get it?,0
"My contact is 555-299-8293, call me.",1
Can you share your phone number so I can send you details?,1
Does it come in other colors?,0
Contact me on Skype: grace537,1
Can you show more photos?,0
Does it come in other colors?,0
Nice product!,0
Where do you ship from?,0
t e l : +1-415-728-6716,1
What are the dimensions?,0
Where do you ship from?,0
Can you show more photos?,0
Can you show more photos?,0
How soon can I get it?,0
Can you show more photos?,0
What are the dimensions?,0
"Email is user7030@example.com, reach out anytime.",1
Does it come in other colors?,0
Does it come in other colors?,0
What are the dimensions?,0
Can you show more photos?,0
How soon can I get it?,0
I’m interested in this item.,0
Can you show more photos?,0
Do you have it in stock?,0
How soon can I get it?,0
Does it come in other colors?,0
Nice product!,0
Do you have it in stock?,0
This looks good.,0
Does it come in other colors?,0
Mail me: alice14@mail.com,1
Can you show more photos?,0
Can you show more photos?,0
Can you show more photos?,0
I’m interested in this item.,0
Can you show more photos?,0
What are the dimensions?,0
Email me at user3830@example.com,1
I’m interested in this item.,0
This looks good.,0
Where do you ship from?,0
I’m interested in this item.,0
What’s the price?,0
I’m interested in this item.,0
I’m interested in this item.,0
Do you have it in stock?,0
get in touch @ user4884@example.com,1
Does it come in other colors?,0
Does it come in other colors?,0
Do you have it in stock?,0
Does it come in other colors?,0
Snapchat me @ fashionista339,1
How soon can I get it?,0
What’s the price?,0
My WeChat ID is john_doe,1
Can I have your email address?,1
Hit me up on WhatsApp at +1-345-584-3656,1
Where do you ship from?,0
e m a i l m e @ user2715@example.com,1
Can I have your email address?,1
C a l l   m e :   5 9 8 7 1 9 8 3 3 1,1
I’m interested in this item.,0
Do you have it in stock?,0
DM me on Instagram @coolguy42,1
This looks good.,0
How soon can I get it?,0
Follow me on Twitter: @charlie216,1
Can you show more photos?,0
Where do you ship from?,0
What are the dimensions?,0
Where do you ship from?,0
Does it come in other colors?,0
Can you show more photos?,0
Nice product!,0
Does it come in other colors?,0
What’s the price?,0
Can you show more photos?,0
Nice product!,0
What’s the price?,0
I’m interested in this item.,0
"Email is user4284@example.com, reach out anytime.",1
I’m interested in this item.,0
Nice product!,0
Nice product!,0
Can you show more photos?,0
Reach me at (879) 681-8640,1
My WeChat ID is best_pizza,1
Does it come in other colors?,0
This looks good.,0
Can you show more photos?,0
message me via g m a i l at user2064@example.com,1
Where do you ship from?,0
This looks good.,0
Do you have it in stock?,0
This looks good.,0
How soon can I get it?,0
This looks good.,0
This looks good.,0
This looks good.,0
This looks good.,0
Can you show more photos?,0
Does it come in other colors?,0
Email me at charlie63@test.org,1
Contact via email: heidi65@example.com,1
What’s the price?,0
Do you have it in stock?,0
Can you show more photos?,0
"Email is user9014@example.com, reach out anytime.",1
My Snapchat is charlie326,1
Can you show more photos?,0
How soon can I get it?,0
What are the dimensions?,0
I’m interested in this item.,0
Does it come in other colors?,0
What’s the price?,0
Do you have it in stock?,0
How soon can I get it?,0
What’s the price?,0
I’m interested in this item.,0
Do you have it in stock?,0
Please email me at user8969@example.com,1
What are the dimensions?,0
How soon can I get it?,0
I’m interested in this item.,0
What are the dimensions?,0
I’m interested in this item.,0
Can you show more photos?,0
Where do you ship from?,0
What are the dimensions?,0
I’m interested in this item.,0
Do you have it in stock?,0
I’m interested in this item.,0
Can you show more photos?,0
Do you have it in stock?,0
How soon can I get it?,0
Nice product!,0
Nice product!,0
What are the dimensions?,0
What’s the price?,0
Email me at david89@mail.com,1
Does it come in other colors?,0
I’m interested in this item.,0
My Snapchat is frank677,1
My TikTok: @ivan659,1
What’s the price?,0
Can you show more photos?,0
How soon can I get it?,0
I’m interested in this item.,0
What’s the price?,0
Hit me up on WhatsApp at 555-581-9923,1
Can you show more photos?,0
get in touch @ user9355@example.com,1
Ping me on Telegram: @judy805,1
Where do you ship from?,0
What are the dimensions?,0
Where do you ship from?,0
Connect on LinkedIn (linkedin.com/in/shopper60),1
Where do you ship from?,0
Can you show more photos?,0
Do you have it in stock?,0
What’s the price?,0
Does it come in other colors?,0
Nice product!,0
This looks good.,0
Email me at user508@example.com,1
Where do you ship from?,0
Does it come in other colors?,0
j u d y 1 9 @ e m a i l . n e t,1
You can reach me at 555-219-8415,1
Does it come in other colors?,0
I’m interested in this item.,0
What are the dimensions?,0
Can you show more photos?,0
Do you have it in stock?,0
What are the dimensions?,0
Can you show more photos?,0
Do you have it in stock?,0
Where do you ship from?,0
DM me on Facebook: facebook.com/fashionista835,1
Does it come in other colors?,0
How soon can I get it?,0
This looks good.,0
I’m interested in this item.,0
Do you have it in stock?,0
What are the dimensions?,0
Does it come in other colors?,0
You can reach me at 555-389-6963,1
Where do you ship from?,0
I’m interested in this item.,0
How soon can I get it?,0
Where do you ship from?,0
Do you have it in stock?,0
Nice product!,0
What are the dimensions?,0
DM me on Facebook: facebook.com/fashionista827,1
I’m interested in this item.,0
Can you show more photos?,0
How soon can I get it?,0
What are the dimensions?,0
How soon can I get it?,0
Does it come in other colors?,0
Do you have it in stock?,0
How soon can I get it?,0
📱 +1-528-556-5731,1
Call me at (506) 569-1326,1
Can I have your email address?,1
Nice product!,0
my digits: +1-795-771-4485,1
Do you have it in stock?,0
hmu @ fashionista280,1
How soon can I get it?,0
I’m interested in this item.,0
Do you have it in stock?,0
What are the dimensions?,0
Can you show more photos?,0
What’s the price?,0
This looks good.,0
Can you show more photos?,0
Does it come in other colors?,0
Reach me at 8362353961,1
What’s the price?,0
Does it come in other colors?,0
Does it come in other colors?,0
I’m interested in this item.,0
Does it come in other colors?,0
What are the dimensions?,0
I’m interested in this item.,0
Nice product!,0
Does it come in other colors?,0
How soon can I get it?,0
Email me at bob78@example.com,1
Contact me on Skype: frank702,1
This looks good.,0
What’s the price?,0
What are the dimensions?,0
I’m interested in this item.,0
Nice product!,0
How soon can I get it?,0
What’s the price?,0
This looks good.,0
Nice product!,0
I’m interested in this item.,0
Add me on WhatsApp: +1 387 395 7826,1
Nice product!,0
Nice product!,0
What are the dimensions?,0
Nice product!,0
Does it come in other colors?,0
Message me at user6573@example.com,1
How soon can I get it?,0
Can you show more photos?,0
Nice product!,0
What are the dimensions?,0
I’m interested in this item.,0
Where do you ship from?,0
I’m interested in this item.,0
What’s the price?,0
Does it come in other colors?,0
Does it come in other colors?,0
What’s the price?,0
Mail me: eve83@example.com,1
I’m interested in this item.,0
Nice product!,0
Does it come in other colors?,0
Where do you ship from?,0
What’s the price?,0
This looks good.,0
This looks good.,0
Do you have it in stock?,0
Do you have it in stock?,0
Does it come in other colors?,0
Do you have it in stock?,0
"My contact is 555-209-9229, call me.",1
Where do you ship from?,0
I’m interested in this item.,0
Let's connect on LinkedIn: https://linkedin.com/in/eve623,1
Can you show more photos?,0
WhatsApp me at +1-555-706-8046,1
C o n t a c t :   2 9 8 - 4 5 3 - 6 6 7 2,1
Where do you ship from?,0
This looks good.,0
This looks good.,0
Where do you ship from?,0
What’s the price?,0
Does it come in other colors?,0
How soon can I get it?,0
Can you show more photos?,0
Where do you ship from?,0
This looks good.,0
Call me at +1 938 906 7575,1
You can reach me at +1-278-862-7344,1
I’m interested in this item.,0
Does it come in other colors?,0
I’m interested in this item.,0
Can you show more photos?,0
Nice product!,0
Nice product!,0
I’m interested in this item.,0
Where do you ship from?,0
Do you have it in stock?,0
Nice product!,0
What are the dimensions?,0
Do you have it in stock?,0
This looks good.,0
Does it come in other colors?,0
What’s the price?,0
Where do you ship from?,0
Hit me up on WhatsApp at +1-799-375-4027,1
Find me on Facebook: https://facebook.com/eve168,1
Nice product!,0
reach at t w o o o @example.com,1
This looks good.,0
I’m interested in this item.,0
What are the dimensions?,0
Nice product!,0
Nice product!,0
This looks good.,0
My WeChat ID is shopper99,1
e m a i l m e @ user8511@example.com,1
My number is 3140458847,1
Message me on Snapchat: shopper99,1
Do you have it in stock?,0
Nice product!,0
What are the dimensions?,0
I’m interested in this item.,0
What’s the price?,0
I’m interested in this item.,0
Add me on WhatsApp: 555-613-6619,1
This looks good.,0
you can DM me at coolcat411 on Insta,1
Text me at +1-141-278-5705,1
What are the dimensions?,0
What’s the price?,0
What’s the price?,0
Can you show more photos?,0
I’m interested in this item.,0
This looks good.,0
What’s the price?,0
Nice product!,0
How soon can I get it?,0
Where do you ship from?,0
Nice product!,0
What’s the price?,0
This looks good.,0
DM me on Instagram: @alice984,1
Nice product!,0
message me via g m a i l at user6633@example.com,1
What’s the price?,0
Send me a DM on Facebook: facebook.com/john_doe,1
Do you have it in stock?,0
"Email is user8327@example.com, reach out anytime.",1
Message me at user7779@example.com,1
Find me on Facebook: https://facebook.com/alice314,1
Here is my email: user1397@example.com,1
Do you have it in stock?,0
I’m interested in this item.,0
Nice product!,0
Nice product!,0
What’s the price?,0
How soon can I get it?,0
Add me on WhatsApp: 555-518-2933,1
Call me at +1 297 185 2762,1
Can you show more photos?,0
What’s the price?,0
This looks good.,0
This looks good.,0
you can DM me at coolcat68 on Insta,1
you can DM me at devguy715 on Insta,1
How soon can I get it?,0
Nice product!,0
How soon can I get it?,0
I’m interested in this item.,0
Message via email: david99@email.net,1
This looks good.,0
How soon can I get it?,0
Where do you ship from?,0
Do you have it in stock?,0
Hit me up on WhatsApp at 555-708-6109,1
What’s the price?,0
How soon can I get it?,0
This looks good.,0
This looks good.,0
This looks good.,0
Can you show more photos?,0
How soon can I get it?,0
Do you have it in stock?,0
C o n t a c t :   ( 6 1 1 )   1 1 0 - 4 9 4 3,1
Does it come in other colors?,0
Nice product!,0
How soon can I get it?,0
What’s the price?,0
I’m interested in this item.,0
Where do you ship from?,0
Can you show more photos?,0
Does it come in other colors?,0
What are the dimensions?,0
Nice product!,0
Can I have your email address?,1
What are the dimensions?,0
What are the dimensions?,0
Nice product!,0
Ping me on Telegram: @heidi908,1
Where do you ship from?,0
My TikTok: @frank732,1
I’m interested in this item.,0
Nice product!,0
Where do you ship from?,0
You can reach me at 555-875-2423,1
C a l l   m e :   9 0 4 - 5 2 4 - 2 7 1 9,1
How soon can I get it?,0
DM me on Instagram: @alice623,1
What are the dimensions?,0
Follow me on Instagram @coolguy42 and DM.,1
Does it come in other colors?,0
Can you show more photos?,0
Can you show more photos?,0
Where do you ship from?,0
How soon can I get it?,0
This looks good.,0
Can you show more photos?,0
Can you show more photos?,0
reach at t w o o o @example.com,1
Do you have it in stock?,0
What’s the price?,0
This looks good.,0
Does it come in other colors?,0
Where do you ship from?,0
How soon can I get it?,0
Can you show more photos?,0
Can you show more photos?,0
WhatsApp me at +1-555-833-9943,1
How soon can I get it?,0
Message me on Signal: 2807317183,1
📧 user8736@example.com,1
Does it come in other colors?,0
Can you show more photos?,0
Does it come in other colors?,0
What are the dimensions?,0
How soon can I get it?,0
What are the dimensions?,0
I’m interested in this item.,0
DM me on Instagram @tech_lead,1
Where do you ship from?,0
How soon can I get it?,0
What are the dimensions?,0
Reach out on WhatsApp at +1-817-400-8036,1
This looks good.,0
c   o   n   t   a   c   t   m   e   ( 0 6 0 )   4 6 0 - 0 5 1 0,1
How soon can I get it?,0
Where do you ship from?,0
Message me on Snapchat: john_doe,1
Nice product!,0
c o n t a c t : +1-796-377-6228,1
I’m interested in this item.,0
My WeChat ID is jane.smith,1
What’s the price?,0
Call me at 1046701107,1
Nice product!,0
How soon can I get it?,0
Where do you ship from?,0
Where do you ship from?,0
What are the dimensions?,0
Add me on Facebook (facebook.com/fashionguru),1
Contact me via Telegram: @designer123,1
What’s the price?,0
get in touch @ user1932@example.com,1
What’s the price?,0
What’s the price?,0
Call me at 872-593-9790,1
Message me at user6289@example.com,1
Find me on Facebook: https://facebook.com/eve636,1
telegram: t dot me slash shopper179,1
What are the dimensions?,0
My TikTok: @alice870,1
What are the dimensions?,0
Nice product!,0
Do you have it in stock?,0
What are the dimensions?,0
Can you show more photos?,0
Does it come in other colors?,0
How soon can I get it?,0
Find me on Facebook: https://facebook.com/charlie965,1
Can you show more photos?,0
📧 user3248@example.com,1
Where do you ship from?,0
Where do you ship from?,0
This looks good.,0
Does it come in other colors?,0
c   o   n   t   a   c   t   m   e   ( 8 7 3 )   3 5 6 - 4 7 7 4,1
Nice product!,0
Does it come in other colors?,0
Can you show more photos?,0
What are the dimensions?,0
Can I have your email address?,1
Can you show more photos?,0
Reach out on WhatsApp at +1-140-826-8574,1
Do you have it in stock?,0
Where do you ship from?,0
I’m interested in this item.,0
reach at t w o o o @example.com,1
I’m interested in this item.,0
How soon can I get it?,0
How soon can I get it?,0
Message via email: eve83@example.com,1
Nice product!,0
Does it come in other colors?,0
This looks good.,0
What’s the price?,0
What’s the price?,0
Connect on LinkedIn (linkedin.com/in/fashionguru),1
Can you show more photos?,0
I’m interested in this item.,0
Where do you ship from?,0
Where do you ship from?,0
What are the dimensions?,0
What’s the price?,0
This looks good.,0
Please email me at user7374@example.com,1
Nice product!,0
Nice product!,0
Does it come in other colors?,0
Does it come in other colors?,0
Can you show more photos?,0
Does it come in other colors?,0
Do you have it in stock?,0
Snapchat me @ coolcat919,1
What are the dimensions?,0
I’m interested in this item.,0
Where do you ship from?,0
Where do you ship from?,0
Message via email: ivan29@mail.com,1
fb.com/fashionista459,1
t e l : +1-887-649-9018,1
This looks good.,0
What’s the price?,0
What are the dimensions?,0
Can you show more photos?,0
Message me at user3307@example.com,1
How soon can I get it?,0
Nice product!,0
How soon can I get it?,0
Find me on Facebook: https://facebook.com/judy80,1
my email id is user8752@example.com,1
Does it come in other colors?,0
"My contact is 555-327-8883, call me.",1
Nice product!,0
Can you show more photos?,0
Where do you ship from?,0
What are the dimensions?,0
How soon can I get it?,0
I’m interested in this item.,0
Add me on Facebook (facebook.com/jane.smith),1
Can you show more photos?,0
Message me on Signal: +1 904 838 0234,1
What’s the price?,0
My Snapchat is david259,1
"Email is user7559@example.com, reach out anytime.",1
Nice product!,0
My WeChat ID is fashioneer,1
Does it come in other colors?,0
Can you show more photos?,0
Can you show more photos?,0
DM me on Instagram @fashioneer,1
This looks good.,0
How soon can I get it?,0
Does it come in other colors?,0
What are the dimensions?,0
Nice product!,0
Where do you ship from?,0
This looks good.,0
Where do you ship from?,0
Nice product!,0
This looks good.,0
How soon can I get it?,0
Nice product!,0
I’m interested in this item.,0
Where do you ship from?,0
Let's connect on LinkedIn: linkedin.com/in/shop_owner,1
Do you have it in stock?,0
What are the dimensions?,0
Do you have it in stock?,0
Where do you ship from?,0
How soon can I get it?,0
You can reach me at +1-434-461-8505,1
Do you have it in stock?,0
What’s the price?,0
Snapchat me @ coolcat352,1
Can you show more photos?,0
How soon can I get it?,0
What are the dimensions?,0
Can you show more photos?,0
What are the dimensions?,0
Message me on Snapchat: shopper99,1
What’s the price?,0
Ping me on Telegram: @frank624,1
What’s the price?,0
Nice product!,0
Does it come in other colors?,0
Message me on Snapchat: tech_lead,1
Does it come in other colors?,0
How soon can I get it?,0
What are the dimensions?,0
I’m interested in this item.,0
This looks good.,0
What are the dimensions?,0
Let's connect on LinkedIn: linkedin.com/in/tech_lead,1
Do you have it in stock?,0
Connect on LinkedIn (linkedin.com/in/coolguy42),1
📧 user8484@example.com,1
Do you have it in stock?,0
What are the dimensions?,0
This looks good.,0
get in touch @ user8234@example.com,1
What are the dimensions?,0
Can you show more photos?,0
Does it come in other colors?,0
Can you show more photos?,0
How soon can I get it?,0
Does it come in other colors?,0
What are the dimensions?,0
Here is my email: user4512@example.com,1
Where do you ship from?,0
This looks good.,0
What’s the price?,0
I’m interested in this item.,0
I’m interested in this item.,0
Nice product!,0
Nice product!,0
Can you show more photos?,0
Where do you ship from?,0
This looks good.,0
C a l l   m e :   9 6 5 1 5 0 7 2 7 9,1
What are the dimensions?,0
What’s the price?,0
Where do you ship from?,0
I’m interested in this item.,0
Where do you ship from?,0
This looks good.,0
Does it come in other colors?,0
What’s the price?,0
Where do you ship from?,0
What’s the price?,0
Message via email: bob55@mail.com,1
Can you show more photos?,0
How soon can I get it?,0
Nice product!,0
I’m interested in this item.,0
Where do you ship from?,0
What’s the price?,0
Can you show more photos?,0
Does it come in other colors?,0
Do you have it in stock?,0
Where do you ship from?,0
Do you have it in stock?,0
How soon can I get it?,0
fb.com/fashionista504,1
I’m interested in this item.,0
hmu @ coolcat718,1
How soon can I get it?,0
Do you have it in stock?,0
Hit me up on WhatsApp at +1-547-333-5606,1
What’s the price?,0
How soon can I get it?,0
telegram: t dot me slash fashionista883,1
Does it come in other colors?,0
Nice product!,0
I’m interested in this item.,0
This looks good.,0
Do you have it in stock?,0
Do you have it in stock?,0
My number is +1 339 260 5165,1
I’m interested in this item.,0
Follow me on Instagram @jane.smith and DM.,1
Do you have it in stock?,0
Does it come in other colors?,0
Where do you ship from?,0
Does it come in other colors?,0
Where do you ship from?,0
What are the dimensions?,0
fb.com/devguy470,1
What are the dimensions?,0
Does it come in other colors?,0
Where do you ship from?,0
I’m interested in this item.,0
Do you have it in stock?,0
How soon can I get it?,0
Contact via email: ivan99@example.com,1
Where do you ship from?,0
How soon can I get it?,0
Where do you ship from?,0
Do you have it in stock?,0
Follow me on Instagram @fashionguru and DM.,1
Does it come in other colors?,0
What’s the price?,0
How soon can I get it?,0
I’m interested in this item.,0
I’m interested in this item.,0
Do you have it in stock?,0
What are the dimensions?,0
How soon can I get it?,0
Nice product!,0
Does it come in other colors?,0
What are the dimensions?,0
Does it come in other colors?,0
Where do you ship from?,0
Do you have it in stock?,0
I’m interested in this item.,0
What’s the price?,0
Follow me on Instagram @fashioneer and DM.,1
Where do you ship from?,0
Where do you ship from?,0
I’m interested in this item.,0
Can you show more photos?,0
Can you show more photos?,0
Message me on Signal: +1 742 011 7360,1
Where do you ship from?,0
What’s the price?,0
Do you have it in stock?,0
Can you show more photos?,0
Where do you ship from?,0
What’s the price?,0
What’s the price?,0
Nice product!,0
t e l : +1-630-989-5370,1
Can you show more photos?,0
telegram: t dot me slash coolcat256,1
What are the dimensions?,0
This looks good.,0
Where do you ship from?,0
What’s the price?,0
Does it come in other colors?,0
Reach me at 1940174168,1
Do you have it in stock?,0
This looks good.,0
Do you have it in stock?,0
Contact me via Telegram: @designer123,1
Does it come in other colors?,0
What are the dimensions?,0
Nice product!,0
Can you show more photos?,0
What are the dimensions?,0
Nice product!,0
Mail me: eve85@email.net,1
Does it come in other colors?,0
Do you have it in stock?,0
"Email is user2662@example.com, reach out anytime.",1
Follow me on Twitter: @frank184,1
This looks good.,0
Can you show more photos?,0
Nice product!,0
Can you show more photos?,0
I’m interested in this item.,0
This looks good.,0
Find me on Facebook: https://facebook.com/heidi668,1
Can I have your email address?,1
How soon can I get it?,0
Do you have it in stock?,0
Nice product!,0
This looks good.,0
Connect on LinkedIn (linkedin.com/in/shopper758),1
Add me on WhatsApp: 555-267-2269,1
Does it come in other colors?,0
This looks good.,0
What’s the price?,0
telegram: t dot me slash fashionista864,1
Does it come in other colors?,0
Nice product!,0
Nice product!,0
What’s the price?,0
Does it come in other colors?,0
How soon can I get it?,0
What’s the price?,0
Contact me on Skype: judy768,1
Nice product!,0
t e l : +1-310-915-8105,1
Do you have it in stock?,0
How soon can I get it?,0
Nice product!,0
Do you have it in stock?,0
C o n t a c t :   4 2 3 6 6 4 8 0 2 1,1
Text me at +1-893-433-1775,1
What are the dimensions?,0
This looks good.,0
Text me at 3370625039,1
Does it come in other colors?,0
I’m interested in this item.,0
Do you have it in stock?,0
Here's my email: user4234@example.com,1
DM me on Instagram @best_pizza,1
What are the dimensions?,0
Contact me via Telegram: @shop_owner,1
Can you show more photos?,0
C a l l   m e :   1 3 2 5 9 2 0 0 8 7,1
"Email is user1384@example.com, reach out anytime.",1
I’m interested in this item.,0
What are the dimensions?,0
Nice product!,0
Nice product!,0
Does it come in other colors?,0
Can you show more photos?,0
I’m interested in this item.,0
This looks good.,0
Can you show more photos?,0
This looks good.,0
How soon can I get it?,0
C a l l   m e :   9 7 6 - 4 8 4 - 0 8 8 4,1
Can you show more photos?,0
What are the dimensions?,0
Message me on Signal: 7075725608,1
How soon can I get it?,0
What are the dimensions?,0
Does it come in other colors?,0
Email me at user1456@example.com,1
I’m interested in this item.,0
How soon can I get it?,0
Nice product!,0
What are the dimensions?,0
Can you show more photos?,0
get in touch @ user4104@example.com,1
How soon can I get it?,0
What’s the price?,0
What are the dimensions?,0
Does it come in other colors?,0
What are the dimensions?,0
You can reach me at +1-571-660-1912,1
This looks good.,0
How soon can I get it?,0
Where do you ship from?,0
Ping me on Telegram: @eve439,1
Send me a DM on Facebook: facebook.com/john_doe,1
Do you have it in stock?,0
What are the dimensions?,0
Do you have it in stock?,0
Can you show more photos?,0
Do you have it in stock?,0
Does it come in other colors?,0
Add me on Facebook (facebook.com/tech_lead),1
This looks good.,0
How soon can I get it?,0
I’m interested in this item.,0
Where do you ship from?,0
Does it come in other colors?,0
Can you show more photos?,0
Can you show more photos?,0
I’m interested in this item.,0
This looks good.,0
Does it come in other colors?,0
Can you show more photos?,0
What’s the price?,0
I’m interested in this item.,0
Does it come in other colors?,0
Does it come in other colors?,0
What are the dimensions?,0
This looks good.,0
Here's my email: user3987@example.com,1
Please email me at user2921@example.com,1
I’m interested in this item.,0
Where do you ship from?,0
What’s the price?,0
Where do you ship from?,0
This looks good.,0
Text me at +1-605-318-2095,1
Does it come in other colors?,0
This looks good.,0
get in touch @ user9234@example.com,1
Nice product!,0
Contact me via Telegram: @shop_owner,1
What are the dimensions?,0
How soon can I get it?,0
How soon can I get it?,0
How soon can I get it?,0
fb.com/devguy586,1
Where do you ship from?,0
Nice product!,0
Connect on LinkedIn (linkedin.com/in/coolcat233),1
Can you show more photos?,0
Does it come in other colors?,0
This looks good.,0
What are the dimensions?,0
Send me a DM on Facebook: facebook.com/fashionguru,1
You can reach me at 555-583-7068,1
What’s the price?,0
Contact me on Skype: ivan657,1
Text me at 555-125-4729 for more info.,1
Nice product!,0
Here's my email: user5413@example.com,1
This looks good.,0
My Snapchat is ivan548,1
What’s the price?,0
Where do you ship from?,0
This looks good.,0
Can you show more photos?,0
Nice product!,0
fb.com/fashionista527,1
Add me on WhatsApp: 555-153-7363,1
What’s the price?,0
Do you have it in stock?,0
I’m interested in this item.,0
Do you have it in stock?,0
Snapchat me @ coolcat153,1
What are the dimensions?,0
Can you show more photos?,0
Nice product!,0
Does it come in other colors?,0
Find me on Facebook: https://facebook.com/frank360,1
You can reach me at 555-851-3429,1
Can you show more photos?,0
Do you have it in stock?,0
Can you show more photos?,0
Text me at +1-463-567-5879,1
Mail me: grace49@test.org,1
This looks good.,0
Can you show more photos?,0
Where do you ship from?,0
my email id is user6958@example.com,1
Nice product!,0
I’m interested in this item.,0
Can you show more photos?,0
Contact me via Telegram: @best_pizza,1
Can you show more photos?,0
What’s the price?,0
This looks good.,0
Where do you ship from?,0
C a l l   m e :   4 9 3 7 3 8 8 1 3 1,1
Can you show more photos?,0
What’s the price?,0
Does it come in other colors?,0
I’m interested in this item.,0
Does it come in other colors?,0
I’m interested in this item.,0
What are the dimensions?,0
Nice product!,0
I’m interested in this item.,0
Contact me via Telegram: @fashioneer,1
Let's connect on LinkedIn: linkedin.com/in/fashionguru,1
I’m interested in this item.,0
"Email is user8436@example.com, reach out anytime.",1
Hit me up on WhatsApp at 555-491-4354,1
Let's connect on LinkedIn: linkedin.com/in/best_pizza,1
I’m interested in this item.,0
You can reach me at +1-148-202-9524,1
I’m interested in this item.,0
Can you show more photos?,0
What are the dimensions?,0
Connect on LinkedIn (linkedin.com/in/jane.smith),1
Message me on Snapchat: coolguy42,1
I’m interested in this item.,0
This looks good.,0
Can you show more photos?,0
This looks good.,0
Can you show more photos?,0
Follow me on Twitter: @grace653,1
Can you show more photos?,0
Do you have it in stock?,0
What are the dimensions?,0
Where do you ship from?,0
Do you have it in stock?,0
Connect on LinkedIn (linkedin.com/in/fashioneer),1
Can you show more photos?,0
Here is my email: user2786@example.com,1
I’m interested in this item.,0
Do you have it in stock?,0
Where do you ship from?,0
How soon can I get it?,0
Nice product!,0
Message me at user6364@example.com,1
Does it come in other colors?,0
Can you show more photos?,0
Does it come in other colors?,0
I’m interested in this item.,0
Does it come in other colors?,0
What’s the price?,0
📱 +1-506-961-8213,1
Can you show more photos?,0
My TikTok: @bob398,1
Nice product!,0
What’s the price?,0
What’s the price?,0
This looks good.,0
What are the dimensions?,0
"My contact is 555-585-9084, call me.",1
Nice product!,0
I’m interested in this item.,0
Do you have it in stock?,0
Nice product!,0
This looks good.,0
C a l l   m e :   + 1   3 0 0   5 6 0   4 7 8 1,1
Ping me on Telegram: @eve313,1
Where do you ship from?,0
Where do you ship from?,0
How soon can I get it?,0
What’s the price?,0
Where do you ship from?,0
reach at t w o o o @example.com,1
Can you show more photos?,0
Nice product!,0
my email id is user4080@example.com,1
"Email is user9223@example.com, reach out anytime.",1
What are the dimensions?,0
Does it come in other colors?,0
Nice product!,0
Connect on LinkedIn (linkedin.com/in/shopper99),1
Add me on Facebook (facebook.com/best_pizza),1
My Snapchat is heidi499,1
Does it come in other colors?,0
I’m interested in this item.,0
I’m interested in this item.,0
Where do you ship from?,0
I’m interested in this item.,0
How soon can I get it?,0
This looks good.,0
What’s the price?,0
Does it come in other colors?,0
Does it come in other colors?,0
This looks good.,0
"My contact is 555-216-8231, call me.",1
Do you have it in stock?,0
This looks good.,0
Does it come in other colors?,0
I’m interested in this item.,0
"Email is user5820@example.com, reach out anytime.",1
Let's connect on LinkedIn: linkedin.com/in/best_pizza,1
This looks good.,0
What are the dimensions?,0
Nice product!,0
How soon can I get it?,0
Ping me on Telegram: @alice116,1
Hit me up on WhatsApp at 555-452-2661,1
Nice product!,0
Let's connect on LinkedIn: linkedin.com/in/shop_owner,1
Can you show more photos?,0
Contact via email: david20@email.net,1
I’m interested in this item.,0
How soon can I get it?,0
Let's connect on LinkedIn: https://linkedin.com/in/frank68,1
wanna chat? +1-912-139-3819,1
Do you have it in stock?,0
Where do you ship from?,0
Does it come in other colors?,0
This looks good.,0
What’s the price?,0
Nice product!,0
Message me at user5955@example.com,1
Hit me up on WhatsApp at 555-700-9837,1
This looks good.,0
Can you show more photos?,0
Let's connect on LinkedIn: linkedin.com/in/shopper99,1
Send me a DM on Facebook: facebook.com/coolguy42,1
This looks good.,0
Where do you ship from?,0
Can you show more photos?,0
Do you have it in stock?,0
Email me at user9941@example.com,1
fb.com/devguy56,1
Can you show more photos?,0
DM me on Instagram @jane.smith,1
I’m interested in this item.,0
t e l : +1-623-830-7299,1
Here is my email: user7573@example.com,1
How soon can I get it?,0
How soon can I get it?,0
What’s the price?,0
Nice product!,0
Does it come in other colors?,0
Does it come in other colors?,0
What are the dimensions?,0
Where do you ship from?,0
How soon can I get it?,0
What are the dimensions?,0
hmu @ shopper129,1
This looks good.,0
This looks good.,0
What’s the price?,0
What’s the price?,0
What’s the price?,0
This looks good.,0
I’m interested in this item.,0
Where do you ship from?,0
I’m interested in this item.,0
Do you have it in stock?,0
What are the dimensions?,0
How soon can I get it?,0
Snapchat me at 3097553394,1
Can you show more photos?,0
Contact: +1-719-260-2950,1
Message me on Signal: (639) 059-8946,1
What are the dimensions?,0
What’s the price?,0
C o n t a c t :   ( 9 6 3 )   8 3 1 - 1 9 2 2,1
Does it come in other colors?,0
I’m interested in this item.,0
Here's my email: user5316@example.com,1
Do you have it in stock?,0
Where do you ship from?,0
WhatsApp me at +1-555-737-2025,1
Can I have your email address?,1
This looks good.,0
Skype me at 368-201-3639,1
This looks good.,0
Where do you ship from?,0
Do you have it in stock?,0
Does it come in other colors?,0
Does it come in other colors?,0
Do you have it in stock?,0
Do you have it in stock?,0
Can you show more photos?,0
This looks good.,0
Where do you ship from?,0
Email me at judy38@example.com,1
DM me on Instagram @fashioneer,1
What’s the price?,0
Can you show more photos?,0
How soon can I get it?,0
My number is 317-405-1828,1
Do you have it in stock?,0
Can you show more photos?,0
Where do you ship from?,0
Nice product!,0
I’m interested in this item.,0
Contact me via Telegram: @fashioneer,1
I’m interested in this item.,0
📱 +1-217-725-2082,1
What’s the price?,0
Where do you ship from?,0
Can you show more photos?,0
Nice product!,0
Nice product!,0
What’s the price?,0
Do you have it in stock?,0
Where do you ship from?,0
Can you show more photos?,0
Nice product!,0
Can you show more photos?,0
Can you show more photos?,0
Message me at user1857@example.com,1
Does it come in other colors?,0
Add me on Facebook (facebook.com/shop_owner),1
Follow me on Instagram @shop_owner and DM.,1
I’m interested in this item.,0
Connect on LinkedIn (linkedin.com/in/fashioneer),1
This looks good.,0
Can you show more photos?,0
I’m interested in this item.,0
Where do you ship from?,0
Can you show more photos?,0
Follow me on Twitter: @ivan580,1
Where do you ship from?,0
Where do you ship from?,0
Nice product!,0
Do you have it in stock?,0
"Email is user7427@example.com, reach out anytime.",1
Where do you ship from?,0
Does it come in other colors?,0
Text me at 4246742189,1
Where do you ship from?,0
Nice product!,0
Email me at charlie84@test.org,1
WhatsApp me at +1-555-313-9890,1
Where do you ship from?,0
Do you have it in stock?,0
This looks good.,0
telegram: t dot me slash devguy669,1
How soon can I get it?,0
Do you have it in stock?,0
Ping me on Telegram: @grace514,1
Can you show more photos?,0
Here is my email: user2375@example.com,1
What’s the price?,0
I’m interested in this item.,0
How soon can I get it?,0
e m a i l m e @ user5267@example.com,1
This looks good.,0
What are the dimensions?,0
Can you show more photos?,0
What are the dimensions?,0
Where do you ship from?,0
Can I have your email address?,1
Does it come in other colors?,0
This looks good.,0
Email me at user5600@example.com,1
Where do you ship from?,0
C a l l   m e :   3 4 3 0 3 6 6 5 3 6,1
What are the dimensions?,0
Can you show more photos?,0
Where do you ship from?,0
I’m interested in this item.,0
📧 user5677@example.com,1
This looks good.,0
This looks good.,0
My WeChat ID is tech_lead,1
Where do you ship from?,0
Can I have your email address?,1
Nice product!,0
DM me on Instagram: @alice374,1
Where do you ship from?,0
This looks good.,0
Does it come in other colors?,0
Nice product!,0
Do you have it in stock?,0
I’m interested in this item.,0
This looks good.,0
get in touch @ user6541@example.com,1
DM me on Instagram @tech_lead,1
Nice product!,0
What’s the price?,0
Where do you ship from?,0
What’s the price?,0
This looks good.,0
Does it come in other colors?,0
What’s the price?,0
How soon can I get it?,0
What’s the price?,0
What are the dimensions?,0
"Email is user3069@example.com, reach out anytime.",1
Do you have it in stock?,0
DM me on Instagram: @eve520,1
Does it come in other colors?,0
This looks good.,0
Can you show more photos?,0
Nice product!,0
This looks good.,0
Where do you ship from?,0
📧 user801@example.com,1
Please email me at user9669@example.com,1
What are the dimensions?,0
How soon can I get it?,0
This looks good.,0
What’s the price?,0
Can you show more photos?,0
Text me at 4526184888,1
Does it come in other colors?,0
How soon can I get it?,0
Reach me at 005-848-1288,1
Does it come in other colors?,0
How soon can I get it?,0
Let's connect on LinkedIn: https://linkedin.com/in/frank41,1
I’m interested in this item.,0
I’m interested in this item.,0
Where do you ship from?,0
Nice product!,0
What’s the price?,0
Reach out on WhatsApp at +1-282-811-6271,1
How soon can I get it?,0
Does it come in other colors?,0
What are the dimensions?,0
What are the dimensions?,0
How soon can I get it?,0
What’s the price?,0
Can you show more photos?,0
This looks good.,0
Message via email: ivan98@example.com,1
Where do you ship from?,0
Do you have it in stock?,0
How soon can I get it?,0
What’s the price?,0
How soon can I get it?,0
Does it come in other colors?,0
Does it come in other colors?,0
Where do you ship from?,0
What are the dimensions?,0
Where do you ship from?,0
What’s the price?,0
How soon can I get it?,0
Where do you ship from?,0
What’s the price?,0
Can you show more photos?,0
Let's connect on LinkedIn: https://linkedin.com/in/judy383,1
This looks good.,0
What’s the price?,0
Can you show more photos?,0
Where do you ship from?,0
I’m interested in this item.,0
How soon can I get it?,0
Where do you ship from?,0
What’s the price?,0
Message me on Signal: 627-713-1560,1
Follow me on Twitter: @grace189,1
How soon can I get it?,0
How soon can I get it?,0
This looks good.,0
Follow me on Instagram @fashioneer and DM.,1
What are the dimensions?,0
Add me on Facebook (facebook.com/john_doe),1
Do you have it in stock?,0
How soon can I get it?,0
Do you have it in stock?,0
What’s the price?,0
Follow me on Instagram @shopper99 and DM.,1
Please email me at user8517@example.com,1
Does it come in other colors?,0
Do you have it in stock?,0
How soon can I get it?,0
What are the dimensions?,0
you can DM me at fashionista730 on Insta,1
Nice product!,0
You can reach me at +1-984-136-5961,1
Nice product!,0
What are the dimensions?,0
Let's connect on LinkedIn: linkedin.com/in/best_pizza,1
This looks good.,0
Please email me at user8286@example.com,1
I’m interested in this item.,0
What are the dimensions?,0
Does it come in other colors?,0
Message me at user1681@example.com,1
I’m interested in this item.,0
What’s the price?,0
What’s the price?,0
Here is my email: user5444@example.com,1
find me at user6689@example.com 😉,1
How soon can I get it?,0
Message me on Signal: 3373217235,1
I’m interested in this item.,0
Do you have it in stock?,0
Where do you ship from?,0
Where do you ship from?,0
Does it come in other colors?,0
Does it come in other colors?,0
Can you show more photos?,0
How soon can I get it?,0
Does it come in other colors?,0
DM me on Instagram: @ivan456,1
Does it come in other colors?,0
Nice product!,0
Does it come in other colors?,0
This looks good.,0
Where do you ship from?,0
Can you show more photos?,0
Snapchat me @ shopper220,1
Does it come in other colors?,0
Does it come in other colors?,0
What are the dimensions?,0
Can you show more photos?,0
This looks good.,0
Do you have it in stock?,0
Where do you ship from?,0
What’s the price?,0
Does it come in other colors?,0
What are the dimensions?,0
What’s the price?,0
What’s the price?,0
Do you have it in stock?,0
What are the dimensions?,0
How soon can I get it?,0
This looks good.,0
This looks good.,0
Where do you ship from?,0
Do you have it in stock?,0
Nice product!,0
This looks good.,0
Where do you ship from?,0
Nice product!,0
I’m interested in this item.,0
What are the dimensions?,0
How soon can I get it?,0
Can you show more photos?,0
What are the dimensions?,0
Does it come in other colors?,0
Does it come in other colors?,0
My WeChat ID is john_doe,1
How soon can I get it?,0
This looks good.,0
Where do you ship from?,0
"My contact is 555-251-3634, call me.",1
Do you have it in stock?,0
Do you have it in stock?,0
Does it come in other colors?,0
Message me at user9870@example.com,1
This looks good.,0
Can you show more photos?,0
This looks good.,0
Nice product!,0
I’m interested in this item.,0
Does it come in other colors?,0
What’s the price?,0
Does it come in other colors?,0
my email id is user1996@example.com,1
Hit me up on WhatsApp at +1-314-272-4501,1
Nice product!,0
Nice product!,0
How soon can I get it?,0
What’s the price?,0
Nice product!,0
What are the dimensions?,0
my email id is user6225@example.com,1
What are the dimensions?,0
Can you show more photos?,0
What are the dimensions?,0
What are the dimensions?,0
Send me a DM on Facebook: facebook.com/john_doe,1
Does it come in other colors?,0
What’s the price?,0
What’s the price?,0
Nice product!,0
Where do you ship from?,0
How soon can I get it?,0
Do you have it in stock?,0
I’m interested in this item.,0
Nice product!,0
message me via g m a i l at user8297@example.com,1
Do you have it in stock?,0
Where do you ship from?,0
Does it come in other colors?,0
Where do you ship from?,0
Does it come in other colors?,0
This looks good.,0
How soon can I get it?,0
Nice product!,0
Does it come in other colors?,0
Add me on WhatsApp: 562-790-6245,1
Follow me on Instagram @shop_owner and DM.,1
Does it come in other colors?,0
Does it come in other colors?,0
You can reach me at 555-627-5949,1
What’s the price?,0
Nice product!,0
I’m interested in this item.,0
Can you show more photos?,0
Where do you ship from?,0
Do you have it in stock?,0
Where do you ship from?,0
I’m interested in this item.,0
How soon can I get it?,0
Telegram me at +1 579 096 0205,1
Does it come in other colors?,0
What are the dimensions?,0
c   o   n   t   a   c   t   m   e   2 7 1 - 6 9 7 - 3 3 8 2,1
What are the dimensions?,0
Instagram me at (061) 018-0372,1
What are the dimensions?,0
This looks good.,0
Can you show more photos?,0
DM me on Instagram @fashioneer,1
Let's connect on LinkedIn: linkedin.com/in/best_pizza,1
How soon can I get it?,0
Do you have it in stock?,0
message me via g m a i l at user9622@example.com,1
Do you have it in stock?,0
Do you have it in stock?,0
Does it come in other colors?,0
Call me at 1519090344,1
📧 user2658@example.com,1
I’m interested in this item.,0
Message me at user9712@example.com,1
Does it come in other colors?,0
Find me on Facebook: https://facebook.com/alice363,1
What are the dimensions?,0
What’s the price?,0
What’s the price?,0
My WeChat ID is fashionguru,1
Nice product!,0
Does it come in other colors?,0
Here's my email: user5823@example.com,1
This looks good.,0
Nice product!,0
How soon can I get it?,0
Where do you ship from?,0
Can you show more photos?,0
Where do you ship from?,0
What’s the price?,0
Does it come in other colors?,0
How soon can I get it?,0
Text me at +1 868 522 4129,1
hmu @ coolcat197,1
Do you have it in stock?,0
What are the dimensions?,0
Do you have it in stock?,0
Can you show more photos?,0
hmu @ devguy746,1
C a l l   m e :   + 1   3 7 9   4 9 2   1 5 2 1,1
What are the dimensions?,0
This looks good.,0
Do you have it in stock?,0
This looks good.,0
This looks good.,0
Where do you ship from?,0
Where do you ship from?,0
Does it come in other colors?,0
Does it come in other colors?,0
telegram: t dot me slash fashionista204,1
DM me on Instagram @john_doe,1
Where do you ship from?,0
What are the dimensions?,0
Do you have it in stock?,0
Can you show more photos?,0
wanna chat? +1-810-329-9052,1
What’s the price?,0
Does it come in other colors?,0
Does it come in other colors?,0
Can you show more photos?,0
How soon can I get it?,0
Do you have it in stock?,0
you can DM me at shopper959 on Insta,1
This looks good.,0
How soon can I get it?,0
What are the dimensions?,0
my email id is user4302@example.com,1
Can you show more photos?,0
I’m interested in this item.,0
Can you show more photos?,0
This looks good.,0
Text me at +1-434-213-8918,1
Add me on WhatsApp: 555-120-8208,1
Can you share your phone number so I can send you details?,1
How soon can I get it?,0
How soon can I get it?,0
Does it come in other colors?,0
Here's my email: user3950@example.com,1
What are the dimensions?,0
Does it come in other colors?,0
Reach out on WhatsApp at +1-697-355-1610,1
What are the dimensions?,0
"My contact is 555-560-4155, call me.",1
Add me on WhatsApp: +1 307 811 8907,1
You can reach me at 555-892-7378,1
What are the dimensions?,0
Contact: +1-290-903-6472,1
Do you have it in stock?,0
What are the dimensions?,0
Do you have it in stock?,0
WhatsApp me at +1-555-949-5247,1
This looks good.,0
Where do you ship from?,0
Does it come in other colors?,0
How soon can I get it?,0
How soon can I get it?,0
C o n t a c t :   6 2 8 - 7 9 8 - 6 6 5 1,1
You can reach me at +1-156-805-5657,1
This looks good.,0
Where do you ship from?,0
Do you have it in stock?,0
Where do you ship from?,0
What are the dimensions?,0
Do you have it in stock?,0
This looks good.,0
This looks good.,0
Can you show more photos?,0
Where do you ship from?,0
Contact me via Telegram: @designer123,1
Do you have it in stock?,0
Nice product!,0
Nice product!,0
Can you show more photos?,0
Nice product!,0
Does it come in other colors?,0
find me at user2758@example.com 😉,1
Does it come in other colors?,0
I’m interested in this item.,0
DM me on Instagram: @judy984,1
fb.com/coolcat895,1
Do you have it in stock?,0
Reach out on WhatsApp at +1-166-756-2005,1
c o n t a c t : +1-261-952-8295,1
Where do you ship from?,0
Where do you ship from?,0
I’m interested in this item.,0
Does it come in other colors?,0
This looks good.,0
Do you have it in stock?,0
Do you have it in stock?,0
What are the dimensions?,0
This looks good.,0
This looks good.,0
Can you show more photos?,0
Do you have it in stock?,0
Contact me via Telegram: @john_doe,1
Message me at user4901@example.com,1
What are the dimensions?,0
Can you show more photos?,0
I’m interested in this item.,0
Snapchat me @ fashionista428,1
"My contact is 555-277-4703, call me.",1
Does it come in other colors?,0
my digits: +1-677-952-7469,1
Does it come in other colors?,0
This looks good.,0
Do you have it in stock?,0
Nice product!,0
How soon can I get it?,0
Message via email: ivan66@email.net,1
Message me on Snapchat: tech_lead,1
Can you show more photos?,0
Where do you ship from?,0
Where do you ship from?,0
Where do you ship from?,0
c   o   n   t   a   c   t   m   e   + 1   5 6 8   8 2 6   1 8 6 7,1
Can you show more photos?,0
What are the dimensions?,0
Can you show more photos?,0
What’s the price?,0
Text me at 555-953-9346 for more info.,1
Here's my email: user3758@example.com,1
Does it come in other colors?,0
Does it come in other colors?,0
Reach me at 4434553591,1
Does it come in other colors?,0
Can you show more photos?,0
Message via email: charlie18@example.com,1
c o n t a c t : +1-574-798-5618,1
I’m interested in this item.,0
I’m interested in this item.,0
I’m interested in this item.,0
What’s the price?,0
What are the dimensions?,0
How soon can I get it?,0
How soon can I get it?,0
Let's connect on LinkedIn: linkedin.com/in/shop_owner,1
Does it come in other colors?,0
My TikTok: @bob41,1
Do you have it in stock?,0
This looks good.,0
You can reach me at 555-460-1480,1
What’s the price?,0
Add me on Facebook (facebook.com/tech_lead),1
This looks good.,0
This looks good.,0
Where do you ship from?,0
DM me on Instagram @shop_owner,1
Nice product!,0
How soon can I get it?,0
This looks good.,0
Nice product!,0
📱 +1-822-857-1521,1
Nice product!,0
How soon can I get it?,0
C o n t a c t :   4 5 6 8 4 1 7 2 0 6,1
How soon can I get it?,0
How soon can I get it?,0
My Snapchat is david392,1
This looks good.,0
Where do you ship from?,0
Does it come in other colors?,0
Where do you ship from?,0
Nice product!,0
Where do you ship from?,0
Can you show more photos?,0
How soon can I get it?,0
This looks good.,0
Does it come in other colors?,0
Does it come in other colors?,0
I’m interested in this item.,0
I’m interested in this item.,0
Can I have your email address?,1
Do you have it in stock?,0
b o b 7 0 @ e m a i l . n e t,1
Do you have it in stock?,0
This looks good.,0
Connect on LinkedIn (linkedin.com/in/devguy170),1
What’s the price?,0
Does it come in other colors?,0
Find me on Facebook: https://facebook.com/judy55,1
Where do you ship from?,0
My TikTok: @ivan983,1
Can you show more photos?,0
What are the dimensions?,0
Text me at 4961375425,1
Can you show more photos?,0
You can reach me at +1-981-712-2012,1
Does it come in other colors?,0
What are the dimensions?,0
I’m interested in this item.,0
Do you have it in stock?,0
What are the dimensions?,0
Hit me up on WhatsApp at 555-666-8843,1
I’m interested in this item.,0
I’m interested in this item.,0
c   o   n   t   a   c   t   m   e   ( 7 9 6 )   5 1 1 - 4 0 7 5,1
"My contact is 555-775-3792, call me.",1
Does it come in other colors?,0
Do you have it in stock?,0
I’m interested in this item.,0
Do you have it in stock?,0
Does it come in other colors?,0
This looks good.,0
Where do you ship from?,0
wanna chat? +1-288-737-6625,1
What’s the price?,0
You can reach me at 555-972-1614,1
Can you show more photos?,0
I’m interested in this item.,0
I’m interested in this item.,0
What are the dimensions?,0
My number is 8795489781,1
my email id is user7940@example.com,1
Can you show more photos?,0
What are the dimensions?,0
What are the dimensions?,0
Please email me at user5790@example.com,1
reach at t w o o o @example.com,1
Do you have it in stock?,0
Can you show more photos?,0
How soon can I get it?,0
Do you have it in stock?,0
Where do you ship from?,0
This looks good.,0
What’s the price?,0
Here is my email: user3126@example.com,1
This looks good.,0
What’s the price?,0
reach at t w o o o @example.com,1
Does it come in other colors?,0
What’s the price?,0
Can you show more photos?,0
This looks good.,0
This looks good.,0
What are the dimensions?,0
My WeChat ID is john_doe,1
I’m interested in this item.,0
Can you show more photos?,0
Can you show more photos?,0
Email me at user1433@example.com,1
Does it come in other colors?,0
Does it come in other colors?,0
My Snapchat is judy763,1
reach at t w o o o @example.com,1
Nice product!,0
Can you show more photos?,0
This looks good.,0
Can you show more photos?,0
What’s the price?,0
How soon can I get it?,0
Does it come in other colors?,0
This looks good.,0
How soon can I get it?,0
This looks good.,0
Nice product!,0
Email me at user1531@example.com,1
Here is my email: user9270@example.com,1
What are the dimensions?,0
Where do you ship from?,0
c   o   n   t   a   c   t   m   e   8 4 8 3 4 9 1 9 2 1,1
How soon can I get it?,0
What are the dimensions?,0
I’m interested in this item.,0
I’m interested in this item.,0
Does it come in other colors?,0
What’s the price?,0
Where do you ship from?,0
What are the dimensions?,0
How soon can I get it?,0
This looks good.,0
Nice product!,0
Where do you ship from?,0
Call me at +1 446 107 7552,1
Where do you ship from?,0
I’m interested in this item.,0
What are the dimensions?,0
Nice product!,0
Where do you ship from?,0
I’m interested in this item.,0
Ping me on Telegram: @judy15,1
Do you have it in stock?,0
t e l : +1-308-439-4425,1
What are the dimensions?,0
Where do you ship from?,0
"Email is user1443@example.com, reach out anytime.",1
This looks good.,0
What are the dimensions?,0
This looks good.,0
Nice product!,0
This looks good.,0
My Snapchat is grace175,1
How soon can I get it?,0
How soon can I get it?,0
Send me a DM on Facebook: facebook.com/jane.smith,1
This looks good.,0
Can you show more photos?,0
Where do you ship from?,0
WhatsApp me at +1-555-856-4300,1
find me at user3317@example.com 😉,1
What are the dimensions?,0
Hit me up on WhatsApp at +1-647-985-6004,1
This looks good.,0
What’s the price?,0
I’m interested in this item.,0
Can you show more photos?,0
Add me on Facebook (facebook.com/shop_owner),1
What are the dimensions?,0
Does it come in other colors?,0
Where do you ship from?,0
I’m interested in this item.,0
Do you have it in stock?,0
What are the dimensions?,0
Do you have it in stock?,0
Add me on Facebook (facebook.com/designer123),1
This looks good.,0
Can you show more photos?,0
Do you have it in stock?,0
Where do you ship from?,0
Do you have it in stock?,0
c   o   n   t   a   c   t   m   e   ( 3 8 5 )   1 9 9 - 0 5 2 5,1
Nice product!,0
📱 +1-765-911-7298,1
What’s the price?,0
Does it come in other colors?,0
hmu @ coolcat920,1
Does it come in other colors?,0
Do you have it in stock?,0
What’s the price?,0
Can you show more photos?,0
C a l l   m e :   0 8 9 - 7 6 4 - 2 6 6 7,1
Hit me up on WhatsApp at 555-437-1653,1
Reach out on WhatsApp at +1-339-732-7747,1
I’m interested in this item.,0
Add me on WhatsApp: +1 499 678 5648,1
What’s the price?,0
Let's connect on LinkedIn: linkedin.com/in/shopper99,1
Follow me on Instagram @tech_lead and DM.,1
What are the dimensions?,0
Message me on Snapchat: john_doe,1
Call me at 363-428-5089,1
How soon can I get it?,0
What’s the price?,0
Text me at 344-254-8017,1
Where do you ship from?,0
How soon can I get it?,0
Nice product!,0
Does it come in other colors?,0
I’m interested in this item.,0
I’m interested in this item.,0
What’s the price?,0
my digits: +1-805-620-3207,1
Where do you ship from?,0
t e l : +1-523-690-4121,1
Where do you ship from?,0
What’s the price?,0
"My contact is 555-374-5045, call me.",1
my email id is user4984@example.com,1
Can you show more photos?,0
📧 user3793@example.com,1
Where do you ship from?,0
How soon can I get it?,0
Do you have it in stock?,0
Here's my email: user6951@example.com,1
Nice product!,0
Where do you ship from?,0
Nice product!,0
Nice product!,0
Can you show more photos?,0
What’s the price?,0
c o n t a c t : +1-923-982-4075,1
Where do you ship from?,0
How soon can I get it?,0
I’m interested in this item.,0
Where do you ship from?,0
What’s the price?,0
Can you show more photos?,0
Can you show more photos?,0
This looks good.,0
Where do you ship from?,0
What are the dimensions?,0
Do you have it in stock?,0
Send me a DM on Facebook: facebook.com/coolguy42,1
Reach me at (951) 796-6953,1
Does it come in other colors?,0
Where do you ship from?,0
Signal me at 434-172-3669,1
This looks good.,0
I’m interested in this item.,0
I’m interested in this item.,0
This looks good.,0
What are the dimensions?,0
Send me a DM on Facebook: facebook.com/john_doe,1
Do you have it in stock?,0
What are the dimensions?,0
Can you show more photos?,0
DM me on Facebook: facebook.com/fashionista380,1
"Email is user7420@example.com, reach out anytime.",1
Connect on LinkedIn (linkedin.com/in/designer123),1
What’s the price?,0
Ping me on Telegram: @heidi824,1
Send me a DM on Facebook: facebook.com/shopper99,1
How soon can I get it?,0
Where do you ship from?,0
How soon can I get it?,0
t e l : +1-451-639-3361,1
WhatsApp me at +1-555-716-2088,1
Do you have it in stock?,0
Nice product!,0
This looks good.,0
Email me at user28@example.com,1
This looks good.,0
Can you show more photos?,0
I’m interested in this item.,0
What’s the price?,0
What’s the price?,0
Do you have it in stock?,0
Can you show more photos?,0
What are the dimensions?,0
DM me on Instagram: @judy15,1
DM me on Instagram: @frank942,1
What are the dimensions?,0
What’s the price?,0
Reach out on WhatsApp at +1-754-181-6717,1
Can you show more photos?,0
Nice product!,0
Let's connect on LinkedIn: linkedin.com/in/jane.smith,1
How soon can I get it?,0
Send me a DM on Facebook: facebook.com/best_pizza,1
Do you have it in stock?,0
This looks good.,0
This looks good.,0
What’s the price?,0
Can you show more photos?,0
Nice product!,0
How soon can I get it?,0
"My contact is 555-766-1310, call me.",1
Can you show more photos?,0
My WeChat ID is best_pizza,1
I’m interested in this item.,0
Does it come in other colors?,0
Can you show more photos?,0
Nice product!,0
I’m interested in this item.,0
Text me at +1-329-413-7504,1
My WeChat ID is jane.smith,1
Call me at 9615640481,1
What are the dimensions?,0
This looks good.,0
Do you have it in stock?,0
What are the dimensions?,0
This looks good.,0
fb.com/fashionista472,1
Nice product!,0
Can you show more photos?,0
Nice product!,0
Where do you ship from?,0
Nice product!,0
I’m interested in this item.,0
WhatsApp me at +1-555-351-2789,1
Does it come in other colors?,0
I’m interested in this item.,0
Where do you ship from?,0
Do you have it in stock?,0
C o n t a c t :   4 5 9 2 3 0 2 6 7 2,1
Do you have it in stock?,0
Does it come in other colors?,0
What are the dimensions?,0
How soon can I get it?,0
What are the dimensions?,0
Where do you ship from?,0
Can you show more photos?,0
Add me on WhatsApp: 555-510-7682,1
Where do you ship from?,0
Message me at user4414@example.com,1
Do you have it in stock?,0
find me at user3108@example.com 😉,1
What are the dimensions?,0
How soon can I get it?,0
Does it come in other colors?,0
I’m interested in this item.,0
How soon can I get it?,0
Follow me on Twitter: @alice464,1
How soon can I get it?,0
Nice product!,0
How soon can I get it?,0
Let's connect on LinkedIn: https://linkedin.com/in/frank558,1
This looks good.,0
Nice product!,0
How soon can I get it?,0
C a l l   m e :   7 1 6 - 2 0 0 - 6 0 5 8,1
What are the dimensions?,0
What are the dimensions?,0
Does it come in other colors?,0
Does it come in other colors?,0
What are the dimensions?,0
Where do you ship from?,0
This looks good.,0
Does it come in other colors?,0
What are the dimensions?,0
Do you have it in stock?,0
Please email me at user1147@example.com,1
Can you show more photos?,0
Do you have it in stock?,0
Where do you ship from?,0
Where do you ship from?,0
Can you show more photos?,0
Nice product!,0
Does it come in other colors?,0
my email id is user7633@example.com,1
What are the dimensions?,0
Ping me on Telegram: @judy124,1
Does it come in other colors?,0
Do you have it in stock?,0
I’m interested in this item.,0
Where do you ship from?,0
What are the dimensions?,0
Ping me on Telegram: @bob339,1
Does it come in other colors?,0
This looks good.,0
I’m interested in this item.,0
What are the dimensions?,0
Nice product!,0
How soon can I get it?,0
e m a i l m e @ user2860@example.com,1
What are the dimensions?,0
What’s the price?,0
c   o   n   t   a   c   t   m   e   3 9 6 - 4 6 5 - 6 6 2 3,1
I’m interested in this item.,0
Does it come in other colors?,0
This looks good.,0
Snapchat me @ shopper206,1
How soon can I get it?,0
Where do you ship from?,0
Do you have it in stock?,0
Can you share your phone number so I can send you details?,1
How soon can I get it?,0
What are the dimensions?,0
📱 +1-955-883-3044,1
This looks good.,0
This looks good.,0
DM me on Instagram @shop_owner,1
Can you show more photos?,0
Message me on Snapchat: shop_owner,1
Nice product!,0
I’m interested in this item.,0
Where do you ship from?,0
How soon can I get it?,0
Text me at 555-885-5352 for more info.,1
Can you share your phone number so I can send you details?,1
Messenger me at (078) 629-5046,1
What’s the price?,0
Message me on Snapchat: fashionguru,1
Do you have it in stock?,0
Email me at user176@example.com,1
Do you have it in stock?,0
How soon can I get it?,0
What’s the price?,0
How soon can I get it?,0
My number is +1 822 723 3726,1
Where do you ship from?,0
Can you show more photos?,0
This looks good.,0
I’m interested in this item.,0
What are the dimensions?,0
Call me at 9736315628,1
What’s the price?,0
Does it come in other colors?,0
WhatsApp me at +1-555-177-9873,1
Nice product!,0
Where do you ship from?,0
Send me a DM on Facebook: facebook.com/john_doe,1
My number is 4342000986,1
I’m interested in this item.,0
How soon can I get it?,0
Call me at 390-863-3026,1
What’s the price?,0
Can you show more photos?,0
Can you show more photos?,0
Ping me on Telegram: @grace862,1
I’m interested in this item.,0
Let's connect on LinkedIn: linkedin.com/in/jane.smith,1
How soon can I get it?,0
I’m interested in this item.,0
c   o   n   t   a   c   t   m   e   ( 3 8 6 )   1 0 1 - 0 8 2 8,1
"Email is user9278@example.com, reach out anytime.",1
Can I have your email address?,1
Where do you ship from?,0
Here's my email: user8537@example.com,1
Can you show more photos?,0
Where do you ship from?,0
Add me on WhatsApp: 555-480-5591,1
Can you show more photos?,0
What’s the price?,0
Do you have it in stock?,0
Does it come in other colors?,0
This looks good.,0
I’m interested in this item.,0
Where do you ship from?,0
Does it come in other colors?,0
Does it come in other colors?,0
Where do you ship from?,0
This looks good.,0
Can you show more photos?,0
How soon can I get it?,0
This looks good.,0
"Email is user2995@example.com, reach out anytime.",1
This looks good.,0
Can you share your phone number so I can send you details?,1
reach at t w o o o @example.com,1
Text me at +1-880-884-3114,1
What’s the price?,0
What are the dimensions?,0
This looks good.,0
Can you show more photos?,0
What are the dimensions?,0
Let's connect on LinkedIn: https://linkedin.com/in/ivan885,1
Where do you ship from?,0
Does it come in other colors?,0
How soon can I get it?,0
hmu @ coolcat750,1
"My contact is 555-835-9092, call me.",1
What are the dimensions?,0
I’m interested in this item.,0
snap me at s-n-a-p devguy756,1
Can you show more photos?,0
You can reach me at 555-223-6995,1
Add me on Facebook (facebook.com/best_pizza),1
c o n t a c t : +1-709-725-4019,1
Do you have it in stock?,0
What are the dimensions?,0
This looks good.,0
DM me on Facebook: facebook.com/coolcat592,1
j u d y 3 4 @ e x a m p l e . c o m,1
Mail me: eve68@mail.com,1
C o n t a c t :   3 2 3 6 0 6 5 2 9 4,1
This looks good.,0
How soon can I get it?,0
What are the dimensions?,0
Where do you ship from?,0
What’s the price?,0
Nice product!,0
Does it come in other colors?,0
Can you show more photos?,0
Can you show more photos?,0
Nice product!,0
My number is (329) 811-2526,1
Does it come in other colors?,0
My Snapchat is charlie668,1
Nice product!,0
How soon can I get it?,0
Does it come in other colors?,0
How soon can I get it?,0
I’m interested in this item.,0
Can you show more photos?,0
Do you have it in stock?,0
Do you have it in stock?,0
Do you have it in stock?,0
How soon can I get it?,0
snap me at s-n-a-p coolcat236,1
Please email me at user5410@example.com,1
This looks good.,0
Does it come in other colors?,0
My WeChat ID is best_pizza,1
I’m interested in this item.,0
Contact me on Skype: ivan219,1
This looks good.,0
Can you show more photos?,0
Nice product!,0
Where do you ship from?,0
snap me at s-n-a-p devguy186,1
What’s the price?,0
What’s the price?,0
fb.com/coolcat171,1
Does it come in other colors?,0
Find me on Facebook: https://facebook.com/david638,1
Contact: +1-655-365-4893,1
Can you show more photos?,0
This looks good.,0
Can you show more photos?,0
Hit me up on WhatsApp at 555-965-7905,1
This looks good.,0
📱 +1-516-595-7104,1
Does it come in other colors?,0
I’m interested in this item.,0
Do you have it in stock?,0
find me at user7472@example.com 😉,1
Email me at heidi11@email.net,1
Where do you ship from?,0
How soon can I get it?,0
What’s the price?,0
Does it come in other colors?,0
This looks good.,0
Do you have it in stock?,0
Where do you ship from?,0
You can reach me at 555-505-2304,1
Does it come in other colors?,0
My TikTok: @judy135,1
What are the dimensions?,0
Can you show more photos?,0
Text me at +1-676-849-7197,1
Where do you ship from?,0
Do you have it in stock?,0
Nice product!,0
Text me at 555-377-2693 for more info.,1
What’s the price?,0
Do you have it in stock?,0
Can you show more photos?,0
Nice product!,0
Contact: +1-460-354-5603,1
Do you have it in stock?,0
Nice product!,0
Here's my email: user6006@example.com,1
I’m interested in this item.,0
Nice product!,0
Does it come in other colors?,0
Do you have it in stock?,0
Nice product!,0
Can I have your email address?,1
Can you share your phone number so I can send you details?,1
Can you show more photos?,0
Does it come in other colors?,0
Nice product!,0
Do you have it in stock?,0
This looks good.,0
Nice product!,0
Does it come in other colors?,0
Message via email: heidi51@test.org,1
What’s the price?,0
This looks good.,0
Add me on WhatsApp: 555-817-7677,1
Where do you ship from?,0
What’s the price?,0
What are the dimensions?,0
Does it come in other colors?,0
Do you have it in stock?,0
Message me at user770@example.com,1
What are the dimensions?,0
Can you show more photos?,0
What are the dimensions?,0
Reach out on WhatsApp at +1-642-960-9398,1
How soon can I get it?,0
I’m interested in this item.,0
How soon can I get it?,0
Nice product!,0
Here is my email: user8869@example.com,1
Nice product!,0
get in touch @ user9794@example.com,1
What’s the price?,0
How soon can I get it?,0
This looks good.,0
Where do you ship from?,0
hmu @ fashionista256,1
Do you have it in stock?,0
This looks good.,0
Nice product!,0
Do you have it in stock?,0
c o n t a c t : +1-606-846-2163,1
Do you have it in stock?,0
Let's connect on LinkedIn: https://linkedin.com/in/david121,1
What’s the price?,0
This looks good.,0
Can you show more photos?,0
This looks good.,0
Nice product!,0
Can you show more photos?,0
Does it come in other colors?,0
Does it come in other colors?,0
Send me a DM on Facebook: facebook.com/shopper99,1
Nice product!,0
What’s the price?,0
Email me at user9657@example.com,1
I’m interested in this item.,0
What’s the price?,0
This looks good.,0
message me via g m a i l at user2469@example.com,1
What are the dimensions?,0
How soon can I get it?,0
Where do you ship from?,0
This looks good.,0
hmu @ fashionista199,1
Does it come in other colors?,0
Can you show more photos?,0
What are the dimensions?,0
I’m interested in this item.,0
Do you have it in stock?,0
Does it come in other colors?,0
What’s the price?,0
Where do you ship from?,0
Let's connect on LinkedIn: https://linkedin.com/in/charlie271,1
fb.com/fashionista122,1
Can you show more photos?,0
Where do you ship from?,0
I’m interested in this item.,0
How soon can I get it?,0
What are the dimensions?,0
Can you show more photos?,0
Nice product!,0
Do you have it in stock?,0
Do you have it in stock?,0
Does it come in other colors?,0
Message me on Snapchat: shopper99,1
Do you have it in stock?,0
Can you show more photos?,0
Do you have it in stock?,0
I’m interested in this item.,0
What are the dimensions?,0
WhatsApp me at (795) 459-9761,1
Email me at alice66@mail.com,1
Do you have it in stock?,0
I’m interested in this item.,0
What’s the price?,0
DM me on Facebook: facebook.com/shopper65,1
Message me on Snapchat: jane.smith,1
Can you show more photos?,0
Do you have it in stock?,0
Nice product!,0
my email id is user6357@example.com,1
I’m interested in this item.,0
How soon can I get it?,0
This looks good.,0
Nice product!,0
I’m interested in this item.,0
📱 +1-534-781-5869,1
Message me at user6429@example.com,1
What are the dimensions?,0
What’s the price?,0
Does it come in other colors?,0
What’s the price?,0
I’m interested in this item.,0
How soon can I get it?,0
Nice product!,0
What are the dimensions?,0
Send me a DM on Facebook: facebook.com/tech_lead,1
How soon can I get it?,0
Do you have it in stock?,0
Mail me: charlie82@example.com,1
Does it come in other colors?,0
Does it come in other colors?,0
Can you show more photos?,0
What’s the price?,0
Can you show more photos?,0
reach at t w o o o @example.com,1
Nice product!,0
This looks good.,0
You can reach me at +1-129-234-1313,1
Where do you ship from?,0
Can you show more photos?,0
What are the dimensions?,0
Email me at frank45@mail.com,1
Nice product!,0
Nice product!,0
Can you show more photos?,0
Nice product!,0
Where do you ship from?,0
How soon can I get it?,0
This looks good.,0
Can you show more photos?,0
Do you have it in stock?,0
Does it come in other colors?,0
Follow me on Instagram @john_doe and DM.,1
Do you have it in stock?,0
Can you show more photos?,0
Does it come in other colors?,0
Snapchat me @ coolcat862,1
Text me at +1 944 139 7329,1
How soon can I get it?,0
Where do you ship from?,0
This looks good.,0
This looks good.,0
I’m interested in this item.,0
Does it come in other colors?,0
Can you show more photos?,0
I’m interested in this item.,0
Where do you ship from?,0
Where do you ship from?,0
This looks good.,0
Does it come in other colors?,0
Nice product!,0
Nice product!,0
Does it come in other colors?,0
I’m interested in this item.,0
Where do you ship from?,0
Message me on Signal: +1 986 067 3561,1
Nice product!,0
Do you have it in stock?,0
Can you show more photos?,0
What are the dimensions?,0
Nice product!,0
How soon can I get it?,0
Does it come in other colors?,0
How soon can I get it?,0
My TikTok: @eve514,1
How soon can I get it?,0
"Email is user4441@example.com, reach out anytime.",1
What are the dimensions?,0
This looks good.,0
What’s the price?,0
Nice product!,0
This looks good.,0
This looks good.,0
I’m interested in this item.,0
Do you have it in stock?,0
You can reach me at +1-379-589-9895,1
Does it come in other colors?,0
Nice product!,0
Hit me up on WhatsApp at +1-554-127-1788,1
What are the dimensions?,0
What are the dimensions?,0
I’m interested in this item.,0
What are the dimensions?,0
Can you show more photos?,0
Nice product!,0
Where do you ship from?,0
What’s the price?,0
Nice product!,0
Do you have it in stock?,0
This looks good.,0
Do you have it in stock?,0
I’m interested in this item.,0
Let's connect on LinkedIn: linkedin.com/in/coolguy42,1
How soon can I get it?,0
How soon can I get it?,0
Can you show more photos?,0
Can you show more photos?,0
Snapchat me @ fashionista845,1
Contact me via Telegram: @fashioneer,1
Can you show more photos?,0
You can reach me at 555-761-2068,1
Does it come in other colors?,0
This looks good.,0
Can you show more photos?,0
I’m interested in this item.,0
How soon can I get it?,0
Where do you ship from?,0
What’s the price?,0
Do you have it in stock?,0
Can you show more photos?,0
Can you show more photos?,0
What are the dimensions?,0
Email me at user1204@example.com,1
Nice product!,0
Where do you ship from?,0
What are the dimensions?,0
What are the dimensions?,0
How soon can I get it?,0
Message me on Snapchat: shop_owner,1
Does it come in other colors?,0
I’m interested in this item.,0
C a l l   m e :   ( 5 9 9 )   0 4 1 - 9 2 6 0,1
I’m interested in this item.,0
This looks good.,0
This looks good.,0
This looks good.,0
Where do you ship from?,0
Can you show more photos?,0
my digits: +1-158-303-8340,1
message me via g m a i l at user4614@example.com,1
Nice product!,0
I’m interested in this item.,0
Can you show more photos?,0
Can I have your email address?,1
"Email is user6388@example.com, reach out anytime.",1
Where do you ship from?,0
What’s the price?,0
Let's connect on LinkedIn: linkedin.com/in/tech_lead,1
message me via g m a i l at user8732@example.com,1
fb.com/fashionista374,1
Message me on Snapchat: john_doe,1
Nice product!,0
Does it come in other colors?,0
Can you show more photos?,0
Nice product!,0
I’m interested in this item.,0
What’s the price?,0
c o n t a c t : +1-171-752-7380,1
How soon can I get it?,0
You can reach me at 555-410-2128,1
Does it come in other colors?,0
You can reach me at 555-787-2696,1
What are the dimensions?,0
Message me on Snapchat: designer123,1
my digits: +1-489-830-3558,1
Please email me at user6193@example.com,1
Where do you ship from?,0
Where do you ship from?,0
My TikTok: @grace190,1
I’m interested in this item.,0
How soon can I get it?,0
Can you show more photos?,0
Nice product!,0
Can you show more photos?,0
This looks good.,0
Nice product!,0
My Snapchat is charlie972,1
Let's connect on LinkedIn: linkedin.com/in/fashionguru,1
Nice product!,0
How soon can I get it?,0
This looks good.,0
This looks good.,0
What are the dimensions?,0
Nice product!,0
Let's connect on LinkedIn: linkedin.com/in/john_doe,1
Here is my email: user3613@example.com,1
What are the dimensions?,0
Nice product!,0
Can you show more photos?,0
I’m interested in this item.,0
How soon can I get it?,0
Do you have it in stock?,0
Email me at grace85@test.org,1
DM me on Instagram: @charlie443,1
My TikTok: @david513,1
How soon can I get it?,0
You can reach me at 555-460-1480,1
Where do you ship from?,0
What’s the price?,0
What are the dimensions?,0
Do you have it in stock?,0
What’s the price?,0
What are the dimensions?,0
Can you show more photos?,0
Nice product!,0
How soon can I get it?,0
Does it come in other colors?,0
What are the dimensions?,0
I’m interested in this item.,0
What are the dimensions?,0
Do you have it in stock?,0
What are the dimensions?,0
Where do you ship from?,0
Snapchat me @ shopper492,1
Message via email: bob28@example.com,1
Where do you ship from?,0
Do you have it in stock?,0
my email id is user4524@example.com,1
How soon can I get it?,0
Add me on Facebook (facebook.com/best_pizza),1
Do you have it in stock?,0
My WeChat ID is fashioneer,1
I’m interested in this item.,0
How soon can I get it?,0
Reach me at 7901159987,1
Does it come in other colors?,0
a l i c e 4 @ e m a i l . n e t,1
This looks good.,0
Where do you ship from?,0
Where do you ship from?,0
What’s the price?,0
What’s the price?,0
My Snapchat is judy96,1
This looks good.,0
Nice product!,0
Does it come in other colors?,0
Where do you ship from?,0
Text me at +1-583-209-3018,1
Messenger me at 1944060666,1
How soon can I get it?,0
What’s the price?,0
DM me on Facebook: facebook.com/devguy592,1
you can DM me at shopper27 on Insta,1
Does it come in other colors?,0
I’m interested in this item.,0
Can you show more photos?,0
How soon can I get it?,0
This looks good.,0
What are the dimensions?,0
"My contact is 555-975-2213, call me.",1
you can DM me at coolcat878 on Insta,1
You can reach me at +1-858-840-3415,1
Do you have it in stock?,0
Where do you ship from?,0
How soon can I get it?,0
How soon can I get it?,0
Can I have your email address?,1
Do you have it in stock?,0
My TikTok: @heidi122,1
What’s the price?,0
Does it come in other colors?,0
Contact me on Skype: alice167,1
Does it come in other colors?,0
What’s the price?,0
What are the dimensions?,0
Text me at 555-594-7510 for more info.,1
Do you have it in stock?,0
Can you show more photos?,0
What’s the price?,0
This looks good.,0
Send me a DM on Facebook: facebook.com/best_pizza,1
Call me at +1 088 541 9455,1
This looks good.,0
Where do you ship from?,0
What are the dimensions?,0
This looks good.,0
Where do you ship from?,0
How soon can I get it?,0
Message via email: charlie77@email.net,1
Does it come in other colors?,0
Nice product!,0
Where do you ship from?,0
Text me at (103) 860-2019,1
What are the dimensions?,0
Does it come in other colors?,0
Can you show more photos?,0
This looks good.,0
Let's connect on LinkedIn: linkedin.com/in/shopper99,1
How soon can I get it?,0
This looks good.,0
Where do you ship from?,0
What’s the price?,0
Where do you ship from?,0
This looks good.,0
Call me at (728) 241-6445,1
Do you have it in stock?,0
Does it come in other colors?,0
Message via email: charlie84@mail.com,1
Can you show more photos?,0
What’s the price?,0
Do you have it in stock?,0
Message me on Signal: 867-940-7697,1
Can you share your phone number so I can send you details?,1
Connect on LinkedIn (linkedin.com/in/devguy676),1
What are the dimensions?,0
What’s the price?,0
What’s the price?,0
How soon can I get it?,0
Do you have it in stock?,0
Where do you ship from?,0
I’m interested in this item.,0
What’s the price?,0
Does it come in other colors?,0
How soon can I get it?,0
What’s the price?,0
Nice product!,0
Nice product!,0
Can you show more photos?,0
Contact me on Skype: judy925,1
I’m interested in this item.,0
How soon can I get it?,0
This looks good.,0
What’s the price?,0
What’s the price?,0
This looks good.,0
Where do you ship from?,0
Do you have it in stock?,0
Can you show more photos?,0
Does it come in other colors?,0
Can you show more photos?,0
I’m interested in this item.,0
Can you show more photos?,0
What are the dimensions?,0
What’s the price?,0
Can you show more photos?,0
Let's connect on LinkedIn: https://linkedin.com/in/alice206,1
Nice product!,0
What are the dimensions?,0
This looks good.,0
Can you show more photos?,0
Nice product!,0
How soon can I get it?,0
Nice product!,0
Does it come in other colors?,0
Nice product!,0
I’m interested in this item.,0
Nice product!,0
Does it come in other colors?,0
I’m interested in this item.,0
DM me on Instagram @coolguy42,1
I’m interested in this item.,0
Can you show more photos?,0
Does it come in other colors?,0
How soon can I get it?,0
What’s the price?,0
Send me a DM on Facebook: facebook.com/coolguy42,1
Do you have it in stock?,0
What’s the price?,0
I’m interested in this item.,0
Does it come in other colors?,0
This looks good.,0
How soon can I get it?,0
"Email is user7217@example.com, reach out anytime.",1
Can you show more photos?,0
Does it come in other colors?,0
Nice product!,0
Do you have it in stock?,0
My WeChat ID is best_pizza,1
Text me at +1 507 399 7105,1
This looks good.,0
Where do you ship from?,0
What are the dimensions?,0
How soon can I get it?,0
This looks good.,0
What are the dimensions?,0
Message me at user6754@example.com,1
What are the dimensions?,0
Can you show more photos?,0
Can you show more photos?,0
What are the dimensions?,0
Where do you ship from?,0
Do you have it in stock?,0
What are the dimensions?,0
Send me a DM on Facebook: facebook.com/tech_lead,1
my email id is user4072@example.com,1
get in touch @ user4726@example.com,1
How soon can I get it?,0
Reach me at +1 326 659 5574,1
Nice product!,0
my digits: +1-192-228-5237,1
This looks good.,0
What are the dimensions?,0
How soon can I get it?,0
Add me on Facebook (facebook.com/coolguy42),1
Do you have it in stock?,0
What are the dimensions?,0
C o n t a c t :   ( 1 5 2 )   9 4 4 - 2 0 0 4,1
Let's connect on LinkedIn: linkedin.com/in/tech_lead,1
This looks good.,0
Nice product!,0
Can you show more photos?,0
What’s the price?,0
Where do you ship from?,0
Message me at user1023@example.com,1
Where do you ship from?,0
What are the dimensions?,0
Where do you ship from?,0
"Email is user4319@example.com, reach out anytime.",1
hmu @ fashionista316,1
Email me at david89@mail.com,1
wanna chat? +1-333-643-1492,1
My number is 0620618200,1
I’m interested in this item.,0
Hit me up on WhatsApp at +1-395-916-5621,1
I’m interested in this item.,0
Add me on WhatsApp: 555-811-9024,1
You can reach me at 555-710-9336,1
📱 +1-820-336-3214,1
Do you have it in stock?,0
Does it come in other colors?,0
My WeChat ID is john_doe,1
Add me on WhatsApp: 555-898-9205,1
I’m interested in this item.,0
Does it come in other colors?,0
How soon can I get it?,0
Does it come in other colors?,0
get in touch @ user160@example.com,1
Call me at (499) 030-7092,1
I’m interested in this item.,0
Can I have your email address?,1
t e l : +1-741-933-7695,1
Do you have it in stock?,0
What’s the price?,0
Can you show more photos?,0
This looks good.,0
Does it come in other colors?,0
Do you have it in stock?,0
What are the dimensions?,0
Nice product!,0
Do you have it in stock?,0
What’s the price?,0
Does it come in other colors?,0
Do you have it in stock?,0
Nice product!,0
This looks good.,0
Does it come in other colors?,0
Can you show more photos?,0
Do you have it in stock?,0
Where do you ship from?,0
Can you show more photos?,0
Do you have it in stock?,0
Can you show more photos?,0
message me via g m a i l at user8686@example.com,1
you can DM me at devguy386 on Insta,1
What’s the price?,0
Let's connect on LinkedIn: https://linkedin.com/in/heidi409,1
Does it come in other colors?,0
Snapchat me @ fashionista799,1
Nice product!,0
Nice product!,0
telegram: t dot me slash coolcat526,1
Mail me: bob25@email.net,1
What are the dimensions?,0
Where do you ship from?,0
Where do you ship from?,0
my digits: +1-149-670-6333,1
Where do you ship from?,0
What are the dimensions?,0
This looks good.,0
How soon can I get it?,0
Does it come in other colors?,0
Can you show more photos?,0
How soon can I get it?,0
This looks good.,0
Text me at +1 481 759 8836,1
What’s the price?,0
Reach out on WhatsApp at +1-453-753-6880,1
Where do you ship from?,0
Can you show more photos?,0
Where do you ship from?,0
I’m interested in this item.,0
Can you show more photos?,0
Email me at ivan8@test.org,1
How soon can I get it?,0
What are the dimensions?,0
How soon can I get it?,0
Does it come in other colors?,0
My number is (781) 816-5247,1
Do you have it in stock?,0
I’m interested in this item.,0
Do you have it in stock?,0
What’s the price?,0
"My contact is 555-232-5437, call me.",1
Add me on WhatsApp: +1 999 911 1164,1
Do you have it in stock?,0
Does it come in other colors?,0
Does it come in other colors?,0
Contact via email: ivan85@example.com,1
What are the dimensions?,0
I’m interested in this item.,0
Nice product!,0
Does it come in other colors?,0
my digits: +1-480-467-6671,1
c   o   n   t   a   c   t   m   e   ( 1 9 1 )   2 9 7 - 5 9 2 2,1
Where do you ship from?,0
What’s the price?,0
DM me on Instagram @jane.smith,1
This looks good.,0
Can you show more photos?,0
Contact me via Telegram: @coolguy42,1
I’m interested in this item.,0
Hit me up on WhatsApp at 555-624-3843,1
What’s the price?,0
Nice product!,0
Send me a DM on Facebook: facebook.com/coolguy42,1
Nice product!,0
What’s the price?,0
Nice product!,0
Nice product!,0
Follow me on Twitter: @grace905,1
Nice product!,0
How soon can I get it?,0
How soon can I get it?,0
Call me at +1 628 235 9748,1
Where do you ship from?,0
This looks good.,0
How soon can I get it?,0
Reach me at 829-000-3689,1
How soon can I get it?,0
Where do you ship from?,0
Can you show more photos?,0
Do you have it in stock?,0
What’s the price?,0
Nice product!,0
Nice product!,0
Where do you ship from?,0
What are the dimensions?,0
Where do you ship from?,0
Text me at +1-573-101-9159,1
Can you show more photos?,0
What’s the price?,0
What’s the price?,0
t e l : +1-962-655-6194,1
Nice product!,0
I’m interested in this item.,0
My TikTok: @charlie194,1
How soon can I get it?,0
How soon can I get it?,0
How soon can I get it?,0
I’m interested in this item.,0
Can you show more photos?,0
This looks good.,0
Contact me via Telegram: @best_pizza,1
I’m interested in this item.,0
My WeChat ID is fashioneer,1
Can you show more photos?,0
Do you have it in stock?,0
What are the dimensions?,0
I’m interested in this item.,0
Nice product!,0
What are the dimensions?,0
What are the dimensions?,0
What’s the price?,0
Do you have it in stock?,0
Contact me via Telegram: @best_pizza,1
How soon can I get it?,0
How soon can I get it?,0
This looks good.,0
Reach me at 5043363101,1
How soon can I get it?,0
This looks good.,0
Mail me: alice67@email.net,1
Do you have it in stock?,0
Do you have it in stock?,0
What’s the price?,0
What’s the price?,0
C o n t a c t :   8 6 1 4 2 2 0 6 7 0,1
This looks good.,0
Nice product!,0
Do you have it in stock?,0
Where do you ship from?,0
How soon can I get it?,0
Let's connect on LinkedIn: linkedin.com/in/fashioneer,1
Ping me on Telegram: @bob511,1
Nice product!,0
my digits: +1-921-931-5222,1
What’s the price?,0
Here is my email: user6688@example.com,1
What are the dimensions?,0
Where do you ship from?,0
Here's my email: user2018@example.com,1
My number is (624) 299-5375,1
Nice product!,0
Please email me at user8404@example.com,1
Nice product!,0
Do you have it in stock?,0
Where do you ship from?,0
What are the dimensions?,0
Do you have it in stock?,0
Please email me at user6960@example.com,1
My number is (841) 146-3955,1
Add me on WhatsApp: +1 852 637 5854,1
Reach me at +1 470 074 7710,1
What are the dimensions?,0
How soon can I get it?,0
This looks good.,0
Let's connect on LinkedIn: linkedin.com/in/jane.smith,1
What’s the price?,0
Do you have it in stock?,0
Let's connect on LinkedIn: linkedin.com/in/shop_owner,1
Where do you ship from?,0
Can you show more photos?,0
How soon can I get it?,0
Does it come in other colors?,0
Where do you ship from?,0
DM me on Facebook: facebook.com/shopper664,1
How soon can I get it?,0
Where do you ship from?,0
This looks good.,0
What are the dimensions?,0
This looks good.,0
What are the dimensions?,0
Call me at +1 840 565 8283,1
you can DM me at shopper610 on Insta,1
Add me on WhatsApp: 4370538165,1
Add me on WhatsApp: 555-454-8866,1
Does it come in other colors?,0
What’s the price?,0
What’s the price?,0
I’m interested in this item.,0
This looks good.,0
Can you show more photos?,0
What are the dimensions?,0
Reach me at +1 065 757 0358,1
telegram: t dot me slash shopper97,1
How soon can I get it?,0
This looks good.,0
Does it come in other colors?,0
Does it come in other colors?,0
Where do you ship from?,0
What’s the price?,0
Where do you ship from?,0
This looks good.,0
DM me on Instagram @designer123,1
Where do you ship from?,0
You can reach me at +1-655-898-6791,1
📱 +1-273-857-4213,1
Where do you ship from?,0
My TikTok: @charlie450,1
I’m interested in this item.,0
Send me a DM on Facebook: facebook.com/tech_lead,1
Does it come in other colors?,0
WhatsApp me at +1-555-569-8105,1
Can you show more photos?,0
DM me on Instagram @fashioneer,1
Does it come in other colors?,0
This looks good.,0
Email me at user3083@example.com,1
Where do you ship from?,0
Where do you ship from?,0
What are the dimensions?,0
This looks good.,0
What are the dimensions?,0
I’m interested in this item.,0
This looks good.,0
Let's connect on LinkedIn: linkedin.com/in/shopper99,1
📱 +1-216-227-5233,1
I’m interested in this item.,0
Can you show more photos?,0
I’m interested in this item.,0
t e l : +1-204-921-3700,1
Can you show more photos?,0
Add me on WhatsApp: 525-348-8558,1
I’m interested in this item.,0
What are the dimensions?,0
What’s the price?,0
C o n t a c t :   + 1   4 9 5   0 6 5   3 4 8 0,1
Does it come in other colors?,0
How soon can I get it?,0
Do you have it in stock?,0
My WeChat ID is john_doe,1
get in touch @ user865@example.com,1
My WeChat ID is john_doe,1
I’m interested in this item.,0
I’m interested in this item.,0
I’m interested in this item.,0
How soon can I get it?,0
Can you show more photos?,0
Add me on WhatsApp: 206-866-0070,1
How soon can I get it?,0
What are the dimensions?,0
What’s the price?,0
What are the dimensions?,0
I’m interested in this item.,0
Do you have it in stock?,0
This looks good.,0
This looks good.,0
Do you have it in stock?,0
What’s the price?,0
What are the dimensions?,0
How soon can I get it?,0
Can you show more photos?,0
What are the dimensions?,0
I’m interested in this item.,0
📱 +1-766-481-5765,1
How soon can I get it?,0
Can you show more photos?,0
Where do you ship from?,0
This looks good.,0
📧 user7054@example.com,1
Connect on LinkedIn (linkedin.com/in/coolcat332),1
"My contact is 555-250-3124, call me.",1
This looks good.,0
I’m interested in this item.,0
Can you share your phone number so I can send you details?,1
What’s the price?,0
Does it come in other colors?,0
Can you show more photos?,0
What’s the price?,0
What are the dimensions?,0
Nice product!,0
This looks good.,0
Does it come in other colors?,0
My TikTok: @bob730,1
Where do you ship from?,0
Where do you ship from?,0
What’s the price?,0
Send me a DM on Facebook: facebook.com/jane.smith,1
Hit me up on WhatsApp at 555-554-6219,1
This looks good.,0
This looks good.,0
What’s the price?,0
Do you have it in stock?,0
Where do you ship from?,0
Do you have it in stock?,0
I’m interested in this item.,0
Do you have it in stock?,0
What’s the price?,0
What are the dimensions?,0
t e l : +1-976-789-6140,1
📱 +1-530-309-5176,1
Where do you ship from?,0
I’m interested in this item.,0
Where do you ship from?,0
Please email me at user1844@example.com,1
What’s the price?,0
How soon can I get it?,0
Can you show more photos?,0
Does it come in other colors?,0
Let's connect on LinkedIn: linkedin.com/in/fashionguru,1
Can you show more photos?,0
This looks good.,0
Text me at +1-217-406-6851,1
Add me on WhatsApp: 555-235-4536,1
Nice product!,0
How soon can I get it?,0
This looks good.,0
Nice product!,0
you can DM me at devguy425 on Insta,1
What are the dimensions?,0
my digits: +1-229-326-9140,1
Nice product!,0
Let's connect on LinkedIn: https://linkedin.com/in/frank425,1
Can I have your email address?,1
I’m interested in this item.,0
"My contact is 555-204-5814, call me.",1
What are the dimensions?,0
📱 +1-636-224-3271,1
Where do you ship from?,0
What’s the price?,0
Do you have it in stock?,0
I’m interested in this item.,0
You can reach me at 555-702-8254,1
Does it come in other colors?,0
Contact me via Telegram: @tech_lead,1
How soon can I get it?,0
My number is (901) 418-6407,1
find me at user2522@example.com 😉,1
How soon can I get it?,0
Nice product!,0
Does it come in other colors?,0
Where do you ship from?,0
How soon can I get it?,0
This looks good.,0
e v e 8 4 @ t e s t . o r g,1
Nice product!,0
What are the dimensions?,0
Can you show more photos?,0
This looks good.,0
Follow me on Twitter: @ivan215,1
Nice product!,0
Can you show more photos?,0
What are the dimensions?,0
Can you share your phone number so I can send you details?,1
What’s the price?,0
Where do you ship from?,0
What are the dimensions?,0
Do you have it in stock?,0
Do you have it in stock?,0
snap me at s-n-a-p devguy884,1
This looks good.,0
Connect on LinkedIn (linkedin.com/in/best_pizza),1
"Email is user1964@example.com, reach out anytime.",1
Text me at 555-616-6184 for more info.,1
What are the dimensions?,0
What are the dimensions?,0
I’m interested in this item.,0
This looks good.,0
How soon can I get it?,0
Does it come in other colors?,0
Where do you ship from?,0
Connect on LinkedIn (linkedin.com/in/john_doe),1
How soon can I get it?,0
Do you have it in stock?,0
Where do you ship from?,0
I’m interested in this item.,0
I’m interested in this item.,0
What are the dimensions?,0
What’s the price?,0
Can you show more photos?,0
Nice product!,0
Where do you ship from?,0
What’s the price?,0
Can you show more photos?,0
Do you have it in stock?,0
Email me at user8919@example.com,1
What’s the price?,0
Nice product!,0
Text me at +1-943-806-3875,1
What’s the price?,0
my email id is user7540@example.com,1
Can you show more photos?,0
Where do you ship from?,0
Do you have it in stock?,0
I’m interested in this item.,0
What’s the price?,0
Here's my email: user1154@example.com,1
This looks good.,0
Reach out on WhatsApp at +1-511-892-2707,1
Do you have it in stock?,0
I’m interested in this item.,0
My TikTok: @alice81,1
This looks good.,0
Nice product!,0
Do you have it in stock?,0
What’s the price?,0
Where do you ship from?,0
How soon can I get it?,0
Call me at 9986439186,1
I’m interested in this item.,0
What are the dimensions?,0
Can I have your email address?,1
I’m interested in this item.,0
Can you show more photos?,0
This looks good.,0
Does it come in other colors?,0
Where do you ship from?,0
Can you show more photos?,0
Nice product!,0
How soon can I get it?,0
Text me at +1-420-478-8839,1
I’m interested in this item.,0
What’s the price?,0
c o n t a c t : +1-489-266-1059,1
Nice product!,0
My number is 660-957-8900,1
find me at user409@example.com 😉,1
DM me on Instagram: @judy321,1
Find me on Facebook: https://facebook.com/bob116,1
I’m interested in this item.,0
You can reach me at +1-718-612-9164,1
This looks good.,0
Does it come in other colors?,0
Nice product!,0
What’s the price?,0
I’m interested in this item.,0
Does it come in other colors?,0
Where do you ship from?,0
How soon can I get it?,0
Here's my email: user3420@example.com,1
Do you have it in stock?,0
How soon can I get it?,0
My Snapchat is frank110,1
Does it come in other colors?,0
What are the dimensions?,0
How soon can I get it?,0
Nice product!,0
Does it come in other colors?,0
Mail me: heidi91@email.net,1
Where do you ship from?,0
How soon can I get it?,0
Do you have it in stock?,0
My number is +1 937 931 1290,1
"My contact is 555-227-2263, call me.",1
I’m interested in this item.,0
This looks good.,0
e m a i l m e @ user1556@example.com,1
I’m interested in this item.,0
This looks good.,0
Nice product!,0
This looks good.,0
This looks good.,0
This looks good.,0
Where do you ship from?,0
What are the dimensions?,0
Hit me up on WhatsApp at +1-214-700-8575,1
I’m interested in this item.,0
Do you have it in stock?,0
Message me on Signal: (193) 321-0992,1
I’m interested in this item.,0
Can you show more photos?,0
Nice product!,0
Do you have it in stock?,0
What’s the price?,0
Nice product!,0
Add me on WhatsApp: 555-563-3754,1
Contact me on Skype: frank451,1
Nice product!,0
Can you show more photos?,0
What are the dimensions?,0
How soon can I get it?,0
Do you have it in stock?,0
Where do you ship from?,0
Can you show more photos?,0
fb.com/fashionista383,1
I’m interested in this item.,0
I’m interested in this item.,0
Hit me up on WhatsApp at +1-744-530-9422,1
I’m interested in this item.,0
What’s the price?,0
What are the dimensions?,0
Can you show more photos?,0
This looks good.,0
Email me at frank1@email.net,1
Can you show more photos?,0
Nice product!,0
wanna chat? +1-968-703-2534,1
Can you show more photos?,0
What are the dimensions?,0
What are the dimensions?,0
my email id is user1918@example.com,1
e v e 3 2 @ m a i l . c o m,1
How soon can I get it?,0
Can you show more photos?,0
Does it come in other colors?,0
My WeChat ID is tech_lead,1
📱 +1-465-634-7257,1
Do you have it in stock?,0
Nice product!,0
What’s the price?,0
I’m interested in this item.,0
What’s the price?,0
Does it come in other colors?,0
What’s the price?,0
Can you show more photos?,0
How soon can I get it?,0
Do you have it in stock?,0
Does it come in other colors?,0
t e l : +1-781-762-4349,1
Does it come in other colors?,0
"Email is user9014@example.com, reach out anytime.",1
Nice product!,0
e m a i l m e @ user7639@example.com,1
Text me at +1-564-302-8482,1
This looks good.,0
Do you have it in stock?,0
Add me on WhatsApp: (096) 583-2285,1
Can you show more photos?,0
d a v i d 3 1 @ m a i l . c o m,1
C a l l   m e :   0 1 6 4 7 4 6 4 9 9,1
Let's connect on LinkedIn: linkedin.com/in/designer123,1
What’s the price?,0
I’m interested in this item.,0
I’m interested in this item.,0
This looks good.,0
Nice product!,0
Where do you ship from?,0
What are the dimensions?,0
Add me on Facebook (facebook.com/tech_lead),1
Do you have it in stock?,0
This looks good.,0
Does it come in other colors?,0
I’m interested in this item.,0
Can you show more photos?,0
Do you have it in stock?,0
This looks good.,0
This looks good.,0
I’m interested in this item.,0
I’m interested in this item.,0
This looks good.,0
Where do you ship from?,0
Does it come in other colors?,0
Does it come in other colors?,0
Nice product!,0
How soon can I get it?,0
Can you share your phone number so I can send you details?,1
DM me on Instagram @jane.smith,1
What’s the price?,0
Email me at bob21@example.com,1
This looks good.,0
What’s the price?,0
Does it come in other colors?,0
Where do you ship from?,0
Nice product!,0
Does it come in other colors?,0
I’m interested in this item.,0
How soon can I get it?,0
I’m interested in this item.,0
Nice product!,0
Where do you ship from?,0
Do you have it in stock?,0
📧 user1901@example.com,1
My Snapchat is frank29,1
I’m interested in this item.,0
I’m interested in this item.,0
What’s the price?,0
This looks good.,0
I’m interested in this item.,0
I’m interested in this item.,0
My WeChat ID is fashioneer,1
Message me on Snapchat: coolguy42,1
Do you have it in stock?,0
What’s the price?,0
This looks good.,0
"Email is user2995@example.com, reach out anytime.",1
Does it come in other colors?,0
I’m interested in this item.,0
What are the dimensions?,0
How soon can I get it?,0
Can you show more photos?,0
How soon can I get it?,0
Can you show more photos?,0
You can reach me at 555-792-1530,1
How soon can I get it?,0
Where do you ship from?,0
How soon can I get it?,0
Does it come in other colors?,0
Do you have it in stock?,0
I’m interested in this item.,0
Where do you ship from?,0
I’m interested in this item.,0
Do you have it in stock?,0
This looks good.,0
This looks good.,0
Do you have it in stock?,0
What’s the price?,0
Do you have it in stock?,0
Message me on Signal: 7493628011,1
Contact via email: judy97@test.org,1
Does it come in other colors?,0
What are the dimensions?,0
What are the dimensions?,0
Do you have it in stock?,0
I’m interested in this item.,0
I’m interested in this item.,0
Can you show more photos?,0
Can you show more photos?,0
Call me at 909-920-3714,1
What’s the price?,0
This looks good.,0
What are the dimensions?,0
Does it come in other colors?,0
I’m interested in this item.,0
Do you have it in stock?,0
What are the dimensions?,0
Do you have it in stock?,0
"Email is user7420@example.com, reach out anytime.",1
How soon can I get it?,0
This looks good.,0
This looks good.,0
What’s the price?,0
DM me on Instagram @fashionguru,1
Contact via email: ivan71@mail.com,1
This looks good.,0
Where do you ship from?,0
This looks good.,0
Where do you ship from?,0
I’m interested in this item.,0
Can you show more photos?,0
I’m interested in this item.,0
I’m interested in this item.,0
Do you have it in stock?,0
How soon can I get it?,0
Nice product!,0
I’m interested in this item.,0
Can you show more photos?,0
Does it come in other colors?,0
What’s the price?,0
"Email is user9225@example.com, reach out anytime.",1
Where do you ship from?,0
Do you have it in stock?,0
My number is 965-715-8096,1
Here is my email: user4434@example.com,1
What are the dimensions?,0
Do you have it in stock?,0
wanna chat? +1-675-186-1686,1
What’s the price?,0
Does it come in other colors?,0
How soon can I get it?,0
I’m interested in this item.,0
Where do you ship from?,0
What are the dimensions?,0
"My contact is 555-798-4176, call me.",1
Email me at user8921@example.com,1
Nice product!,0
Nice product!,0
Can I have your email address?,1
Can you show more photos?,0
C a l l   m e :   5 5 4 - 0 8 7 - 5 8 5 9,1
This looks good.,0
reach at t w o o o @example.com,1
What’s the price?,0
e m a i l m e @ user782@example.com,1
Does it come in other colors?,0
Send me a DM on Facebook: facebook.com/shop_owner,1
Where do you ship from?,0
What are the dimensions?,0
Can you show more photos?,0
This looks good.,0
Can you show more photos?,0
I’m interested in this item.,0
Do you have it in stock?,0
Where do you ship from?,0
Nice product!,0
Nice product!,0
t e l : +1-854-973-3014,1
Do you have it in stock?,0
I’m interested in this item.,0
fb.com/fashionista836,1
Here's my email: user6313@example.com,1
Do you have it in stock?,0
What’s the price?,0
This looks good.,0
Nice product!,0
How soon can I get it?,0
Nice product!,0
This looks good.,0
What are the dimensions?,0
How soon can I get it?,0
What are the dimensions?,0
What are the dimensions?,0
Text me at 555-388-3926 for more info.,1
Hit me up on WhatsApp at +1-943-979-8151,1
Follow me on Instagram @designer123 and DM.,1
message me via g m a i l at user4760@example.com,1
How soon can I get it?,0
What’s the price?,0
What’s the price?,0
you can DM me at fashionista171 on Insta,1
This looks good.,0
What are the dimensions?,0
How soon can I get it?,0
Do you have it in stock?,0
How soon can I get it?,0
This looks good.,0
I’m interested in this item.,0
What are the dimensions?,0
What are the dimensions?,0
What are the dimensions?,0
Here is my email: user8011@example.com,1
Where do you ship from?,0
What are the dimensions?,0
Can you show more photos?,0
Do you have it in stock?,0
What are the dimensions?,0
Do you have it in stock?,0
What are the dimensions?,0
Add me on WhatsApp: 555-167-1407,1
What’s the price?,0
How soon can I get it?,0
Text me at +1 420 794 4129,1
What are the dimensions?,0
Does it come in other colors?,0
What’s the price?,0
DM me on Instagram: @eve20,1
Does it come in other colors?,0
Where do you ship from?,0
I’m interested in this item.,0
Find me on Facebook: https://facebook.com/alice186,1
I’m interested in this item.,0
Do you have it in stock?,0
What are the dimensions?,0
Nice product!,0
Nice product!,0
Do you have it in stock?,0
Does it come in other colors?,0
Can you show more photos?,0
Hit me up on WhatsApp at 555-951-2692,1
Where do you ship from?,0
Add me on Facebook (facebook.com/john_doe),1
What’s the price?,0
you can DM me at devguy971 on Insta,1
Where do you ship from?,0
What’s the price?,0
This looks good.,0
This looks good.,0
What’s the price?,0
What are the dimensions?,0
This looks good.,0
get in touch @ user8249@example.com,1
hmu @ coolcat253,1
Can you show more photos?,0
You can reach me at +1-913-856-6046,1
Does it come in other colors?,0
c   o   n   t   a   c   t   m   e   8 0 2 5 7 2 7 1 9 3,1
What are the dimensions?,0
I’m interested in this item.,0
Does it come in other colors?,0
Does it come in other colors?,0
Do you have it in stock?,0
Do you have it in stock?,0
e m a i l m e @ user6349@example.com,1
C a l l   m e :   7 7 2 - 9 8 2 - 1 1 7 5,1
This looks good.,0
What are the dimensions?,0
What are the dimensions?,0
What’s the price?,0
How soon can I get it?,0
Message me on Signal: (660) 392-3163,1
WhatsApp me at (823) 731-5868,1
Nice product!,0
This looks good.,0
Does it come in other colors?,0
Can you show more photos?,0
Nice product!,0
TikTok me at +1 163 717 6945,1
Where do you ship from?,0
This looks good.,0
What are the dimensions?,0
What’s the price?,0
What’s the price?,0
Do you have it in stock?,0
How soon can I get it?,0
What are the dimensions?,0
Does it come in other colors?,0
Does it come in other colors?,0
I’m interested in this item.,0
Nice product!,0
c   o   n   t   a   c   t   m   e   6 5 6 - 8 7 2 - 5 8 3 0,1
Where do you ship from?,0
Can you show more photos?,0
Where do you ship from?,0
Text me at (255) 993-4733,1
What are the dimensions?,0
How soon can I get it?,0
Does it come in other colors?,0
This looks good.,0
Reach out on WhatsApp at +1-614-646-8282,1
Do you have it in stock?,0
Can you show more photos?,0
This looks good.,0
What are the dimensions?,0
I’m interested in this item.,0
Do you have it in stock?,0
Does it come in other colors?,0
Where do you ship from?,0
You can reach me at 555-701-4998,1
Contact via email: eve41@mail.com,1
What are the dimensions?,0
I’m interested in this item.,0
Nice product!,0
What are the dimensions?,0
Does it come in other colors?,0
Where do you ship from?,0
Nice product!,0
Nice product!,0
Here's my email: user4954@example.com,1
t e l : +1-632-624-8609,1
Nice product!,0
Contact via email: alice69@mail.com,1
📧 user6610@example.com,1
I’m interested in this item.,0
How soon can I get it?,0
How soon can I get it?,0
Where do you ship from?,0
Text me at 555-508-5398 for more info.,1
I’m interested in this item.,0
I’m interested in this item.,0
Where do you ship from?,0
Nice product!,0
What are the dimensions?,0
This looks good.,0
What’s the price?,0
Where do you ship from?,0
Nice product!,0
Does it come in other colors?,0
What are the dimensions?,0
What are the dimensions?,0
Where do you ship from?,0
Can you show more photos?,0
Can you show more photos?,0
What’s the price?,0
This looks good.,0
What are the dimensions?,0
Nice product!,0
Where do you ship from?,0
Can you show more photos?,0
Do you have it in stock?,0
I’m interested in this item.,0
What are the dimensions?,0
Where do you ship from?,0
This looks good.,0
What are the dimensions?,0
What are the dimensions?,0
Where do you ship from?,0
Where do you ship from?,0
Does it come in other colors?,0
Can you show more photos?,0
Do you have it in stock?,0
What’s the price?,0
I’m interested in this item.,0
DM me on Instagram: @frank201,1
Where do you ship from?,0
This looks good.,0
I’m interested in this item.,0
Do you have it in stock?,0
This looks good.,0
Hit me up on WhatsApp at 555-818-2410,1
This looks good.,0
How soon can I get it?,0
Does it come in other colors?,0
This looks good.,0
How soon can I get it?,0
Does it come in other colors?,0
Find me on Facebook: https://facebook.com/charlie84,1
I’m interested in this item.,0
Where do you ship from?,0
Can you show more photos?,0
This looks good.,0
Can you show more photos?,0
What’s the price?,0
Can you show more photos?,0
This looks good.,0
Where do you ship from?,0
What’s the price?,0
I’m interested in this item.,0
📧 user4786@example.com,1
What’s the price?,0
Can you show more photos?,0
Follow me on Instagram @tech_lead and DM.,1
Can you show more photos?,0
Does it come in other colors?,0
Can you show more photos?,0
Where do you ship from?,0
Follow me on Twitter: @heidi714,1
Where do you ship from?,0
Hit me up on WhatsApp at 555-698-1572,1
This looks good.,0
reach at t w o o o @example.com,1
C a l l   m e :   + 1   6 9 7   5 8 8   2 2 6 8,1
Where do you ship from?,0
Where do you ship from?,0
Can I have your email address?,1
Does it come in other colors?,0
Nice product!,0
Email me at eve73@mail.com,1
Add me on WhatsApp: 555-556-6318,1
Do you have it in stock?,0
Where do you ship from?,0
Text me at +1-227-598-6113,1
Hit me up on WhatsApp at 555-660-9277,1
What are the dimensions?,0
Do you have it in stock?,0
Does it come in other colors?,0
Where do you ship from?,0
I’m interested in this item.,0
Does it come in other colors?,0
C o n t a c t :   ( 0 4 5 )   7 6 6 - 4 4 3 3,1
"Email is user2997@example.com, reach out anytime.",1
Where do you ship from?,0
What’s the price?,0
Do you have it in stock?,0
Do you have it in stock?,0
What’s the price?,0
find me at user3053@example.com 😉,1
What’s the price?,0
Do you have it in stock?,0
Here is my email: user5888@example.com,1
Does it come in other colors?,0
Nice product!,0
What’s the price?,0
This looks good.,0
Do you have it in stock?,0
What’s the price?,0
What’s the price?,0
Nice product!,0
Does it come in other colors?,0
What’s the price?,0
Where do you ship from?,0
Can you show more photos?,0
Nice product!,0
Does it come in other colors?,0
How soon can I get it?,0
My Snapchat is eve437,1
What’s the price?,0
Nice product!,0
How soon can I get it?,0
I’m interested in this item.,0
I’m interested in this item.,0
This looks good.,0
Nice product!,0
Connect on LinkedIn (linkedin.com/in/best_pizza),1
This looks good.,0
What’s the price?,0
What are the dimensions?,0
Can you show more photos?,0
How soon can I get it?,0
📧 user8723@example.com,1
This looks good.,0
Nice product!,0
Can you show more photos?,0
my email id is user3937@example.com,1
Contact via email: judy16@email.net,1
Do you have it in stock?,0
What’s the price?,0
Does it come in other colors?,0
What’s the price?,0
How soon can I get it?,0
What are the dimensions?,0
Nice product!,0
Can you show more photos?,0
Nice product!,0
How soon can I get it?,0
What’s the price?,0
How soon can I get it?,0
Do you have it in stock?,0
Where do you ship from?,0
"My contact is 555-373-3696, call me.",1
DM me on Instagram @fashionguru,1
Where do you ship from?,0
Can you show more photos?,0
Nice product!,0
What’s the price?,0
What are the dimensions?,0
c   o   n   t   a   c   t   m   e   1 9 2 6 4 7 2 7 1 4,1
Can you show more photos?,0
I’m interested in this item.,0
Do you have it in stock?,0
Nice product!,0
Can I have your email address?,1
What’s the price?,0
How soon can I get it?,0
Nice product!,0
Nice product!,0
Email me at ivan17@test.org,1
Where do you ship from?,0
Snapchat me @ coolcat305,1
Where do you ship from?,0
Where do you ship from?,0
Where do you ship from?,0
Can you show more photos?,0
Here's my email: user4996@example.com,1
How soon can I get it?,0
Follow me on Instagram @designer123 and DM.,1
Can I have your email address?,1
What’s the price?,0
I’m interested in this item.,0
Do you have it in stock?,0
Nice product!,0
Can you show more photos?,0
c   o   n   t   a   c   t   m   e   4 6 4 - 6 5 9 - 7 8 8 2,1
Does it come in other colors?,0
What are the dimensions?,0
This looks good.,0
What’s the price?,0
What are the dimensions?,0
What are the dimensions?,0
find me at user7628@example.com 😉,1
How soon can I get it?,0
Can you show more photos?,0
This looks good.,0
I’m interested in this item.,0
I’m interested in this item.,0
Add me on WhatsApp: 555-467-3508,1
Where do you ship from?,0
Reach me at (413) 230-7091,1
Can you show more photos?,0
What’s the price?,0
Nice product!,0
I’m interested in this item.,0
What’s the price?,0
Where do you ship from?,0
Can you share your phone number so I can send you details?,1
What are the dimensions?,0
Text me at (581) 331-2851,1
Contact me on Skype: grace546,1
Do you have it in stock?,0
Please email me at user1058@example.com,1
Nice product!,0
Add me on WhatsApp: 555-886-1120,1
This looks good.,0
Do you have it in stock?,0
Nice product!,0
I’m interested in this item.,0
Can you show more photos?,0
Nice product!,0
Contact me on Skype: charlie826,1
What’s the price?,0
📧 user9511@example.com,1
I’m interested in this item.,0
How soon can I get it?,0
What are the dimensions?,0
I’m interested in this item.,0
Reach out on WhatsApp at +1-252-840-2995,1
Contact me via Telegram: @tech_lead,1
This looks good.,0
What are the dimensions?,0
How soon can I get it?,0
Contact me via Telegram: @shop_owner,1
Where do you ship from?,0
I’m interested in this item.,0
I’m interested in this item.,0
What are the dimensions?,0
Message me on Snapchat: shopper99,1
What are the dimensions?,0
I’m interested in this item.,0
Can you show more photos?,0
Nice product!,0
This looks good.,0
WhatsApp me at +1-555-867-6353,1
Do you have it in stock?,0
Can you show more photos?,0
"My contact is 555-280-6474, call me.",1
Add me on Facebook (facebook.com/tech_lead),1
Can you show more photos?,0
This looks good.,0
Can you show more photos?,0
What are the dimensions?,0
What’s the price?,0
I’m interested in this item.,0
Text me at (111) 157-5778,1
This looks good.,0
Where do you ship from?,0
Reach me at 4829523478,1
What are the dimensions?,0
My Snapchat is judy65,1
Can you show more photos?,0
Do you have it in stock?,0
my email id is user8128@example.com,1
This looks good.,0
Does it come in other colors?,0
Where do you ship from?,0
Do you have it in stock?,0
Add me on Facebook (facebook.com/best_pizza),1
Does it come in other colors?,0
Here is my email: user7413@example.com,1
I’m interested in this item.,0
What are the dimensions?,0
Add me on WhatsApp: 555-309-5101,1
This looks good.,0
My TikTok: @grace863,1
I’m interested in this item.,0
my digits: +1-214-473-2004,1
Do you have it in stock?,0
What are the dimensions?,0
Where do you ship from?,0
Hit me up on WhatsApp at +1-168-916-3656,1
Nice product!,0
Nice product!,0
What’s the price?,0
Does it come in other colors?,0
How soon can I get it?,0
Can you show more photos?,0
c   o   n   t   a   c   t   m   e   1 4 9 7 4 2 7 6 7 5,1
Where do you ship from?,0
WhatsApp me at 797-593-3661,1
Can you show more photos?,0
What are the dimensions?,0
Does it come in other colors?,0
Does it come in other colors?,0
This looks good.,0
Where do you ship from?,0
This looks good.,0
Text me at 3833577535,1
Does it come in other colors?,0
Let's connect on LinkedIn: https://linkedin.com/in/heidi178,1
This looks good.,0
Follow me on Twitter: @ivan724,1
Nice product!,0
Ping me on Telegram: @grace785,1
Do you have it in stock?,0
"My contact is 555-422-7099, call me.",1
Where do you ship from?,0
Where do you ship from?,0
This looks good.,0
Nice product!,0
Add me on WhatsApp: (660) 671-3143,1
This looks good.,0
I’m interested in this item.,0
How soon can I get it?,0
What are the dimensions?,0
This looks good.,0
Follow me on Instagram @fashioneer and DM.,1
c   o   n   t   a   c   t   m   e   + 1   3 7 9   0 8 3   3 0 4 9,1
Where do you ship from?,0
Nice product!,0
Where do you ship from?,0
Can you show more photos?,0
What’s the price?,0
I’m interested in this item.,0
Message me on Signal: 0721245406,1
telegram: t dot me slash fashionista683,1
What’s the price?,0
I’m interested in this item.,0
Nice product!,0
Nice product!,0
fb.com/fashionista191,1
Where do you ship from?,0
Do you have it in stock?,0
Where do you ship from?,0
Does it come in other colors?,0
Can you show more photos?,0
How soon can I get it?,0
Do you have it in stock?,0
Does it come in other colors?,0
My WeChat ID is john_doe,1
my digits: +1-563-703-3275,1
How soon can I get it?,0
This looks good.,0
I’m interested in this item.,0
Do you have it in stock?,0
Where do you ship from?,0
My TikTok: @bob609,1
What are the dimensions?,0
Can you show more photos?,0
What are the dimensions?,0
I’m interested in this item.,0
I’m interested in this item.,0
What’s the price?,0
Can you show more photos?,0
Does it come in other colors?,0
WhatsApp me at +1-555-744-2089,1
Send me a DM on Facebook: facebook.com/tech_lead,1
Mail me: eve47@example.com,1
c o n t a c t : +1-378-519-9184,1
How soon can I get it?,0
What are the dimensions?,0
Where do you ship from?,0
Does it come in other colors?,0
Signal me at 5809845608,1
What are the dimensions?,0
What are the dimensions?,0
Where do you ship from?,0
Where do you ship from?,0
This looks good.,0
You can reach me at 555-217-7184,1
Do you have it in stock?,0
I’m interested in this item.,0
Do you have it in stock?,0
What’s the price?,0
Nice product!,0
What’s the price?,0
C a l l   m e :   ( 9 0 1 )   6 8 0 - 6 7 1 2,1
Nice product!,0
You can reach me at 555-637-2835,1
Nice product!,0
Where do you ship from?,0
Does it come in other colors?,0
I’m interested in this item.,0
I’m interested in this item.,0
hmu @ shopper733,1
Do you have it in stock?,0
What are the dimensions?,0
I’m interested in this item.,0
I’m interested in this item.,0
I’m interested in this item.,0
What’s the price?,0
How soon can I get it?,0
How soon can I get it?,0
What’s the price?,0
How soon can I get it?,0
I’m interested in this item.,0
I’m interested in this item.,0
Nice product!,0
How soon can I get it?,0
This looks good.,0
Where do you ship from?,0
I’m interested in this item.,0
Here is my email: user2133@example.com,1
Can you show more photos?,0
📧 user9211@example.com,1
Do you have it in stock?,0
Where do you ship from?,0
How soon can I get it?,0
Can you show more photos?,0
Message via email: alice58@example.com,1
DM me on Facebook: facebook.com/devguy514,1
fb.com/fashionista610,1
I’m interested in this item.,0
What are the dimensions?,0
Nice product!,0
Nice product!,0
Do you have it in stock?,0
Nice product!,0
Do you have it in stock?,0
Text me at (328) 213-7348,1
Messenger me at +1 456 142 3831,1
I’m interested in this item.,0
I’m interested in this item.,0
My TikTok: @ivan581,1
Nice product!,0
This looks good.,0
Does it come in other colors?,0
Nice product!,0
get in touch @ user6234@example.com,1
This looks good.,0
Do you have it in stock?,0
Does it come in other colors?,0
Does it come in other colors?,0
Nice product!,0
How soon can I get it?,0
Do you have it in stock?,0
Do you have it in stock?,0
Where do you ship from?,0
Snapchat me @ shopper588,1
Do you have it in stock?,0
Connect on LinkedIn (linkedin.com/in/devguy876),1
Where do you ship from?,0
What’s the price?,0
Where do you ship from?,0
How soon can I get it?,0
snap me at s-n-a-p coolcat640,1
Can I have your email address?,1
How soon can I get it?,0
Where do you ship from?,0
This looks good.,0
"My contact is 555-886-9758, call me.",1
Nice product!,0
This looks good.,0
Can you show more photos?,0
Does it come in other colors?,0
Nice product!,0
Nice product!,0
Do you have it in stock?,0
"My contact is 555-341-7355, call me.",1
This looks good.,0
What’s the price?,0
What are the dimensions?,0
Do you have it in stock?,0
How soon can I get it?,0
Can you show more photos?,0
How soon can I get it?,0
How soon can I get it?,0
How soon can I get it?,0
Message me at user8153@example.com,1
Nice product!,0
Contact: +1-171-673-5296,1
How soon can I get it?,0
Can you show more photos?,0
My TikTok: @eve601,1
Do you have it in stock?,0
Nice product!,0
Can you show more photos?,0
How soon can I get it?,0
my digits: +1-611-243-1012,1
How soon can I get it?,0
Can you show more photos?,0
This looks good.,0
How soon can I get it?,0
What are the dimensions?,0
Mail me: charlie69@example.com,1
Can you show more photos?,0
I’m interested in this item.,0
Nice product!,0
Can you show more photos?,0
How soon can I get it?,0
Can you show more photos?,0
Message via email: eve51@mail.com,1
Nice product!,0
Snapchat me @ devguy42,1
Can you show more photos?,0
Where do you ship from?,0
I’m interested in this item.,0
Nice product!,0
Contact me on Skype: ivan323,1
What are the dimensions?,0
What’s the price?,0
Does it come in other colors?,0
What are the dimensions?,0
What’s the price?,0
Add me on Facebook (facebook.com/fashioneer),1
Message me on Snapchat: jane.smith,1
Can you show more photos?,0
What’s the price?,0
my email id is user3807@example.com,1
Text me at +1-432-108-3825,1
Where do you ship from?,0
Nice product!,0
How soon can I get it?,0
c   o   n   t   a   c   t   m   e   4 4 1 - 0 7 9 - 9 0 7 5,1
What’s the price?,0
Where do you ship from?,0
Can you show more photos?,0
Text me at +1-608-220-6318,1
Can you show more photos?,0
Do you have it in stock?,0
Message me on Snapchat: john_doe,1
"My contact is 555-737-2679, call me.",1
Can you show more photos?,0
Does it come in other colors?,0
hmu @ coolcat879,1
Does it come in other colors?,0
What are the dimensions?,0
What are the dimensions?,0
What’s the price?,0
This looks good.,0
What’s the price?,0
Contact me via Telegram: @designer123,1
Nice product!,0
What’s the price?,0
How soon can I get it?,0
Nice product!,0
Nice product!,0
get in touch @ user8351@example.com,1
What’s the price?,0
Nice product!,0
C o n t a c t :   5 0 6 0 5 9 5 0 4 7,1
Do you have it in stock?,0
Nice product!,0
What are the dimensions?,0
This looks good.,0
How soon can I get it?,0
How soon can I get it?,0
What are the dimensions?,0
Ping me on Telegram: @frank582,1
What are the dimensions?,0
What’s the price?,0
Can you show more photos?,0
How soon can I get it?,0
Where do you ship from?,0
Does it come in other colors?,0
my email id is user5655@example.com,1
What’s the price?,0
Nice product!,0
I’m interested in this item.,0
How soon can I get it?,0
I’m interested in this item.,0
What are the dimensions?,0
Where do you ship from?,0
Can you show more photos?,0
"Email is user2672@example.com, reach out anytime.",1
Can you show more photos?,0
What are the dimensions?,0
What are the dimensions?,0
I’m interested in this item.,0
What’s the price?,0
I’m interested in this item.,0
Let's connect on LinkedIn: https://linkedin.com/in/ivan152,1
Can you show more photos?,0
c   o   n   t   a   c   t   m   e   4 0 3 - 4 7 1 - 4 2 0 1,1
This looks good.,0
How soon can I get it?,0
Nice product!,0
Can you show more photos?,0
Send me a DM on Facebook: facebook.com/jane.smith,1
What are the dimensions?,0
What’s the price?,0
What’s the price?,0
Where do you ship from?,0
Please email me at user1967@example.com,1
message me via g m a i l at user2689@example.com,1
I’m interested in this item.,0
Do you have it in stock?,0
What’s the price?,0
fb.com/shopper539,1
Nice product!,0
Where do you ship from?,0
Let's connect on LinkedIn: https://linkedin.com/in/grace489,1
Where do you ship from?,0
Message me on Signal: (944) 233-5855,1
Does it come in other colors?,0
I’m interested in this item.,0
Call me at +1 399 447 9723,1
This looks good.,0
Contact via email: charlie20@test.org,1
How soon can I get it?,0
What’s the price?,0
Does it come in other colors?,0
Does it come in other colors?,0
get in touch @ user9907@example.com,1
What’s the price?,0
Do you have it in stock?,0
This looks good.,0
I’m interested in this item.,0
Where do you ship from?,0
DM me on Facebook: facebook.com/fashionista808,1
You can reach me at 555-232-6871,1
My Snapchat is alice238,1
Message me at user7622@example.com,1
What are the dimensions?,0
You can reach me at 555-595-6086,1
Does it come in other colors?,0
Can you show more photos?,0
Do you have it in stock?,0
Nice product!,0
Message me on Snapchat: jane.smith,1
Where do you ship from?,0
What’s the price?,0
Do you have it in stock?,0
Reach me at (805) 549-6535,1
Contact: +1-157-302-7187,1
You can reach me at 555-618-6449,1
Message me on Snapchat: tech_lead,1
Can you show more photos?,0
Nice product!,0
Nice product!,0
Do you have it in stock?,0
Mail me: frank56@example.com,1
Nice product!,0
Nice product!,0
I’m interested in this item.,0
snap me at s-n-a-p coolcat938,1
Does it come in other colors?,0
What’s the price?,0
Can you show more photos?,0
Where do you ship from?,0
Nice product!,0
Nice product!,0
How soon can I get it?,0
Does it come in other colors?,0
This looks good.,0
I’m interested in this item.,0
Snapchat me @ devguy464,1
What’s the price?,0
Let's connect on LinkedIn: linkedin.com/in/shop_owner,1
What are the dimensions?,0
I’m interested in this item.,0
Where do you ship from?,0
What are the dimensions?,0
Find me on Facebook: https://facebook.com/grace144,1
Does it come in other colors?,0
Snapchat me @ fashionista89,1
What’s the price?,0
My number is 5989287976,1
I’m interested in this item.,0
What’s the price?,0
Let's connect on LinkedIn: https://linkedin.com/in/grace973,1
What’s the price?,0
This looks good.,0
Where do you ship from?,0
Can you show more photos?,0
Does it come in other colors?,0
Where do you ship from?,0
Does it come in other colors?,0
Can you show more photos?,0
This looks good.,0
hmu @ coolcat188,1
What’s the price?,0
How soon can I get it?,0
Where do you ship from?,0
"Email is user6538@example.com, reach out anytime.",1
Can you show more photos?,0
I’m interested in this item.,0
This looks good.,0
How soon can I get it?,0
This looks good.,0
Does it come in other colors?,0
Do you have it in stock?,0
Please email me at user5567@example.com,1
How soon can I get it?,0
I’m interested in this item.,0
Where do you ship from?,0
Where do you ship from?,0
Text me at +1-475-288-6756,1
I’m interested in this item.,0
Message me on Snapchat: jane.smith,1
I’m interested in this item.,0
Nice product!,0
Let's connect on LinkedIn: linkedin.com/in/coolguy42,1
Does it come in other colors?,0
Where do you ship from?,0
WhatsApp me at +1-555-529-6376,1
What are the dimensions?,0
Connect on LinkedIn (linkedin.com/in/shopper612),1
What’s the price?,0
Nice product!,0
Nice product!,0
Does it come in other colors?,0
Contact me on Skype: charlie178,1
What’s the price?,0
What are the dimensions?,0
What are the dimensions?,0
Do you have it in stock?,0
Can you show more photos?,0
Can you show more photos?,0
Message me on Signal: (887) 170-4678,1
What are the dimensions?,0
This looks good.,0
Can you show more photos?,0
How soon can I get it?,0
Where do you ship from?,0
Can you show more photos?,0
"Email is user9651@example.com, reach out anytime.",1
Nice product!,0
This looks good.,0
Do you have it in stock?,0
This looks good.,0
Does it come in other colors?,0
Can you show more photos?,0
Nice product!,0
Can you show more photos?,0
How soon can I get it?,0
I’m interested in this item.,0
Can you show more photos?,0
How soon can I get it?,0
Do you have it in stock?,0
What are the dimensions?,0
What’s the price?,0
Can you show more photos?,0
What are the dimensions?,0
fb.com/shopper674,1
What’s the price?,0
What’s the price?,0
What are the dimensions?,0
I’m interested in this item.,0
What are the dimensions?,0
Text me at +1-535-360-7567,1
Where do you ship from?,0
I’m interested in this item.,0
Do you have it in stock?,0
How soon can I get it?,0
Can you show more photos?,0
Can you show more photos?,0
Nice product!,0
Can you show more photos?,0
Text me at +1-533-216-8045,1
What are the dimensions?,0
How soon can I get it?,0
What’s the price?,0
C o n t a c t :   5 2 5 - 0 1 7 - 1 8 5 6,1
What’s the price?,0
Do you have it in stock?,0
get in touch @ user62@example.com,1
What’s the price?,0
Contact me via Telegram: @designer123,1
How soon can I get it?,0
Can you show more photos?,0
Can you show more photos?,0
Nice product!,0
Where do you ship from?,0
Does it come in other colors?,0
I’m interested in this item.,0
What’s the price?,0
Where do you ship from?,0
I’m interested in this item.,0
Nice product!,0
Can you show more photos?,0
Do you have it in stock?,0
I’m interested in this item.,0
I’m interested in this item.,0
This looks good.,0
How soon can I get it?,0
I’m interested in this item.,0
Can you show more photos?,0
Do you have it in stock?,0
Do you have it in stock?,0
Please email me at user9226@example.com,1
Nice product!,0
Does it come in other colors?,0
I’m interested in this item.,0
I’m interested in this item.,0
Text me at 7244936677,1
Follow me on Twitter: @ivan804,1
What are the dimensions?,0
Can you show more photos?,0
Does it come in other colors?,0
How soon can I get it?,0
Can you show more photos?,0
Message me on Snapchat: shopper99,1
This looks good.,0
I’m interested in this item.,0
What’s the price?,0
DM me on Instagram: @bob199,1
Does it come in other colors?,0
Please email me at user2192@example.com,1
I’m interested in this item.,0
Follow me on Twitter: @ivan788,1
How soon can I get it?,0
This looks good.,0
Message me on Snapchat: tech_lead,1
Follow me on Twitter: @charlie881,1
t e l : +1-482-241-5574,1
Does it come in other colors?,0
How soon can I get it?,0
You can reach me at +1-248-498-4473,1
Reach out on WhatsApp at +1-198-438-4070,1
What are the dimensions?,0
Nice product!,0
Does it come in other colors?,0
How soon can I get it?,0
Message me on Snapchat: john_doe,1
This looks good.,0
What’s the price?,0
Do you have it in stock?,0
What’s the price?,0
Follow me on Instagram @designer123 and DM.,1
Can you show more photos?,0
What are the dimensions?,0
Do you have it in stock?,0
I’m interested in this item.,0
Nice product!,0
How soon can I get it?,0
What are the dimensions?,0
Nice product!,0
I’m interested in this item.,0
Do you have it in stock?,0
Does it come in other colors?,0
I’m interested in this item.,0
"My contact is 555-717-6715, call me.",1
What are the dimensions?,0
Does it come in other colors?,0
I’m interested in this item.,0
Where do you ship from?,0
Do you have it in stock?,0
What’s the price?,0
What’s the price?,0
Can you show more photos?,0
What’s the price?,0
c o n t a c t : +1-325-799-3323,1
My TikTok: @alice101,1
fb.com/fashionista723,1
find me at user4804@example.com 😉,1
telegram: t dot me slash fashionista896,1
Can you show more photos?,0
Does it come in other colors?,0
What are the dimensions?,0
This looks good.,0
Do you have it in stock?,0
This looks good.,0
Can you show more photos?,0
Nice product!,0
Nice product!,0
Where do you ship from?,0
Do you have it in stock?,0
get in touch @ user6524@example.com,1
I’m interested in this item.,0
I’m interested in this item.,0
Can you share your phone number so I can send you details?,1
What are the dimensions?,0
Does it come in other colors?,0
How soon can I get it?,0
What’s the price?,0
Do you have it in stock?,0
Text me at (454) 583-0040,1
What are the dimensions?,0
What’s the price?,0
This looks good.,0
I’m interested in this item.,0
What are the dimensions?,0
Do you have it in stock?,0
Does it come in other colors?,0
Nice product!,0
Nice product!,0
Does it come in other colors?,0
"Email is user1558@example.com, reach out anytime.",1
Nice product!,0
My number is 7684586233,1
This looks good.,0
I’m interested in this item.,0
This looks good.,0
What’s the price?,0
Nice product!,0
What’s the price?,0
Where do you ship from?,0
Where do you ship from?,0
WhatsApp me at +1-555-461-2865,1
Nice product!,0
Can you show more photos?,0
This looks good.,0
Does it come in other colors?,0
Let's connect on LinkedIn: https://linkedin.com/in/heidi513,1
Where do you ship from?,0
How soon can I get it?,0
I’m interested in this item.,0
reach at t w o o o @example.com,1
My WeChat ID is tech_lead,1
What’s the price?,0
What’s the price?,0
What are the dimensions?,0
What are the dimensions?,0
Can you show more photos?,0
What are the dimensions?,0
This looks good.,0
Does it come in other colors?,0
I’m interested in this item.,0
How soon can I get it?,0
Where do you ship from?,0
Nice product!,0
Hit me up on WhatsApp at 555-613-8214,1
What’s the price?,0
Where do you ship from?,0
How soon can I get it?,0
Can you show more photos?,0
Can you show more photos?,0
This looks good.,0
📱 +1-916-305-7851,1
Nice product!,0
Does it come in other colors?,0
Where do you ship from?,0
What are the dimensions?,0
Can you show more photos?,0
Do you have it in stock?,0
This looks good.,0
This looks good.,0
Does it come in other colors?,0
Where do you ship from?,0
How soon can I get it?,0
What’s the price?,0
message me via g m a i l at user4559@example.com,1
Where do you ship from?,0
Nice product!,0
This looks good.,0
How soon can I get it?,0
Does it come in other colors?,0
Nice product!,0
Connect on LinkedIn (linkedin.com/in/jane.smith),1
Does it come in other colors?,0
I’m interested in this item.,0
I’m interested in this item.,0
How soon can I get it?,0
Find me on Facebook: https://facebook.com/ivan655,1
I’m interested in this item.,0
How soon can I get it?,0
What’s the price?,0
Does it come in other colors?,0
I’m interested in this item.,0
Can you show more photos?,0
📱 +1-294-632-9036,1
This looks good.,0
Does it come in other colors?,0
Here is my email: user2697@example.com,1
"My contact is 555-251-3634, call me.",1
Can you show more photos?,0
Send me a DM on Facebook: facebook.com/jane.smith,1
This looks good.,0
Reach me at 765-385-8173,1
Hit me up on WhatsApp at 555-774-9725,1
What are the dimensions?,0
DM me on Instagram @fashioneer,1
Do you have it in stock?,0
I’m interested in this item.,0
Message me at user8282@example.com,1
Nice product!,0
Nice product!,0
"Email is user5309@example.com, reach out anytime.",1
t e l : +1-538-227-5910,1
This looks good.,0
C o n t a c t :   1 0 1 3 2 4 0 3 7 9,1
What’s the price?,0
This looks good.,0
Nice product!,0
This looks good.,0
What are the dimensions?,0
What are the dimensions?,0
Contact me via Telegram: @designer123,1
I’m interested in this item.,0
Where do you ship from?,0
What are the dimensions?,0
How soon can I get it?,0
Does it come in other colors?,0
Do you have it in stock?,0
What’s the price?,0
This looks good.,0
Do you have it in stock?,0
Nice product!,0
e m a i l m e @ user7221@example.com,1
Add me on WhatsApp: 555-943-2237,1
Can you show more photos?,0
Can you show more photos?,0
My WeChat ID is best_pizza,1
How soon can I get it?,0
Does it come in other colors?,0
you can DM me at shopper221 on Insta,1
How soon can I get it?,0
Nice product!,0
I’m interested in this item.,0
What’s the price?,0
Contact via email: frank41@mail.com,1
What’s the price?,0
Nice product!,0
e m a i l m e @ user2663@example.com,1
Does it come in other colors?,0
How soon can I get it?,0
Where do you ship from?,0
Email me at user9740@example.com,1
I’m interested in this item.,0
Do you have it in stock?,0
Can you show more photos?,0
This looks good.,0
Where do you ship from?,0
Can you show more photos?,0
What’s the price?,0
Do you have it in stock?,0
Connect on LinkedIn (linkedin.com/in/devguy269),1
I’m interested in this item.,0
my email id is user5859@example.com,1
What are the dimensions?,0
How soon can I get it?,0
Can you show more photos?,0
Hit me up on WhatsApp at 555-642-5584,1
My WeChat ID is fashionguru,1
Nice product!,0
How soon can I get it?,0
Does it come in other colors?,0
Snapchat me @ fashionista174,1
Nice product!,0
Nice product!,0
This looks good.,0
Contact me via Telegram: @fashionguru,1
Do you have it in stock?,0
How soon can I get it?,0
How soon can I get it?,0
What’s the price?,0
Do you have it in stock?,0
What are the dimensions?,0
Call me at 827-841-3990,1
I’m interested in this item.,0
Nice product!,0
Can you show more photos?,0
Where do you ship from?,0
I’m interested in this item.,0
Does it come in other colors?,0
DM me on Instagram @shopper99,1
Let's connect on LinkedIn: https://linkedin.com/in/charlie626,1
find me at user5383@example.com 😉,1
Do you have it in stock?,0
What are the dimensions?,0
I’m interested in this item.,0
Nice product!,0
Does it come in other colors?,0
Nice product!,0
What are the dimensions?,0
What are the dimensions?,0
What’s the price?,0
Where do you ship from?,0
Do you have it in stock?,0
Twitter me at 9108821092,1
How soon can I get it?,0
Does it come in other colors?,0
Does it come in other colors?,0
How soon can I get it?,0
How soon can I get it?,0
What’s the price?,0
Do you have it in stock?,0
Do you have it in stock?,0
Ping me on Telegram: @grace741,1
message me via g m a i l at user9784@example.com,1
"My contact is 555-649-3251, call me.",1
DM me on Instagram @designer123,1
I’m interested in this item.,0
Does it come in other colors?,0
What’s the price?,0
What’s the price?,0
I’m interested in this item.,0
Send me a DM on Facebook: facebook.com/fashioneer,1
What’s the price?,0
Reach me at 8612499729,1
Can you show more photos?,0
find me at user4356@example.com 😉,1
Do you have it in stock?,0
Where do you ship from?,0
Can you show more photos?,0
Can you show more photos?,0
you can DM me at fashionista609 on Insta,1
What are the dimensions?,0
DM me on Facebook: facebook.com/devguy112,1
What’s the price?,0
My WeChat ID is shopper99,1
Can you share your phone number so I can send you details?,1
Where do you ship from?,0
What’s the price?,0
Where do you ship from?,0
How soon can I get it?,0
c   o   n   t   a   c   t   m   e   ( 9 8 0 )   3 0 4 - 7 9 2 8,1
Follow me on Twitter: @frank928,1
Do you have it in stock?,0
My TikTok: @ivan823,1
Nice product!,0
What are the dimensions?,0
This looks good.,0
What are the dimensions?,0
c o n t a c t : +1-364-468-6025,1
Where do you ship from?,0
What are the dimensions?,0
Where do you ship from?,0
I’m interested in this item.,0
How soon can I get it?,0
Can you show more photos?,0
Can you show more photos?,0
Do you have it in stock?,0
This looks good.,0
Can you show more photos?,0
Nice product!,0
Message me on Signal: (893) 378-6411,1
I’m interested in this item.,0
Does it come in other colors?,0
Can you show more photos?,0
Can you show more photos?,0
Does it come in other colors?,0
Can you show more photos?,0
Can you show more photos?,0
This looks good.,0
This looks good.,0
How soon can I get it?,0
my email id is user4922@example.com,1
What’s the price?,0
What are the dimensions?,0
What are the dimensions?,0
C o n t a c t :   4 8 3 - 2 2 5 - 1 7 2 5,1
Follow me on Twitter: @bob692,1
What’s the price?,0
Nice product!,0
Where do you ship from?,0
Nice product!,0
What’s the price?,0
I’m interested in this item.,0
What’s the price?,0
Does it come in other colors?,0
I’m interested in this item.,0
What are the dimensions?,0
I’m interested in this item.,0
Message me on Signal: +1 963 809 9944,1
Let's connect on LinkedIn: linkedin.com/in/shop_owner,1
"Email is user6056@example.com, reach out anytime.",1
This looks good.,0
This looks good.,0
What are the dimensions?,0
Where do you ship from?,0
How soon can I get it?,0
Where do you ship from?,0
Can you show more photos?,0
"My contact is 555-386-7127, call me.",1
Does it come in other colors?,0
What are the dimensions?,0
DM me on Facebook: facebook.com/coolcat350,1
My TikTok: @eve674,1
This looks good.,0
Do you have it in stock?,0
Where do you ship from?,0
Nice product!,0
Can you show more photos?,0
How soon can I get it?,0
Do you have it in stock?,0
Does it come in other colors?,0
Where do you ship from?,0
Does it come in other colors?,0
This looks good.,0
What are the dimensions?,0
Does it come in other colors?,0
What’s the price?,0
Nice product!,0
Where do you ship from?,0
Can you share your phone number so I can send you details?,1
Do you have it in stock?,0
Mail me: bob35@example.com,1
Does it come in other colors?,0
Can you show more photos?,0
This looks good.,0
Email me at user5353@example.com,1
Nice product!,0
Do you have it in stock?,0
Do you have it in stock?,0
Do you have it in stock?,0
Do you have it in stock?,0
my email id is user7956@example.com,1
I’m interested in this item.,0
I’m interested in this item.,0
Do you have it in stock?,0
Do you have it in stock?,0
Can you show more photos?,0
Does it come in other colors?,0
Where do you ship from?,0
Do you have it in stock?,0
Mail me: charlie2@test.org,1
Does it come in other colors?,0
Connect on LinkedIn (linkedin.com/in/fashionista914),1
Do you have it in stock?,0
I’m interested in this item.,0
I’m interested in this item.,0
Nice product!,0
How soon can I get it?,0
Where do you ship from?,0
What’s the price?,0
Send me a DM on Facebook: facebook.com/jane.smith,1
Let's connect on LinkedIn: https://linkedin.com/in/alice153,1
Does it come in other colors?,0
Twitter me at 7880070670,1
What are the dimensions?,0
Can you show more photos?,0
What’s the price?,0
What are the dimensions?,0
How soon can I get it?,0
Can you share your phone number so I can send you details?,1
What are the dimensions?,0
Email me at user3166@example.com,1
What’s the price?,0
I’m interested in this item.,0
Do you have it in stock?,0
Can you show more photos?,0
How soon can I get it?,0
Can you show more photos?,0
What are the dimensions?,0
Message me on Signal: 6354022558,1
What’s the price?,0
How soon can I get it?,0
Do you have it in stock?,0
How soon can I get it?,0
How soon can I get it?,0
Follow me on Twitter: @heidi253,1
This looks good.,0
I’m interested in this item.,0
Do you have it in stock?,0
Message me on Snapchat: shop_owner,1
Connect on LinkedIn (linkedin.com/in/tech_lead),1
This looks good.,0
Where do you ship from?,0
Does it come in other colors?,0
Can you show more photos?,0
Do you have it in stock?,0
Do you have it in stock?,0
You can reach me at 555-419-5995,1
Can you show more photos?,0
Do you have it in stock?,0
I’m interested in this item.,0
Nice product!,0
What are the dimensions?,0
What’s the price?,0
my digits: +1-790-882-6583,1
I’m interested in this item.,0
What’s the price?,0
Where do you ship from?,0
Add me on WhatsApp: 555-854-3734,1
How soon can I get it?,0
How soon can I get it?,0
Does it come in other colors?,0
Do you have it in stock?,0
I’m interested in this item.,0
Can you show more photos?,0
What’s the price?,0
What’s the price?,0
This looks good.,0
Nice product!,0
This looks good.,0
Do you have it in stock?,0
Message me on Signal: +1 837 740 2660,1
I’m interested in this item.,0
Do you have it in stock?,0
How soon can I get it?,0
Do you have it in stock?,0
How soon can I get it?,0
Nice product!,0
I’m interested in this item.,0
Does it come in other colors?,0
Add me on Facebook (facebook.com/designer123),1
Contact via email: ivan46@example.com,1
My Snapchat is bob50,1
What’s the price?,0
This looks good.,0
Can you show more photos?,0
This looks good.,0
How soon can I get it?,0
This looks good.,0
What are the dimensions?,0
"My contact is 555-366-1344, call me.",1
C o n t a c t :   ( 9 6 5 )   4 4 0 - 0 6 6 6,1
This looks good.,0
Does it come in other colors?,0
c o n t a c t : +1-139-878-3538,1
Please email me at user6661@example.com,1
Add me on Facebook (facebook.com/tech_lead),1
What are the dimensions?,0
Does it come in other colors?,0
Where do you ship from?,0
Do you have it in stock?,0
Where do you ship from?,0
Where do you ship from?,0
Does it come in other colors?,0
Let's connect on LinkedIn: https://linkedin.com/in/charlie407,1
Do you have it in stock?,0
Does it come in other colors?,0
I’m interested in this item.,0
I’m interested in this item.,0
Add me on WhatsApp: 555-807-6696,1
Email me at david17@test.org,1
What’s the price?,0
What’s the price?,0
Do you have it in stock?,0
This looks good.,0
Can you show more photos?,0
My TikTok: @judy495,1
Does it come in other colors?,0
What are the dimensions?,0
TikTok me at (241) 049-1425,1
What are the dimensions?,0
DM me on Instagram @tech_lead,1
How soon can I get it?,0
Does it come in other colors?,0
Contact: +1-337-309-4629,1
Message via email: frank49@example.com,1
Nice product!,0
Nice product!,0
What are the dimensions?,0
Where do you ship from?,0
Can you show more photos?,0
Message me on Snapchat: john_doe,1
This looks good.,0
How soon can I get it?,0
I’m interested in this item.,0
What’s the price?,0
Send me a DM on Facebook: facebook.com/coolguy42,1
I’m interested in this item.,0
Message me on Snapchat: fashionguru,1
Where do you ship from?,0
Reach out on WhatsApp at +1-147-147-7914,1
How soon can I get it?,0
Nice product!,0
Email me at heidi39@example.com,1
How soon can I get it?,0
Nice product!,0
How soon can I get it?,0
This looks good.,0
Can you show more photos?,0
WhatsApp me at +1-555-471-7871,1
Can you show more photos?,0
Contact me via Telegram: @coolguy42,1
Does it come in other colors?,0
Can you show more photos?,0
📱 +1-772-358-7158,1
This looks good.,0
Can you show more photos?,0
Nice product!,0
Where do you ship from?,0
Does it come in other colors?,0
Can you show more photos?,0
I’m interested in this item.,0
Reach me at 5871611044,1
Text me at 535-296-9973,1
Can you show more photos?,0
Nice product!,0
Can you show more photos?,0
message me via g m a i l at user9145@example.com,1
TikTok me at +1 908 049 7834,1
This looks good.,0
What’s the price?,0
My number is +1 492 243 7618,1
What are the dimensions?,0
What’s the price?,0
This looks good.,0
What are the dimensions?,0
Instagram me at (085) 588-1007,1
How soon can I get it?,0
Message me on Snapchat: fashioneer,1
I’m interested in this item.,0
Do you have it in stock?,0
Can you show more photos?,0
Message me on Snapchat: fashioneer,1
I’m interested in this item.,0
Can you show more photos?,0
Can you share your phone number so I can send you details?,1
This looks good.,0
What’s the price?,0
I’m interested in this item.,0
What are the dimensions?,0
I’m interested in this item.,0
How soon can I get it?,0
What’s the price?,0
Do you have it in stock?,0
Where do you ship from?,0
What are the dimensions?,0
Nice product!,0
How soon can I get it?,0
I’m interested in this item.,0
I’m interested in this item.,0
This looks good.,0
Add me on Facebook (facebook.com/best_pizza),1
Does it come in other colors?,0
This looks good.,0
I’m interested in this item.,0
Do you have it in stock?,0
Can you show more photos?,0
Where do you ship from?,0
Does it come in other colors?,0
How soon can I get it?,0
What are the dimensions?,0
t e l : +1-226-206-1261,1
📧 user2856@example.com,1
How soon can I get it?,0
Nice product!,0
What’s the price?,0
What are the dimensions?,0
What’s the price?,0
Does it come in other colors?,0
Message me at user3655@example.com,1
Do you have it in stock?,0
Do you have it in stock?,0
Please email me at user9598@example.com,1
Where do you ship from?,0
Contact me on Skype: bob99,1
What are the dimensions?,0
Contact me on Skype: charlie112,1
reach at t w o o o @example.com,1
Where do you ship from?,0
Can you show more photos?,0
Does it come in other colors?,0
Nice product!,0
Where do you ship from?,0
My number is (887) 948-6430,1
How soon can I get it?,0
reach at t w o o o @example.com,1
Nice product!,0
How soon can I get it?,0
Where do you ship from?,0
I’m interested in this item.,0
What’s the price?,0
What’s the price?,0
C a l l   m e :   2 4 4 8 9 9 0 8 9 7,1
What’s the price?,0
Do you have it in stock?,0
WhatsApp me at +1-555-389-6083,1
Does it come in other colors?,0
I’m interested in this item.,0
Does it come in other colors?,0
hmu @ fashionista821,1
Nice product!,0
How soon can I get it?,0
Where do you ship from?,0
I’m interested in this item.,0
Can you show more photos?,0
My Snapchat is ivan304,1
Nice product!,0
Does it come in other colors?,0
Email me at user4969@example.com,1
Does it come in other colors?,0
Nice product!,0
Does it come in other colors?,0
This looks good.,0
This looks good.,0
reach at t w o o o @example.com,1
Do you have it in stock?,0
My Snapchat is heidi70,1
Can you show more photos?,0
Do you have it in stock?,0
Does it come in other colors?,0
WhatsApp me at +1-555-371-2549,1
Nice product!,0
This looks good.,0
My TikTok: @frank616,1
Can you show more photos?,0
I’m interested in this item.,0
Can you show more photos?,0
snap me at s-n-a-p shopper286,1
Contact me on Skype: heidi33,1
Where do you ship from?,0
What’s the price?,0
This looks good.,0
Can you show more photos?,0
Reach me at 464-816-4528,1
What’s the price?,0
e v e 7 9 @ m a i l . c o m,1
Where do you ship from?,0
What are the dimensions?,0
This looks good.,0
Can I have your email address?,1
What’s the price?,0
How soon can I get it?,0
I’m interested in this item.,0
Do you have it in stock?,0
Do you have it in stock?,0
What are the dimensions?,0
Do you have it in stock?,0
Do you have it in stock?,0
Message via email: heidi33@mail.com,1
wanna chat? +1-709-108-4980,1
you can DM me at devguy657 on Insta,1
I’m interested in this item.,0
Do you have it in stock?,0
Email me at user3500@example.com,1
Do you have it in stock?,0
Send me a DM on Facebook: facebook.com/shopper99,1
Find me on Facebook: https://facebook.com/ivan162,1
Nice product!,0
Nice product!,0
I’m interested in this item.,0
Where do you ship from?,0
I’m interested in this item.,0
What are the dimensions?,0
Can you show more photos?,0
Does it come in other colors?,0
Ping me on Telegram: @grace849,1
This looks good.,0
Email me at david11@test.org,1
How soon can I get it?,0
Do you have it in stock?,0
Message via email: heidi99@test.org,1
What’s the price?,0
This looks good.,0
Do you have it in stock?,0
c   o   n   t   a   c   t   m   e   1 8 3 9 5 1 2 3 7 6,1
Can you show more photos?,0
t e l : +1-592-780-6477,1
Nice product!,0
Does it come in other colors?,0
What are the dimensions?,0
Can you show more photos?,0
Please email me at user9983@example.com,1
I’m interested in this item.,0
e m a i l m e @ user9839@example.com,1
What’s the price?,0
What are the dimensions?,0
Nice product!,0
Add me on WhatsApp: 555-461-3364,1
How soon can I get it?,0
I’m interested in this item.,0
Does it come in other colors?,0
You can reach me at 555-336-4053,1
Does it come in other colors?,0
Do you have it in stock?,0
Can you show more photos?,0
C o n t a c t :   6 8 2 3 6 3 0 4 4 6,1
Can you share your phone number so I can send you details?,1
I’m interested in this item.,0
Nice product!,0
Can you show more photos?,0
I’m interested in this item.,0
I’m interested in this item.,0
How soon can I get it?,0
Does it come in other colors?,0
This looks good.,0
How soon can I get it?,0
Where do you ship from?,0
This looks good.,0
This looks good.,0
What are the dimensions?,0
Add me on Facebook (facebook.com/jane.smith),1
Can you show more photos?,0
Do you have it in stock?,0
What’s the price?,0
Nice product!,0
Where do you ship from?,0
Do you have it in stock?,0
Can you show more photos?,0
Nice product!,0
Do you have it in stock?,0
What’s the price?,0
Can you show more photos?,0
Can you show more photos?,0
Does it come in other colors?,0
What are the dimensions?,0
Send me a DM on Facebook: facebook.com/best_pizza,1
Can you show more photos?,0
i v a n 5 9 @ e m a i l . n e t,1
Here is my email: user2407@example.com,1
I’m interested in this item.,0
Do you have it in stock?,0
Ping me on Telegram: @charlie477,1
Can you show more photos?,0
message me via g m a i l at user3035@example.com,1
I’m interested in this item.,0
What are the dimensions?,0
How soon can I get it?,0
Where do you ship from?,0
I’m interested in this item.,0
This looks good.,0
Text me at +1 050 409 4999,1
Hit me up on WhatsApp at 555-719-3583,1
you can DM me at devguy447 on Insta,1
Can I have your email address?,1
Connect on LinkedIn (linkedin.com/in/shopper444),1
How soon can I get it?,0
This looks good.,0
What’s the price?,0
Nice product!,0
Can you show more photos?,0
Where do you ship from?,0
What are the dimensions?,0
This looks good.,0
How soon can I get it?,0
What’s the price?,0
Can you show more photos?,0
Hit me up on WhatsApp at 555-834-1823,1
fb.com/fashionista166,1
What are the dimensions?,0
Can you show more photos?,0
Where do you ship from?,0
Add me on WhatsApp: 2785218079,1
What’s the price?,0
Nice product!,0
Nice product!,0
My TikTok: @charlie14,1
Does it come in other colors?,0
Do you have it in stock?,0
Add me on WhatsApp: 083-582-4195,1
What are the dimensions?,0
Can you show more photos?,0
Does it come in other colors?,0
How soon can I get it?,0
This looks good.,0
I’m interested in this item.,0
Can you show more photos?,0
What’s the price?,0
This looks good.,0
What are the dimensions?,0
Can you show more photos?,0
I’m interested in this item.,0
Hit me up on WhatsApp at 555-753-4810,1
Does it come in other colors?,0
I’m interested in this item.,0
This looks good.,0
Where do you ship from?,0
Can you show more photos?,0
I’m interested in this item.,0
Where do you ship from?,0
What are the dimensions?,0
I’m interested in this item.,0
Connect on LinkedIn (linkedin.com/in/devguy914),1
How soon can I get it?,0
Does it come in other colors?,0
Does it come in other colors?,0
Do you have it in stock?,0
What are the dimensions?,0
You can reach me at 555-860-4065,1
Can you show more photos?,0
I’m interested in this item.,0
Does it come in other colors?,0
I’m interested in this item.,0
Do you have it in stock?,0
Do you have it in stock?,0
Can you show more photos?,0
What’s the price?,0
What’s the price?,0
I’m interested in this item.,0
Where do you ship from?,0
Where do you ship from?,0
Can you show more photos?,0
I’m interested in this item.,0
This looks good.,0
C a l l   m e :   ( 6 9 3 )   1 9 5 - 1 1 4 2,1
What’s the price?,0
"Email is user5588@example.com, reach out anytime.",1
Do you have it in stock?,0
Where do you ship from?,0
Can you show more photos?,0
Do you have it in stock?,0
What’s the price?,0
Nice product!,0
You can reach me at 555-288-7551,1
I’m interested in this item.,0
Can you show more photos?,0
Connect on LinkedIn (linkedin.com/in/coolcat254),1
WhatsApp me at +1-555-749-1976,1
Can you show more photos?,0
Can you show more photos?,0
This looks good.,0
my digits: +1-729-626-7773,1
Add me on Facebook (facebook.com/shop_owner),1
This looks good.,0
This looks good.,0
I’m interested in this item.,0
Does it come in other colors?,0
How soon can I get it?,0
How soon can I get it?,0
Add me on WhatsApp: 976-468-4775,1
c   o   n   t   a   c   t   m   e   ( 5 9 7 )   3 4 9 - 9 6 7 2,1
Does it come in other colors?,0
Do you have it in stock?,0
This looks good.,0
Can you show more photos?,0
Does it come in other colors?,0
I’m interested in this item.,0
Can you show more photos?,0
my email id is user8971@example.com,1
Hit me up on WhatsApp at +1-371-364-4411,1
Do you have it in stock?,0
Add me on WhatsApp: 555-272-3780,1
You can reach me at 555-313-4486,1
This looks good.,0
Text me at +1 126 312 1587,1
Nice product!,0
What are the dimensions?,0
I’m interested in this item.,0
I’m interested in this item.,0
Where do you ship from?,0
Nice product!,0
Where do you ship from?,0
How soon can I get it?,0
I’m interested in this item.,0
Call me at 696-721-7748,1
Do you have it in stock?,0
Do you have it in stock?,0
📱 +1-330-491-8208,1
Can you show more photos?,0
How soon can I get it?,0
Do you have it in stock?,0
This looks good.,0
Does it come in other colors?,0
How soon can I get it?,0
Can I have your email address?,1
This looks good.,0
How soon can I get it?,0
This looks good.,0
Follow me on Instagram @designer123 and DM.,1
How soon can I get it?,0
Send me a DM on Facebook: facebook.com/fashionguru,1
What’s the price?,0
Nice product!,0
Nice product!,0
Can you show more photos?,0
I’m interested in this item.,0
telegram: t dot me slash coolcat12,1
I’m interested in this item.,0
DM me on Facebook: facebook.com/coolcat171,1
What’s the price?,0
Can you show more photos?,0
What are the dimensions?,0
Does it come in other colors?,0
Nice product!,0
Can you show more photos?,0
Nice product!,0
Do you have it in stock?,0
Nice product!,0
Do you have it in stock?,0
I’m interested in this item.,0
Do you have it in stock?,0
reach at t w o o o @example.com,1
This looks good.,0
Can you show more photos?,0
Hit me up on WhatsApp at 555-198-4308,1
My TikTok: @ivan23,1
Find me on Facebook: https://facebook.com/alice166,1
This looks good.,0
What are the dimensions?,0
Text me at 555-227-8621 for more info.,1
Where do you ship from?,0
DM me on Facebook: facebook.com/fashionista858,1
I’m interested in this item.,0
What’s the price?,0
Does it come in other colors?,0
This looks good.,0
I’m interested in this item.,0
Here's my email: user5902@example.com,1
Where do you ship from?,0
Does it come in other colors?,0
DM me on Facebook: facebook.com/coolcat520,1
What are the dimensions?,0
Nice product!,0
C a l l   m e :   ( 6 8 0 )   0 3 8 - 3 9 7 2,1
Contact me on Skype: charlie863,1
This looks good.,0
I’m interested in this item.,0
Nice product!,0
Call me at +1 109 434 6618,1
How soon can I get it?,0
reach at t w o o o @example.com,1
Where do you ship from?,0
How soon can I get it?,0
Follow me on Twitter: @grace752,1
Where do you ship from?,0
What’s the price?,0
c   o   n   t   a   c   t   m   e   + 1   6 1 4   5 4 8   1 0 9 2,1
Find me on Facebook: https://facebook.com/eve635,1
Do you have it in stock?,0
This looks good.,0
Do you have it in stock?,0
Reach me at +1 431 963 6558,1
Does it come in other colors?,0
Mail me: grace53@test.org,1
What are the dimensions?,0
I’m interested in this item.,0
Can you show more photos?,0
How soon can I get it?,0
How soon can I get it?,0
Does it come in other colors?,0
This looks good.,0
My TikTok: @charlie50,1
How soon can I get it?,0
This looks good.,0
What are the dimensions?,0
Contact: +1-520-781-7691,1
I’m interested in this item.,0
My TikTok: @david458,1
How soon can I get it?,0
Where do you ship from?,0
What are the dimensions?,0
Can you show more photos?,0
What are the dimensions?,0
I’m interested in this item.,0
Do you have it in stock?,0
Does it come in other colors?,0
I’m interested in this item.,0
Do you have it in stock?,0
Let's connect on LinkedIn: https://linkedin.com/in/alice775,1
Can you show more photos?,0
Contact me on Skype: david685,1
Nice product!,0
Message me at user5849@example.com,1
Where do you ship from?,0
wanna chat? +1-863-938-5567,1
What are the dimensions?,0
How soon can I get it?,0
My TikTok: @alice222,1
Can you show more photos?,0
Can you show more photos?,0
I’m interested in this item.,0
Does it come in other colors?,0
Text me at +1 974 029 2666,1
Do you have it in stock?,0
Where do you ship from?,0
Follow me on Twitter: @heidi839,1
Where do you ship from?,0
How soon can I get it?,0
How soon can I get it?,0
You can reach me at +1-649-639-5429,1
Can you show more photos?,0
Email me at grace83@test.org,1
I’m interested in this item.,0
Do you have it in stock?,0
Where do you ship from?,0
Can you show more photos?,0
Send me a DM on Facebook: facebook.com/fashionguru,1
Where do you ship from?,0
Where do you ship from?,0
Can you show more photos?,0
"Email is user3941@example.com, reach out anytime.",1
Message via email: alice96@example.com,1
Nice product!,0
This looks good.,0
Can I have your email address?,1
Can I have your email address?,1
How soon can I get it?,0
I’m interested in this item.,0
Can you show more photos?,0
What are the dimensions?,0
Reach me at (137) 081-3619,1
Can you show more photos?,0
Follow me on Twitter: @judy503,1
Nice product!,0
Add me on WhatsApp: 555-399-1636,1
Do you have it in stock?,0
Can you show more photos?,0
Can you show more photos?,0
Can I have your email address?,1
Where do you ship from?,0
Can you show more photos?,0
Do you have it in stock?,0
What’s the price?,0
Can you show more photos?,0
Does it come in other colors?,0
Can I have your email address?,1
Where do you ship from?,0
What’s the price?,0
How soon can I get it?,0
Please email me at user6671@example.com,1
Message me at user1530@example.com,1
Where do you ship from?,0
Do you have it in stock?,0
This looks good.,0
This looks good.,0
Can you share your phone number so I can send you details?,1
Do you have it in stock?,0
Where do you ship from?,0
Do you have it in stock?,0
Contact me on Skype: alice869,1
Do you have it in stock?,0
This looks good.,0
Can you show more photos?,0
I’m interested in this item.,0
What are the dimensions?,0
WhatsApp me at +1-555-881-1390,1
Reach out on WhatsApp at +1-690-968-8517,1
WhatsApp me at +1-555-463-9905,1
This looks good.,0
Where do you ship from?,0
What’s the price?,0
Can you show more photos?,0
My Snapchat is grace380,1
How soon can I get it?,0
Does it come in other colors?,0
What’s the price?,0
What are the dimensions?,0
What are the dimensions?,0
I’m interested in this item.,0
Where do you ship from?,0
t e l : +1-113-324-2173,1
How soon can I get it?,0
DM me on Instagram @fashioneer,1
Do you have it in stock?,0
Does it come in other colors?,0
Text me at (059) 308-4265,1
How soon can I get it?,0
Can you show more photos?,0
What’s the price?,0
t e l : +1-655-365-3970,1
Can you show more photos?,0
c   o   n   t   a   c   t   m   e   8 4 7 2 6 2 1 7 7 5,1
Where do you ship from?,0
Do you have it in stock?,0
Reach me at 3305004492,1
I’m interested in this item.,0
How soon can I get it?,0
What are the dimensions?,0
get in touch @ user1915@example.com,1
Hit me up on WhatsApp at 555-433-8723,1
How soon can I get it?,0
"My contact is 555-665-7947, call me.",1
Nice product!,0
How soon can I get it?,0
What are the dimensions?,0
Nice product!,0
Find me on Facebook: https://facebook.com/heidi593,1
Where do you ship from?,0
Add me on WhatsApp: 555-962-8415,1
DM me on Instagram: @heidi438,1
Nice product!,0
Where do you ship from?,0
Nice product!,0
I’m interested in this item.,0
You can reach me at 555-903-1550,1
This looks good.,0
Nice product!,0
Where do you ship from?,0
Send me a DM on Facebook: facebook.com/designer123,1
Nice product!,0
Do you have it in stock?,0
Nice product!,0
Snapchat me @ coolcat265,1
My TikTok: @grace28,1
Does it come in other colors?,0
What are the dimensions?,0
Reach me at (099) 335-4336,1
Can you show more photos?,0
DM me on Instagram @shopper99,1
Nice product!,0
message me via g m a i l at user6284@example.com,1
Text me at 555-181-2007 for more info.,1
Can you show more photos?,0
Do you have it in stock?,0
How soon can I get it?,0
DM me on Instagram @designer123,1
What are the dimensions?,0
Do you have it in stock?,0
find me at user9652@example.com 😉,1
Where do you ship from?,0
Do you have it in stock?,0
Does it come in other colors?,0
Where do you ship from?,0
I’m interested in this item.,0
What are the dimensions?,0
Message via email: eve84@mail.com,1
What’s the price?,0
Nice product!,0
Does it come in other colors?,0
Does it come in other colors?,0
How soon can I get it?,0
Nice product!,0
Do you have it in stock?,0
e m a i l m e @ user8027@example.com,1
What’s the price?,0
Do you have it in stock?,0
I’m interested in this item.,0
Do you have it in stock?,0
Do you have it in stock?,0
Reach me at (777) 014-2929,1
How soon can I get it?,0
Where do you ship from?,0
Where do you ship from?,0
What are the dimensions?,0
Nice product!,0
Call me at +1 246 608 7115,1
Does it come in other colors?,0
message me via g m a i l at user2011@example.com,1
I’m interested in this item.,0
Do you have it in stock?,0
Can you show more photos?,0
Add me on WhatsApp: 555-246-7046,1
Email me at user2147@example.com,1
Nice product!,0
How soon can I get it?,0
Do you have it in stock?,0
This looks good.,0
Where do you ship from?,0
I’m interested in this item.,0
Do you have it in stock?,0
How soon can I get it?,0
Do you have it in stock?,0
Can you show more photos?,0
You can reach me at 555-424-2131,1
Do you have it in stock?,0
Do you have it in stock?,0
Can you show more photos?,0
Can you show more photos?,0
reach at t w o o o @example.com,1
Nice product!,0
I’m interested in this item.,0
Does it come in other colors?,0
C o n t a c t :   ( 7 7 2 )   6 8 5 - 3 2 8 9,1
What are the dimensions?,0
Text me at (809) 801-5888,1
Can you show more photos?,0
Here is my email: user5381@example.com,1
Nice product!,0
Can you show more photos?,0
Do you have it in stock?,0
Where do you ship from?,0
Can you show more photos?,0
Does it come in other colors?,0
Does it come in other colors?,0
This looks good.,0
Where do you ship from?,0
How soon can I get it?,0
Can you show more photos?,0
How soon can I get it?,0
Do you have it in stock?,0
Nice product!,0
c o n t a c t : +1-704-892-4517,1
Does it come in other colors?,0
Connect on LinkedIn (linkedin.com/in/coolguy42),1
Text me at 449-185-6263,1
I’m interested in this item.,0
What’s the price?,0
Where do you ship from?,0
This looks good.,0
I’m interested in this item.,0
Does it come in other colors?,0
Does it come in other colors?,0
"Email is user3328@example.com, reach out anytime.",1
DM me on Facebook: facebook.com/devguy159,1
Here is my email: user5005@example.com,1
Nice product!,0
Where do you ship from?,0
What are the dimensions?,0
What are the dimensions?,0
What are the dimensions?,0
Does it come in other colors?,0
I’m interested in this item.,0
Where do you ship from?,0
Do you have it in stock?,0
This looks good.,0
"Email is user1990@example.com, reach out anytime.",1
I’m interested in this item.,0
What’s the price?,0
I’m interested in this item.,0
What are the dimensions?,0
Nice product!,0
Do you have it in stock?,0
Message me on Signal: (850) 555-8735,1
Where do you ship from?,0
get in touch @ user4816@example.com,1
Text me at 602-156-2504,1
Where do you ship from?,0
What’s the price?,0
Add me on WhatsApp: 790-479-8924,1
Where do you ship from?,0
Do you have it in stock?,0
Do you have it in stock?,0
What’s the price?,0
Do you have it in stock?,0
Where do you ship from?,0
Do you have it in stock?,0
This looks good.,0
How soon can I get it?,0
Does it come in other colors?,0
How soon can I get it?,0
How soon can I get it?,0
Nice product!,0
Can you show more photos?,0
Add me on WhatsApp: (068) 007-8583,1
How soon can I get it?,0
How soon can I get it?,0
I’m interested in this item.,0
I’m interested in this item.,0
Nice product!,0
This looks good.,0
Where do you ship from?,0
This looks good.,0
This looks good.,0
How soon can I get it?,0
"Email is user2252@example.com, reach out anytime.",1
How soon can I get it?,0
snap me at s-n-a-p coolcat971,1
What are the dimensions?,0
What are the dimensions?,0
Email me at david67@example.com,1
How soon can I get it?,0
h e i d i 8 5 @ e m a i l . n e t,1
I’m interested in this item.,0
get in touch @ user1479@example.com,1
Does it come in other colors?,0
What’s the price?,0
Can you show more photos?,0
Does it come in other colors?,0
Can you show more photos?,0
Do you have it in stock?,0
C o n t a c t :   2 8 9 7 0 2 7 3 9 8,1
Does it come in other colors?,0
Where do you ship from?,0
Can you show more photos?,0
What are the dimensions?,0
Can you show more photos?,0
I’m interested in this item.,0
Does it come in other colors?,0
Where do you ship from?,0
you can DM me at coolcat577 on Insta,1
Does it come in other colors?,0
Does it come in other colors?,0
Nice product!,0
Ping me on Telegram: @eve466,1
You can reach me at +1-606-858-3114,1
Where do you ship from?,0
Where do you ship from?,0
Do you have it in stock?,0
How soon can I get it?,0
I’m interested in this item.,0
Follow me on Twitter: @charlie824,1
Does it come in other colors?,0
Where do you ship from?,0
This looks good.,0
get in touch @ user8232@example.com,1
This looks good.,0
What are the dimensions?,0
This looks good.,0
Does it come in other colors?,0
Where do you ship from?,0
This looks good.,0
Do you have it in stock?,0
I’m interested in this item.,0
Nice product!,0
Where do you ship from?,0
How soon can I get it?,0
What’s the price?,0
Add me on WhatsApp: 555-831-7071,1
Can you show more photos?,0
Nice product!,0
Where do you ship from?,0
Message me on Signal: (146) 863-2560,1
Do you have it in stock?,0
TikTok me at +1 469 270 6651,1
c o n t a c t : +1-296-403-3657,1
Where do you ship from?,0
Message me on Snapchat: designer123,1
Can you show more photos?,0
What’s the price?,0
Does it come in other colors?,0
How soon can I get it?,0
my email id is user419@example.com,1
What’s the price?,0
Where do you ship from?,0
"Email is user4317@example.com, reach out anytime.",1
Where do you ship from?,0
What’s the price?,0
Hit me up on WhatsApp at 555-905-4891,1
This looks good.,0
Where do you ship from?,0
How soon can I get it?,0
Can you show more photos?,0
What’s the price?,0
I’m interested in this item.,0
How soon can I get it?,0
Do you have it in stock?,0
How soon can I get it?,0
What are the dimensions?,0
This looks good.,0
Nice product!,0
Contact: +1-963-589-7307,1
Can you show more photos?,0
How soon can I get it?,0
Can you show more photos?,0
Does it come in other colors?,0
Where do you ship from?,0
I’m interested in this item.,0
What’s the price?,0
Nice product!,0
Let's connect on LinkedIn: linkedin.com/in/john_doe,1
I’m interested in this item.,0
Can you show more photos?,0
What are the dimensions?,0
This looks good.,0
📧 user1067@example.com,1
DM me on Instagram @designer123,1
Nice product!,0
Where do you ship from?,0
Add me on Facebook (facebook.com/fashioneer),1
Follow me on Instagram @tech_lead and DM.,1
Can I have your email address?,1
Where do you ship from?,0
Do you have it in stock?,0
Mail me: frank7@example.com,1
Contact me on Skype: alice660,1
Does it come in other colors?,0
I’m interested in this item.,0
What’s the price?,0
Nice product!,0
Do you have it in stock?,0
What’s the price?,0
Do you have it in stock?,0
Does it come in other colors?,0
Nice product!,0
my email id is user4653@example.com,1
find me at user3930@example.com 😉,1
Can you show more photos?,0
Do you have it in stock?,0
Where do you ship from?,0
Can I have your email address?,1
What are the dimensions?,0
Can you show more photos?,0
Send me a DM on Facebook: facebook.com/john_doe,1
Does it come in other colors?,0
Can you show more photos?,0
Email me at user2481@example.com,1
What’s the price?,0
This looks good.,0
Follow me on Twitter: @frank639,1
Contact me on Skype: eve589,1
Where do you ship from?,0
Nice product!,0
Nice product!,0
What’s the price?,0
Do you have it in stock?,0
Can you show more photos?,0
Where do you ship from?,0
Do you have it in stock?,0
This looks good.,0
Do you have it in stock?,0
What are the dimensions?,0
Contact me via Telegram: @fashionguru,1
Does it come in other colors?,0
Can you show more photos?,0
This looks good.,0
How soon can I get it?,0
What’s the price?,0
message me via g m a i l at user692@example.com,1
Nice product!,0
This looks good.,0
How soon can I get it?,0
Can you show more photos?,0
What are the dimensions?,0
Can you show more photos?,0
find me at user9430@example.com 😉,1
This looks good.,0
Nice product!,0
Can you show more photos?,0
Nice product!,0
C a l l   m e :   0 3 2 - 2 4 5 - 0 4 8 4,1
What are the dimensions?,0
What are the dimensions?,0
I’m interested in this item.,0
How soon can I get it?,0
Do you have it in stock?,0
What are the dimensions?,0
What are the dimensions?,0
Send me a DM on Facebook: facebook.com/shop_owner,1
What’s the price?,0
How soon can I get it?,0
"Email is user8840@example.com, reach out anytime.",1
How soon can I get it?,0
Can you show more photos?,0
Follow me on Twitter: @grace440,1
f r a n k 1 9 @ t e s t . o r g,1
Where do you ship from?,0
I’m interested in this item.,0
Nice product!,0
Signal me at (299) 354-2894,1
Nice product!,0
Message me on Snapchat: shopper99,1
Nice product!,0
Where do you ship from?,0
What’s the price?,0
Do you have it in stock?,0
How soon can I get it?,0
How soon can I get it?,0
Does it come in other colors?,0
What’s the price?,0
What are the dimensions?,0
What are the dimensions?,0
My WeChat ID is shop_owner,1
get in touch @ user2791@example.com,1
Call me at 695-006-4414,1
Can you show more photos?,0
Do you have it in stock?,0
t e l : +1-455-808-3315,1
Can you show more photos?,0
Does it come in other colors?,0
Can you show more photos?,0
Does it come in other colors?,0
How soon can I get it?,0
Text me at 555-723-1891 for more info.,1
Does it come in other colors?,0
Where do you ship from?,0
I’m interested in this item.,0
Can you show more photos?,0
Does it come in other colors?,0
Add me on Facebook (facebook.com/shopper99),1
Nice product!,0
What’s the price?,0
What are the dimensions?,0
Text me at (845) 466-5093,1
Does it come in other colors?,0
Connect on LinkedIn (linkedin.com/in/fashionista868),1
This looks good.,0
Where do you ship from?,0
Nice product!,0
Mail me: charlie80@test.org,1
Here is my email: user9579@example.com,1
Does it come in other colors?,0
I’m interested in this item.,0
snap me at s-n-a-p fashionista649,1
Where do you ship from?,0
Email me at bob96@example.com,1
What are the dimensions?,0
Nice product!,0
Do you have it in stock?,0
What are the dimensions?,0
This looks good.,0
Nice product!,0
Does it come in other colors?,0
Message me at user8694@example.com,1
This looks good.,0
What’s the price?,0
WhatsApp me at +1-555-684-3924,1
Nice product!,0
Where do you ship from?,0
Can you show more photos?,0
Follow me on Instagram @best_pizza and DM.,1
Does it come in other colors?,0
I’m interested in this item.,0
This looks good.,0
Contact me on Skype: judy744,1
Does it come in other colors?,0
You can reach me at 555-735-5867,1
Nice product!,0
I’m interested in this item.,0
This looks good.,0
What are the dimensions?,0
WhatsApp me at +1-555-890-1105,1
Does it come in other colors?,0
What’s the price?,0
Can you show more photos?,0
I’m interested in this item.,0
I’m interested in this item.,0
Do you have it in stock?,0
"Email is user9459@example.com, reach out anytime.",1
Do you have it in stock?,0
How soon can I get it?,0
This looks good.,0
Nice product!,0
Contact me on Skype: david36,1
Does it come in other colors?,0
Where do you ship from?,0
Where do you ship from?,0
Nice product!,0
Do you have it in stock?,0
You can reach me at +1-591-258-6984,1
c h a r l i e 7 7 @ m a i l . c o m,1
What are the dimensions?,0
How soon can I get it?,0
What’s the price?,0
Where do you ship from?,0
Where do you ship from?,0
my digits: +1-229-799-9304,1
How soon can I get it?,0
Text me at 555-189-1838 for more info.,1
Can you show more photos?,0
I’m interested in this item.,0
How soon can I get it?,0
Where do you ship from?,0
What are the dimensions?,0
Does it come in other colors?,0
You can reach me at +1-856-275-4508,1
What’s the price?,0
My WeChat ID is designer123,1
Can you show more photos?,0
Nice product!,0
What’s the price?,0
What’s the price?,0
e m a i l m e @ user5281@example.com,1
I’m interested in this item.,0
Can you show more photos?,0
This looks good.,0
What are the dimensions?,0
How soon can I get it?,0
This looks good.,0
Do you have it in stock?,0
What are the dimensions?,0
Does it come in other colors?,0
I’m interested in this item.,0
I’m interested in this item.,0
Where do you ship from?,0
Can you show more photos?,0
What’s the price?,0
Do you have it in stock?,0
What’s the price?,0
Follow me on Twitter: @ivan198,1
Can you show more photos?,0
DM me on Facebook: facebook.com/shopper67,1
What are the dimensions?,0
Where do you ship from?,0
Message me on Signal: 8509719434,1
telegram: t dot me slash shopper1,1
Nice product!,0
What’s the price?,0
Can I have your email address?,1
How soon can I get it?,0
How soon can I get it?,0
Ping me on Telegram: @bob826,1
How soon can I get it?,0
Connect on LinkedIn (linkedin.com/in/john_doe),1
Reach out on WhatsApp at +1-874-974-1047,1
Contact via email: frank2@example.com,1
Does it come in other colors?,0
Does it come in other colors?,0
Nice product!,0
What are the dimensions?,0
Where do you ship from?,0
What are the dimensions?,0
What’s the price?,0
How soon can I get it?,0
Does it come in other colors?,0
I’m interested in this item.,0
Nice product!,0
Message me on Snapchat: tech_lead,1
What are the dimensions?,0
Can you share your phone number so I can send you details?,1
This looks good.,0
Where do you ship from?,0
e m a i l m e @ user1298@example.com,1
Do you have it in stock?,0
g r a c e 4 @ e m a i l . n e t,1
What’s the price?,0
Can you show more photos?,0
How soon can I get it?,0
How soon can I get it?,0
Can you show more photos?,0
Does it come in other colors?,0
How soon can I get it?,0
Does it come in other colors?,0
How soon can I get it?,0
Do you have it in stock?,0
Where do you ship from?,0
My Snapchat is judy322,1
Does it come in other colors?,0
What’s the price?,0
Do you have it in stock?,0
I’m interested in this item.,0
Does it come in other colors?,0
How soon can I get it?,0
What are the dimensions?,0
Do you have it in stock?,0
"Email is user2733@example.com, reach out anytime.",1
Email me at bob63@test.org,1
wanna chat? +1-275-827-1364,1
Reach me at 8609894555,1
Can you show more photos?,0
How soon can I get it?,0
This looks good.,0
c   o   n   t   a   c   t   m   e   4 4 1 - 2 3 5 - 7 4 7 0,1
Nice product!,0
How soon can I get it?,0
Does it come in other colors?,0
How soon can I get it?,0
Does it come in other colors?,0
This looks good.,0
How soon can I get it?,0
This looks good.,0
Can you show more photos?,0
Nice product!,0
I’m interested in this item.,0
Nice product!,0
How soon can I get it?,0
Nice product!,0
What’s the price?,0
Can you show more photos?,0
Does it come in other colors?,0
C a l l   m e :   ( 2 6 1 )   9 1 1 - 7 1 4 6,1
This looks good.,0
Let's connect on LinkedIn: https://linkedin.com/in/david644,1
Can you show more photos?,0
Do you have it in stock?,0
What are the dimensions?,0
d a v i d 3 0 @ e m a i l . n e t,1
Nice product!,0
Where do you ship from?,0
What are the dimensions?,0
What are the dimensions?,0
What’s the price?,0
Do you have it in stock?,0
This looks good.,0
Do you have it in stock?,0
Do you have it in stock?,0
I’m interested in this item.,0
Can you show more photos?,0
Mail me: frank60@example.com,1
Can you show more photos?,0
Call me at +1 622 024 1374,1
I’m interested in this item.,0
Where do you ship from?,0
I’m interested in this item.,0
my digits: +1-116-397-4769,1
How soon can I get it?,0
WhatsApp me at +1-555-655-1539,1
Nice product!,0
DM me on Facebook: facebook.com/devguy257,1
I’m interested in this item.,0
t e l : +1-231-171-8405,1
This looks good.,0
Do you have it in stock?,0
Message via email: charlie36@example.com,1
Do you have it in stock?,0
Here's my email: user1734@example.com,1
Nice product!,0
This looks good.,0
Does it come in other colors?,0
Nice product!,0
Find me on Facebook: https://facebook.com/eve286,1
Nice product!,0
I’m interested in this item.,0
What are the dimensions?,0
Can you show more photos?,0
Can you show more photos?,0
What are the dimensions?,0
Do you have it in stock?,0
How soon can I get it?,0
Do you have it in stock?,0
Do you have it in stock?,0
Where do you ship from?,0
Nice product!,0
My TikTok: @eve669,1
Do you have it in stock?,0
My WeChat ID is shop_owner,1
Email me at charlie24@email.net,1
Where do you ship from?,0
What are the dimensions?,0
Nice product!,0
What’s the price?,0
Does it come in other colors?,0
Do you have it in stock?,0
e m a i l m e @ user489@example.com,1
How soon can I get it?,0
Send me a DM on Facebook: facebook.com/fashioneer,1
This looks good.,0
WhatsApp me at +1-555-368-4947,1
I’m interested in this item.,0
This looks good.,0
Where do you ship from?,0
Can you show more photos?,0
Where do you ship from?,0
This looks good.,0
This looks good.,0
message me via g m a i l at user6740@example.com,1
I’m interested in this item.,0
What’s the price?,0
I’m interested in this item.,0
How soon can I get it?,0
wanna chat? +1-996-280-6764,1
Where do you ship from?,0
Does it come in other colors?,0
Does it come in other colors?,0
I’m interested in this item.,0
Nice product!,0
Where do you ship from?,0
How soon can I get it?,0
Where do you ship from?,0
📧 user2896@example.com,1
Does it come in other colors?,0
Do you have it in stock?,0
This looks good.,0
This looks good.,0
What’s the price?,0
What are the dimensions?,0
This looks good.,0
How soon can I get it?,0
Nice product!,0
"Email is user1827@example.com, reach out anytime.",1
This looks good.,0
Can you show more photos?,0
I’m interested in this item.,0
What’s the price?,0
What are the dimensions?,0
You can reach me at 555-613-4126,1
Where do you ship from?,0
I’m interested in this item.,0
Can you show more photos?,0
Reach me at 812-011-9449,1
Where do you ship from?,0
my email id is user403@example.com,1
This looks good.,0
Does it come in other colors?,0
Where do you ship from?,0
This looks good.,0
What are the dimensions?,0
What’s the price?,0
Do you have it in stock?,0
Let's connect on LinkedIn: linkedin.com/in/jane.smith,1
Can you show more photos?,0
What’s the price?,0
Here is my email: user6219@example.com,1
Text me at 555-239-7395 for more info.,1
Nice product!,0
Does it come in other colors?,0
Text me at 555-613-1624 for more info.,1
WhatsApp me at +1-555-716-2088,1
Nice product!,0
This looks good.,0
DM me on Instagram: @charlie213,1
Where do you ship from?,0
Message me on Snapchat: jane.smith,1
Do you have it in stock?,0
What’s the price?,0
Nice product!,0
What are the dimensions?,0
This looks good.,0
Where do you ship from?,0
Does it come in other colors?,0
Does it come in other colors?,0
How soon can I get it?,0
What’s the price?,0
Do you have it in stock?,0
What’s the price?,0
I’m interested in this item.,0
Can you show more photos?,0
How soon can I get it?,0
Connect on LinkedIn (linkedin.com/in/shopper105),1
I’m interested in this item.,0
my digits: +1-568-580-8356,1
Contact: +1-245-434-4269,1
C a l l   m e :   + 1   4 9 1   9 2 9   7 5 9 3,1
Do you have it in stock?,0
Message me at user9994@example.com,1
What’s the price?,0
My Snapchat is alice587,1
What are the dimensions?,0
Where do you ship from?,0
Let's connect on LinkedIn: linkedin.com/in/designer123,1
What are the dimensions?,0
What are the dimensions?,0
Nice product!,0
What’s the price?,0
Mail me: eve26@example.com,1
Can you show more photos?,0
I’m interested in this item.,0
Text me at (335) 246-1727,1
What’s the price?,0
This looks good.,0
Where do you ship from?,0
Does it come in other colors?,0
This looks good.,0
Does it come in other colors?,0
Contact via email: heidi67@email.net,1
Do you have it in stock?,0
Can you show more photos?,0
How soon can I get it?,0
fb.com/fashionista236,1
Can you show more photos?,0
Do you have it in stock?,0
Nice product!,0
What are the dimensions?,0
Do you have it in stock?,0
Does it come in other colors?,0
What’s the price?,0
This looks good.,0
What’s the price?,0
Nice product!,0
Nice product!,0
Text me at +1-821-962-1776,1
What’s the price?,0
What’s the price?,0
Does it come in other colors?,0
Can you show more photos?,0
What are the dimensions?,0
Do you have it in stock?,0
I’m interested in this item.,0
Does it come in other colors?,0
I’m interested in this item.,0
I’m interested in this item.,0
Let's connect on LinkedIn: https://linkedin.com/in/heidi92,1
What’s the price?,0
Does it come in other colors?,0
message me via g m a i l at user2068@example.com,1
How soon can I get it?,0
Follow me on Instagram @jane.smith and DM.,1
Does it come in other colors?,0
Where do you ship from?,0
What are the dimensions?,0
t e l : +1-297-165-8770,1
DM me on Instagram @shop_owner,1
Do you have it in stock?,0
My TikTok: @grace944,1
fb.com/coolcat508,1
Do you have it in stock?,0
I’m interested in this item.,0
Does it come in other colors?,0
Can you show more photos?,0
Where do you ship from?,0
What’s the price?,0
What are the dimensions?,0
Do you have it in stock?,0
How soon can I get it?,0
Where do you ship from?,0
Nice product!,0
Where do you ship from?,0
This looks good.,0
WhatsApp me at +1-555-188-8934,1
Do you have it in stock?,0
What’s the price?,0
Where do you ship from?,0
What are the dimensions?,0
Here's my email: user956@example.com,1
Nice product!,0
Do you have it in stock?,0
What’s the price?,0
my email id is user6064@example.com,1
How soon can I get it?,0
What are the dimensions?,0
Where do you ship from?,0
This looks good.,0
Find me on Facebook: https://facebook.com/charlie519,1
What’s the price?,0
I’m interested in this item.,0
Hit me up on WhatsApp at 555-318-5239,1
Do you have it in stock?,0
Can you show more photos?,0
What’s the price?,0
What are the dimensions?,0
Do you have it in stock?,0
Connect on LinkedIn (linkedin.com/in/best_pizza),1
How soon can I get it?,0
What’s the price?,0
What’s the price?,0
Contact me via Telegram: @tech_lead,1
I’m interested in this item.,0
Nice product!,0
How soon can I get it?,0
Reach me at 467-927-1763,1
I’m interested in this item.,0
This looks good.,0
I’m interested in this item.,0
What’s the price?,0
Nice product!,0
What are the dimensions?,0
What are the dimensions?,0
Does it come in other colors?,0
This looks good.,0
Can you show more photos?,0
What are the dimensions?,0
What are the dimensions?,0
Nice product!,0
This looks good.,0
I’m interested in this item.,0
My Snapchat is judy156,1
Find me on Facebook: https://facebook.com/judy534,1
This looks good.,0
Can you show more photos?,0
Email me at judy84@example.com,1
How soon can I get it?,0
What’s the price?,0
Add me on WhatsApp: 555-146-3017,1
This looks good.,0
Mail me: grace59@email.net,1
Do you have it in stock?,0
Does it come in other colors?,0
What’s the price?,0
Where do you ship from?,0
What’s the price?,0
Where do you ship from?,0
This looks good.,0
This looks good.,0
What’s the price?,0
Does it come in other colors?,0
How soon can I get it?,0
you can DM me at devguy198 on Insta,1
I’m interested in this item.,0
This looks good.,0
I’m interested in this item.,0
snap me at s-n-a-p devguy448,1
Can you show more photos?,0
How soon can I get it?,0
Do you have it in stock?,0
Where do you ship from?,0
Nice product!,0
find me at user1835@example.com 😉,1
Do you have it in stock?,0
What are the dimensions?,0
Does it come in other colors?,0
Do you have it in stock?,0
Nice product!,0
Where do you ship from?,0
Where do you ship from?,0
Can you show more photos?,0
How soon can I get it?,0
Does it come in other colors?,0
This looks good.,0
Where do you ship from?,0
How soon can I get it?,0
Add me on WhatsApp: 555-597-9674,1
What’s the price?,0
What are the dimensions?,0
Can you show more photos?,0
Nice product!,0
Nice product!,0
How soon can I get it?,0
Where do you ship from?,0
Do you have it in stock?,0
📱 +1-357-296-1783,1
Can you show more photos?,0
Text me at 555-388-3926 for more info.,1
This looks good.,0
Do you have it in stock?,0
Where do you ship from?,0
Where do you ship from?,0
This looks good.,0
I’m interested in this item.,0
DM me on Facebook: facebook.com/fashionista532,1
📧 user3451@example.com,1
Do you have it in stock?,0
Can you show more photos?,0
I’m interested in this item.,0
C o n t a c t :   ( 1 0 8 )   9 7 3 - 8 5 2 1,1
Can you show more photos?,0
Nice product!,0
C a l l   m e :   ( 2 8 8 )   7 0 1 - 2 6 3 3,1
What are the dimensions?,0
Nice product!,0
This looks good.,0
Nice product!,0
C a l l   m e :   ( 1 5 4 )   7 2 8 - 6 7 0 6,1
What’s the price?,0
What are the dimensions?,0
Can you show more photos?,0
I’m interested in this item.,0
Please email me at user4425@example.com,1
Nice product!,0
I’m interested in this item.,0
Do you have it in stock?,0
I’m interested in this item.,0
What’s the price?,0
Do you have it in stock?,0
How soon can I get it?,0
Where do you ship from?,0
Where do you ship from?,0
What’s the price?,0
Message via email: heidi59@example.com,1
How soon can I get it?,0
What’s the price?,0
What’s the price?,0
Does it come in other colors?,0
What’s the price?,0
Does it come in other colors?,0
How soon can I get it?,0
What’s the price?,0
t e l : +1-346-688-6971,1
Text me at +1-565-647-7078,1
What are the dimensions?,0
Here's my email: user8699@example.com,1
I’m interested in this item.,0
How soon can I get it?,0
I’m interested in this item.,0
Mail me: judy40@example.com,1
Nice product!,0
g r a c e 1 8 @ e x a m p l e . c o m,1
my email id is user2133@example.com,1
I’m interested in this item.,0
Can you show more photos?,0
e m a i l m e @ user6229@example.com,1
What’s the price?,0
I’m interested in this item.,0
Contact via email: frank69@example.com,1
What’s the price?,0
What’s the price?,0
Can you show more photos?,0
Nice product!,0
Where do you ship from?,0
Does it come in other colors?,0
How soon can I get it?,0
DM me on Instagram @john_doe,1
What are the dimensions?,0
What are the dimensions?,0
Can you show more photos?,0
message me via g m a i l at user7320@example.com,1
Nice product!,0
Where do you ship from?,0
How soon can I get it?,0
Do you have it in stock?,0
Can you show more photos?,0
Add me on WhatsApp: 336-698-6208,1
telegram: t dot me slash devguy786,1
Hit me up on WhatsApp at 555-621-9309,1
WhatsApp me at +1-555-630-2923,1
What are the dimensions?,0
Where do you ship from?,0
I’m interested in this item.,0
What’s the price?,0
Can you show more photos?,0
Add me on WhatsApp: (277) 361-1998,1
Send me a DM on Facebook: facebook.com/shop_owner,1
Nice product!,0
Text me at +1 022 690 1848,1
Do you have it in stock?,0
Nice product!,0
Do you have it in stock?,0
Contact via email: alice80@test.org,1
Does it come in other colors?,0
What are the dimensions?,0
Nice product!,0
I’m interested in this item.,0
What’s the price?,0
Here is my email: user7459@example.com,1
Text me at 467-738-0453,1
Where do you ship from?,0
What’s the price?,0
Where do you ship from?,0
Can you show more photos?,0
This looks good.,0
Here's my email: user2314@example.com,1
What’s the price?,0
telegram: t dot me slash coolcat871,1
Here is my email: user9123@example.com,1
message me via g m a i l at user5257@example.com,1
Does it come in other colors?,0
Do you have it in stock?,0
I’m interested in this item.,0
Add me on WhatsApp: 555-446-8876,1
Nice product!,0
Can you show more photos?,0
Nice product!,0
message me via g m a i l at user1795@example.com,1
What’s the price?,0
Can you show more photos?,0
This looks good.,0
Where do you ship from?,0
Can you show more photos?,0
Nice product!,0
Text me at 915-016-4305,1
Does it come in other colors?,0
I’m interested in this item.,0
Nice product!,0
Does it come in other colors?,0
How soon can I get it?,0
Where do you ship from?,0
Nice product!,0
DM me on Instagram: @charlie948,1
Where do you ship from?,0
Nice product!,0
Does it come in other colors?,0
Nice product!,0
You can reach me at 555-855-5860,1
What’s the price?,0
Reach out on WhatsApp at +1-158-900-8023,1
This looks good.,0
Does it come in other colors?,0
What are the dimensions?,0
Does it come in other colors?,0
Can you show more photos?,0
Does it come in other colors?,0
Here is my email: user7239@example.com,1
Does it come in other colors?,0
What are the dimensions?,0
Let's connect on LinkedIn: https://linkedin.com/in/eve286,1
my email id is user4701@example.com,1
Can you show more photos?,0
fb.com/shopper764,1
my email id is user1186@example.com,1
Where do you ship from?,0
Where do you ship from?,0
get in touch @ user7932@example.com,1
my digits: +1-111-163-9045,1
My WeChat ID is shopper99,1
Does it come in other colors?,0
Contact me via Telegram: @best_pizza,1
Where do you ship from?,0
Nice product!,0
Add me on WhatsApp: 555-309-4815,1
This looks good.,0
I’m interested in this item.,0
Reach out on WhatsApp at +1-406-238-5775,1
How soon can I get it?,0
Does it come in other colors?,0
c o n t a c t : +1-731-640-7853,1
Does it come in other colors?,0
get in touch @ user7777@example.com,1
What are the dimensions?,0
Nice product!,0
What’s the price?,0
Where do you ship from?,0
Does it come in other colors?,0
What are the dimensions?,0
Do you have it in stock?,0
I’m interested in this item.,0
Hit me up on WhatsApp at 555-736-8886,1
Does it come in other colors?,0
Message via email: judy3@example.com,1
I’m interested in this item.,0
Let's connect on LinkedIn: linkedin.com/in/fashioneer,1
What are the dimensions?,0
I’m interested in this item.,0
What are the dimensions?,0
Nice product!,0
This looks good.,0
This looks good.,0
This looks good.,0
How soon can I get it?,0
What are the dimensions?,0
Connect on LinkedIn (linkedin.com/in/shop_owner),1
a l i c e 9 9 @ e x a m p l e . c o m,1
Email me at ivan19@example.com,1
You can reach me at +1-591-555-3564,1
I’m interested in this item.,0
I’m interested in this item.,0
hmu @ shopper438,1
Nice product!,0
I’m interested in this item.,0
Let's connect on LinkedIn: linkedin.com/in/best_pizza,1
How soon can I get it?,0
Do you have it in stock?,0
What are the dimensions?,0
e m a i l m e @ user3483@example.com,1
What’s the price?,0
This looks good.,0
What’s the price?,0
What are the dimensions?,0
C o n t a c t :   8 1 4 6 2 6 3 0 3 9,1
Where do you ship from?,0
Can you show more photos?,0
Where do you ship from?,0
How soon can I get it?,0
This looks good.,0
Do you have it in stock?,0
Can you show more photos?,0
Can you show more photos?,0
How soon can I get it?,0
I’m interested in this item.,0
Connect on LinkedIn (linkedin.com/in/coolcat152),1
You can reach me at 555-393-3424,1
This looks good.,0
My WeChat ID is best_pizza,1
This looks good.,0
This looks good.,0
Do you have it in stock?,0
C a l l   m e :   ( 3 9 4 )   7 9 7 - 2 7 2 1,1
This looks good.,0
Where do you ship from?,0
Can you show more photos?,0
Message me on Signal: 274-088-2345,1
Follow me on Twitter: @ivan934,1
What’s the price?,0
Email me at alice24@test.org,1
Where do you ship from?,0
This looks good.,0
Where do you ship from?,0
What are the dimensions?,0
How soon can I get it?,0
I’m interested in this item.,0
you can DM me at coolcat947 on Insta,1
I’m interested in this item.,0
What’s the price?,0
Here's my email: user9248@example.com,1
Nice product!,0
I’m interested in this item.,0
Can you show more photos?,0
This looks good.,0
What’s the price?,0
Does it come in other colors?,0
Where do you ship from?,0
I’m interested in this item.,0
Nice product!,0
Hit me up on WhatsApp at 555-318-4441,1
Contact me via Telegram: @designer123,1
How soon can I get it?,0
Do you have it in stock?,0
I’m interested in this item.,0
Does it come in other colors?,0
This looks good.,0
What’s the price?,0
How soon can I get it?,0
This looks good.,0
What’s the price?,0
Nice product!,0
Where do you ship from?,0
Does it come in other colors?,0
Nice product!,0
What are the dimensions?,0
Where do you ship from?,0
Reach me at (035) 426-5238,1
"Email is user5931@example.com, reach out anytime.",1
What are the dimensions?,0
Nice product!,0
I’m interested in this item.,0
What are the dimensions?,0
Where do you ship from?,0
Facebook me at 3727441297,1
How soon can I get it?,0
Does it come in other colors?,0
What are the dimensions?,0
Does it come in other colors?,0
Does it come in other colors?,0
Does it come in other colors?,0
DM me on Instagram: @frank19,1
I’m interested in this item.,0
Can you show more photos?,0
Message me on Snapchat: tech_lead,1
What’s the price?,0
Can you show more photos?,0
Call me at 632-244-6745,1
This looks good.,0
Email me at david12@email.net,1
How soon can I get it?,0
My TikTok: @judy743,1
Nice product!,0
you can DM me at fashionista91 on Insta,1
Does it come in other colors?,0
Do you have it in stock?,0
Reach out on WhatsApp at +1-360-805-5134,1
What’s the price?,0
Can you show more photos?,0
Nice product!,0
What’s the price?,0
I’m interested in this item.,0
What are the dimensions?,0
Snapchat me @ devguy97,1
What are the dimensions?,0
This looks good.,0
WhatsApp me at +1-555-668-9958,1
Does it come in other colors?,0
Nice product!,0
I’m interested in this item.,0
Does it come in other colors?,0
Can you show more photos?,0
Nice product!,0
What are the dimensions?,0
snap me at s-n-a-p devguy863,1
Does it come in other colors?,0
Can you show more photos?,0
Nice product!,0
Add me on WhatsApp: 555-500-8923,1
How soon can I get it?,0
This looks good.,0
Email me at user8799@example.com,1
I’m interested in this item.,0
I’m interested in this item.,0
Does it come in other colors?,0
Nice product!,0
Contact me on Skype: judy993,1
Where do you ship from?,0
Can you show more photos?,0
Does it come in other colors?,0
What’s the price?,0
What’s the price?,0
This looks good.,0
This looks good.,0
I’m interested in this item.,0
What are the dimensions?,0
How soon can I get it?,0
This looks good.,0
How soon can I get it?,0
Add me on Facebook (facebook.com/best_pizza),1
Mail me: bob21@email.net,1
This looks good.,0
This looks good.,0
What’s the price?,0
What are the dimensions?,0
Can you show more photos?,0
How soon can I get it?,0
Does it come in other colors?,0
This looks good.,0
What are the dimensions?,0
Can you show more photos?,0
Can you show more photos?,0
What are the dimensions?,0
I’m interested in this item.,0
What are the dimensions?,0
you can DM me at shopper935 on Insta,1
What’s the price?,0
How soon can I get it?,0
Text me at 555-922-3131 for more info.,1
Nice product!,0
What’s the price?,0
Does it come in other colors?,0
What’s the price?,0
Can you show more photos?,0
Do you have it in stock?,0
Where do you ship from?,0
Message via email: ivan55@test.org,1
Nice product!,0
Nice product!,0
My TikTok: @grace845,1
Add me on WhatsApp: 555-336-4759,1
t e l : +1-908-237-1764,1
What’s the price?,0
Can you show more photos?,0
What are the dimensions?,0
Where do you ship from?,0
How soon can I get it?,0
Can you show more photos?,0
I’m interested in this item.,0
Add me on Facebook (facebook.com/coolguy42),1
Nice product!,0
Nice product!,0
Where do you ship from?,0
Does it come in other colors?,0
This looks good.,0
I’m interested in this item.,0
What are the dimensions?,0
I’m interested in this item.,0
Do you have it in stock?,0
Can you show more photos?,0
What are the dimensions?,0
Nice product!,0
Do you have it in stock?,0
How soon can I get it?,0
Here's my email: user4512@example.com,1
How soon can I get it?,0
Let's connect on LinkedIn: https://linkedin.com/in/ivan630,1
This looks good.,0
What are the dimensions?,0
This looks good.,0
Let's connect on LinkedIn: https://linkedin.com/in/alice210,1
How soon can I get it?,0
How soon can I get it?,0
I’m interested in this item.,0
What’s the price?,0
What are the dimensions?,0
I’m interested in this item.,0
What’s the price?,0
Where do you ship from?,0
I’m interested in this item.,0
What’s the price?,0
What’s the price?,0
I’m interested in this item.,0
I’m interested in this item.,0
Where do you ship from?,0
Does it come in other colors?,0
c o n t a c t : +1-158-665-5496,1
This looks good.,0
How soon can I get it?,0
This looks good.,0
Message me on Signal: (638) 234-7145,1
Can you show more photos?,0
Can you show more photos?,0
I’m interested in this item.,0
I’m interested in this item.,0
c   o   n   t   a   c   t   m   e   + 1   9 4 2   1 5 2   8 5 0 5,1
How soon can I get it?,0
I’m interested in this item.,0
What’s the price?,0
Do you have it in stock?,0
How soon can I get it?,0
Do you have it in stock?,0
I’m interested in this item.,0
Does it come in other colors?,0
Do you have it in stock?,0
Where do you ship from?,0
Do you have it in stock?,0
This looks good.,0
Message me at user7131@example.com,1
"My contact is 555-562-9732, call me.",1
How soon can I get it?,0
Do you have it in stock?,0
What are the dimensions?,0
Email me at user7086@example.com,1
I’m interested in this item.,0
Does it come in other colors?,0
This looks good.,0
Nice product!,0
How soon can I get it?,0
"My contact is 555-195-9917, call me.",1
What’s the price?,0
I’m interested in this item.,0
Do you have it in stock?,0
Where do you ship from?,0
I’m interested in this item.,0
What are the dimensions?,0
How soon can I get it?,0
Can you show more photos?,0
Where do you ship from?,0
What’s the price?,0
Let's connect on LinkedIn: linkedin.com/in/designer123,1
Do you have it in stock?,0
I’m interested in this item.,0
I’m interested in this item.,0
How soon can I get it?,0
What are the dimensions?,0
Where do you ship from?,0
What are the dimensions?,0
Where do you ship from?,0
Ping me on Telegram: @david337,1
What are the dimensions?,0
What’s the price?,0
Skype me at (797) 295-8009,1
How soon can I get it?,0
I’m interested in this item.,0
WhatsApp me at +1-555-591-9563,1
What are the dimensions?,0
I’m interested in this item.,0
You can reach me at +1-140-655-7254,1
Do you have it in stock?,0
Can you show more photos?,0
This looks good.,0
What’s the price?,0
DM me on Instagram: @charlie624,1
Do you have it in stock?,0
Do you have it in stock?,0
Send me a DM on Facebook: facebook.com/john_doe,1
What’s the price?,0
Do you have it in stock?,0
Text me at +1-878-428-9080,1
Nice product!,0
Does it come in other colors?,0
Does it come in other colors?,0
What are the dimensions?,0
This looks good.,0
Do you have it in stock?,0
How soon can I get it?,0
Nice product!,0
e m a i l m e @ user4810@example.com,1
What are the dimensions?,0
Do you have it in stock?,0
Does it come in other colors?,0
You can reach me at 555-520-9898,1
Text me at 556-414-5045,1
This looks good.,0
find me at user302@example.com 😉,1
I’m interested in this item.,0
How soon can I get it?,0
Can you show more photos?,0
I’m interested in this item.,0
I’m interested in this item.,0
Can you show more photos?,0
This looks good.,0
I’m interested in this item.,0
My number is 0764928182,1
Please email me at user3183@example.com,1
Connect on LinkedIn (linkedin.com/in/coolguy42),1
Do you have it in stock?,0
This looks good.,0
Message me on Signal: 880-364-1202,1
This looks good.,0
What are the dimensions?,0
Can you show more photos?,0
This looks good.,0
Does it come in other colors?,0
What are the dimensions?,0
Does it come in other colors?,0
What are the dimensions?,0
What’s the price?,0
I’m interested in this item.,0
Add me on WhatsApp: +1 790 430 2624,1
Does it come in other colors?,0
Hit me up on WhatsApp at 555-262-9059,1
Where do you ship from?,0
Does it come in other colors?,0
Where do you ship from?,0
What are the dimensions?,0
my email id is user3160@example.com,1
Can you show more photos?,0
How soon can I get it?,0
I’m interested in this item.,0
Can you show more photos?,0
Can you show more photos?,0
Nice product!,0
Do you have it in stock?,0
Add me on WhatsApp: (584) 689-7417,1
How soon can I get it?,0
What’s the price?,0
My WeChat ID is shop_owner,1
Do you have it in stock?,0
Do you have it in stock?,0
This looks good.,0
This looks good.,0
Contact me on Skype: judy95,1
What’s the price?,0
Do you have it in stock?,0
Where do you ship from?,0
This looks good.,0
Follow me on Twitter: @david504,1
Can you show more photos?,0
How soon can I get it?,0
Can you show more photos?,0
Can you show more photos?,0
Do you have it in stock?,0
Does it come in other colors?,0
How soon can I get it?,0
You can reach me at +1-497-453-7957,1
f r a n k 3 7 @ t e s t . o r g,1
What’s the price?,0
I’m interested in this item.,0
I’m interested in this item.,0
What’s the price?,0
Follow me on Instagram @shop_owner and DM.,1
Nice product!,0
How soon can I get it?,0
How soon can I get it?,0
Hit me up on WhatsApp at 555-435-3516,1
Nice product!,0
Can you show more photos?,0
Message me at user3688@example.com,1
What’s the price?,0
Connect on LinkedIn (linkedin.com/in/fashionista969),1
I’m interested in this item.,0
What’s the price?,0
How soon can I get it?,0
This looks good.,0
Nice product!,0
How soon can I get it?,0
Where do you ship from?,0
Does it come in other colors?,0
Can you show more photos?,0
How soon can I get it?,0
Does it come in other colors?,0
I’m interested in this item.,0
What’s the price?,0
What’s the price?,0
How soon can I get it?,0
What’s the price?,0
Does it come in other colors?,0
How soon can I get it?,0
wanna chat? +1-929-368-5635,1
Email me at eve15@mail.com,1
Do you have it in stock?,0
Where do you ship from?,0
Nice product!,0
reach at t w o o o @example.com,1
How soon can I get it?,0
I’m interested in this item.,0
Does it come in other colors?,0
This looks good.,0
Where do you ship from?,0
Can you show more photos?,0
Do you have it in stock?,0
Can you show more photos?,0
Can you show more photos?,0
Where do you ship from?,0
Message via email: bob47@email.net,1
Can you show more photos?,0
Can you show more photos?,0
Nice product!,0
Does it come in other colors?,0
This looks good.,0
Add me on Facebook (facebook.com/shopper99),1
Do you have it in stock?,0
Do you have it in stock?,0
What are the dimensions?,0
Hit me up on WhatsApp at 555-865-1862,1
Email me at user2010@example.com,1
What are the dimensions?,0
telegram: t dot me slash coolcat458,1
Nice product!,0
This looks good.,0
Please email me at user8191@example.com,1
Where do you ship from?,0
What’s the price?,0
Email me at user5482@example.com,1
How soon can I get it?,0
my digits: +1-962-775-3214,1
Does it come in other colors?,0
Do you have it in stock?,0
What are the dimensions?,0
What are the dimensions?,0
Can you show more photos?,0
Nice product!,0
Do you have it in stock?,0
This looks good.,0
Nice product!,0
What are the dimensions?,0
Nice product!,0
Text me at +1 932 869 1313,1
This looks good.,0
Here is my email: user7182@example.com,1
What’s the price?,0
Do you have it in stock?,0
Message me on Snapchat: fashioneer,1
How soon can I get it?,0
How soon can I get it?,0
Does it come in other colors?,0
I’m interested in this item.,0
Do you have it in stock?,0
Can you show more photos?,0
Can you show more photos?,0
Where do you ship from?,0
What’s the price?,0
What are the dimensions?,0
I’m interested in this item.,0
Nice product!,0
How soon can I get it?,0
What’s the price?,0
Does it come in other colors?,0
WhatsApp me at +1-555-470-1037,1
Does it come in other colors?,0
How soon can I get it?,0
Can you show more photos?,0
Where do you ship from?,0
Can you show more photos?,0
This looks good.,0
What’s the price?,0
Can you show more photos?,0
Nice product!,0
Does it come in other colors?,0
Can you show more photos?,0
What are the dimensions?,0
Follow me on Instagram @designer123 and DM.,1
How soon can I get it?,0
Do you have it in stock?,0
Nice product!,0
This looks good.,0
Do you have it in stock?,0
This looks good.,0
What are the dimensions?,0
This looks good.,0
I’m interested in this item.,0
What are the dimensions?,0
DM me on Instagram @designer123,1
This looks good.,0
Can you show more photos?,0
Mail me: david67@mail.com,1
How soon can I get it?,0
What are the dimensions?,0
Nice product!,0
What’s the price?,0
Does it come in other colors?,0
Where do you ship from?,0
Does it come in other colors?,0
What are the dimensions?,0
Does it come in other colors?,0
Do you have it in stock?,0
Send me a DM on Facebook: facebook.com/jane.smith,1
What’s the price?,0
Does it come in other colors?,0
I’m interested in this item.,0
Connect on LinkedIn (linkedin.com/in/john_doe),1
I’m interested in this item.,0
What’s the price?,0
Where do you ship from?,0
Can you show more photos?,0
How soon can I get it?,0
Does it come in other colors?,0
This looks good.,0
Do you have it in stock?,0
This looks good.,0
Can you show more photos?,0
I’m interested in this item.,0
e v e 8 6 @ e m a i l . n e t,1
Do you have it in stock?,0
What’s the price?,0
Do you have it in stock?,0
I’m interested in this item.,0
What’s the price?,0
Nice product!,0
Does it come in other colors?,0
Contact via email: alice58@email.net,1
Here's my email: user735@example.com,1
Can you show more photos?,0
Can you show more photos?,0
Where do you ship from?,0
What’s the price?,0
Does it come in other colors?,0
What are the dimensions?,0
Can you show more photos?,0
Do you have it in stock?,0
What’s the price?,0
Nice product!,0
e m a i l m e @ user6614@example.com,1
Can you share your phone number so I can send you details?,1
How soon can I get it?,0
What are the dimensions?,0
Can you show more photos?,0
How soon can I get it?,0
Nice product!,0
I’m interested in this item.,0
How soon can I get it?,0
c   o   n   t   a   c   t   m   e   ( 8 0 6 )   9 7 5 - 2 9 9 4,1
Nice product!,0
Where do you ship from?,0
What’s the price?,0
Can you show more photos?,0
Nice product!,0
Where do you ship from?,0
Does it come in other colors?,0
How soon can I get it?,0
Nice product!,0
Text me at +1-471-402-6211,1
Does it come in other colors?,0
What are the dimensions?,0
This looks good.,0
How soon can I get it?,0
Does it come in other colors?,0
Where do you ship from?,0
c o n t a c t : +1-646-665-4268,1
Nice product!,0
wanna chat? +1-654-449-3567,1
Reach me at (854) 446-9854,1
Does it come in other colors?,0
Does it come in other colors?,0
t e l : +1-346-482-9999,1
I’m interested in this item.,0
Where do you ship from?,0
Here is my email: user9769@example.com,1
What are the dimensions?,0
Do you have it in stock?,0
Does it come in other colors?,0
What’s the price?,0
find me at user4119@example.com 😉,1
j u d y 9 5 @ m a i l . c o m,1
Can you show more photos?,0
Add me on Facebook (facebook.com/designer123),1
Can you show more photos?,0
Do you have it in stock?,0
Call me at +1 489 634 3037,1
Does it come in other colors?,0
telegram: t dot me slash coolcat70,1
I’m interested in this item.,0
Message me on Snapchat: fashioneer,1
I’m interested in this item.,0
What are the dimensions?,0
How soon can I get it?,0
Where do you ship from?,0
I’m interested in this item.,0
C a l l   m e :   ( 4 5 5 )   9 2 4 - 2 0 3 5,1
How soon can I get it?,0
My WeChat ID is fashioneer,1
You can reach me at +1-568-167-7530,1
How soon can I get it?,0
What are the dimensions?,0
Nice product!,0
This looks good.,0
Follow me on Instagram @jane.smith and DM.,1
How soon can I get it?,0
Please email me at user1524@example.com,1
Does it come in other colors?,0
Can you show more photos?,0
What’s the price?,0
Does it come in other colors?,0
Send me a DM on Facebook: facebook.com/coolguy42,1
Here is my email: user7477@example.com,1
Does it come in other colors?,0
reach at t w o o o @example.com,1
Do you have it in stock?,0
What’s the price?,0
This looks good.,0
This looks good.,0
Reach me at +1 827 814 5023,1
What’s the price?,0
Where do you ship from?,0
What’s the price?,0
Where do you ship from?,0
Message me on Signal: (974) 549-5851,1
Where do you ship from?,0
I’m interested in this item.,0
Do you have it in stock?,0
Where do you ship from?,0
Where do you ship from?,0
This looks good.,0
Nice product!,0
Does it come in other colors?,0
Where do you ship from?,0
I’m interested in this item.,0
Nice product!,0
message me via g m a i l at user8567@example.com,1
Message me on Signal: (389) 823-6377,1
How soon can I get it?,0
Can you share your phone number so I can send you details?,1
What’s the price?,0
Let's connect on LinkedIn: https://linkedin.com/in/charlie966,1
Where do you ship from?,0
Does it come in other colors?,0
I’m interested in this item.,0
Nice product!,0
What’s the price?,0
I’m interested in this item.,0
find me at user5391@example.com 😉,1
What’s the price?,0
Where do you ship from?,0
DM me on Facebook: facebook.com/coolcat597,1
Let's connect on LinkedIn: https://linkedin.com/in/eve467,1
What are the dimensions?,0
This looks good.,0
This looks good.,0
This looks good.,0
Can you show more photos?,0
I’m interested in this item.,0
c   o   n   t   a   c   t   m   e   3 2 1 7 8 1 6 4 4 1,1
hmu @ fashionista656,1
This looks good.,0
DM me on Instagram: @david890,1
My number is 2500386210,1
My TikTok: @alice370,1
Let's connect on LinkedIn: https://linkedin.com/in/eve691,1
Message via email: charlie90@example.com,1
What’s the price?,0
Send me a DM on Facebook: facebook.com/tech_lead,1
get in touch @ user6895@example.com,1
i v a n 5 3 @ t e s t . o r g,1
What’s the price?,0
Where do you ship from?,0
How soon can I get it?,0
Can you show more photos?,0
Can you show more photos?,0
This looks good.,0
Contact via email: charlie64@example.com,1
Can you show more photos?,0
What are the dimensions?,0
How soon can I get it?,0
Call me at 278-306-7391,1
This looks good.,0
Does it come in other colors?,0
"My contact is 555-754-7293, call me.",1
Here is my email: user7331@example.com,1
What’s the price?,0
Can you show more photos?,0
Do you have it in stock?,0
How soon can I get it?,0
Does it come in other colors?,0
Can you show more photos?,0
Can you show more photos?,0
Does it come in other colors?,0
my email id is user1248@example.com,1
snap me at s-n-a-p shopper393,1
I’m interested in this item.,0
Do you have it in stock?,0
This looks good.,0
I’m interested in this item.,0
You can reach me at 555-710-9336,1
I’m interested in this item.,0
Please email me at user8650@example.com,1
Can you show more photos?,0
What’s the price?,0
What’s the price?,0
Text me at +1 947 658 0521,1
What’s the price?,0
How soon can I get it?,0
I’m interested in this item.,0
This looks good.,0
message me via g m a i l at user3967@example.com,1
How soon can I get it?,0
Message me on Signal: 2036487551,1
What’s the price?,0
I’m interested in this item.,0
Nice product!,0
Where do you ship from?,0
Do you have it in stock?,0
Nice product!,0
This looks good.,0
How soon can I get it?,0
Contact me via Telegram: @fashionguru,1
What are the dimensions?,0
What’s the price?,0
I’m interested in this item.,0
Do you have it in stock?,0
Do you have it in stock?,0
Where do you ship from?,0
WhatsApp me at +1-555-858-6932,1
This looks good.,0
Reach me at +1 691 157 7934,1
I’m interested in this item.,0
Connect on LinkedIn (linkedin.com/in/shop_owner),1
Does it come in other colors?,0
Nice product!,0
Contact via email: judy7@example.com,1
How soon can I get it?,0
Where do you ship from?,0
What are the dimensions?,0
Contact me on Skype: david879,1
This looks good.,0
Where do you ship from?,0
Call me at +1 562 449 7444,1
What’s the price?,0
I’m interested in this item.,0
What are the dimensions?,0
Where do you ship from?,0
Hit me up on WhatsApp at 555-210-5216,1
Add me on Facebook (facebook.com/fashionguru),1
My Snapchat is david482,1
Nice product!,0
Where do you ship from?,0
DM me on Instagram: @ivan618,1
Can you show more photos?,0
I’m interested in this item.,0
Nice product!,0
Ping me on Telegram: @david516,1
Where do you ship from?,0
What are the dimensions?,0
Nice product!,0
my digits: +1-312-809-4420,1
Hit me up on WhatsApp at +1-921-110-4481,1
My WeChat ID is fashioneer,1
Message via email: judy55@email.net,1
Where do you ship from?,0
Do you have it in stock?,0
Can you show more photos?,0
This looks good.,0
What’s the price?,0
I’m interested in this item.,0
DM me on Facebook: facebook.com/shopper827,1
What are the dimensions?,0
Nice product!,0
What are the dimensions?,0
Does it come in other colors?,0
telegram: t dot me slash devguy346,1
hmu @ shopper583,1
Text me at 555-799-7639 for more info.,1
Where do you ship from?,0
Do you have it in stock?,0
Ping me on Telegram: @judy660,1
How soon can I get it?,0
Do you have it in stock?,0
This looks good.,0
This looks good.,0
Can you show more photos?,0
This looks good.,0
What’s the price?,0
you can DM me at shopper998 on Insta,1
Reach out on WhatsApp at +1-567-833-9703,1
What are the dimensions?,0
I’m interested in this item.,0
Nice product!,0
Where do you ship from?,0
I’m interested in this item.,0
Does it come in other colors?,0
Nice product!,0
What’s the price?,0
Does it come in other colors?,0
I’m interested in this item.,0
Where do you ship from?,0
Does it come in other colors?,0
I’m interested in this item.,0
c o n t a c t : +1-926-440-2649,1
Does it come in other colors?,0
I’m interested in this item.,0
Message me on Snapchat: shop_owner,1
reach at t w o o o @example.com,1
Where do you ship from?,0
What are the dimensions?,0
my digits: +1-778-780-1511,1
Ping me on Telegram: @heidi535,1
Text me at 555-381-5497 for more info.,1
wanna chat? +1-546-213-9156,1
Can you show more photos?,0
Message via email: judy15@email.net,1
How soon can I get it?,0
find me at user970@example.com 😉,1
How soon can I get it?,0
How soon can I get it?,0
Contact me on Skype: frank230,1
What’s the price?,0
DM me on Facebook: facebook.com/fashionista613,1
How soon can I get it?,0
What’s the price?,0
Does it come in other colors?,0
Connect on LinkedIn (linkedin.com/in/shopper200),1
you can DM me at fashionista169 on Insta,1
Nice product!,0
This looks good.,0
Contact via email: heidi67@example.com,1
What’s the price?,0
DM me on Facebook: facebook.com/coolcat472,1
Can you show more photos?,0
Contact via email: david87@mail.com,1
I’m interested in this item.,0
Does it come in other colors?,0
get in touch @ user8092@example.com,1
What’s the price?,0
What are the dimensions?,0
Nice product!,0
I’m interested in this item.,0
Can you show more photos?,0
How soon can I get it?,0
Snapchat me @ fashionista487,1
Where do you ship from?,0
Email me at charlie87@test.org,1
Can you show more photos?,0
Please email me at user5557@example.com,1
Message me on Signal: 6924724068,1
Do you have it in stock?,0
This looks good.,0
How soon can I get it?,0
Does it come in other colors?,0
You can reach me at +1-298-482-3896,1
I’m interested in this item.,0
Contact me on Skype: charlie888,1
Let's connect on LinkedIn: linkedin.com/in/designer123,1
Where do you ship from?,0
This looks good.,0
What’s the price?,0
Here is my email: user5560@example.com,1
Where do you ship from?,0
I’m interested in this item.,0
This looks good.,0
Does it come in other colors?,0
Do you have it in stock?,0
What are the dimensions?,0
This looks good.,0
Where do you ship from?,0
What are the dimensions?,0
Do you have it in stock?,0
Does it come in other colors?,0
Can you share your phone number so I can send you details?,1
Contact me on Skype: grace143,1
Do you have it in stock?,0
Can you show more photos?,0
Do you have it in stock?,0
This looks good.,0
I’m interested in this item.,0
How soon can I get it?,0
How soon can I get it?,0
Can you show more photos?,0
This looks good.,0
How soon can I get it?,0
Contact me via Telegram: @tech_lead,1
Do you have it in stock?,0
I’m interested in this item.,0
Do you have it in stock?,0
How soon can I get it?,0
This looks good.,0
Add me on WhatsApp: (192) 363-4397,1
Does it come in other colors?,0
Does it come in other colors?,0
Please email me at user5242@example.com,1
What’s the price?,0
My number is 374-931-7983,1
Where do you ship from?,0
Find me on Facebook: https://facebook.com/frank543,1
Does it come in other colors?,0
How soon can I get it?,0
I’m interested in this item.,0
What’s the price?,0
Message me at user3032@example.com,1
Reach me at 785-043-1410,1
I’m interested in this item.,0
Contact via email: charlie17@mail.com,1
Does it come in other colors?,0
Where do you ship from?,0
I’m interested in this item.,0
DM me on Instagram: @alice357,1
Nice product!,0
What’s the price?,0
Nice product!,0
Nice product!,0
Reach me at 8185433811,1
Can you show more photos?,0
Nice product!,0
Do you have it in stock?,0
This looks good.,0
Do you have it in stock?,0
What’s the price?,0
Where do you ship from?,0
How soon can I get it?,0
This looks good.,0
Can you show more photos?,0
What are the dimensions?,0
Where do you ship from?,0
Add me on WhatsApp: 555-724-9286,1
Do you have it in stock?,0
How soon can I get it?,0
Can you show more photos?,0
What’s the price?,0
Nice product!,0
I’m interested in this item.,0
Where do you ship from?,0
This looks good.,0
Can you show more photos?,0
Nice product!,0
Does it come in other colors?,0
"Email is user5279@example.com, reach out anytime.",1
How soon can I get it?,0
Nice product!,0
Send me a DM on Facebook: facebook.com/coolguy42,1
Message via email: bob44@mail.com,1
This looks good.,0
WhatsApp me at +1-555-313-9890,1
Can you show more photos?,0
Please email me at user3898@example.com,1
Can you show more photos?,0
This looks good.,0
Let's connect on LinkedIn: https://linkedin.com/in/grace129,1
Here's my email: user6795@example.com,1
Do you have it in stock?,0
Do you have it in stock?,0
fb.com/shopper520,1
What are the dimensions?,0
Nice product!,0
This looks good.,0
Where do you ship from?,0
What are the dimensions?,0
Does it come in other colors?,0
Can you show more photos?,0
e m a i l m e @ user9674@example.com,1
Can you show more photos?,0
What are the dimensions?,0
📱 +1-525-744-9873,1
What’s the price?,0
What’s the price?,0
Where do you ship from?,0
What’s the price?,0
Can you show more photos?,0
Where do you ship from?,0
What’s the price?,0
Where do you ship from?,0
What’s the price?,0
Where do you ship from?,0
Where do you ship from?,0
What’s the price?,0
How soon can I get it?,0
Can you show more photos?,0
Snapchat me @ devguy104,1
Can you show more photos?,0
Where do you ship from?,0
What are the dimensions?,0
This looks good.,0
Can you show more photos?,0
This looks good.,0
What’s the price?,0
Ping me on Telegram: @alice184,1
Can you show more photos?,0
Do you have it in stock?,0
Where do you ship from?,0
This looks good.,0
What are the dimensions?,0
What are the dimensions?,0
What’s the price?,0
Here is my email: user7061@example.com,1
What are the dimensions?,0
Does it come in other colors?,0
I’m interested in this item.,0
Can you show more photos?,0
Can you show more photos?,0
Text me at 156-358-2558,1
How soon can I get it?,0
I’m interested in this item.,0
Nice product!,0
I’m interested in this item.,0
Nice product!,0
Where do you ship from?,0
Do you have it in stock?,0
Hit me up on WhatsApp at +1-450-795-6739,1
Add me on Facebook (facebook.com/fashionguru),1
How soon can I get it?,0
DM me on Instagram @jane.smith,1
This looks good.,0
Do you have it in stock?,0
Do you have it in stock?,0
Does it come in other colors?,0
This looks good.,0
Do you have it in stock?,0
This looks good.,0
Does it come in other colors?,0
Where do you ship from?,0
DM me on Facebook: facebook.com/fashionista245,1
Where do you ship from?,0
C a l l   m e :   3 7 0 2 6 0 8 7 2 7,1
Where do you ship from?,0
message me via g m a i l at user8776@example.com,1
Do you have it in stock?,0
reach at t w o o o @example.com,1
What’s the price?,0
Contact me via Telegram: @best_pizza,1
Where do you ship from?,0
Reach me at (248) 928-6558,1
What’s the price?,0
Does it come in other colors?,0
What’s the price?,0
Nice product!,0
I’m interested in this item.,0
Follow me on Twitter: @frank675,1
What are the dimensions?,0
DM me on Instagram: @heidi547,1
This looks good.,0
Connect on LinkedIn (linkedin.com/in/fashionista67),1
What’s the price?,0
Contact me via Telegram: @fashionguru,1
Nice product!,0
What’s the price?,0
How soon can I get it?,0
I’m interested in this item.,0
Where do you ship from?,0
Ping me on Telegram: @eve158,1
Can you show more photos?,0
What’s the price?,0
What are the dimensions?,0
Does it come in other colors?,0
I’m interested in this item.,0
Nice product!,0
Snapchat me @ coolcat75,1
Can you show more photos?,0
Can you show more photos?,0
Do you have it in stock?,0
Does it come in other colors?,0
What’s the price?,0
This looks good.,0
Does it come in other colors?,0
Text me at 555-505-6224 for more info.,1
This looks good.,0
message me via g m a i l at user884@example.com,1
Add me on WhatsApp: 417-309-6743,1
"My contact is 555-341-7355, call me.",1
This looks good.,0
Connect on LinkedIn (linkedin.com/in/devguy428),1
my digits: +1-688-666-5007,1
This looks good.,0
Can you show more photos?,0
What are the dimensions?,0
I’m interested in this item.,0
Nice product!,0
Do you have it in stock?,0
How soon can I get it?,0
This looks good.,0
Do you have it in stock?,0
Does it come in other colors?,0
Let's connect on LinkedIn: linkedin.com/in/shop_owner,1
Nice product!,0
This looks good.,0
Do you have it in stock?,0
DM me on Facebook: facebook.com/fashionista676,1
What are the dimensions?,0
Do you have it in stock?,0
Nice product!,0
This looks good.,0
How soon can I get it?,0
I’m interested in this item.,0
Do you have it in stock?,0
You can reach me at 555-622-8343,1
I’m interested in this item.,0
Nice product!,0
This looks good.,0
This looks good.,0
Does it come in other colors?,0
Nice product!,0
Where do you ship from?,0
message me via g m a i l at user4237@example.com,1
t e l : +1-578-911-6426,1
Do you have it in stock?,0
Does it come in other colors?,0
This looks good.,0
What are the dimensions?,0
Do you have it in stock?,0
Does it come in other colors?,0
What are the dimensions?,0
What’s the price?,0
Can you show more photos?,0
My number is 8841546577,1
How soon can I get it?,0
This looks good.,0
Nice product!,0
Message me at user3501@example.com,1
Does it come in other colors?,0
How soon can I get it?,0
What’s the price?,0
Do you have it in stock?,0
How soon can I get it?,0
Does it come in other colors?,0
Does it come in other colors?,0
Does it come in other colors?,0
What are the dimensions?,0
How soon can I get it?,0
How soon can I get it?,0
What are the dimensions?,0
Where do you ship from?,0
c o n t a c t : +1-345-148-6878,1
You can reach me at 555-577-1298,1
Can you show more photos?,0
fb.com/fashionista135,1
📧 user5129@example.com,1
Nice product!,0
How soon can I get it?,0
I’m interested in this item.,0
This looks good.,0
I’m interested in this item.,0
What’s the price?,0
Where do you ship from?,0
Where do you ship from?,0
I’m interested in this item.,0
Text me at 555-554-9923 for more info.,1
Do you have it in stock?,0
Can you show more photos?,0
Where do you ship from?,0
I’m interested in this item.,0
What’s the price?,0
Where do you ship from?,0
c   o   n   t   a   c   t   m   e   1 8 6 8 4 0 7 6 2 1,1
What are the dimensions?,0
This looks good.,0
Where do you ship from?,0
What’s the price?,0
Nice product!,0
How soon can I get it?,0
Where do you ship from?,0
What’s the price?,0
Nice product!,0
What are the dimensions?,0
📱 +1-467-978-8564,1
Add me on WhatsApp: 555-842-2898,1
How soon can I get it?,0
Where do you ship from?,0
WhatsApp me at +1-555-730-3195,1
I’m interested in this item.,0
What’s the price?,0
Do you have it in stock?,0
Where do you ship from?,0
Nice product!,0
Can you show more photos?,0
Nice product!,0
Where do you ship from?,0
I’m interested in this item.,0
This looks good.,0
How soon can I get it?,0
Nice product!,0
a l i c e 6 4 @ e x a m p l e . c o m,1
How soon can I get it?,0
This looks good.,0
What are the dimensions?,0
Do you have it in stock?,0
Where do you ship from?,0
Do you have it in stock?,0
What’s the price?,0
Let's connect on LinkedIn: linkedin.com/in/designer123,1
I’m interested in this item.,0
What’s the price?,0
What are the dimensions?,0
This looks good.,0
C a l l   m e :   2 7 7 - 2 7 4 - 8 0 4 2,1
What are the dimensions?,0
Nice product!,0
c o n t a c t : +1-294-828-4713,1
I’m interested in this item.,0
What’s the price?,0
How soon can I get it?,0
How soon can I get it?,0
Where do you ship from?,0
Does it come in other colors?,0
What’s the price?,0
Where do you ship from?,0
Does it come in other colors?,0
Do you have it in stock?,0
I’m interested in this item.,0
Does it come in other colors?,0
How soon can I get it?,0
Hit me up on WhatsApp at +1-815-998-8942,1
Add me on WhatsApp: 533-261-7619,1
"Email is user9610@example.com, reach out anytime.",1
What are the dimensions?,0
What are the dimensions?,0
Add me on WhatsApp: 6669917686,1
Does it come in other colors?,0
What’s the price?,0
I’m interested in this item.,0
Please email me at user7576@example.com,1
Nice product!,0
Does it come in other colors?,0
Can you show more photos?,0
Can you show more photos?,0
Text me at 8906415627,1
Can you show more photos?,0
I’m interested in this item.,0
Nice product!,0
This looks good.,0
Does it come in other colors?,0
What are the dimensions?,0
Nice product!,0
Nice product!,0
Can you show more photos?,0
I’m interested in this item.,0
What’s the price?,0
Nice product!,0
What’s the price?,0
c   o   n   t   a   c   t   m   e   ( 3 2 8 )   5 2 4 - 4 8 8 5,1
Nice product!,0
This looks good.,0
DM me on Instagram @tech_lead,1
Follow me on Instagram @john_doe and DM.,1
Do you have it in stock?,0
Does it come in other colors?,0
Please email me at user4149@example.com,1
Where do you ship from?,0
What’s the price?,0
Where do you ship from?,0
What are the dimensions?,0
Where do you ship from?,0
What’s the price?,0
Contact via email: eve64@test.org,1
Where do you ship from?,0
Does it come in other colors?,0
get in touch @ user1177@example.com,1
This looks good.,0
I’m interested in this item.,0
Where do you ship from?,0
What’s the price?,0
Where do you ship from?,0
Nice product!,0
Can you share your phone number so I can send you details?,1
This looks good.,0
How soon can I get it?,0
What’s the price?,0
Can you show more photos?,0
you can DM me at fashionista495 on Insta,1
Nice product!,0
How soon can I get it?,0
What’s the price?,0
This looks good.,0
This looks good.,0
Nice product!,0
WhatsApp me at +1-555-237-5228,1
What are the dimensions?,0
"My contact is 555-989-5443, call me.",1
Can you show more photos?,0
Where do you ship from?,0
What are the dimensions?,0
What’s the price?,0
This looks good.,0
I’m interested in this item.,0
e m a i l m e @ user5672@example.com,1
What’s the price?,0
message me via g m a i l at user3067@example.com,1
Do you have it in stock?,0
e v e 1 2 @ e m a i l . n e t,1
I’m interested in this item.,0
What are the dimensions?,0
Do you have it in stock?,0
This looks good.,0
Connect on LinkedIn (linkedin.com/in/best_pizza),1
What’s the price?,0
How soon can I get it?,0
Follow me on Twitter: @grace778,1
Text me at 555-455-2546 for more info.,1
Where do you ship from?,0
Where do you ship from?,0
Can you show more photos?,0
Contact me on Skype: charlie27,1
Nice product!,0
Can you share your phone number so I can send you details?,1
What’s the price?,0
What are the dimensions?,0
This looks good.,0
Nice product!,0
You can reach me at 555-978-9443,1
Can you show more photos?,0
Text me at +1 577 294 0789,1
Where do you ship from?,0
Add me on WhatsApp: 555-597-9674,1
How soon can I get it?,0
This looks good.,0
Can you show more photos?,0
Ping me on Telegram: @ivan221,1
Send me a DM on Facebook: facebook.com/john_doe,1
How soon can I get it?,0
Does it come in other colors?,0
Do you have it in stock?,0
What’s the price?,0
Do you have it in stock?,0
What’s the price?,0
Nice product!,0
Ping me on Telegram: @ivan718,1
Let's connect on LinkedIn: https://linkedin.com/in/alice353,1
Do you have it in stock?,0
How soon can I get it?,0
Does it come in other colors?,0
What are the dimensions?,0
Does it come in other colors?,0
What’s the price?,0
What’s the price?,0
This looks good.,0
DM me on Instagram @john_doe,1
You can reach me at +1-380-343-8727,1
Email me at alice26@email.net,1
How soon can I get it?,0
Follow me on Instagram @coolguy42 and DM.,1
I’m interested in this item.,0
wanna chat? +1-661-934-1532,1
Does it come in other colors?,0
Can you show more photos?,0
Can you show more photos?,0
I’m interested in this item.,0
What are the dimensions?,0
This looks good.,0
What’s the price?,0
What are the dimensions?,0
I’m interested in this item.,0
Text me at +1-455-949-4802,1
What are the dimensions?,0
Where do you ship from?,0
Text me at 555-744-6223 for more info.,1
Mail me: david39@email.net,1
My number is 258-311-7569,1
Does it come in other colors?,0
my digits: +1-126-372-7604,1
c o n t a c t : +1-275-692-2830,1
Can I have your email address?,1
Does it come in other colors?,0
This looks good.,0
You can reach me at 555-561-2355,1
Does it come in other colors?,0
Nice product!,0
"My contact is 555-660-7874, call me.",1
I’m interested in this item.,0
I’m interested in this item.,0
Does it come in other colors?,0
This looks good.,0
Where do you ship from?,0
Do you have it in stock?,0
TikTok me at 724-289-3877,1
How soon can I get it?,0
I’m interested in this item.,0
This looks good.,0
Can you show more photos?,0
Contact me on Skype: bob172,1
Does it come in other colors?,0
This looks good.,0
Nice product!,0
How soon can I get it?,0
You can reach me at 555-188-2423,1
This looks good.,0
DM me on Instagram @designer123,1
I’m interested in this item.,0
What are the dimensions?,0
What’s the price?,0
Nice product!,0
Where do you ship from?,0
This looks good.,0
Add me on WhatsApp: +1 594 218 7085,1
What are the dimensions?,0
Where do you ship from?,0
This looks good.,0
What’s the price?,0
What’s the price?,0
Nice product!,0
Can you show more photos?,0
How soon can I get it?,0
Nice product!,0
This looks good.,0
I’m interested in this item.,0
Do you have it in stock?,0
This looks good.,0
Please email me at user6571@example.com,1
"Email is user2570@example.com, reach out anytime.",1
Nice product!,0
What’s the price?,0
How soon can I get it?,0
This looks good.,0
Where do you ship from?,0
Where do you ship from?,0
Where do you ship from?,0
How soon can I get it?,0
Reach out on WhatsApp at +1-445-721-9701,1
This looks good.,0
Does it come in other colors?,0
Where do you ship from?,0
Where do you ship from?,0
What are the dimensions?,0
Do you have it in stock?,0
Do you have it in stock?,0
Where do you ship from?,0
Let's connect on LinkedIn: https://linkedin.com/in/bob103,1
Where do you ship from?,0
How soon can I get it?,0
Do you have it in stock?,0
Where do you ship from?,0
Here is my email: user5304@example.com,1
Does it come in other colors?,0
My WeChat ID is coolguy42,1
wanna chat? +1-519-316-6240,1
What’s the price?,0
Can you show more photos?,0
What are the dimensions?,0
How soon can I get it?,0
What are the dimensions?,0
I’m interested in this item.,0
What are the dimensions?,0
C a l l   m e :   + 1   8 2 4   8 0 0   7 3 8 6,1
This looks good.,0
Nice product!,0
Does it come in other colors?,0
Can you show more photos?,0
Do you have it in stock?,0
What’s the price?,0
What’s the price?,0
What are the dimensions?,0
Connect on LinkedIn (linkedin.com/in/fashioneer),1
Nice product!,0
What are the dimensions?,0
What’s the price?,0
Do you have it in stock?,0
Message via email: charlie9@mail.com,1
What’s the price?,0
Nice product!,0
What’s the price?,0
Contact via email: heidi45@example.com,1
What’s the price?,0
fb.com/fashionista832,1
c o n t a c t : +1-603-637-5928,1
I’m interested in this item.,0
Where do you ship from?,0
get in touch @ user9589@example.com,1
Does it come in other colors?,0
Nice product!,0
e m a i l m e @ user8939@example.com,1
Do you have it in stock?,0
How soon can I get it?,0
Where do you ship from?,0
Does it come in other colors?,0
What are the dimensions?,0
What are the dimensions?,0
Nice product!,0
Let's connect on LinkedIn: linkedin.com/in/john_doe,1
My number is 0616616083,1
Nice product!,0
Does it come in other colors?,0
Does it come in other colors?,0
Where do you ship from?,0
What’s the price?,0
Nice product!,0
What’s the price?,0
How soon can I get it?,0
I’m interested in this item.,0
Can you show more photos?,0
What are the dimensions?,0
Contact me via Telegram: @fashioneer,1
Do you have it in stock?,0
What’s the price?,0
How soon can I get it?,0
Do you have it in stock?,0
I’m interested in this item.,0
What’s the price?,0
Where do you ship from?,0
I’m interested in this item.,0
DM me on Instagram: @charlie263,1
Where do you ship from?,0
Find me on Facebook: https://facebook.com/frank290,1
Message me at user6103@example.com,1
Do you have it in stock?,0
My number is (177) 009-0870,1
snap me at s-n-a-p shopper521,1
What’s the price?,0
How soon can I get it?,0
C a l l   m e :   1 4 7 1 6 5 4 8 0 8,1
How soon can I get it?,0
Does it come in other colors?,0
DM me on Instagram @fashioneer,1
Where do you ship from?,0
What’s the price?,0
This looks good.,0
Send me a DM on Facebook: facebook.com/fashionguru,1
Does it come in other colors?,0
This looks good.,0
Does it come in other colors?,0
Does it come in other colors?,0
This looks good.,0
Nice product!,0
Do you have it in stock?,0
I’m interested in this item.,0
Does it come in other colors?,0
What are the dimensions?,0
Let's connect on LinkedIn: https://linkedin.com/in/bob478,1
Does it come in other colors?,0
This looks good.,0
What are the dimensions?,0
I’m interested in this item.,0
Can you show more photos?,0
What are the dimensions?,0
Where do you ship from?,0
I’m interested in this item.,0
Nice product!,0
Where do you ship from?,0
How soon can I get it?,0
What’s the price?,0
My number is 919-713-6453,1
Does it come in other colors?,0
C a l l   m e :   + 1   0 6 0   1 7 7   7 0 1 1,1
Nice product!,0
Can you show more photos?,0
Do you have it in stock?,0
reach at t w o o o @example.com,1
My number is 052-909-1841,1
C o n t a c t :   + 1   2 0 6   9 8 3   3 8 5 7,1
What are the dimensions?,0
I’m interested in this item.,0
Can you show more photos?,0
How soon can I get it?,0
What’s the price?,0
How soon can I get it?,0
you can DM me at shopper239 on Insta,1
Do you have it in stock?,0
Contact me via Telegram: @john_doe,1
Where do you ship from?,0
Does it come in other colors?,0
Do you have it in stock?,0
Nice product!,0
This looks good.,0
DM me on Instagram: @charlie493,1
Does it come in other colors?,0
This looks good.,0
This looks good.,0
This looks good.,0
Contact me on Skype: david235,1
wanna chat? +1-497-343-9156,1
Can you show more photos?,0
Do you have it in stock?,0
Do you have it in stock?,0
This looks good.,0
How soon can I get it?,0
Contact me on Skype: judy822,1
Do you have it in stock?,0
My number is +1 232 036 7696,1
How soon can I get it?,0
Do you have it in stock?,0
What’s the price?,0
Can you show more photos?,0
Please email me at user1036@example.com,1
Does it come in other colors?,0
you can DM me at devguy671 on Insta,1
Add me on Facebook (facebook.com/best_pizza),1
Does it come in other colors?,0
What are the dimensions?,0
What are the dimensions?,0
Do you have it in stock?,0
How soon can I get it?,0
How soon can I get it?,0
Do you have it in stock?,0
my digits: +1-788-227-2113,1
get in touch @ user4283@example.com,1
Follow me on Twitter: @judy506,1
What’s the price?,0
Ping me on Telegram: @judy702,1
Where do you ship from?,0
How soon can I get it?,0
You can reach me at 555-216-4687,1
I’m interested in this item.,0
Does it come in other colors?,0
Nice product!,0
What’s the price?,0
My Snapchat is charlie813,1
How soon can I get it?,0
Add me on WhatsApp: 555-104-5713,1
Can you show more photos?,0
you can DM me at coolcat43 on Insta,1
This looks good.,0
Message me on Snapchat: best_pizza,1
I’m interested in this item.,0
What are the dimensions?,0
Can you show more photos?,0
This looks good.,0
Connect on LinkedIn (linkedin.com/in/devguy157),1
Contact: +1-787-253-8449,1
What’s the price?,0
I’m interested in this item.,0
Message me on Snapchat: fashioneer,1
What’s the price?,0
Can you show more photos?,0
How soon can I get it?,0
Contact via email: bob2@example.com,1
Where do you ship from?,0
Nice product!,0
What’s the price?,0
DM me on Instagram: @ivan1,1
Nice product!,0
What are the dimensions?,0
How soon can I get it?,0
e m a i l m e @ user5447@example.com,1
Does it come in other colors?,0
Can you show more photos?,0
I’m interested in this item.,0
Where do you ship from?,0
How soon can I get it?,0
I’m interested in this item.,0
t e l : +1-263-445-7717,1
Where do you ship from?,0
How soon can I get it?,0
What are the dimensions?,0
📱 +1-406-618-3298,1
What are the dimensions?,0
Does it come in other colors?,0
Can you show more photos?,0
What’s the price?,0
Where do you ship from?,0
Where do you ship from?,0
What’s the price?,0
What’s the price?,0
Does it come in other colors?,0
Contact me on Skype: alice583,1
Does it come in other colors?,0
Do you have it in stock?,0
Can you show more photos?,0
Nice product!,0
How soon can I get it?,0
Nice product!,0
Contact me on Skype: bob584,1
Do you have it in stock?,0
How soon can I get it?,0
Hit me up on WhatsApp at +1-599-381-9356,1
Do you have it in stock?,0
Does it come in other colors?,0
Ping me on Telegram: @grace67,1
I’m interested in this item.,0
What are the dimensions?,0
What’s the price?,0
Does it come in other colors?,0
Can you show more photos?,0
Can you show more photos?,0
Do you have it in stock?,0
Can you show more photos?,0
"My contact is 555-534-8657, call me.",1
This looks good.,0
DM me on Instagram @tech_lead,1
Do you have it in stock?,0
Reach me at (492) 218-3970,1
This looks good.,0
What’s the price?,0
Can you show more photos?,0
What’s the price?,0
Mail me: heidi37@test.org,1
Does it come in other colors?,0
How soon can I get it?,0
Here's my email: user3339@example.com,1
Does it come in other colors?,0
How soon can I get it?,0
Does it come in other colors?,0
Message me on Signal: 327-487-8923,1
Where do you ship from?,0
How soon can I get it?,0
Nice product!,0
I’m interested in this item.,0
You can reach me at +1-641-733-4869,1
What’s the price?,0
I’m interested in this item.,0
What are the dimensions?,0
Nice product!,0
I’m interested in this item.,0
Where do you ship from?,0
"My contact is 555-815-7452, call me.",1
How soon can I get it?,0
How soon can I get it?,0
I’m interested in this item.,0
DM me on Facebook: facebook.com/coolcat793,1
How soon can I get it?,0
Where do you ship from?,0
What are the dimensions?,0
Does it come in other colors?,0
Does it come in other colors?,0
Nice product!,0
a l i c e 1 @ m a i l . c o m,1
"Email is user5029@example.com, reach out anytime.",1
Where do you ship from?,0
Where do you ship from?,0
This looks good.,0
This looks good.,0
What are the dimensions?,0
Can you share your phone number so I can send you details?,1
Send me a DM on Facebook: facebook.com/coolguy42,1
Do you have it in stock?,0
This looks good.,0
What’s the price?,0
Can you share your phone number so I can send you details?,1
Does it come in other colors?,0
Where do you ship from?,0
This looks good.,0
How soon can I get it?,0
What’s the price?,0
This looks good.,0
What are the dimensions?,0
What’s the price?,0
Do you have it in stock?,0
I’m interested in this item.,0
Send me a DM on Facebook: facebook.com/fashioneer,1
Follow me on Instagram @shop_owner and DM.,1
Does it come in other colors?,0
I’m interested in this item.,0
Do you have it in stock?,0
Can you show more photos?,0
Connect on LinkedIn (linkedin.com/in/shopper672),1
This looks good.,0
Contact via email: charlie28@example.com,1
Where do you ship from?,0
Reach me at 3933389396,1
This looks good.,0
Do you have it in stock?,0
Nice product!,0
Can you show more photos?,0
Where do you ship from?,0
Can you show more photos?,0
How soon can I get it?,0
This looks good.,0
Can you share your phone number so I can send you details?,1
Let's connect on LinkedIn: linkedin.com/in/best_pizza,1
Can you show more photos?,0
Does it come in other colors?,0
Here's my email: user7552@example.com,1
Does it come in other colors?,0
This looks good.,0
Add me on WhatsApp: 9811303374,1
reach at t w o o o @example.com,1
Does it come in other colors?,0
What’s the price?,0
Does it come in other colors?,0
How soon can I get it?,0
I’m interested in this item.,0
Can you show more photos?,0
C o n t a c t :   ( 4 2 4 )   8 5 1 - 5 0 3 4,1
How soon can I get it?,0
get in touch @ user9402@example.com,1
What are the dimensions?,0
Nice product!,0
How soon can I get it?,0
Can you show more photos?,0
Where do you ship from?,0
I’m interested in this item.,0
Where do you ship from?,0
What’s the price?,0
📧 user7399@example.com,1
This looks good.,0
reach at t w o o o @example.com,1
Can you show more photos?,0
Add me on WhatsApp: 555-664-9231,1
Nice product!,0
Connect on LinkedIn (linkedin.com/in/jane.smith),1
Does it come in other colors?,0
"My contact is 555-576-9697, call me.",1
Nice product!,0
This looks good.,0
What are the dimensions?,0
What are the dimensions?,0
I’m interested in this item.,0
What are the dimensions?,0
Where do you ship from?,0
Does it come in other colors?,0
What’s the price?,0
Do you have it in stock?,0
Send me a DM on Facebook: facebook.com/designer123,1
Nice product!,0
Follow me on Instagram @tech_lead and DM.,1
Does it come in other colors?,0
Does it come in other colors?,0
Where do you ship from?,0
Does it come in other colors?,0
Nice product!,0
Text me at 555-405-7212 for more info.,1
I’m interested in this item.,0
Does it come in other colors?,0
What’s the price?,0
C a l l   m e :   4 1 4 - 2 1 7 - 7 2 6 7,1
What’s the price?,0
What are the dimensions?,0
What are the dimensions?,0
What are the dimensions?,0
DM me on Instagram: @grace497,1
Snapchat me at 1059766952,1
What’s the price?,0
What are the dimensions?,0
This looks good.,0
Find me on Facebook: https://facebook.com/frank150,1
How soon can I get it?,0
What are the dimensions?,0
Where do you ship from?,0
You can reach me at +1-255-808-1874,1
How soon can I get it?,0
Here is my email: user8419@example.com,1
How soon can I get it?,0
What’s the price?,0
What’s the price?,0
This looks good.,0
Does it come in other colors?,0
Does it come in other colors?,0
Does it come in other colors?,0
What are the dimensions?,0
What’s the price?,0
Here's my email: user8433@example.com,1
Send me a DM on Facebook: facebook.com/john_doe,1
I’m interested in this item.,0
hmu @ devguy130,1
Where do you ship from?,0
Nice product!,0
My Snapchat is alice733,1
What’s the price?,0
What are the dimensions?,0
What are the dimensions?,0
Where do you ship from?,0
What are the dimensions?,0
Where do you ship from?,0
Does it come in other colors?,0
What are the dimensions?,0
What are the dimensions?,0
I’m interested in this item.,0
Do you have it in stock?,0
Does it come in other colors?,0
I’m interested in this item.,0
Can you show more photos?,0
Ping me on Telegram: @judy767,1
How soon can I get it?,0
Where do you ship from?,0
Follow me on Instagram @coolguy42 and DM.,1
What’s the price?,0
What are the dimensions?,0
b o b 1 2 @ e x a m p l e . c o m,1
How soon can I get it?,0
This looks good.,0
Nice product!,0
my email id is user3884@example.com,1
Does it come in other colors?,0
What’s the price?,0
This looks good.,0
What’s the price?,0
How soon can I get it?,0
Can you share your phone number so I can send you details?,1
Can you show more photos?,0
How soon can I get it?,0
What are the dimensions?,0
Where do you ship from?,0
Can you show more photos?,0
What are the dimensions?,0
I’m interested in this item.,0
Can I have your email address?,1
message me via g m a i l at user309@example.com,1
What’s the price?,0
Can I have your email address?,1
wanna chat? +1-986-982-4341,1
Can I have your email address?,1
Add me on WhatsApp: 555-894-2729,1
C a l l   m e :   6 8 8 - 3 3 2 - 2 2 9 9,1
Follow me on Instagram @john_doe and DM.,1
I’m interested in this item.,0
Can you show more photos?,0
I’m interested in this item.,0
Here's my email: user2950@example.com,1
I’m interested in this item.,0
How soon can I get it?,0
Can you share your phone number so I can send you details?,1
Send me a DM on Facebook: facebook.com/jane.smith,1
This looks good.,0
What’s the price?,0
Does it come in other colors?,0
Call me at 4321104138,1
Does it come in other colors?,0
Where do you ship from?,0
This looks good.,0
Nice product!,0
I’m interested in this item.,0
I’m interested in this item.,0
C a l l   m e :   5 4 7 - 2 5 3 - 5 8 7 5,1
Where do you ship from?,0
This looks good.,0
Can you show more photos?,0
What’s the price?,0
How soon can I get it?,0
I’m interested in this item.,0
I’m interested in this item.,0
Do you have it in stock?,0
I’m interested in this item.,0
Do you have it in stock?,0
Contact me via Telegram: @john_doe,1
Nice product!,0
C a l l   m e :   + 1   9 3 6   0 6 4   9 4 8 1,1
Do you have it in stock?,0
I’m interested in this item.,0
You can reach me at 555-654-9801,1
How soon can I get it?,0
Message me on Snapchat: tech_lead,1
Does it come in other colors?,0
You can reach me at 555-831-5134,1
Ping me on Telegram: @frank106,1
How soon can I get it?,0
you can DM me at fashionista279 on Insta,1
Can you show more photos?,0
Follow me on Twitter: @eve663,1
I’m interested in this item.,0
What’s the price?,0
Add me on WhatsApp: 555-236-9201,1
What’s the price?,0
I’m interested in this item.,0
Where do you ship from?,0
Add me on WhatsApp: 555-562-1437,1
What are the dimensions?,0
Can you show more photos?,0
Does it come in other colors?,0
How soon can I get it?,0
Does it come in other colors?,0
Do you have it in stock?,0
Text me at +1-634-430-4658,1
Nice product!,0
How soon can I get it?,0
Does it come in other colors?,0
Nice product!,0
Where do you ship from?,0
I’m interested in this item.,0
Do you have it in stock?,0
How soon can I get it?,0
This looks good.,0
Can you show more photos?,0
This looks good.,0
How soon can I get it?,0
What’s the price?,0
This looks good.,0
Message me on Signal: 987-626-3909,1
message me via g m a i l at user3630@example.com,1
What are the dimensions?,0
I’m interested in this item.,0
Follow me on Instagram @jane.smith and DM.,1
Can you show more photos?,0
This looks good.,0
What are the dimensions?,0
What are the dimensions?,0
you can DM me at shopper391 on Insta,1
My Snapchat is eve842,1
What are the dimensions?,0
I’m interested in this item.,0
Nice product!,0
Where do you ship from?,0
Do you have it in stock?,0
Where do you ship from?,0
My TikTok: @alice788,1
c   o   n   t   a   c   t   m   e   ( 4 8 6 )   7 2 9 - 3 3 2 1,1
my digits: +1-880-511-4057,1
Nice product!,0
What are the dimensions?,0
What’s the price?,0
I’m interested in this item.,0
What are the dimensions?,0
What’s the price?,0
What are the dimensions?,0
"Email is user9964@example.com, reach out anytime.",1
What are the dimensions?,0
What’s the price?,0
Where do you ship from?,0
Does it come in other colors?,0
How soon can I get it?,0
my digits: +1-952-555-1657,1
Nice product!,0
What are the dimensions?,0
Reach me at 643-904-3590,1
Follow me on Twitter: @david775,1
I’m interested in this item.,0
Do you have it in stock?,0
This looks good.,0
Can you show more photos?,0
Nice product!,0
This looks good.,0
Nice product!,0
You can reach me at 555-677-8033,1
Do you have it in stock?,0
What’s the price?,0
What are the dimensions?,0
Hit me up on WhatsApp at +1-858-430-3125,1
Contact me via Telegram: @shop_owner,1
t e l : +1-858-584-1217,1
Where do you ship from?,0
c o n t a c t : +1-737-929-3303,1
How soon can I get it?,0
What’s the price?,0
Can you show more photos?,0
Do you have it in stock?,0
Can you show more photos?,0
Where do you ship from?,0
What’s the price?,0
Ping me on Telegram: @charlie597,1
What are the dimensions?,0
What are the dimensions?,0
What are the dimensions?,0
Can you show more photos?,0
Nice product!,0
Can you show more photos?,0
Can you show more photos?,0
Connect on LinkedIn (linkedin.com/in/designer123),1
How soon can I get it?,0
Where do you ship from?,0
Message me at user128@example.com,1
Does it come in other colors?,0
Can you show more photos?,0
Can you show more photos?,0
Where do you ship from?,0
Can you show more photos?,0
What are the dimensions?,0
you can DM me at coolcat274 on Insta,1
This looks good.,0
What’s the price?,0
Nice product!,0
How soon can I get it?,0
What’s the price?,0
snap me at s-n-a-p devguy570,1
Nice product!,0
I’m interested in this item.,0
hmu @ devguy937,1
Nice product!,0
C o n t a c t :   + 1   7 1 3   0 5 4   3 6 4 4,1
What’s the price?,0
I’m interested in this item.,0
Nice product!,0
How soon can I get it?,0
Nice product!,0
WhatsApp me at +1-555-490-9342,1
How soon can I get it?,0
Can you show more photos?,0
What’s the price?,0
Message me at user9547@example.com,1
What are the dimensions?,0
What’s the price?,0
Text me at +1-153-459-1009,1
Send me a DM on Facebook: facebook.com/john_doe,1
Does it come in other colors?,0
Does it come in other colors?,0
Nice product!,0
Where do you ship from?,0
Can you show more photos?,0
How soon can I get it?,0
What’s the price?,0
Find me on Facebook: https://facebook.com/eve881,1
Does it come in other colors?,0
Do you have it in stock?,0
This looks good.,0
Where do you ship from?,0
Where do you ship from?,0
What’s the price?,0
What are the dimensions?,0
Does it come in other colors?,0
What are the dimensions?,0
Text me at 555-973-4961 for more info.,1
Do you have it in stock?,0
How soon can I get it?,0
Does it come in other colors?,0
snap me at s-n-a-p shopper460,1
How soon can I get it?,0
Do you have it in stock?,0
Follow me on Twitter: @judy740,1
How soon can I get it?,0
Nice product!,0
c   o   n   t   a   c   t   m   e   + 1   9 1 1   3 1 4   2 7 8 8,1
Where do you ship from?,0
Let's connect on LinkedIn: linkedin.com/in/designer123,1
My number is +1 881 701 0160,1
Does it come in other colors?,0
Where do you ship from?,0
How soon can I get it?,0
Can you show more photos?,0
Does it come in other colors?,0
Do you have it in stock?,0
Where do you ship from?,0
Contact: +1-643-589-2955,1
telegram: t dot me slash coolcat620,1
Nice product!,0
This looks good.,0
What’s the price?,0
What are the dimensions?,0
What are the dimensions?,0
What are the dimensions?,0
What are the dimensions?,0
Find me on Facebook: https://facebook.com/david307,1
How soon can I get it?,0
Do you have it in stock?,0
Does it come in other colors?,0
This looks good.,0
Do you have it in stock?,0
Nice product!,0
Can you show more photos?,0
Can you show more photos?,0
I’m interested in this item.,0
This looks good.,0
Does it come in other colors?,0
Can you show more photos?,0
Do you have it in stock?,0
I’m interested in this item.,0
Do you have it in stock?,0
Can you show more photos?,0
I’m interested in this item.,0
Do you have it in stock?,0
Can you show more photos?,0
Can you show more photos?,0
This looks good.,0
Does it come in other colors?,0
Nice product!,0
What’s the price?,0
Where do you ship from?,0
This looks good.,0
Where do you ship from?,0
What are the dimensions?,0
Where do you ship from?,0
Do you have it in stock?,0
t e l : +1-136-474-1940,1
Nice product!,0
What are the dimensions?,0
Does it come in other colors?,0
Nice product!,0
Where do you ship from?,0
Does it come in other colors?,0
What’s the price?,0
What’s the price?,0
What are the dimensions?,0
Can you show more photos?,0
How soon can I get it?,0
Do you have it in stock?,0
This looks good.,0
I’m interested in this item.,0
Does it come in other colors?,0
I’m interested in this item.,0
Does it come in other colors?,0
📱 +1-184-976-4400,1
Send me a DM on Facebook: facebook.com/fashionguru,1
Snapchat me @ coolcat343,1
DM me on Instagram: @frank87,1
Does it come in other colors?,0
Text me at 1569257481,1
Nice product!,0
Can you show more photos?,0
How soon can I get it?,0
📱 +1-353-837-4654,1
Do you have it in stock?,0
Contact: +1-552-265-2660,1
Do you have it in stock?,0
I’m interested in this item.,0
Does it come in other colors?,0
I’m interested in this item.,0
I’m interested in this item.,0
Can you show more photos?,0
Does it come in other colors?,0
Do you have it in stock?,0
Email me at bob33@example.com,1
This looks good.,0
Send me a DM on Facebook: facebook.com/best_pizza,1
What are the dimensions?,0
Do you have it in stock?,0
Nice product!,0
What are the dimensions?,0
DM me on Instagram: @ivan805,1
Let's connect on LinkedIn: https://linkedin.com/in/eve792,1
Where do you ship from?,0
I’m interested in this item.,0
my email id is user993@example.com,1
Do you have it in stock?,0
Send me a DM on Facebook: facebook.com/jane.smith,1
Where do you ship from?,0
Do you have it in stock?,0
Can you show more photos?,0
Reach out on WhatsApp at +1-238-370-9090,1
DM me on Instagram @john_doe,1
Ping me on Telegram: @heidi151,1
Where do you ship from?,0
Nice product!,0
Message me on Snapchat: coolguy42,1
t e l : +1-831-128-5097,1
How soon can I get it?,0
What are the dimensions?,0
I’m interested in this item.,0
How soon can I get it?,0
message me via g m a i l at user4684@example.com,1
Can you share your phone number so I can send you details?,1
Does it come in other colors?,0
What’s the price?,0
Can you show more photos?,0
How soon can I get it?,0
How soon can I get it?,0
Does it come in other colors?,0
Where do you ship from?,0
DM me on Facebook: facebook.com/fashionista106,1
Hit me up on WhatsApp at 555-706-7790,1
I’m interested in this item.,0
What are the dimensions?,0
Here's my email: user7094@example.com,1
I’m interested in this item.,0
Does it come in other colors?,0
Where do you ship from?,0
Does it come in other colors?,0
Does it come in other colors?,0
hmu @ coolcat196,1
What’s the price?,0
Reach out on WhatsApp at +1-848-918-2017,1
Where do you ship from?,0
Do you have it in stock?,0
Follow me on Instagram @john_doe and DM.,1
Facebook me at 629-542-7872,1
Does it come in other colors?,0
This looks good.,0
How soon can I get it?,0
How soon can I get it?,0
Add me on WhatsApp: (248) 558-2855,1
Nice product!,0
Where do you ship from?,0
Connect on LinkedIn (linkedin.com/in/fashionguru),1
I’m interested in this item.,0
What are the dimensions?,0
Where do you ship from?,0
Do you have it in stock?,0
Where do you ship from?,0
How soon can I get it?,0
Can you show more photos?,0
You can reach me at 555-897-7156,1
What’s the price?,0
This looks good.,0
fb.com/shopper116,1
What’s the price?,0
Nice product!,0
My number is 0368526013,1
C o n t a c t :   + 1   1 6 2   7 1 9   8 1 1 3,1
How soon can I get it?,0
What are the dimensions?,0
Do you have it in stock?,0
Follow me on Instagram @shopper99 and DM.,1
Where do you ship from?,0
Text me at +1-262-211-8987,1
Call me at 2438524948,1
Nice product!,0
I’m interested in this item.,0
What are the dimensions?,0
What are the dimensions?,0
Does it come in other colors?,0
Can you show more photos?,0
This looks good.,0
Let's connect on LinkedIn: linkedin.com/in/best_pizza,1
Where do you ship from?,0
Where do you ship from?,0
Where do you ship from?,0
How soon can I get it?,0
Does it come in other colors?,0
Nice product!,0
I’m interested in this item.,0
Do you have it in stock?,0
This looks good.,0
Message via email: frank34@email.net,1
Do you have it in stock?,0
This looks good.,0
Does it come in other colors?,0
I’m interested in this item.,0
This looks good.,0
Nice product!,0
This looks good.,0
Where do you ship from?,0
Nice product!,0
This looks good.,0
My WeChat ID is coolguy42,1
Do you have it in stock?,0
What’s the price?,0
Nice product!,0
Can you show more photos?,0
Where do you ship from?,0
How soon can I get it?,0
Where do you ship from?,0
Does it come in other colors?,0
I’m interested in this item.,0
I’m interested in this item.,0
I’m interested in this item.,0
Email me at user5554@example.com,1
Does it come in other colors?,0
What’s the price?,0
I’m interested in this item.,0
Can you show more photos?,0
Here is my email: user8890@example.com,1
How soon can I get it?,0
Reach me at +1 167 018 9305,1
Does it come in other colors?,0
Do you have it in stock?,0
"Email is user7034@example.com, reach out anytime.",1
Nice product!,0
How soon can I get it?,0
Find me on Facebook: https://facebook.com/alice1,1
What’s the price?,0
Contact me on Skype: david579,1
I’m interested in this item.,0
What are the dimensions?,0
How soon can I get it?,0
My Snapchat is alice319,1
I’m interested in this item.,0
Where do you ship from?,0
What are the dimensions?,0
Text me at +1 219 176 1082,1
This looks good.,0
What are the dimensions?,0
Where do you ship from?,0
What’s the price?,0
I’m interested in this item.,0
Here is my email: user5686@example.com,1
Does it come in other colors?,0
Can you show more photos?,0
My WeChat ID is shopper99,1
My Snapchat is judy691,1
Add me on WhatsApp: 555-252-5733,1
Can you show more photos?,0
My number is (886) 701-0306,1
Can you show more photos?,0
Text me at 555-799-7639 for more info.,1
Can you show more photos?,0
What’s the price?,0
Text me at (944) 985-6276,1
This looks good.,0
Do you have it in stock?,0
Does it come in other colors?,0
What’s the price?,0
My Snapchat is david949,1
I’m interested in this item.,0
Where do you ship from?,0
Do you have it in stock?,0
What are the dimensions?,0
This looks good.,0
Please email me at user2814@example.com,1
Text me at +1-527-385-1959,1
Nice product!,0
Where do you ship from?,0
Nice product!,0
Can you share your phone number so I can send you details?,1
Nice product!,0
What are the dimensions?,0
What’s the price?,0
This looks good.,0
I’m interested in this item.,0
How soon can I get it?,0
How soon can I get it?,0
How soon can I get it?,0
Do you have it in stock?,0
reach at t w o o o @example.com,1
Where do you ship from?,0
Add me on Facebook (facebook.com/best_pizza),1
What’s the price?,0
Hit me up on WhatsApp at 555-912-5042,1
telegram: t dot me slash devguy958,1
What’s the price?,0
Where do you ship from?,0
Do you have it in stock?,0
I’m interested in this item.,0
Can you show more photos?,0
What’s the price?,0
I’m interested in this item.,0
Do you have it in stock?,0
You can reach me at +1-548-151-3660,1
Do you have it in stock?,0
I’m interested in this item.,0
Reach me at 3593876647,1
I’m interested in this item.,0
Does it come in other colors?,0
reach at t w o o o @example.com,1
Connect on LinkedIn (linkedin.com/in/jane.smith),1
This looks good.,0
Nice product!,0
This looks good.,0
Does it come in other colors?,0
Nice product!,0
Mail me: alice81@email.net,1
Skype me at (657) 325-7414,1
Can you show more photos?,0
This looks good.,0
This looks good.,0
Do you have it in stock?,0
Does it come in other colors?,0
Can you show more photos?,0
Can you show more photos?,0
Does it come in other colors?,0
How soon can I get it?,0
Nice product!,0
Nice product!,0
This looks good.,0
Do you have it in stock?,0
This looks good.,0
You can reach me at +1-689-836-5286,1
Nice product!,0
How soon can I get it?,0
What’s the price?,0
Nice product!,0
Do you have it in stock?,0
What’s the price?,0
Contact via email: judy34@example.com,1
Follow me on Twitter: @eve225,1
What are the dimensions?,0
Does it come in other colors?,0
Do you have it in stock?,0
Do you have it in stock?,0
Reach out on WhatsApp at +1-695-803-1068,1
Text me at 555-829-4709 for more info.,1
Can you share your phone number so I can send you details?,1
Nice product!,0
Does it come in other colors?,0
C a l l   m e :   8 0 0 2 0 1 7 0 9 6,1
What’s the price?,0
📧 user6906@example.com,1
Can you show more photos?,0
Can you show more photos?,0
Here is my email: user9785@example.com,1
How soon can I get it?,0
I’m interested in this item.,0
How soon can I get it?,0
What are the dimensions?,0
Do you have it in stock?,0
Follow me on Twitter: @eve678,1
DM me on Instagram @shopper99,1
Nice product!,0
get in touch @ user1923@example.com,1
This looks good.,0
Nice product!,0
What are the dimensions?,0
Nice product!,0
What are the dimensions?,0
I’m interested in this item.,0
How soon can I get it?,0
What are the dimensions?,0
Does it come in other colors?,0
Add me on WhatsApp: +1 354 942 3108,1
This looks good.,0
Can I have your email address?,1
I’m interested in this item.,0
Contact me via Telegram: @best_pizza,1
What’s the price?,0
Message me on Snapchat: best_pizza,1
What’s the price?,0
Does it come in other colors?,0
c   o   n   t   a   c   t   m   e   6 0 1 0 4 2 0 7 1 4,1
Nice product!,0
This looks good.,0
Where do you ship from?,0
How soon can I get it?,0
Text me at +1 849 508 6584,1
I’m interested in this item.,0
Can you show more photos?,0
Do you have it in stock?,0
What’s the price?,0
Do you have it in stock?,0
Where do you ship from?,0
What are the dimensions?,0
My TikTok: @ivan301,1
Does it come in other colors?,0
I’m interested in this item.,0
Does it come in other colors?,0
Does it come in other colors?,0
Does it come in other colors?,0
Hit me up on WhatsApp at +1-354-650-8560,1
This looks good.,0
This looks good.,0
How soon can I get it?,0
This looks good.,0
What are the dimensions?,0
Does it come in other colors?,0
What are the dimensions?,0
Can you show more photos?,0
Does it come in other colors?,0
This looks good.,0
Nice product!,0
What’s the price?,0
Do you have it in stock?,0
Does it come in other colors?,0
Where do you ship from?,0
Does it come in other colors?,0
Do you have it in stock?,0
I’m interested in this item.,0
I’m interested in this item.,0
This looks good.,0
How soon can I get it?,0
Does it come in other colors?,0
snap me at s-n-a-p devguy619,1
What’s the price?,0
What’s the price?,0
Email me at david57@email.net,1
What are the dimensions?,0
I’m interested in this item.,0
I’m interested in this item.,0
Add me on WhatsApp: 555-143-3061,1
Can you share your phone number so I can send you details?,1
Where do you ship from?,0
This looks good.,0
Can you show more photos?,0
Does it come in other colors?,0
c   o   n   t   a   c   t   m   e   + 1   1 7 0   4 1 6   4 1 2 6,1
Does it come in other colors?,0
Nice product!,0
How soon can I get it?,0
Follow me on Twitter: @ivan830,1
Nice product!,0
Can you show more photos?,0
This looks good.,0
Nice product!,0
Do you have it in stock?,0
TikTok me at 0377606567,1
Email me at user7792@example.com,1
Nice product!,0
Send me a DM on Facebook: facebook.com/shopper99,1
How soon can I get it?,0
Let's connect on LinkedIn: linkedin.com/in/coolguy42,1
Nice product!,0
How soon can I get it?,0
Message me on Snapchat: shop_owner,1
My WeChat ID is shopper99,1
Hit me up on WhatsApp at +1-498-874-7943,1
What’s the price?,0
Nice product!,0
Do you have it in stock?,0
Where do you ship from?,0
Add me on WhatsApp: (800) 798-3438,1
What are the dimensions?,0
How soon can I get it?,0
How soon can I get it?,0
Reach me at 2065390285,1
Contact me on Skype: heidi48,1
Where do you ship from?,0
What are the dimensions?,0
Follow me on Twitter: @charlie130,1
This looks good.,0
What’s the price?,0
What are the dimensions?,0
My WeChat ID is jane.smith,1
Do you have it in stock?,0
This looks good.,0
What’s the price?,0
This looks good.,0
Where do you ship from?,0
Message me on Snapchat: fashionguru,1
What are the dimensions?,0
Does it come in other colors?,0
Does it come in other colors?,0
What are the dimensions?,0
Where do you ship from?,0
Does it come in other colors?,0
Does it come in other colors?,0
How soon can I get it?,0
This looks good.,0
I’m interested in this item.,0
c o n t a c t : +1-417-540-2433,1
What’s the price?,0
What are the dimensions?,0
What are the dimensions?,0
What’s the price?,0
My WeChat ID is shopper99,1
Does it come in other colors?,0
What’s the price?,0
What’s the price?,0
How soon can I get it?,0
Connect on LinkedIn (linkedin.com/in/devguy365),1
get in touch @ user1554@example.com,1
Do you have it in stock?,0
How soon can I get it?,0
What are the dimensions?,0
Nice product!,0
Can you show more photos?,0
Where do you ship from?,0
Where do you ship from?,0
How soon can I get it?,0
Nice product!,0
What are the dimensions?,0
Nice product!,0
How soon can I get it?,0
Where do you ship from?,0
Do you have it in stock?,0
Does it come in other colors?,0
Where do you ship from?,0
What’s the price?,0
How soon can I get it?,0
Nice product!,0
Does it come in other colors?,0
This looks good.,0
Does it come in other colors?,0
Where do you ship from?,0
📧 user4378@example.com,1
DM me on Instagram: @alice954,1
Does it come in other colors?,0
What are the dimensions?,0
How soon can I get it?,0
Do you have it in stock?,0
Text me at 555-350-3756 for more info.,1
I’m interested in this item.,0
Does it come in other colors?,0
Do you have it in stock?,0
How soon can I get it?,0
Can you show more photos?,0
Can you show more photos?,0
How soon can I get it?,0
Contact: +1-142-309-2434,1
h e i d i 8 1 @ m a i l . c o m,1
Do you have it in stock?,0
I’m interested in this item.,0
c   o   n   t   a   c   t   m   e   + 1   7 3 4   5 6 9   9 0 9 2,1
Reach me at (958) 992-0373,1
What are the dimensions?,0
How soon can I get it?,0
How soon can I get it?,0
I’m interested in this item.,0
This looks good.,0
Do you have it in stock?,0
I’m interested in this item.,0
Does it come in other colors?,0
Do you have it in stock?,0
This looks good.,0
Nice product!,0
I’m interested in this item.,0
Nice product!,0
Can you show more photos?,0
I’m interested in this item.,0
This looks good.,0
Where do you ship from?,0
You can reach me at 555-923-5154,1
What are the dimensions?,0
Do you have it in stock?,0
Nice product!,0
What’s the price?,0
Do you have it in stock?,0
Nice product!,0
message me via g m a i l at user1538@example.com,1
find me at user1400@example.com 😉,1
I’m interested in this item.,0
C o n t a c t :   8 5 4 - 1 4 5 - 2 2 1 0,1
Where do you ship from?,0
How soon can I get it?,0
Does it come in other colors?,0
Send me a DM on Facebook: facebook.com/fashioneer,1
Can you show more photos?,0
This looks good.,0
Nice product!,0
I’m interested in this item.,0
Find me on Facebook: https://facebook.com/eve308,1
Does it come in other colors?,0
Nice product!,0
c o n t a c t : +1-200-358-3505,1
Where do you ship from?,0
What are the dimensions?,0
Can you share your phone number so I can send you details?,1
What’s the price?,0
Nice product!,0
Do you have it in stock?,0
Can you show more photos?,0
What are the dimensions?,0
Do you have it in stock?,0
Can you show more photos?,0
Find me on Facebook: https://facebook.com/heidi963,1
I’m interested in this item.,0
I’m interested in this item.,0
This looks good.,0
Does it come in other colors?,0
Hit me up on WhatsApp at +1-280-436-7385,1
What are the dimensions?,0
Can you show more photos?,0
Do you have it in stock?,0
How soon can I get it?,0
"My contact is 555-642-5393, call me.",1
Does it come in other colors?,0
What’s the price?,0
Where do you ship from?,0
Nice product!,0
Where do you ship from?,0
Does it come in other colors?,0
What are the dimensions?,0
How soon can I get it?,0
my digits: +1-148-239-7999,1
This looks good.,0
Nice product!,0
What’s the price?,0
Does it come in other colors?,0
Nice product!,0
Can you show more photos?,0
This looks good.,0
Do you have it in stock?,0
What’s the price?,0
I’m interested in this item.,0
You can reach me at 555-129-4528,1
my email id is user1244@example.com,1
What are the dimensions?,0
Add me on Facebook (facebook.com/best_pizza),1
This looks good.,0
Do you have it in stock?,0
This looks good.,0
What’s the price?,0
Does it come in other colors?,0
What’s the price?,0
Nice product!,0
"Email is user6554@example.com, reach out anytime.",1
I’m interested in this item.,0
What are the dimensions?,0
Where do you ship from?,0
What are the dimensions?,0
This looks good.,0
Contact via email: david21@mail.com,1
Contact me on Skype: bob956,1
What are the dimensions?,0
Hit me up on WhatsApp at +1-518-324-4067,1
What’s the price?,0
DM me on Facebook: facebook.com/devguy339,1
This looks good.,0
This looks good.,0
What are the dimensions?,0
Follow me on Instagram @designer123 and DM.,1
Does it come in other colors?,0
c   o   n   t   a   c   t   m   e   8 8 5 - 5 7 2 - 1 2 8 6,1
I’m interested in this item.,0
Nice product!,0
This looks good.,0
I’m interested in this item.,0
Can you show more photos?,0
What are the dimensions?,0
How soon can I get it?,0
I’m interested in this item.,0
What are the dimensions?,0
What are the dimensions?,0
Where do you ship from?,0
my email id is user8797@example.com,1
Nice product!,0
my email id is user9966@example.com,1
This looks good.,0
Where do you ship from?,0
What are the dimensions?,0
Can you show more photos?,0
Reach out on WhatsApp at +1-818-585-5694,1
How soon can I get it?,0
What’s the price?,0
DM me on Instagram: @ivan904,1
Can you show more photos?,0
Does it come in other colors?,0
I’m interested in this item.,0
Does it come in other colors?,0
What are the dimensions?,0
Can you show more photos?,0
Does it come in other colors?,0
Do you have it in stock?,0
Does it come in other colors?,0
I’m interested in this item.,0
What are the dimensions?,0
📧 user7073@example.com,1
Do you have it in stock?,0
Let's connect on LinkedIn: https://linkedin.com/in/grace174,1
Can you show more photos?,0
Where do you ship from?,0
This looks good.,0
Can you show more photos?,0
Does it come in other colors?,0
📧 user1115@example.com,1
Can I have your email address?,1
How soon can I get it?,0
What’s the price?,0
I’m interested in this item.,0
Let's connect on LinkedIn: linkedin.com/in/fashionguru,1
Do you have it in stock?,0
I’m interested in this item.,0
Do you have it in stock?,0
Where do you ship from?,0
Let's connect on LinkedIn: https://linkedin.com/in/eve546,1
find me at user907@example.com 😉,1
My WeChat ID is shop_owner,1
What’s the price?,0
Can you show more photos?,0
Nice product!,0
Add me on Facebook (facebook.com/jane.smith),1
What are the dimensions?,0
Where do you ship from?,0
Can you show more photos?,0
What’s the price?,0
Can you show more photos?,0
Mail me: bob85@example.com,1
Can you show more photos?,0
"Email is user2721@example.com, reach out anytime.",1
Can you show more photos?,0
c o n t a c t : +1-709-747-1338,1
find me at user2437@example.com 😉,1
fb.com/fashionista662,1
Nice product!,0
This looks good.,0
What are the dimensions?,0
What are the dimensions?,0
Do you have it in stock?,0
Here is my email: user4107@example.com,1
What’s the price?,0
Call me at 128-411-3790,1
hmu @ devguy963,1
I’m interested in this item.,0
I’m interested in this item.,0
Can you show more photos?,0
What are the dimensions?,0
Does it come in other colors?,0
my email id is user9916@example.com,1
How soon can I get it?,0
Where do you ship from?,0
What’s the price?,0
I’m interested in this item.,0
How soon can I get it?,0
What are the dimensions?,0
What are the dimensions?,0
Where do you ship from?,0
Do you have it in stock?,0
Ping me on Telegram: @david441,1
This looks good.,0
How soon can I get it?,0
What are the dimensions?,0
Nice product!,0
my email id is user2701@example.com,1
Where do you ship from?,0
"Email is user1889@example.com, reach out anytime.",1
e m a i l m e @ user5697@example.com,1
How soon can I get it?,0
Where do you ship from?,0
I’m interested in this item.,0
Do you have it in stock?,0
Where do you ship from?,0
I’m interested in this item.,0
my email id is user7376@example.com,1
Nice product!,0
Can you show more photos?,0
Nice product!,0
Where do you ship from?,0
How soon can I get it?,0
Where do you ship from?,0
Can you share your phone number so I can send you details?,1
Does it come in other colors?,0
hmu @ shopper383,1
Do you have it in stock?,0
I’m interested in this item.,0
Connect on LinkedIn (linkedin.com/in/fashionista901),1
Add me on Facebook (facebook.com/tech_lead),1
What’s the price?,0
Do you have it in stock?,0
Call me at (643) 825-8731,1
How soon can I get it?,0
I’m interested in this item.,0
What are the dimensions?,0
Does it come in other colors?,0
I’m interested in this item.,0
Nice product!,0
I’m interested in this item.,0
I’m interested in this item.,0
I’m interested in this item.,0
Hit me up on WhatsApp at +1-678-442-4907,1
Where do you ship from?,0
Ping me on Telegram: @charlie405,1
Does it come in other colors?,0
This looks good.,0
Mail me: heidi18@example.com,1
Nice product!,0
This looks good.,0
hmu @ fashionista244,1
📱 +1-789-412-1729,1
This looks good.,0
Where do you ship from?,0
This looks good.,0
Can you show more photos?,0
Does it come in other colors?,0
What’s the price?,0
What’s the price?,0
How soon can I get it?,0
Text me at 5488943707,1
DM me on Instagram: @frank810,1
Nice product!,0
Do you have it in stock?,0
This looks good.,0
Hit me up on WhatsApp at 555-905-9982,1
How soon can I get it?,0
Can you show more photos?,0
Do you have it in stock?,0
Do you have it in stock?,0
How soon can I get it?,0
What are the dimensions?,0
How soon can I get it?,0
I’m interested in this item.,0
How soon can I get it?,0
Where do you ship from?,0
Text me at 4602563506,1
I’m interested in this item.,0
How soon can I get it?,0
I’m interested in this item.,0
What’s the price?,0
Nice product!,0
Do you have it in stock?,0
What are the dimensions?,0
What are the dimensions?,0
Does it come in other colors?,0
Can you show more photos?,0
You can reach me at +1-648-711-8217,1
This looks good.,0
Can you show more photos?,0
Nice product!,0
Snapchat me @ fashionista335,1
How soon can I get it?,0
Add me on WhatsApp: 555-961-1791,1
C a l l   m e :   9 4 2 0 9 5 9 6 9 3,1
What’s the price?,0
Find me on Facebook: https://facebook.com/bob468,1
Does it come in other colors?,0
Where do you ship from?,0
How soon can I get it?,0
You can reach me at 555-766-8269,1
wanna chat? +1-296-606-6456,1
Where do you ship from?,0
Where do you ship from?,0
What are the dimensions?,0
Here's my email: user744@example.com,1
Reach out on WhatsApp at +1-668-760-7301,1
What are the dimensions?,0
How soon can I get it?,0
Do you have it in stock?,0
What’s the price?,0
Connect on LinkedIn (linkedin.com/in/best_pizza),1
Does it come in other colors?,0
Do you have it in stock?,0
Where do you ship from?,0
What’s the price?,0
I’m interested in this item.,0
C a l l   m e :   + 1   8 9 5   1 2 6   3 5 3 4,1
This looks good.,0
Do you have it in stock?,0
What’s the price?,0
Nice product!,0
How soon can I get it?,0
Does it come in other colors?,0
Where do you ship from?,0
📧 user1924@example.com,1
What are the dimensions?,0
Do you have it in stock?,0
What are the dimensions?,0
Do you have it in stock?,0
Message me on Signal: 5470675406,1
What’s the price?,0
Add me on Facebook (facebook.com/shopper99),1
Can you show more photos?,0
Do you have it in stock?,0
How soon can I get it?,0
I’m interested in this item.,0
What are the dimensions?,0
What’s the price?,0
What’s the price?,0
What’s the price?,0
c o n t a c t : +1-768-834-7822,1
Can you show more photos?,0
What’s the price?,0
This looks good.,0
Nice product!,0
Does it come in other colors?,0
Nice product!,0
Nice product!,0
Email me at user6567@example.com,1
reach at t w o o o @example.com,1
What are the dimensions?,0
Does it come in other colors?,0
I’m interested in this item.,0
Where do you ship from?,0
Let's connect on LinkedIn: https://linkedin.com/in/heidi93,1
Where do you ship from?,0
Nice product!,0
Nice product!,0
Where do you ship from?,0
Where do you ship from?,0
This looks good.,0
Follow me on Instagram @coolguy42 and DM.,1
C o n t a c t :   ( 8 3 9 )   8 8 3 - 4 3 6 5,1
Do you have it in stock?,0
Do you have it in stock?,0
📧 user1844@example.com,1
What’s the price?,0
What are the dimensions?,0
What are the dimensions?,0
I’m interested in this item.,0
Can you show more photos?,0
This looks good.,0
Add me on WhatsApp: 815-698-4174,1
What’s the price?,0
This looks good.,0
How soon can I get it?,0
Does it come in other colors?,0
Where do you ship from?,0
This looks good.,0
Nice product!,0
Does it come in other colors?,0
How soon can I get it?,0
What’s the price?,0
"Email is user8157@example.com, reach out anytime.",1
you can DM me at devguy692 on Insta,1
Where do you ship from?,0
reach at t w o o o @example.com,1
you can DM me at devguy875 on Insta,1
Do you have it in stock?,0
I’m interested in this item.,0
Let's connect on LinkedIn: https://linkedin.com/in/eve199,1
Where do you ship from?,0
Can you show more photos?,0
Nice product!,0
"Email is user6542@example.com, reach out anytime.",1
How soon can I get it?,0
How soon can I get it?,0
Nice product!,0
How soon can I get it?,0
I’m interested in this item.,0
How soon can I get it?,0
Here is my email: user2380@example.com,1
Do you have it in stock?,0
How soon can I get it?,0
Do you have it in stock?,0
Where do you ship from?,0
telegram: t dot me slash fashionista957,1
What are the dimensions?,0
get in touch @ user7145@example.com,1
Reach me at 0855434834,1
Where do you ship from?,0
Do you have it in stock?,0
Does it come in other colors?,0
📱 +1-193-900-4664,1
What are the dimensions?,0
Add me on Facebook (facebook.com/shop_owner),1
Ping me on Telegram: @bob291,1
How soon can I get it?,0
What are the dimensions?,0
How soon can I get it?,0
Where do you ship from?,0
Does it come in other colors?,0
find me at user520@example.com 😉,1
Nice product!,0
What are the dimensions?,0
Snapchat me @ devguy47,1
What are the dimensions?,0
wanna chat? +1-828-882-1596,1
Where do you ship from?,0
How soon can I get it?,0
What are the dimensions?,0
Does it come in other colors?,0
Does it come in other colors?,0
Nice product!,0
How soon can I get it?,0
How soon can I get it?,0
Can you show more photos?,0
Can you show more photos?,0
What’s the price?,0
Nice product!,0
How soon can I get it?,0
Does it come in other colors?,0
Nice product!,0
Where do you ship from?,0
Do you have it in stock?,0
telegram: t dot me slash shopper129,1
Nice product!,0
How soon can I get it?,0
How soon can I get it?,0
What’s the price?,0
fb.com/fashionista95,1
Message me on Signal: +1 286 161 7863,1
What are the dimensions?,0
Can you show more photos?,0
Can you show more photos?,0
Can you show more photos?,0
Nice product!,0
Contact me via Telegram: @coolguy42,1
Where do you ship from?,0
Does it come in other colors?,0
What’s the price?,0
I’m interested in this item.,0
How soon can I get it?,0
What are the dimensions?,0
I’m interested in this item.,0
This looks good.,0
Can you show more photos?,0
You can reach me at 555-422-9048,1
message me via g m a i l at user8847@example.com,1
Do you have it in stock?,0
I’m interested in this item.,0
message me via g m a i l at user8691@example.com,1
Can you show more photos?,0
Do you have it in stock?,0
How soon can I get it?,0
c   o   n   t   a   c   t   m   e   7 3 3 - 1 2 2 - 5 2 2 7,1
How soon can I get it?,0
Where do you ship from?,0
Where do you ship from?,0
This looks good.,0
What are the dimensions?,0
What are the dimensions?,0
Can you show more photos?,0
Connect on LinkedIn (linkedin.com/in/best_pizza),1
What’s the price?,0
What are the dimensions?,0
Does it come in other colors?,0
What’s the price?,0
Where do you ship from?,0
Reach me at (787) 346-4832,1
Does it come in other colors?,0
Where do you ship from?,0
I’m interested in this item.,0
What are the dimensions?,0
Text me at 555-229-9093 for more info.,1
Where do you ship from?,0
Do you have it in stock?,0
Does it come in other colors?,0
Do you have it in stock?,0
What’s the price?,0
Do you have it in stock?,0
I’m interested in this item.,0
How soon can I get it?,0
What are the dimensions?,0
Hit me up on WhatsApp at 555-336-6662,1
Ping me on Telegram: @charlie933,1
my digits: +1-581-505-6341,1
Do you have it in stock?,0
What’s the price?,0
You can reach me at 555-910-2029,1
How soon can I get it?,0
How soon can I get it?,0
Do you have it in stock?,0
What are the dimensions?,0
Where do you ship from?,0
My WeChat ID is john_doe,1
Do you have it in stock?,0
"My contact is 555-126-8899, call me.",1
What are the dimensions?,0
This looks good.,0
Can you show more photos?,0
Nice product!,0
I’m interested in this item.,0
Here is my email: user8464@example.com,1
This looks good.,0
Does it come in other colors?,0
Call me at (728) 581-3071,1
Nice product!,0
This looks good.,0
What’s the price?,0
Add me on Facebook (facebook.com/tech_lead),1
What’s the price?,0
What are the dimensions?,0
I’m interested in this item.,0
My WeChat ID is best_pizza,1
Can you show more photos?,0
Does it come in other colors?,0
📧 user728@example.com,1
C o n t a c t :   7 5 8 2 5 6 2 7 3 1,1
Connect on LinkedIn (linkedin.com/in/shopper727),1
Please email me at user2997@example.com,1
I’m interested in this item.,0
This looks good.,0
What are the dimensions?,0
C o n t a c t :   3 5 3 6 9 7 7 9 2 4,1
Nice product!,0
Where do you ship from?,0
Nice product!,0
Does it come in other colors?,0
e m a i l m e @ user1449@example.com,1
This looks good.,0
What’s the price?,0
e m a i l m e @ user557@example.com,1
I’m interested in this item.,0
Do you have it in stock?,0
Can you show more photos?,0
This looks good.,0
Do you have it in stock?,0
Can you show more photos?,0
I’m interested in this item.,0
Do you have it in stock?,0
Text me at +1-651-656-4735,1
wanna chat? +1-303-586-5834,1
Can you show more photos?,0
Do you have it in stock?,0
Does it come in other colors?,0
What are the dimensions?,0
Can you share your phone number so I can send you details?,1
Where do you ship from?,0
What are the dimensions?,0
Nice product!,0
Where do you ship from?,0
Hit me up on WhatsApp at +1-462-233-6854,1
Where do you ship from?,0
Can you show more photos?,0
What are the dimensions?,0
Connect on LinkedIn (linkedin.com/in/shop_owner),1
Nice product!,0
I’m interested in this item.,0
This looks good.,0
This looks good.,0
Contact me on Skype: frank70,1
What are the dimensions?,0
Does it come in other colors?,0
Ping me on Telegram: @bob435,1
Find me on Facebook: https://facebook.com/alice548,1
What’s the price?,0
I’m interested in this item.,0
How soon can I get it?,0
Where do you ship from?,0
Nice product!,0
Ping me on Telegram: @frank876,1
Do you have it in stock?,0
What are the dimensions?,0
Can you show more photos?,0
Do you have it in stock?,0
Can you show more photos?,0
I’m interested in this item.,0
What are the dimensions?,0
Can you show more photos?,0
What’s the price?,0
Do you have it in stock?,0
Nice product!,0
I’m interested in this item.,0
What’s the price?,0
you can DM me at fashionista963 on Insta,1
Can you show more photos?,0
Where do you ship from?,0
What are the dimensions?,0
How soon can I get it?,0
Does it come in other colors?,0
I’m interested in this item.,0
How soon can I get it?,0
This looks good.,0
Nice product!,0
Where do you ship from?,0
I’m interested in this item.,0
This looks good.,0
Does it come in other colors?,0
I’m interested in this item.,0
You can reach me at 555-424-2131,1
Message via email: frank66@email.net,1
Nice product!,0
What are the dimensions?,0
How soon can I get it?,0
Does it come in other colors?,0
Do you have it in stock?,0
Can you show more photos?,0
Where do you ship from?,0
Here's my email: user4927@example.com,1
What’s the price?,0
Can you show more photos?,0
What are the dimensions?,0
I’m interested in this item.,0
Nice product!,0
What’s the price?,0
I’m interested in this item.,0
Do you have it in stock?,0
WhatsApp me at +1-555-758-4304,1
How soon can I get it?,0
What’s the price?,0
What’s the price?,0
Message via email: frank59@example.com,1
This looks good.,0
Email me at user3847@example.com,1
Can you show more photos?,0
my email id is user2824@example.com,1
Can you show more photos?,0
Do you have it in stock?,0
I’m interested in this item.,0
How soon can I get it?,0
I’m interested in this item.,0
Where do you ship from?,0
Does it come in other colors?,0
Nice product!,0
What’s the price?,0
Nice product!,0
t e l : +1-483-171-4452,1
How soon can I get it?,0
Do you have it in stock?,0
What are the dimensions?,0
Can you show more photos?,0
Nice product!,0
i v a n 3 2 @ t e s t . o r g,1
Can you show more photos?,0
This looks good.,0
How soon can I get it?,0
Text me at +1-373-650-5171,1
Send me a DM on Facebook: facebook.com/jane.smith,1
Can you show more photos?,0
My WeChat ID is designer123,1
I’m interested in this item.,0
Where do you ship from?,0
Nice product!,0
How soon can I get it?,0
Where do you ship from?,0
Can you share your phone number so I can send you details?,1
reach at t w o o o @example.com,1
Ping me on Telegram: @david279,1
Does it come in other colors?,0
reach at t w o o o @example.com,1
Nice product!,0
What’s the price?,0
Do you have it in stock?,0
I’m interested in this item.,0
Where do you ship from?,0
How soon can I get it?,0
What’s the price?,0
My TikTok: @eve732,1
What are the dimensions?,0
Where do you ship from?,0
Where do you ship from?,0
How soon can I get it?,0
What’s the price?,0
Nice product!,0
This looks good.,0
This looks good.,0
Connect on LinkedIn (linkedin.com/in/fashionista957),1
I’m interested in this item.,0
What are the dimensions?,0
Where do you ship from?,0
DM me on Instagram: @grace381,1
Where do you ship from?,0
Add me on WhatsApp: 555-638-3988,1
Nice product!,0
Can you share your phone number so I can send you details?,1
Nice product!,0
I’m interested in this item.,0
Where do you ship from?,0
What are the dimensions?,0
Does it come in other colors?,0
This looks good.,0
Does it come in other colors?,0
Reach me at 5397366338,1
How soon can I get it?,0
What are the dimensions?,0
reach at t w o o o @example.com,1
Does it come in other colors?,0
This looks good.,0
C o n t a c t :   ( 4 7 4 )   4 9 3 - 8 2 4 8,1
Hit me up on WhatsApp at +1-218-928-3228,1
What are the dimensions?,0
What are the dimensions?,0
Nice product!,0
What’s the price?,0
I’m interested in this item.,0
Can you show more photos?,0
Do you have it in stock?,0
Does it come in other colors?,0
What are the dimensions?,0
Hit me up on WhatsApp at +1-475-813-7936,1
This looks good.,0
What are the dimensions?,0
I’m interested in this item.,0
Does it come in other colors?,0
Nice product!,0
message me via g m a i l at user5550@example.com,1
How soon can I get it?,0
Can you show more photos?,0
Nice product!,0
How soon can I get it?,0
Do you have it in stock?,0
Can you show more photos?,0
Do you have it in stock?,0
Do you have it in stock?,0
Do you have it in stock?,0
Can you show more photos?,0
This looks good.,0
I’m interested in this item.,0
Do you have it in stock?,0
How soon can I get it?,0
How soon can I get it?,0
Can you show more photos?,0
Send me a DM on Facebook: facebook.com/tech_lead,1
What are the dimensions?,0
c o n t a c t : +1-960-460-7799,1
Does it come in other colors?,0
What are the dimensions?,0
Hit me up on WhatsApp at 555-956-2837,1
Nice product!,0
Does it come in other colors?,0
Message me on Snapchat: fashioneer,1
What’s the price?,0
How soon can I get it?,0
My WeChat ID is shop_owner,1
Nice product!,0
What are the dimensions?,0
DM me on Facebook: facebook.com/devguy327,1
Where do you ship from?,0
I’m interested in this item.,0
What’s the price?,0
What’s the price?,0
Where do you ship from?,0
I’m interested in this item.,0
What’s the price?,0
Does it come in other colors?,0
Can you share your phone number so I can send you details?,1
Where do you ship from?,0
This looks good.,0
Do you have it in stock?,0
Contact me via Telegram: @fashioneer,1
What are the dimensions?,0
What are the dimensions?,0
This looks good.,0
What’s the price?,0
I’m interested in this item.,0
What’s the price?,0
Nice product!,0
Where do you ship from?,0
Where do you ship from?,0
Nice product!,0
This looks good.,0
I’m interested in this item.,0
Reach out on WhatsApp at +1-684-679-9369,1
What’s the price?,0
Can you show more photos?,0
I’m interested in this item.,0
What’s the price?,0
This looks good.,0
Send me a DM on Facebook: facebook.com/tech_lead,1
Nice product!,0
What’s the price?,0
WhatsApp me at +1-555-622-8100,1
Please email me at user6193@example.com,1
What are the dimensions?,0
I’m interested in this item.,0
Where do you ship from?,0
Do you have it in stock?,0
This looks good.,0
Where do you ship from?,0
my digits: +1-179-948-5026,1
DM me on Facebook: facebook.com/fashionista874,1
Where do you ship from?,0
Does it come in other colors?,0
I’m interested in this item.,0
Where do you ship from?,0
What’s the price?,0
Do you have it in stock?,0
Can you share your phone number so I can send you details?,1
Nice product!,0
Do you have it in stock?,0
Do you have it in stock?,0
I’m interested in this item.,0
Nice product!,0
Do you have it in stock?,0
This looks good.,0
Email me at bob2@mail.com,1
This looks good.,0
This looks good.,0
Where do you ship from?,0
Does it come in other colors?,0
Does it come in other colors?,0
Let's connect on LinkedIn: linkedin.com/in/best_pizza,1
Nice product!,0
Where do you ship from?,0
Let's connect on LinkedIn: https://linkedin.com/in/ivan18,1
I’m interested in this item.,0
e m a i l m e @ user1496@example.com,1
This looks good.,0
Here's my email: user6467@example.com,1
Can you show more photos?,0
Nice product!,0
Do you have it in stock?,0
Here is my email: user4434@example.com,1
What’s the price?,0
Does it come in other colors?,0
Nice product!,0
This looks good.,0
Can you show more photos?,0
Can you show more photos?,0
This looks good.,0
Does it come in other colors?,0
Nice product!,0
Where do you ship from?,0
Nice product!,0
This looks good.,0
How soon can I get it?,0
This looks good.,0
WhatsApp me at +1-555-851-5370,1
Email me at eve43@test.org,1
What’s the price?,0
c   o   n   t   a   c   t   m   e   2 9 3 - 0 3 7 - 9 7 3 9,1
What’s the price?,0
Nice product!,0
What’s the price?,0
Where do you ship from?,0
Nice product!,0
Where do you ship from?,0
Can you show more photos?,0
DM me on Facebook: facebook.com/shopper348,1
What are the dimensions?,0
Ping me on Telegram: @judy587,1
my digits: +1-376-219-7444,1
How soon can I get it?,0
Can you show more photos?,0
This looks good.,0
Can you show more photos?,0
DM me on Facebook: facebook.com/fashionista820,1
Do you have it in stock?,0
This looks good.,0
What are the dimensions?,0
What’s the price?,0
This looks good.,0
How soon can I get it?,0
What’s the price?,0
Where do you ship from?,0
I’m interested in this item.,0
What’s the price?,0
I’m interested in this item.,0
What’s the price?,0
How soon can I get it?,0
Do you have it in stock?,0
This looks good.,0
What are the dimensions?,0
Where do you ship from?,0
I’m interested in this item.,0
I’m interested in this item.,0
Can you show more photos?,0
What’s the price?,0
Connect on LinkedIn (linkedin.com/in/shopper592),1
Nice product!,0
I’m interested in this item.,0
Does it come in other colors?,0
Do you have it in stock?,0
Can you show more photos?,0
📧 user6502@example.com,1
Does it come in other colors?,0
My WeChat ID is john_doe,1
Where do you ship from?,0
I’m interested in this item.,0
I’m interested in this item.,0
Do you have it in stock?,0
What are the dimensions?,0
Can you show more photos?,0
What are the dimensions?,0
Add me on Facebook (facebook.com/designer123),1
Let's connect on LinkedIn: linkedin.com/in/fashioneer,1
I’m interested in this item.,0
Contact me on Skype: bob690,1
Nice product!,0
Where do you ship from?,0
Do you have it in stock?,0
Nice product!,0
Connect on LinkedIn (linkedin.com/in/designer123),1
Where do you ship from?,0
Text me at +1-176-863-8353,1
What’s the price?,0
How soon can I get it?,0
What’s the price?,0
This looks good.,0
I’m interested in this item.,0
Where do you ship from?,0
What’s the price?,0
Where do you ship from?,0
Nice product!,0
Can you show more photos?,0
Where do you ship from?,0
c   o   n   t   a   c   t   m   e   + 1   5 7 9   5 9 1   0 4 1 6,1
How soon can I get it?,0
What’s the price?,0
What’s the price?,0
What’s the price?,0
Nice product!,0
I’m interested in this item.,0
Can you show more photos?,0
Can you show more photos?,0
Does it come in other colors?,0
Nice product!,0
This looks good.,0
This looks good.,0
Where do you ship from?,0
What are the dimensions?,0
Do you have it in stock?,0
What’s the price?,0
This looks good.,0
Does it come in other colors?,0
How soon can I get it?,0
Do you have it in stock?,0
What are the dimensions?,0
What are the dimensions?,0
Do you have it in stock?,0
Nice product!,0
Text me at (896) 785-5081,1
This looks good.,0
Reach me at 6521784456,1
Does it come in other colors?,0
Where do you ship from?,0
Do you have it in stock?,0
Where do you ship from?,0
Follow me on Instagram @tech_lead and DM.,1
Follow me on Twitter: @ivan535,1
How soon can I get it?,0
Message me on Signal: (704) 997-5452,1
"My contact is 555-426-9874, call me.",1
Do you have it in stock?,0
Here's my email: user929@example.com,1
Where do you ship from?,0
Do you have it in stock?,0
Where do you ship from?,0
I’m interested in this item.,0
📧 user2202@example.com,1
Where do you ship from?,0
Do you have it in stock?,0
Does it come in other colors?,0
Email me at ivan47@example.com,1
What are the dimensions?,0
Do you have it in stock?,0
Nice product!,0
What’s the price?,0
Message me on Signal: 3034227705,1
How soon can I get it?,0
What are the dimensions?,0
What’s the price?,0
c   o   n   t   a   c   t   m   e   6 2 0 2 3 0 2 4 9 6,1
What are the dimensions?,0
Does it come in other colors?,0
c o n t a c t : +1-197-168-6991,1
Call me at 1353635483,1
How soon can I get it?,0
Nice product!,0
Do you have it in stock?,0
Can you show more photos?,0
Nice product!,0
Let's connect on LinkedIn: https://linkedin.com/in/charlie540,1
Where do you ship from?,0
This looks good.,0
Where do you ship from?,0
Where do you ship from?,0
Hit me up on WhatsApp at 555-241-9645,1
DM me on Instagram: @bob771,1
What’s the price?,0
Hit me up on WhatsApp at 555-608-3996,1
Do you have it in stock?,0
you can DM me at coolcat63 on Insta,1
reach at t w o o o @example.com,1
Follow me on Twitter: @grace232,1
This looks good.,0
What’s the price?,0
This looks good.,0
What’s the price?,0
How soon can I get it?,0
Does it come in other colors?,0
Where do you ship from?,0
You can reach me at 555-436-6456,1
What’s the price?,0
What’s the price?,0
How soon can I get it?,0
How soon can I get it?,0
Contact: +1-840-604-1790,1
What are the dimensions?,0
Do you have it in stock?,0
What are the dimensions?,0
Contact me on Skype: david219,1
Where do you ship from?,0
Where do you ship from?,0
e m a i l m e @ user9066@example.com,1
Can you show more photos?,0
snap me at s-n-a-p coolcat247,1
Can you show more photos?,0
get in touch @ user4609@example.com,1
Does it come in other colors?,0
TikTok me at 2955232571,1
What are the dimensions?,0
Does it come in other colors?,0
Where do you ship from?,0
Nice product!,0
I’m interested in this item.,0
This looks good.,0
Can you show more photos?,0
Nice product!,0
This looks good.,0
telegram: t dot me slash shopper675,1
Do you have it in stock?,0
Can you show more photos?,0
Nice product!,0
What are the dimensions?,0
Can you show more photos?,0
What’s the price?,0
What’s the price?,0
How soon can I get it?,0
Connect on LinkedIn (linkedin.com/in/fashionista241),1
Nice product!,0
I’m interested in this item.,0
How soon can I get it?,0
Do you have it in stock?,0
This looks good.,0
Contact me via Telegram: @designer123,1
Can you show more photos?,0
My Snapchat is heidi794,1
What are the dimensions?,0
message me via g m a i l at user3803@example.com,1
Nice product!,0
What are the dimensions?,0
What’s the price?,0
Can you show more photos?,0
Message via email: alice63@email.net,1
Do you have it in stock?,0
I’m interested in this item.,0
What are the dimensions?,0
Do you have it in stock?,0
What’s the price?,0
I’m interested in this item.,0
"Email is user1172@example.com, reach out anytime.",1
Nice product!,0
Snapchat me @ devguy199,1
What’s the price?,0
Do you have it in stock?,0
Can you show more photos?,0
Nice product!,0
Does it come in other colors?,0
Does it come in other colors?,0
How soon can I get it?,0
Where do you ship from?,0
Nice product!,0
I’m interested in this item.,0
Nice product!,0
Can you show more photos?,0
Can you show more photos?,0
Does it come in other colors?,0
What are the dimensions?,0
I’m interested in this item.,0
How soon can I get it?,0
Text me at +1-566-122-1863,1
Can you show more photos?,0
What’s the price?,0
Do you have it in stock?,0
Nice product!,0
Does it come in other colors?,0
I’m interested in this item.,0
Let's connect on LinkedIn: linkedin.com/in/fashioneer,1
You can reach me at 555-371-5873,1
Do you have it in stock?,0
I’m interested in this item.,0
Hit me up on WhatsApp at +1-625-839-4346,1
Message me on Snapchat: shopper99,1
c   o   n   t   a   c   t   m   e   + 1   6 3 3   0 4 4   4 2 4 5,1
DM me on Instagram: @alice979,1
Can you show more photos?,0
Text me at +1-404-258-3903,1
This looks good.,0
What are the dimensions?,0
Let's connect on LinkedIn: linkedin.com/in/best_pizza,1
Let's connect on LinkedIn: https://linkedin.com/in/charlie598,1
Hit me up on WhatsApp at 555-930-2744,1
What are the dimensions?,0
Do you have it in stock?,0
This looks good.,0
Do you have it in stock?,0
Nice product!,0
This looks good.,0
Nice product!,0
What are the dimensions?,0
My Snapchat is alice830,1
Does it come in other colors?,0
Does it come in other colors?,0
I’m interested in this item.,0
I’m interested in this item.,0
DM me on Instagram: @david168,1
What’s the price?,0
Can you show more photos?,0
Can I have your email address?,1
What’s the price?,0
How soon can I get it?,0
📱 +1-397-312-4706,1
What’s the price?,0
Does it come in other colors?,0
How soon can I get it?,0
I’m interested in this item.,0
What are the dimensions?,0
my email id is user4931@example.com,1
Can you show more photos?,0
Can you show more photos?,0
What’s the price?,0
Let's connect on LinkedIn: linkedin.com/in/designer123,1
I’m interested in this item.,0
I’m interested in this item.,0
Do you have it in stock?,0
Can you show more photos?,0
C a l l   m e :   0 2 6 - 4 6 5 - 2 3 1 6,1
Let's connect on LinkedIn: linkedin.com/in/designer123,1
Does it come in other colors?,0
What are the dimensions?,0
How soon can I get it?,0
Do you have it in stock?,0
How soon can I get it?,0
Do you have it in stock?,0
What’s the price?,0
I’m interested in this item.,0
I’m interested in this item.,0
What’s the price?,0
Where do you ship from?,0
What’s the price?,0
Where do you ship from?,0
I’m interested in this item.,0
Do you have it in stock?,0
Hit me up on WhatsApp at 555-425-3269,1
Where do you ship from?,0
What’s the price?,0
I’m interested in this item.,0
What are the dimensions?,0
How soon can I get it?,0
Where do you ship from?,0
This looks good.,0
I’m interested in this item.,0
Does it come in other colors?,0
Email me at bob28@example.com,1
I’m interested in this item.,0
Email me at user7559@example.com,1
Do you have it in stock?,0
Do you have it in stock?,0
my digits: +1-619-799-1431,1
📧 user7508@example.com,1
I’m interested in this item.,0
What’s the price?,0
Can I have your email address?,1
What’s the price?,0
Can you show more photos?,0
What’s the price?,0
Nice product!,0
Where do you ship from?,0
Can you show more photos?,0
Where do you ship from?,0
Nice product!,0
I’m interested in this item.,0
Can you show more photos?,0
Nice product!,0
Can I have your email address?,1
I’m interested in this item.,0
Where do you ship from?,0
What are the dimensions?,0
DM me on Instagram: @david288,1
Do you have it in stock?,0
I’m interested in this item.,0
Does it come in other colors?,0
What are the dimensions?,0
Nice product!,0
I’m interested in this item.,0
Can you show more photos?,0
How soon can I get it?,0
My WeChat ID is fashioneer,1
Does it come in other colors?,0
Hit me up on WhatsApp at 555-366-3277,1
telegram: t dot me slash coolcat175,1
I’m interested in this item.,0
What are the dimensions?,0
Can you show more photos?,0
Where do you ship from?,0
c   o   n   t   a   c   t   m   e   3 5 5 1 1 2 7 4 5 9,1
How soon can I get it?,0
How soon can I get it?,0
Do you have it in stock?,0
This looks good.,0
Do you have it in stock?,0
Nice product!,0
This looks good.,0
This looks good.,0
Where do you ship from?,0
Where do you ship from?,0
This looks good.,0
Can you show more photos?,0
My TikTok: @grace2,1
Does it come in other colors?,0
Hit me up on WhatsApp at 555-172-2137,1
How soon can I get it?,0
Add me on WhatsApp: 555-387-9800,1
This looks good.,0
I’m interested in this item.,0
Nice product!,0
Nice product!,0
What are the dimensions?,0
Where do you ship from?,0
How soon can I get it?,0
Can you show more photos?,0
I’m interested in this item.,0
Nice product!,0
DM me on Instagram @fashioneer,1
What are the dimensions?,0
Nice product!,0
This looks good.,0
Reach out on WhatsApp at +1-408-972-9147,1
Nice product!,0
Nice product!,0
c h a r l i e 2 9 @ e m a i l . n e t,1
I’m interested in this item.,0
This looks good.,0
Message me on Snapchat: tech_lead,1
This looks good.,0
Does it come in other colors?,0
Can you show more photos?,0
Contact me on Skype: charlie432,1
Call me at +1 524 512 7534,1
My number is 0975536321,1
"My contact is 555-676-1528, call me.",1
This looks good.,0
This looks good.,0
Does it come in other colors?,0
What are the dimensions?,0
What are the dimensions?,0
Do you have it in stock?,0
How soon can I get it?,0
wanna chat? +1-805-347-4857,1
📱 +1-270-581-2306,1
Contact via email: ivan18@test.org,1
What are the dimensions?,0
Nice product!,0
Do you have it in stock?,0
I’m interested in this item.,0
Do you have it in stock?,0
My number is 487-868-1558,1
Add me on Facebook (facebook.com/john_doe),1
Where do you ship from?,0
This looks good.,0
Do you have it in stock?,0
What are the dimensions?,0
Reach out on WhatsApp at +1-357-588-8871,1
Contact via email: grace95@example.com,1
This looks good.,0
What are the dimensions?,0
What are the dimensions?,0
Does it come in other colors?,0
This looks good.,0
Where do you ship from?,0
Facebook me at (057) 179-8400,1
Message me on Snapchat: john_doe,1
Please email me at user3902@example.com,1
Do you have it in stock?,0
Nice product!,0
Does it come in other colors?,0
"Email is user9561@example.com, reach out anytime.",1
Please email me at user5046@example.com,1
What’s the price?,0
I’m interested in this item.,0
Does it come in other colors?,0
How soon can I get it?,0
How soon can I get it?,0
This looks good.,0
I’m interested in this item.,0
Can you show more photos?,0
c o n t a c t : +1-435-233-5048,1
Add me on Facebook (facebook.com/coolguy42),1
Nice product!,0
How soon can I get it?,0
You can reach me at +1-469-736-8278,1
Can you show more photos?,0
I’m interested in this item.,0
What’s the price?,0
DM me on Instagram @fashionguru,1
Does it come in other colors?,0
What are the dimensions?,0
Let's connect on LinkedIn: linkedin.com/in/john_doe,1
Do you have it in stock?,0
I’m interested in this item.,0
What’s the price?,0
I’m interested in this item.,0
Follow me on Instagram @designer123 and DM.,1
Does it come in other colors?,0
How soon can I get it?,0
How soon can I get it?,0
Where do you ship from?,0
Do you have it in stock?,0
What are the dimensions?,0
What’s the price?,0
Can you show more photos?,0
I’m interested in this item.,0
Please email me at user9721@example.com,1
What’s the price?,0
Hit me up on WhatsApp at 555-534-9467,1
Nice product!,0
Hit me up on WhatsApp at +1-524-154-3665,1
Where do you ship from?,0
What are the dimensions?,0
How soon can I get it?,0
Does it come in other colors?,0
This looks good.,0
How soon can I get it?,0
Where do you ship from?,0
How soon can I get it?,0
This looks good.,0
What’s the price?,0
Text me at 555-661-8580 for more info.,1
This looks good.,0
What are the dimensions?,0
Let's connect on LinkedIn: linkedin.com/in/tech_lead,1
What’s the price?,0
How soon can I get it?,0
What are the dimensions?,0
What’s the price?,0
What are the dimensions?,0
Does it come in other colors?,0
Nice product!,0
📱 +1-890-358-5238,1
I’m interested in this item.,0
Find me on Facebook: https://facebook.com/ivan932,1
Let's connect on LinkedIn: https://linkedin.com/in/judy296,1
What are the dimensions?,0
Does it come in other colors?,0
Reach me at 730-037-9852,1
DM me on Instagram: @heidi259,1
What are the dimensions?,0
Nice product!,0
Contact via email: ivan22@test.org,1
Nice product!,0
I’m interested in this item.,0
Does it come in other colors?,0
I’m interested in this item.,0
Does it come in other colors?,0
Nice product!,0
Nice product!,0
How soon can I get it?,0
How soon can I get it?,0
I’m interested in this item.,0
t e l : +1-417-213-9022,1
I’m interested in this item.,0
"My contact is 555-341-9656, call me.",1
This looks good.,0
Can you show more photos?,0
c   o   n   t   a   c   t   m   e   8 5 8 5 1 2 5 9 8 2,1
How soon can I get it?,0
Message via email: judy95@email.net,1
Can you show more photos?,0
This looks good.,0
I’m interested in this item.,0
What are the dimensions?,0
What’s the price?,0
Where do you ship from?,0
What are the dimensions?,0
What’s the price?,0
This looks good.,0
What are the dimensions?,0
This looks good.,0
How soon can I get it?,0
How soon can I get it?,0
What’s the price?,0
Do you have it in stock?,0
What are the dimensions?,0
What are the dimensions?,0
This looks good.,0
Can you share your phone number so I can send you details?,1
You can reach me at +1-215-153-1430,1
My Snapchat is judy2,1
What’s the price?,0
Does it come in other colors?,0
Does it come in other colors?,0
Do you have it in stock?,0
What’s the price?,0
Message me on Snapchat: coolguy42,1
What’s the price?,0
Where do you ship from?,0
Do you have it in stock?,0
I’m interested in this item.,0
Where do you ship from?,0
Does it come in other colors?,0
This looks good.,0
WhatsApp me at +1-555-161-5594,1
I’m interested in this item.,0
Nice product!,0
Nice product!,0
What’s the price?,0
Follow me on Instagram @fashioneer and DM.,1
📧 user319@example.com,1
Nice product!,0
Can you show more photos?,0
This looks good.,0
Can you show more photos?,0
How soon can I get it?,0
I’m interested in this item.,0
"Email is user6565@example.com, reach out anytime.",1
get in touch @ user1902@example.com,1
How soon can I get it?,0
Please email me at user3099@example.com,1
What are the dimensions?,0
How soon can I get it?,0
What are the dimensions?,0
Do you have it in stock?,0
What’s the price?,0
This looks good.,0
How soon can I get it?,0
I’m interested in this item.,0
What are the dimensions?,0
Where do you ship from?,0
Nice product!,0
How soon can I get it?,0
What’s the price?,0
You can reach me at +1-653-842-9050,1
What’s the price?,0
Do you have it in stock?,0
Do you have it in stock?,0
Nice product!,0
Message me on Signal: 601-113-1597,1
Where do you ship from?,0
How soon can I get it?,0
I’m interested in this item.,0
I’m interested in this item.,0
Nice product!,0
Nice product!,0
Do you have it in stock?,0
Please email me at user3378@example.com,1
I’m interested in this item.,0
Text me at +1-927-865-1472,1
How soon can I get it?,0
Can you show more photos?,0
How soon can I get it?,0
How soon can I get it?,0
"Email is user4441@example.com, reach out anytime.",1
Do you have it in stock?,0
Where do you ship from?,0
How soon can I get it?,0
Add me on Facebook (facebook.com/fashionguru),1
e m a i l m e @ user7278@example.com,1
What are the dimensions?,0
What are the dimensions?,0
This looks good.,0
Can you show more photos?,0
This looks good.,0
Send me a DM on Facebook: facebook.com/tech_lead,1
Where do you ship from?,0
Let's connect on LinkedIn: https://linkedin.com/in/frank842,1
I’m interested in this item.,0
What are the dimensions?,0
This looks good.,0
Here is my email: user5315@example.com,1
How soon can I get it?,0
This looks good.,0
Text me at 227-192-0172,1
Add me on WhatsApp: 555-540-6620,1
Where do you ship from?,0
Where do you ship from?,0
Message me on Snapchat: coolguy42,1
Does it come in other colors?,0
Does it come in other colors?,0
I’m interested in this item.,0
Contact via email: david49@example.com,1
How soon can I get it?,0
I’m interested in this item.,0
How soon can I get it?,0
What’s the price?,0
Nice product!,0
"My contact is 555-795-7928, call me.",1
How soon can I get it?,0
How soon can I get it?,0
This looks good.,0
get in touch @ user4487@example.com,1
This looks good.,0
Let's connect on LinkedIn: linkedin.com/in/fashioneer,1
How soon can I get it?,0
Where do you ship from?,0
Where do you ship from?,0
reach at t w o o o @example.com,1
How soon can I get it?,0
How soon can I get it?,0
What are the dimensions?,0
What’s the price?,0
How soon can I get it?,0
📧 user1525@example.com,1
How soon can I get it?,0
Nice product!,0
What are the dimensions?,0
How soon can I get it?,0
Nice product!,0
Can you show more photos?,0
Text me at 555-153-5340 for more info.,1
What’s the price?,0
📱 +1-618-517-7766,1
You can reach me at 555-868-9294,1
How soon can I get it?,0
What are the dimensions?,0
What’s the price?,0
What’s the price?,0
You can reach me at +1-736-658-5778,1
Where do you ship from?,0
What’s the price?,0
Can you share your phone number so I can send you details?,1
This looks good.,0
Does it come in other colors?,0
Do you have it in stock?,0
Do you have it in stock?,0
Nice product!,0
Where do you ship from?,0
My number is 259-282-0531,1
What are the dimensions?,0
Do you have it in stock?,0
Does it come in other colors?,0
Message me at user3422@example.com,1
Can you show more photos?,0
How soon can I get it?,0
What’s the price?,0
How soon can I get it?,0
What are the dimensions?,0
What’s the price?,0
Nice product!,0
e m a i l m e @ user1564@example.com,1
What’s the price?,0
Nice product!,0
Where do you ship from?,0
Does it come in other colors?,0
This looks good.,0
Nice product!,0
What are the dimensions?,0
I’m interested in this item.,0
Can you show more photos?,0
Where do you ship from?,0
Can you show more photos?,0
How soon can I get it?,0
Mail me: grace12@test.org,1
Can you show more photos?,0
I’m interested in this item.,0
WhatsApp me at +1-555-809-4372,1
Nice product!,0
Ping me on Telegram: @grace277,1
What’s the price?,0
Do you have it in stock?,0
Do you have it in stock?,0
Nice product!,0
This looks good.,0
Where do you ship from?,0
What are the dimensions?,0
Add me on WhatsApp: 9036981806,1
Email me at grace2@mail.com,1
Do you have it in stock?,0
Here's my email: user6177@example.com,1
I’m interested in this item.,0
Nice product!,0
Do you have it in stock?,0
This looks good.,0
Does it come in other colors?,0
Nice product!,0
Do you have it in stock?,0
What are the dimensions?,0
Can I have your email address?,1
I’m interested in this item.,0
What’s the price?,0
How soon can I get it?,0
What are the dimensions?,0
Do you have it in stock?,0
Nice product!,0
I’m interested in this item.,0
Can you show more photos?,0
Can you share your phone number so I can send you details?,1
Message me on Signal: (356) 135-2588,1
How soon can I get it?,0
Do you have it in stock?,0
Can you show more photos?,0
Mail me: judy69@test.org,1
Do you have it in stock?,0
Do you have it in stock?,0
Can you show more photos?,0
My WeChat ID is shop_owner,1
How soon can I get it?,0
Nice product!,0
Can you show more photos?,0
What’s the price?,0
Do you have it in stock?,0
This looks good.,0
"Email is user5094@example.com, reach out anytime.",1
What’s the price?,0
Can you show more photos?,0
How soon can I get it?,0
Where do you ship from?,0
How soon can I get it?,0
Do you have it in stock?,0
This looks good.,0
I’m interested in this item.,0
What are the dimensions?,0
What’s the price?,0
Nice product!,0
Nice product!,0
How soon can I get it?,0
What are the dimensions?,0
What are the dimensions?,0
Can you show more photos?,0
Hit me up on WhatsApp at 555-763-9713,1
Does it come in other colors?,0
This looks good.,0
Can I have your email address?,1
"My contact is 555-963-7577, call me.",1
Ping me on Telegram: @charlie801,1
Where do you ship from?,0
C a l l   m e :   6 7 6 - 1 8 4 - 1 4 8 9,1
Nice product!,0
This looks good.,0
What’s the price?,0
This looks good.,0
Can you show more photos?,0
How soon can I get it?,0
Nice product!,0
How soon can I get it?,0
Can you show more photos?,0
Nice product!,0
TikTok me at +1 547 447 2645,1
Does it come in other colors?,0
What are the dimensions?,0
What are the dimensions?,0
Can you share your phone number so I can send you details?,1
I’m interested in this item.,0
c o n t a c t : +1-879-495-5497,1
What are the dimensions?,0
Do you have it in stock?,0
Can you show more photos?,0
What are the dimensions?,0
Do you have it in stock?,0
How soon can I get it?,0
Can you show more photos?,0
Do you have it in stock?,0
This looks good.,0
I’m interested in this item.,0
I’m interested in this item.,0
Can you show more photos?,0
Where do you ship from?,0
My TikTok: @alice805,1
How soon can I get it?,0
Nice product!,0
How soon can I get it?,0
I’m interested in this item.,0
You can reach me at +1-124-307-7182,1
Does it come in other colors?,0
What are the dimensions?,0
Where do you ship from?,0
What’s the price?,0
Do you have it in stock?,0
Can you show more photos?,0
How soon can I get it?,0
Let's connect on LinkedIn: linkedin.com/in/fashionguru,1
Nice product!,0
DM me on Instagram: @ivan884,1
Email me at frank2@mail.com,1
Send me a DM on Facebook: facebook.com/designer123,1
What’s the price?,0
Message me on Snapchat: john_doe,1
Does it come in other colors?,0
What’s the price?,0
I’m interested in this item.,0
Do you have it in stock?,0
Does it come in other colors?,0
What are the dimensions?,0
Let's connect on LinkedIn: https://linkedin.com/in/alice155,1
Email me at alice89@mail.com,1
Mail me: alice2@email.net,1
Do you have it in stock?,0
How soon can I get it?,0
Does it come in other colors?,0
Nice product!,0
Does it come in other colors?,0
Do you have it in stock?,0
This looks good.,0
Ping me on Telegram: @judy384,1
This looks good.,0
Connect on LinkedIn (linkedin.com/in/fashionista591),1
I’m interested in this item.,0
Can you show more photos?,0
Can you show more photos?,0
I’m interested in this item.,0
This looks good.,0
What are the dimensions?,0
"Email is user2211@example.com, reach out anytime.",1
I’m interested in this item.,0
find me at user5777@example.com 😉,1
Nice product!,0
This looks good.,0
My TikTok: @judy940,1
This looks good.,0
Let's connect on LinkedIn: linkedin.com/in/coolguy42,1
Do you have it in stock?,0
Nice product!,0
Email me at user1464@example.com,1
Do you have it in stock?,0
wanna chat? +1-153-839-9874,1
This looks good.,0
What’s the price?,0
How soon can I get it?,0
This looks good.,0
Where do you ship from?,0
📧 user1236@example.com,1
c o n t a c t : +1-799-230-1726,1
Where do you ship from?,0
This looks good.,0
Can you show more photos?,0
Where do you ship from?,0
Does it come in other colors?,0
Nice product!,0
Does it come in other colors?,0
Do you have it in stock?,0
Message me on Snapchat: shopper99,1
I’m interested in this item.,0
I’m interested in this item.,0
Nice product!,0
Nice product!,0
t e l : +1-432-802-4247,1
"Email is user5486@example.com, reach out anytime.",1
I’m interested in this item.,0
Where do you ship from?,0
This looks good.,0
DM me on Facebook: facebook.com/shopper934,1
Let's connect on LinkedIn: linkedin.com/in/fashioneer,1
Do you have it in stock?,0
Does it come in other colors?,0
Nice product!,0
Nice product!,0
DM me on Instagram: @eve532,1
This looks good.,0
Nice product!,0
Message me on Signal: (283) 712-6429,1
What’s the price?,0
Let's connect on LinkedIn: linkedin.com/in/shop_owner,1
Does it come in other colors?,0
Nice product!,0
My Snapchat is alice823,1
Nice product!,0
Contact me via Telegram: @shopper99,1
I’m interested in this item.,0
Nice product!,0
Can you show more photos?,0
Where do you ship from?,0
Can you show more photos?,0
Does it come in other colors?,0
How soon can I get it?,0
Does it come in other colors?,0
c   o   n   t   a   c   t   m   e   ( 9 0 1 )   9 4 8 - 4 4 5 9,1
What’s the price?,0
What’s the price?,0
Where do you ship from?,0
Can you show more photos?,0
What are the dimensions?,0
Do you have it in stock?,0
Can you show more photos?,0
This looks good.,0
How soon can I get it?,0
I’m interested in this item.,0
What are the dimensions?,0
What are the dimensions?,0
I’m interested in this item.,0
Message via email: bob17@example.com,1
Nice product!,0
Does it come in other colors?,0
What’s the price?,0
How soon can I get it?,0
Where do you ship from?,0
Can you show more photos?,0
Nice product!,0
I’m interested in this item.,0
Can you show more photos?,0
Can you show more photos?,0
Does it come in other colors?,0
Does it come in other colors?,0
Do you have it in stock?,0
t e l : +1-151-912-1755,1
Nice product!,0
What’s the price?,0
I’m interested in this item.,0
How soon can I get it?,0
Nice product!,0
What’s the price?,0
What are the dimensions?,0
I’m interested in this item.,0
Let's connect on LinkedIn: https://linkedin.com/in/bob709,1
How soon can I get it?,0
Do you have it in stock?,0
Does it come in other colors?,0
What’s the price?,0
What are the dimensions?,0
Does it come in other colors?,0
I’m interested in this item.,0
Can you show more photos?,0
This looks good.,0
Nice product!,0
What’s the price?,0
"My contact is 555-845-1500, call me.",1
Where do you ship from?,0
What’s the price?,0
Do you have it in stock?,0
Can you show more photos?,0
Do you have it in stock?,0
Follow me on Twitter: @charlie986,1
Can you show more photos?,0
Nice product!,0
How soon can I get it?,0
Where do you ship from?,0
Do you have it in stock?,0
Where do you ship from?,0
What’s the price?,0
Find me on Facebook: https://facebook.com/grace347,1
This looks good.,0
Connect on LinkedIn (linkedin.com/in/coolcat24),1
Nice product!,0
This looks good.,0
Does it come in other colors?,0
Can you show more photos?,0
What are the dimensions?,0
DM me on Instagram: @david362,1
Please email me at user1006@example.com,1
Nice product!,0
Can you show more photos?,0
Can you show more photos?,0
Can you show more photos?,0
📧 user5489@example.com,1
Can you show more photos?,0
Nice product!,0
Does it come in other colors?,0
Can you show more photos?,0
snap me at s-n-a-p fashionista982,1
This looks good.,0
How soon can I get it?,0
This looks good.,0
Where do you ship from?,0
How soon can I get it?,0
What’s the price?,0
I’m interested in this item.,0
Where do you ship from?,0
📱 +1-705-721-6704,1
I’m interested in this item.,0
Connect on LinkedIn (linkedin.com/in/fashionguru),1
What are the dimensions?,0
t e l : +1-174-666-2486,1
How soon can I get it?,0
What’s the price?,0
I’m interested in this item.,0
Do you have it in stock?,0
This looks good.,0
Can you share your phone number so I can send you details?,1
Can you show more photos?,0
Please email me at user4878@example.com,1
What’s the price?,0
What are the dimensions?,0
Nice product!,0
How soon can I get it?,0
What’s the price?,0
Does it come in other colors?,0
This looks good.,0
Do you have it in stock?,0
What are the dimensions?,0
What’s the price?,0
Do you have it in stock?,0
Hit me up on WhatsApp at 555-355-7794,1
Text me at (720) 852-6799,1
wanna chat? +1-239-661-3971,1
What’s the price?,0
Does it come in other colors?,0
Do you have it in stock?,0
telegram: t dot me slash fashionista56,1
my email id is user8570@example.com,1
What’s the price?,0
Add me on WhatsApp: 555-664-9231,1
Nice product!,0
Nice product!,0
This looks good.,0
My number is 9891900584,1
Nice product!,0
What’s the price?,0
Nice product!,0
Email me at user8358@example.com,1
Can you show more photos?,0
Nice product!,0
Where do you ship from?,0
I’m interested in this item.,0
Can you show more photos?,0
Nice product!,0
Call me at +1 056 533 2033,1
Does it come in other colors?,0
Where do you ship from?,0
Message via email: david9@email.net,1
This looks good.,0
Do you have it in stock?,0
Does it come in other colors?,0
This looks good.,0
Does it come in other colors?,0
Where do you ship from?,0
Does it come in other colors?,0
Can you show more photos?,0
Nice product!,0
Follow me on Twitter: @judy429,1
Do you have it in stock?,0
Can I have your email address?,1
Do you have it in stock?,0
Ping me on Telegram: @charlie373,1
This looks good.,0
Where do you ship from?,0
What’s the price?,0
Message me on Signal: 8245714704,1
Email me at alice26@example.com,1
What’s the price?,0
Does it come in other colors?,0
Message me on Snapchat: tech_lead,1
Can you show more photos?,0
Ping me on Telegram: @alice713,1
Where do you ship from?,0
Do you have it in stock?,0
Nice product!,0
What are the dimensions?,0
Does it come in other colors?,0
Text me at 555-229-7935 for more info.,1
Does it come in other colors?,0
Can you show more photos?,0
Nice product!,0
This looks good.,0
My Snapchat is alice237,1
Nice product!,0
Do you have it in stock?,0
Do you have it in stock?,0
Message me at user8734@example.com,1
What are the dimensions?,0
What’s the price?,0
What are the dimensions?,0
I’m interested in this item.,0
What are the dimensions?,0
get in touch @ user1318@example.com,1
Message me at user7942@example.com,1
This looks good.,0
Can you show more photos?,0
Does it come in other colors?,0
Please email me at user5189@example.com,1
Can you show more photos?,0
You can reach me at 555-541-8234,1
Add me on Facebook (facebook.com/fashioneer),1
Reach out on WhatsApp at +1-536-156-3630,1
What’s the price?,0
I’m interested in this item.,0
Do you have it in stock?,0
Message me on Signal: 7101300180,1
Can you show more photos?,0
What are the dimensions?,0
Contact me via Telegram: @jane.smith,1
Can you show more photos?,0
What are the dimensions?,0
Does it come in other colors?,0
Does it come in other colors?,0
Nice product!,0
What are the dimensions?,0
hmu @ shopper239,1
How soon can I get it?,0
Message me on Signal: (349) 507-5357,1
Nice product!,0
DM me on Instagram @coolguy42,1
Where do you ship from?,0
Where do you ship from?,0
How soon can I get it?,0
Does it come in other colors?,0
How soon can I get it?,0
Where do you ship from?,0
Do you have it in stock?,0
I’m interested in this item.,0
Where do you ship from?,0
What are the dimensions?,0
Message me on Signal: +1 806 212 5051,1
Contact me on Skype: alice710,1
Do you have it in stock?,0
Text me at +1-647-244-9673,1
How soon can I get it?,0
Nice product!,0
How soon can I get it?,0
Where do you ship from?,0
What are the dimensions?,0
I’m interested in this item.,0
Nice product!,0
What are the dimensions?,0
Nice product!,0
Where do you ship from?,0
Can you show more photos?,0
Here is my email: user1884@example.com,1
This looks good.,0
Does it come in other colors?,0
Nice product!,0
C a l l   m e :   7 5 5 3 9 2 2 8 2 8,1
Can you show more photos?,0
Hit me up on WhatsApp at 555-390-1347,1
This looks good.,0
Do you have it in stock?,0
My Snapchat is judy435,1
My Snapchat is charlie980,1
What’s the price?,0
Does it come in other colors?,0
Mail me: david41@mail.com,1
What’s the price?,0
How soon can I get it?,0
This looks good.,0
Does it come in other colors?,0
Can you show more photos?,0
What are the dimensions?,0
my email id is user9906@example.com,1
Can you show more photos?,0
Can I have your email address?,1
How soon can I get it?,0
What’s the price?,0
This looks good.,0
Where do you ship from?,0
This looks good.,0
Nice product!,0
Add me on WhatsApp: 555-143-3061,1
What’s the price?,0
Can you show more photos?,0
Do you have it in stock?,0
This looks good.,0
Nice product!,0
Do you have it in stock?,0
Where do you ship from?,0
Where do you ship from?,0
Reach out on WhatsApp at +1-333-118-9577,1
Contact me on Skype: alice45,1
Can you show more photos?,0
What are the dimensions?,0
Do you have it in stock?,0
wanna chat? +1-111-489-2417,1
What’s the price?,0
Please email me at user3070@example.com,1
How soon can I get it?,0
Can you show more photos?,0
I’m interested in this item.,0
I’m interested in this item.,0
Do you have it in stock?,0
I’m interested in this item.,0
What’s the price?,0
Can you show more photos?,0
Nice product!,0
Where do you ship from?,0
What are the dimensions?,0
Do you have it in stock?,0
Does it come in other colors?,0
Does it come in other colors?,0
What’s the price?,0
My Snapchat is bob976,1
Text me at +1-101-350-3703,1
DM me on Instagram @fashioneer,1
How soon can I get it?,0
c   o   n   t   a   c   t   m   e   2 7 5 5 3 6 7 6 1 9,1
What’s the price?,0
Nice product!,0
I’m interested in this item.,0
hmu @ fashionista581,1
I’m interested in this item.,0
Nice product!,0
Nice product!,0
Do you have it in stock?,0
Hit me up on WhatsApp at +1-850-696-7558,1
You can reach me at 555-537-3715,1
Can you show more photos?,0
DM me on Instagram: @david375,1
This looks good.,0
Here is my email: user5661@example.com,1
This looks good.,0
Hit me up on WhatsApp at +1-217-143-3524,1
How soon can I get it?,0
I’m interested in this item.,0
📧 user8529@example.com,1
Do you have it in stock?,0
What’s the price?,0
Nice product!,0
Please email me at user8050@example.com,1
This looks good.,0
How soon can I get it?,0
How soon can I get it?,0
What are the dimensions?,0
This looks good.,0
Where do you ship from?,0
This looks good.,0
Does it come in other colors?,0
Where do you ship from?,0
Does it come in other colors?,0
find me at user9471@example.com 😉,1
Can you show more photos?,0
What’s the price?,0
What’s the price?,0
I’m interested in this item.,0
Does it come in other colors?,0
Here's my email: user1715@example.com,1
Contact: +1-393-722-4446,1
What are the dimensions?,0
What’s the price?,0
I’m interested in this item.,0
You can reach me at +1-128-567-4098,1
Where do you ship from?,0
Where do you ship from?,0
Where do you ship from?,0
How soon can I get it?,0
wanna chat? +1-194-374-5361,1
Where do you ship from?,0
What are the dimensions?,0
my digits: +1-306-823-3880,1
c o n t a c t : +1-402-758-3906,1
Nice product!,0
Can you show more photos?,0
message me via g m a i l at user5617@example.com,1
I’m interested in this item.,0
This looks good.,0
This looks good.,0
How soon can I get it?,0
Can you show more photos?,0
This looks good.,0
How soon can I get it?,0
What’s the price?,0
Do you have it in stock?,0
WhatsApp me at +1-555-795-8479,1
This looks good.,0
DM me on Facebook: facebook.com/coolcat74,1
This looks good.,0
Can I have your email address?,1
Where do you ship from?,0
What’s the price?,0
Message me on Snapchat: fashionguru,1
Where do you ship from?,0
DM me on Instagram @tech_lead,1
Do you have it in stock?,0
Where do you ship from?,0
Do you have it in stock?,0
wanna chat? +1-716-224-2736,1
Add me on WhatsApp: 7500518234,1
Does it come in other colors?,0
Does it come in other colors?,0
Can you show more photos?,0
How soon can I get it?,0
How soon can I get it?,0
Do you have it in stock?,0
How soon can I get it?,0
Let's connect on LinkedIn: linkedin.com/in/jane.smith,1
How soon can I get it?,0
Can you show more photos?,0
c   o   n   t   a   c   t   m   e   7 3 6 2 8 1 2 9 7 3,1
This looks good.,0
What’s the price?,0
How soon can I get it?,0
Nice product!,0
What’s the price?,0
Do you have it in stock?,0
Where do you ship from?,0
What are the dimensions?,0
Where do you ship from?,0
What’s the price?,0
Where do you ship from?,0
Reach me at +1 511 150 6804,1
What’s the price?,0
I’m interested in this item.,0
Can you show more photos?,0
I’m interested in this item.,0
This looks good.,0
Do you have it in stock?,0
How soon can I get it?,0
I’m interested in this item.,0
Can you show more photos?,0
Can you share your phone number so I can send you details?,1
What’s the price?,0
telegram: t dot me slash devguy922,1
How soon can I get it?,0
Reach out on WhatsApp at +1-806-715-4102,1
telegram: t dot me slash fashionista903,1
Do you have it in stock?,0
Where do you ship from?,0
Add me on WhatsApp: (237) 729-3232,1
I’m interested in this item.,0
Nice product!,0
This looks good.,0
This looks good.,0
Let's connect on LinkedIn: https://linkedin.com/in/frank214,1
I’m interested in this item.,0
I’m interested in this item.,0
Message me on Signal: +1 936 421 8654,1
Do you have it in stock?,0
I’m interested in this item.,0
This looks good.,0
What’s the price?,0
Follow me on Twitter: @ivan643,1
Do you have it in stock?,0
I’m interested in this item.,0
Contact: +1-365-998-7496,1
How soon can I get it?,0
I’m interested in this item.,0
What’s the price?,0
Nice product!,0
Where do you ship from?,0
How soon can I get it?,0
Can you show more photos?,0
Does it come in other colors?,0
What are the dimensions?,0
Where do you ship from?,0
Nice product!,0
Does it come in other colors?,0
"Email is user6197@example.com, reach out anytime.",1
Nice product!,0
What’s the price?,0
How soon can I get it?,0
How soon can I get it?,0
What’s the price?,0
What are the dimensions?,0
My TikTok: @grace302,1
I’m interested in this item.,0
Does it come in other colors?,0
What’s the price?,0
Let's connect on LinkedIn: https://linkedin.com/in/judy664,1
How soon can I get it?,0
Does it come in other colors?,0
What’s the price?,0
Can you show more photos?,0
What are the dimensions?,0
This looks good.,0
Follow me on Twitter: @eve103,1
Do you have it in stock?,0
What are the dimensions?,0
Does it come in other colors?,0
How soon can I get it?,0
Do you have it in stock?,0
I’m interested in this item.,0
Contact: +1-231-753-4591,1
Do you have it in stock?,0
What’s the price?,0
Where do you ship from?,0
📧 user4958@example.com,1
How soon can I get it?,0
How soon can I get it?,0
How soon can I get it?,0
What’s the price?,0
Does it come in other colors?,0
Where do you ship from?,0
How soon can I get it?,0
Snapchat me @ shopper367,1
Let's connect on LinkedIn: linkedin.com/in/shopper99,1
Where do you ship from?,0
This looks good.,0
Can you share your phone number so I can send you details?,1
Reach out on WhatsApp at +1-317-109-7057,1
Do you have it in stock?,0
What’s the price?,0
Nice product!,0
This looks good.,0
Do you have it in stock?,0
Do you have it in stock?,0
Does it come in other colors?,0
What’s the price?,0
Text me at +1-326-373-7085,1
Can I have your email address?,1
Do you have it in stock?,0
Does it come in other colors?,0
Does it come in other colors?,0
Nice product!,0
How soon can I get it?,0
Does it come in other colors?,0
This looks good.,0
This looks good.,0
Can you show more photos?,0
Can you show more photos?,0
I’m interested in this item.,0
Does it come in other colors?,0
Do you have it in stock?,0
Where do you ship from?,0
Contact via email: charlie16@mail.com,1
This looks good.,0
What’s the price?,0
Where do you ship from?,0
I’m interested in this item.,0
Can you show more photos?,0
What’s the price?,0
Can you show more photos?,0
Send me a DM on Facebook: facebook.com/best_pizza,1
Find me on Facebook: https://facebook.com/alice22,1
wanna chat? +1-379-483-5488,1
Add me on Facebook (facebook.com/fashionguru),1
get in touch @ user5285@example.com,1
Where do you ship from?,0
Where do you ship from?,0
This looks good.,0
What are the dimensions?,0
Do you have it in stock?,0
Follow me on Instagram @designer123 and DM.,1
I’m interested in this item.,0
Do you have it in stock?,0
How soon can I get it?,0
What are the dimensions?,0
my digits: +1-334-601-1733,1
How soon can I get it?,0
What’s the price?,0
How soon can I get it?,0
How soon can I get it?,0
"Email is user6875@example.com, reach out anytime.",1
Can you show more photos?,0
This looks good.,0
Can you show more photos?,0
How soon can I get it?,0
What’s the price?,0
Nice product!,0
Do you have it in stock?,0
"My contact is 555-259-1240, call me.",1
Does it come in other colors?,0
telegram: t dot me slash fashionista678,1
DM me on Facebook: facebook.com/shopper601,1
Where do you ship from?,0
Do you have it in stock?,0
I’m interested in this item.,0
Does it come in other colors?,0
Can you show more photos?,0
Do you have it in stock?,0
Does it come in other colors?,0
Contact via email: bob16@example.com,1
This looks good.,0
Nice product!,0
Do you have it in stock?,0
Does it come in other colors?,0
What are the dimensions?,0
Message via email: bob60@example.com,1
Where do you ship from?,0
This looks good.,0
telegram: t dot me slash fashionista666,1
I’m interested in this item.,0
Contact me via Telegram: @jane.smith,1
This looks good.,0
How soon can I get it?,0
Contact via email: ivan91@mail.com,1
"Email is user9504@example.com, reach out anytime.",1
I’m interested in this item.,0
What are the dimensions?,0
Do you have it in stock?,0
How soon can I get it?,0
Does it come in other colors?,0
Can you show more photos?,0
telegram: t dot me slash devguy90,1
I’m interested in this item.,0
Where do you ship from?,0
Nice product!,0
Nice product!,0
Nice product!,0
Contact me on Skype: david276,1
This looks good.,0
How soon can I get it?,0
C a l l   m e :   4 3 8 - 5 3 9 - 3 4 3 9,1
What are the dimensions?,0
Does it come in other colors?,0
What are the dimensions?,0
Text me at 555-536-6025 for more info.,1
Where do you ship from?,0
How soon can I get it?,0
Does it come in other colors?,0
This looks good.,0
This looks good.,0
Do you have it in stock?,0
Connect on LinkedIn (linkedin.com/in/coolcat802),1
What’s the price?,0
Can you show more photos?,0
I’m interested in this item.,0
Where do you ship from?,0
What’s the price?,0
Where do you ship from?,0
Do you have it in stock?,0
Do you have it in stock?,0
How soon can I get it?,0
Where do you ship from?,0
Does it come in other colors?,0
What’s the price?,0
Does it come in other colors?,0
Do you have it in stock?,0
Do you have it in stock?,0
Reach out on WhatsApp at +1-124-714-6659,1
Where do you ship from?,0
Can you show more photos?,0
I’m interested in this item.,0
How soon can I get it?,0
Hit me up on WhatsApp at 555-221-7896,1
Does it come in other colors?,0
What are the dimensions?,0
I’m interested in this item.,0
Can you show more photos?,0
Add me on WhatsApp: +1 868 929 0685,1
This looks good.,0
Where do you ship from?,0
I’m interested in this item.,0
Do you have it in stock?,0
How soon can I get it?,0
How soon can I get it?,0
Nice product!,0
Do you have it in stock?,0
Do you have it in stock?,0
e m a i l m e @ user4226@example.com,1
Does it come in other colors?,0
Nice product!,0
Text me at 555-759-1387 for more info.,1
Connect on LinkedIn (linkedin.com/in/devguy408),1
DM me on Instagram: @bob35,1
What are the dimensions?,0
What’s the price?,0
Do you have it in stock?,0
I’m interested in this item.,0
I’m interested in this item.,0
What are the dimensions?,0
Contact: +1-465-658-5748,1
Do you have it in stock?,0
Hit me up on WhatsApp at +1-237-652-8848,1
e m a i l m e @ user1084@example.com,1
Nice product!,0
Contact me via Telegram: @fashionguru,1
How soon can I get it?,0
What’s the price?,0
Do you have it in stock?,0
Please email me at user6786@example.com,1
What are the dimensions?,0
How soon can I get it?,0
Email me at heidi94@example.com,1
Add me on Facebook (facebook.com/designer123),1
This looks good.,0
What’s the price?,0
Contact me via Telegram: @jane.smith,1
How soon can I get it?,0
What are the dimensions?,0
What are the dimensions?,0
This looks good.,0
Can you show more photos?,0
How soon can I get it?,0
Can you show more photos?,0
Where do you ship from?,0
What are the dimensions?,0
t e l : +1-279-233-1829,1
This looks good.,0
What’s the price?,0
What’s the price?,0
Hit me up on WhatsApp at +1-304-100-3137,1
How soon can I get it?,0
Nice product!,0
Can you show more photos?,0
Can you show more photos?,0
Add me on Facebook (facebook.com/best_pizza),1
Does it come in other colors?,0
Where do you ship from?,0
Here is my email: user6022@example.com,1
How soon can I get it?,0
Nice product!,0
Nice product!,0
Where do you ship from?,0
Can you show more photos?,0
Can you show more photos?,0
Where do you ship from?,0
What are the dimensions?,0
Where do you ship from?,0
Can you show more photos?,0
Nice product!,0
Does it come in other colors?,0
How soon can I get it?,0
What’s the price?,0
Can you show more photos?,0
Nice product!,0
Can you show more photos?,0
This looks good.,0
Do you have it in stock?,0
I’m interested in this item.,0
What’s the price?,0
This looks good.,0
Contact: +1-665-429-3844,1
Nice product!,0
I’m interested in this item.,0
What’s the price?,0
Here is my email: user1359@example.com,1
Where do you ship from?,0
I’m interested in this item.,0
What’s the price?,0
I’m interested in this item.,0
Does it come in other colors?,0
What’s the price?,0
What are the dimensions?,0
Add me on Facebook (facebook.com/coolguy42),1
Nice product!,0
Contact via email: alice38@email.net,1
What are the dimensions?,0
How soon can I get it?,0
Do you have it in stock?,0
Nice product!,0
Nice product!,0
How soon can I get it?,0
What’s the price?,0
Let's connect on LinkedIn: https://linkedin.com/in/david386,1
How soon can I get it?,0
Do you have it in stock?,0
I’m interested in this item.,0
Can you share your phone number so I can send you details?,1
My TikTok: @charlie636,1
Where do you ship from?,0
Can you show more photos?,0
This looks good.,0
Where do you ship from?,0
Text me at 555-690-2784 for more info.,1
Do you have it in stock?,0
I’m interested in this item.,0
How soon can I get it?,0
Does it come in other colors?,0
You can reach me at 555-670-2401,1
How soon can I get it?,0
How soon can I get it?,0
Where do you ship from?,0
Can you share your phone number so I can send you details?,1
What’s the price?,0
Text me at 874-342-4480,1
Follow me on Twitter: @alice493,1
How soon can I get it?,0
c o n t a c t : +1-644-479-6793,1
Contact via email: frank38@example.com,1
hmu @ devguy36,1
What’s the price?,0
Do you have it in stock?,0
Where do you ship from?,0
What’s the price?,0
What are the dimensions?,0
Add me on WhatsApp: 291-403-6723,1
I’m interested in this item.,0
How soon can I get it?,0
What are the dimensions?,0
I’m interested in this item.,0
Where do you ship from?,0
Do you have it in stock?,0
Nice product!,0
What’s the price?,0
Can you show more photos?,0
Nice product!,0
Where do you ship from?,0
What’s the price?,0
I’m interested in this item.,0
What’s the price?,0
Does it come in other colors?,0
Nice product!,0
How soon can I get it?,0
Can you show more photos?,0
Do you have it in stock?,0
Do you have it in stock?,0
Where do you ship from?,0
What’s the price?,0
Can you show more photos?,0
Can you show more photos?,0
Does it come in other colors?,0
How soon can I get it?,0
I’m interested in this item.,0
Does it come in other colors?,0
Do you have it in stock?,0
Where do you ship from?,0
What’s the price?,0
Does it come in other colors?,0
Does it come in other colors?,0
What’s the price?,0
get in touch @ user5014@example.com,1
Can you show more photos?,0
Do you have it in stock?,0
Do you have it in stock?,0
Where do you ship from?,0
What’s the price?,0
Do you have it in stock?,0
DM me on Instagram: @david281,1
What’s the price?,0
Follow me on Instagram @shop_owner and DM.,1
Can you show more photos?,0
Email me at charlie81@email.net,1
What’s the price?,0
Do you have it in stock?,0
Can you show more photos?,0
"Email is user5920@example.com, reach out anytime.",1
I’m interested in this item.,0
Where do you ship from?,0
What are the dimensions?,0
Nice product!,0
Add me on Facebook (facebook.com/tech_lead),1
I’m interested in this item.,0
Can you show more photos?,0
What’s the price?,0
How soon can I get it?,0
You can reach me at +1-703-831-1702,1
What’s the price?,0
Do you have it in stock?,0
I’m interested in this item.,0
I’m interested in this item.,0
Nice product!,0
Where do you ship from?,0
Where do you ship from?,0
I’m interested in this item.,0
Where do you ship from?,0
Message me on Signal: +1 867 377 5233,1
What are the dimensions?,0
Where do you ship from?,0
How soon can I get it?,0
Can you show more photos?,0
How soon can I get it?,0
Contact me on Skype: grace688,1
Text me at 835-685-7630,1
my digits: +1-631-525-5753,1
What are the dimensions?,0
Can you show more photos?,0
Message via email: eve98@test.org,1
This looks good.,0
Where do you ship from?,0
Does it come in other colors?,0
I’m interested in this item.,0
What’s the price?,0
Nice product!,0
This looks good.,0
What’s the price?,0
Nice product!,0
fb.com/fashionista90,1
Do you have it in stock?,0
Does it come in other colors?,0
Does it come in other colors?,0
What’s the price?,0
DM me on Instagram: @charlie211,1
What are the dimensions?,0
Where do you ship from?,0
I’m interested in this item.,0
Mail me: heidi69@test.org,1
Do you have it in stock?,0
Nice product!,0
What’s the price?,0
What are the dimensions?,0
How soon can I get it?,0
Does it come in other colors?,0
Where do you ship from?,0
Can you show more photos?,0
How soon can I get it?,0
This looks good.,0
Does it come in other colors?,0
How soon can I get it?,0
Where do you ship from?,0
Where do you ship from?,0
How soon can I get it?,0
What’s the price?,0
How soon can I get it?,0
Nice product!,0
Nice product!,0
Can you show more photos?,0
Contact: +1-667-765-2041,1
What’s the price?,0
Can you show more photos?,0
Follow me on Twitter: @frank172,1
How soon can I get it?,0
Follow me on Instagram @fashioneer and DM.,1
What are the dimensions?,0
Do you have it in stock?,0
Where do you ship from?,0
Can you show more photos?,0
I’m interested in this item.,0
Nice product!,0
This looks good.,0
Nice product!,0
Where do you ship from?,0
Do you have it in stock?,0
I’m interested in this item.,0
Where do you ship from?,0
Nice product!,0
Does it come in other colors?,0
Can you show more photos?,0
Nice product!,0
My WeChat ID is designer123,1
Does it come in other colors?,0
Contact me on Skype: david222,1
What’s the price?,0
What are the dimensions?,0
How soon can I get it?,0
Do you have it in stock?,0
Can you show more photos?,0
Can you show more photos?,0
Can you show more photos?,0
How soon can I get it?,0
Email me at bob27@email.net,1
What are the dimensions?,0
Reach out on WhatsApp at +1-653-457-2661,1
get in touch @ user5301@example.com,1
What are the dimensions?,0
Can you show more photos?,0
This looks good.,0
Text me at 555-968-4692 for more info.,1
Where do you ship from?,0
How soon can I get it?,0
I’m interested in this item.,0
Snapchat me @ shopper306,1
Email me at eve67@test.org,1
Do you have it in stock?,0
Can you show more photos?,0
What’s the price?,0
This looks good.,0
How soon can I get it?,0
Can you show more photos?,0
How soon can I get it?,0
I’m interested in this item.,0
Can you show more photos?,0
Where do you ship from?,0
Nice product!,0
WhatsApp me at +1-555-348-4635,1
Send me a DM on Facebook: facebook.com/fashioneer,1
Nice product!,0
Message via email: bob65@test.org,1
How soon can I get it?,0
How soon can I get it?,0
What’s the price?,0
Nice product!,0
Do you have it in stock?,0
How soon can I get it?,0
You can reach me at +1-337-754-1009,1
This looks good.,0
Follow me on Instagram @best_pizza and DM.,1
Reach out on WhatsApp at +1-640-395-5913,1
Nice product!,0
Does it come in other colors?,0
This looks good.,0
DM me on Instagram @tech_lead,1
Reach me at (008) 658-3473,1
This looks good.,0
Hit me up on WhatsApp at 555-581-6341,1
Contact via email: alice98@example.com,1
What are the dimensions?,0
What’s the price?,0
What’s the price?,0
Can you show more photos?,0
I’m interested in this item.,0
📧 user385@example.com,1
This looks good.,0
What’s the price?,0
Where do you ship from?,0
Do you have it in stock?,0
Where do you ship from?,0
Does it come in other colors?,0
Where do you ship from?,0
Nice product!,0
Does it come in other colors?,0
Does it come in other colors?,0
I’m interested in this item.,0
How soon can I get it?,0
Can I have your email address?,1
Do you have it in stock?,0
I’m interested in this item.,0
Nice product!,0
Does it come in other colors?,0
Nice product!,0
What’s the price?,0
Does it come in other colors?,0
Message me on Signal: +1 012 793 4282,1
Can you show more photos?,0
Nice product!,0
What are the dimensions?,0
How soon can I get it?,0
What’s the price?,0
I’m interested in this item.,0
Can you show more photos?,0
"My contact is 555-993-6040, call me.",1
Can you show more photos?,0
Can you show more photos?,0
What’s the price?,0
Can you share your phone number so I can send you details?,1
Where do you ship from?,0
I’m interested in this item.,0
What are the dimensions?,0
Where do you ship from?,0
Nice product!,0
Where do you ship from?,0
Can you show more photos?,0
This looks good.,0
Nice product!,0
Does it come in other colors?,0
What’s the price?,0
Nice product!,0
What are the dimensions?,0
Can you show more photos?,0
This looks good.,0
What are the dimensions?,0
This looks good.,0
Text me at 3724548823,1
Reach out on WhatsApp at +1-805-892-7957,1
Can you show more photos?,0
Can you show more photos?,0
Does it come in other colors?,0
Can you show more photos?,0
Do you have it in stock?,0
What are the dimensions?,0
Hit me up on WhatsApp at +1-666-843-2067,1
Call me at 4618442724,1
Does it come in other colors?,0
This looks good.,0
Do you have it in stock?,0
What’s the price?,0
What’s the price?,0
Text me at 555-932-7625 for more info.,1
DM me on Instagram: @bob491,1
How soon can I get it?,0
Add me on WhatsApp: 555-766-5226,1
This looks good.,0
Text me at +1 838 561 3475,1
Where do you ship from?,0
Can I have your email address?,1
Where do you ship from?,0
Where do you ship from?,0
I’m interested in this item.,0
How soon can I get it?,0
Do you have it in stock?,0
How soon can I get it?,0
t e l : +1-659-682-7643,1
Does it come in other colors?,0
What’s the price?,0
How soon can I get it?,0
Can you show more photos?,0
Do you have it in stock?,0
Hit me up on WhatsApp at +1-736-735-4591,1
Add me on WhatsApp: 1620801336,1
Do you have it in stock?,0
Message via email: eve88@example.com,1
I’m interested in this item.,0
This looks good.,0
I’m interested in this item.,0
How soon can I get it?,0
Where do you ship from?,0
Nice product!,0
Does it come in other colors?,0
What’s the price?,0
Does it come in other colors?,0
What are the dimensions?,0
Nice product!,0
What’s the price?,0
How soon can I get it?,0
Let's connect on LinkedIn: https://linkedin.com/in/eve379,1
Nice product!,0
How soon can I get it?,0
c   o   n   t   a   c   t   m   e   ( 2 0 9 )   5 4 9 - 0 9 1 7,1
I’m interested in this item.,0
Contact me via Telegram: @tech_lead,1
What are the dimensions?,0
I’m interested in this item.,0
"My contact is 555-989-5443, call me.",1
my email id is user7162@example.com,1
Email me at charlie16@mail.com,1
Connect on LinkedIn (linkedin.com/in/fashionguru),1
What are the dimensions?,0
What are the dimensions?,0
Does it come in other colors?,0
"My contact is 555-869-8447, call me.",1
Contact me via Telegram: @designer123,1
How soon can I get it?,0
Can I have your email address?,1
What’s the price?,0
What are the dimensions?,0
Do you have it in stock?,0
What’s the price?,0
Email me at user4054@example.com,1
Do you have it in stock?,0
you can DM me at devguy868 on Insta,1
Do you have it in stock?,0
This looks good.,0
Does it come in other colors?,0
Do you have it in stock?,0
Nice product!,0
Contact me on Skype: alice149,1
What’s the price?,0
This looks good.,0
This looks good.,0
Where do you ship from?,0
I’m interested in this item.,0
Does it come in other colors?,0
Message me on Snapchat: tech_lead,1
You can reach me at 555-244-4547,1
What are the dimensions?,0
Contact via email: bob34@mail.com,1
This looks good.,0
you can DM me at fashionista695 on Insta,1
Does it come in other colors?,0
Can you show more photos?,0
What’s the price?,0
What are the dimensions?,0
Where do you ship from?,0
How soon can I get it?,0
How soon can I get it?,0
I’m interested in this item.,0
I’m interested in this item.,0
What are the dimensions?,0
Does it come in other colors?,0
Do you have it in stock?,0
Call me at +1 580 274 9318,1
This looks good.,0
Snapchat me @ coolcat955,1
This looks good.,0
Does it come in other colors?,0
Where do you ship from?,0
Do you have it in stock?,0
My TikTok: @heidi726,1
What’s the price?,0
Nice product!,0
What’s the price?,0
I’m interested in this item.,0
Add me on WhatsApp: 421-100-9639,1
Nice product!,0
Do you have it in stock?,0
Where do you ship from?,0
What’s the price?,0
Add me on Facebook (facebook.com/coolguy42),1
I’m interested in this item.,0
This looks good.,0
Where do you ship from?,0
Nice product!,0
Can you show more photos?,0
Message me on Signal: 3188518282,1
DM me on Facebook: facebook.com/fashionista411,1
I’m interested in this item.,0
Where do you ship from?,0
Nice product!,0
Can you show more photos?,0
I’m interested in this item.,0
Contact via email: david70@example.com,1
This looks good.,0
Where do you ship from?,0
Where do you ship from?,0
Nice product!,0
Do you have it in stock?,0
Can you show more photos?,0
Nice product!,0
Here is my email: user8493@example.com,1
Follow me on Instagram @john_doe and DM.,1
Do you have it in stock?,0
Nice product!,0
Nice product!,0
Can you show more photos?,0
What are the dimensions?,0
Does it come in other colors?,0
How soon can I get it?,0
Nice product!,0
Does it come in other colors?,0
I’m interested in this item.,0
This looks good.,0
This looks good.,0
DM me on Instagram: @bob242,1
Add me on Facebook (facebook.com/john_doe),1
my digits: +1-369-429-2580,1
"Email is user9229@example.com, reach out anytime.",1
I’m interested in this item.,0
What are the dimensions?,0
I’m interested in this item.,0
What’s the price?,0
You can reach me at 555-139-4448,1
Do you have it in stock?,0
Nice product!,0
What are the dimensions?,0
Contact me on Skype: heidi389,1
Can you show more photos?,0
What are the dimensions?,0
Does it come in other colors?,0
Can you show more photos?,0
Nice product!,0
Message me at user3837@example.com,1
Do you have it in stock?,0
DM me on Instagram: @alice560,1
Can you show more photos?,0
Can you show more photos?,0
Let's connect on LinkedIn: linkedin.com/in/john_doe,1
Add me on Facebook (facebook.com/best_pizza),1
What’s the price?,0
Do you have it in stock?,0
What’s the price?,0
I’m interested in this item.,0
What are the dimensions?,0
Does it come in other colors?,0
Snapchat me @ fashionista252,1
I’m interested in this item.,0
Can you show more photos?,0
snap me at s-n-a-p fashionista580,1
I’m interested in this item.,0
Do you have it in stock?,0
This looks good.,0
Nice product!,0
you can DM me at fashionista634 on Insta,1
You can reach me at +1-422-379-5170,1
What’s the price?,0
Let's connect on LinkedIn: linkedin.com/in/coolguy42,1
What are the dimensions?,0
Where do you ship from?,0
Does it come in other colors?,0
Nice product!,0
What are the dimensions?,0
How soon can I get it?,0
Do you have it in stock?,0
What are the dimensions?,0
Connect on LinkedIn (linkedin.com/in/designer123),1
How soon can I get it?,0
Where do you ship from?,0
How soon can I get it?,0
Follow me on Instagram @fashioneer and DM.,1
Where do you ship from?,0
This looks good.,0
What’s the price?,0
What’s the price?,0
j u d y 9 3 @ e x a m p l e . c o m,1
Can you show more photos?,0
Can you show more photos?,0
Let's connect on LinkedIn: linkedin.com/in/john_doe,1
Can you show more photos?,0
This looks good.,0
What’s the price?,0
How soon can I get it?,0
I’m interested in this item.,0
Nice product!,0
This looks good.,0
How soon can I get it?,0
What are the dimensions?,0
I’m interested in this item.,0
Let's connect on LinkedIn: linkedin.com/in/fashionguru,1
Text me at 555-359-9958 for more info.,1
Can you show more photos?,0
Where do you ship from?,0
Where do you ship from?,0
This looks good.,0
How soon can I get it?,0
Nice product!,0
Message me on Signal: +1 517 270 3952,1
Where do you ship from?,0
What are the dimensions?,0
This looks good.,0
What are the dimensions?,0
Can you show more photos?,0
Where do you ship from?,0
This looks good.,0
What’s the price?,0
Can you show more photos?,0
Where do you ship from?,0
My Snapchat is alice682,1
Do you have it in stock?,0
What are the dimensions?,0
What are the dimensions?,0
What are the dimensions?,0
c   o   n   t   a   c   t   m   e   3 3 5 - 8 6 3 - 3 4 8 5,1
Where do you ship from?,0
Nice product!,0
What are the dimensions?,0
Does it come in other colors?,0
Do you have it in stock?,0
I’m interested in this item.,0
Do you have it in stock?,0
"Email is user8708@example.com, reach out anytime.",1
This looks good.,0
Does it come in other colors?,0
C a l l   m e :   6 8 7 - 9 8 9 - 8 2 4 3,1
"Email is user2971@example.com, reach out anytime.",1
What are the dimensions?,0
What’s the price?,0
Here is my email: user3710@example.com,1
Nice product!,0
This looks good.,0
Does it come in other colors?,0
C o n t a c t :   ( 2 9 0 )   8 5 1 - 5 9 4 4,1
How soon can I get it?,0
Where do you ship from?,0
Do you have it in stock?,0
DM me on Instagram @shopper99,1
Nice product!,0
Can you show more photos?,0
fb.com/coolcat812,1
How soon can I get it?,0
This looks good.,0
get in touch @ user4268@example.com,1
Contact me via Telegram: @shopper99,1
I’m interested in this item.,0
Message me at user3114@example.com,1
Does it come in other colors?,0
Do you have it in stock?,0
Do you have it in stock?,0
This looks good.,0
This looks good.,0
How soon can I get it?,0
This looks good.,0
How soon can I get it?,0
This looks good.,0
How soon can I get it?,0
Nice product!,0
Does it come in other colors?,0
Does it come in other colors?,0
Where do you ship from?,0
I’m interested in this item.,0
I’m interested in this item.,0
Does it come in other colors?,0
This looks good.,0
Nice product!,0
Do you have it in stock?,0
LinkedIn me at +1 240 304 6189,1
Text me at (885) 733-5550,1
What’s the price?,0
Do you have it in stock?,0
This looks good.,0
Follow me on Instagram @jane.smith and DM.,1
Where do you ship from?,0
This looks good.,0
What’s the price?,0
I’m interested in this item.,0
Do you have it in stock?,0
How soon can I get it?,0
Where do you ship from?,0
Mail me: frank93@example.com,1
Does it come in other colors?,0
Can you show more photos?,0
Do you have it in stock?,0
What are the dimensions?,0
How soon can I get it?,0
Can you show more photos?,0
This looks good.,0
How soon can I get it?,0
Where do you ship from?,0
I’m interested in this item.,0
DM me on Instagram: @charlie834,1
How soon can I get it?,0
I’m interested in this item.,0
This looks good.,0
What are the dimensions?,0
Connect on LinkedIn (linkedin.com/in/fashionista943),1
c   o   n   t   a   c   t   m   e   + 1   1 3 2   7 6 2   3 6 5 6,1
Nice product!,0
This looks good.,0
Where do you ship from?,0
Nice product!,0
I’m interested in this item.,0
How soon can I get it?,0
What are the dimensions?,0
Nice product!,0
How soon can I get it?,0
I’m interested in this item.,0
I’m interested in this item.,0
This looks good.,0
This looks good.,0
C o n t a c t :   6 7 5 - 6 8 8 - 9 2 4 6,1
Can you show more photos?,0
Nice product!,0
What are the dimensions?,0
I’m interested in this item.,0
What’s the price?,0
Do you have it in stock?,0
I’m interested in this item.,0
This looks good.,0
What are the dimensions?,0
I’m interested in this item.,0
Text me at 1035694173,1
Nice product!,0
What are the dimensions?,0
What’s the price?,0
Can you show more photos?,0
What are the dimensions?,0
Nice product!,0
Nice product!,0
Reach me at (950) 645-1712,1
What’s the price?,0
fb.com/devguy399,1
How soon can I get it?,0
Mail me: bob69@example.com,1
I’m interested in this item.,0
Nice product!,0
What’s the price?,0
This looks good.,0
This looks good.,0
Can you show more photos?,0
my digits: +1-542-107-9870,1
I’m interested in this item.,0
This looks good.,0
What are the dimensions?,0
How soon can I get it?,0
WhatsApp me at +1-555-509-3199,1
What’s the price?,0
Can you show more photos?,0
How soon can I get it?,0
Nice product!,0
Do you have it in stock?,0
Nice product!,0
I’m interested in this item.,0
Nice product!,0
This looks good.,0
Call me at 2868045442,1
I’m interested in this item.,0
What’s the price?,0
Do you have it in stock?,0
I’m interested in this item.,0
How soon can I get it?,0
Do you have it in stock?,0
Here is my email: user5410@example.com,1
How soon can I get it?,0
Does it come in other colors?,0
Can you show more photos?,0
Do you have it in stock?,0
C a l l   m e :   + 1   1 1 8   6 2 5   3 6 7 0,1
"Email is user6355@example.com, reach out anytime.",1
You can reach me at +1-878-237-9755,1
Please email me at user1690@example.com,1
Where do you ship from?,0
How soon can I get it?,0
What’s the price?,0
Does it come in other colors?,0
Add me on WhatsApp: 555-669-2277,1
Ping me on Telegram: @heidi239,1
What’s the price?,0
What’s the price?,0
Do you have it in stock?,0
Where do you ship from?,0
What are the dimensions?,0
Do you have it in stock?,0
You can reach me at 555-167-5990,1
Where do you ship from?,0
Where do you ship from?,0
What are the dimensions?,0
Please email me at user9576@example.com,1
You can reach me at 555-694-2416,1
Where do you ship from?,0
Follow me on Twitter: @bob151,1
I’m interested in this item.,0
What are the dimensions?,0
This looks good.,0
Nice product!,0
Snapchat me @ shopper770,1
I’m interested in this item.,0
DM me on Instagram @jane.smith,1
Does it come in other colors?,0
How soon can I get it?,0
Where do you ship from?,0
How soon can I get it?,0
What are the dimensions?,0
Do you have it in stock?,0
This looks good.,0
Where do you ship from?,0
Do you have it in stock?,0
Nice product!,0
Does it come in other colors?,0
This looks good.,0
Nice product!,0
get in touch @ user3461@example.com,1
This looks good.,0
Can you show more photos?,0
Nice product!,0
c   o   n   t   a   c   t   m   e   ( 1 7 7 )   3 6 4 - 4 8 8 6,1
What’s the price?,0
I’m interested in this item.,0
What are the dimensions?,0
Can you show more photos?,0
Where do you ship from?,0
I’m interested in this item.,0
This looks good.,0
Does it come in other colors?,0
What are the dimensions?,0
What’s the price?,0
Do you have it in stock?,0
What’s the price?,0
What are the dimensions?,0
Send me a DM on Facebook: facebook.com/fashioneer,1
hmu @ devguy951,1
How soon can I get it?,0
Can you show more photos?,0
This looks good.,0
This looks good.,0
Can you show more photos?,0
Does it come in other colors?,0
How soon can I get it?,0
c o n t a c t : +1-434-858-3926,1
How soon can I get it?,0
What’s the price?,0
Do you have it in stock?,0
Nice product!,0
Do you have it in stock?,0
Here's my email: user761@example.com,1
Email me at heidi51@email.net,1
Does it come in other colors?,0
Do you have it in stock?,0
What are the dimensions?,0
I’m interested in this item.,0
Text me at 555-652-8043 for more info.,1
This looks good.,0
Do you have it in stock?,0
Can you show more photos?,0
Do you have it in stock?,0
Do you have it in stock?,0
Where do you ship from?,0
This looks good.,0
Where do you ship from?,0
"Email is user2527@example.com, reach out anytime.",1
This looks good.,0
How soon can I get it?,0
Can you show more photos?,0
Here's my email: user7663@example.com,1
What’s the price?,0
message me via g m a i l at user7618@example.com,1
Nice product!,0
Can you show more photos?,0
You can reach me at +1-457-405-7356,1
Message me on Signal: (398) 831-9182,1
I’m interested in this item.,0
Text me at 832-700-0191,1
Nice product!,0
Does it come in other colors?,0
Let's connect on LinkedIn: https://linkedin.com/in/judy120,1
c   o   n   t   a   c   t   m   e   + 1   6 6 5   7 8 4   7 0 4 5,1
Do you have it in stock?,0
Connect on LinkedIn (linkedin.com/in/jane.smith),1
Where do you ship from?,0
Nice product!,0
I’m interested in this item.,0
Does it come in other colors?,0
I’m interested in this item.,0
What’s the price?,0
What’s the price?,0
What’s the price?,0
you can DM me at devguy313 on Insta,1
What are the dimensions?,0
Do you have it in stock?,0
Nice product!,0
Let's connect on LinkedIn: https://linkedin.com/in/alice522,1
Where do you ship from?,0
Do you have it in stock?,0
Do you have it in stock?,0
What’s the price?,0
I’m interested in this item.,0
This looks good.,0
Nice product!,0
Message me on Snapchat: shopper99,1
C o n t a c t :   + 1   2 6 4   4 2 2   0 0 3 7,1
Can you show more photos?,0
Where do you ship from?,0
Where do you ship from?,0
My number is (006) 097-2209,1
DM me on Instagram: @eve843,1
Where do you ship from?,0
This looks good.,0
This looks good.,0
Can you show more photos?,0
Can you show more photos?,0
Does it come in other colors?,0
find me at user1490@example.com 😉,1
Can you show more photos?,0
Please email me at user2921@example.com,1
Contact me via Telegram: @best_pizza,1
Here is my email: user1262@example.com,1
This looks good.,0
Can you show more photos?,0
How soon can I get it?,0
Where do you ship from?,0
Where do you ship from?,0
What are the dimensions?,0
Where do you ship from?,0
How soon can I get it?,0
Here's my email: user6010@example.com,1
What’s the price?,0
Reach me at +1 770 325 0722,1
Follow me on Instagram @shopper99 and DM.,1
Where do you ship from?,0
Let's connect on LinkedIn: linkedin.com/in/tech_lead,1
What are the dimensions?,0
What’s the price?,0
Do you have it in stock?,0
Nice product!,0
I’m interested in this item.,0
Nice product!,0
How soon can I get it?,0
What’s the price?,0
I’m interested in this item.,0
message me via g m a i l at user8197@example.com,1
Nice product!,0
Does it come in other colors?,0
What are the dimensions?,0
telegram: t dot me slash fashionista416,1
This looks good.,0
Nice product!,0
This looks good.,0
C o n t a c t :   ( 7 6 5 )   9 0 5 - 9 2 2 0,1
How soon can I get it?,0
Where do you ship from?,0
Do you have it in stock?,0
Do you have it in stock?,0
Where do you ship from?,0
Email me at judy11@test.org,1
Message me on Snapchat: best_pizza,1
Do you have it in stock?,0
Can you show more photos?,0
My Snapchat is bob971,1
How soon can I get it?,0
Can you show more photos?,0
Here's my email: user1369@example.com,1
What are the dimensions?,0
I’m interested in this item.,0
Where do you ship from?,0
Where do you ship from?,0
I’m interested in this item.,0
What are the dimensions?,0
Where do you ship from?,0
Contact me on Skype: grace285,1
I’m interested in this item.,0
I’m interested in this item.,0
Do you have it in stock?,0
Can you show more photos?,0
Do you have it in stock?,0
What’s the price?,0
Connect on LinkedIn (linkedin.com/in/designer123),1
Does it come in other colors?,0
Nice product!,0
What are the dimensions?,0
Add me on WhatsApp: (132) 968-7842,1
How soon can I get it?,0
my digits: +1-163-460-6325,1
What are the dimensions?,0
Does it come in other colors?,0
This looks good.,0
Message me on Snapchat: tech_lead,1
you can DM me at devguy540 on Insta,1
This looks good.,0
you can DM me at coolcat449 on Insta,1
Can you show more photos?,0
fb.com/fashionista507,1
Find me on Facebook: https://facebook.com/david830,1
Ping me on Telegram: @grace918,1
Can you show more photos?,0
What’s the price?,0
This looks good.,0
Does it come in other colors?,0
Follow me on Twitter: @david956,1
Does it come in other colors?,0
Does it come in other colors?,0
Do you have it in stock?,0
What’s the price?,0
Please email me at user6419@example.com,1
DM me on Facebook: facebook.com/coolcat177,1
My TikTok: @david642,1
Hit me up on WhatsApp at 555-828-7754,1
Where do you ship from?,0
Where do you ship from?,0
Can you show more photos?,0
What’s the price?,0
C o n t a c t :   + 1   5 7 3   9 9 0   7 8 6 3,1
Nice product!,0
What’s the price?,0
Can you show more photos?,0
Do you have it in stock?,0
Does it come in other colors?,0
What are the dimensions?,0
Please email me at user2552@example.com,1
Does it come in other colors?,0
What are the dimensions?,0
Let's connect on LinkedIn: https://linkedin.com/in/judy978,1
How soon can I get it?,0
Where do you ship from?,0
What’s the price?,0
"Email is user4328@example.com, reach out anytime.",1
Call me at 884-236-2541,1
Where do you ship from?,0
How soon can I get it?,0
Do you have it in stock?,0
Text me at 520-779-2902,1
Can you show more photos?,0
Follow me on Instagram @fashionguru and DM.,1
Nice product!,0
Do you have it in stock?,0
Nice product!,0
Can you show more photos?,0
Does it come in other colors?,0
Nice product!,0
What’s the price?,0
Does it come in other colors?,0
I’m interested in this item.,0
This looks good.,0
Reach me at +1 352 807 4520,1
How soon can I get it?,0
Contact via email: alice6@mail.com,1
This looks good.,0
Call me at (382) 427-0532,1
How soon can I get it?,0
Message me at user3854@example.com,1
How soon can I get it?,0
Here is my email: user3342@example.com,1
Nice product!,0
Does it come in other colors?,0
Add me on WhatsApp: 106-095-1128,1
How soon can I get it?,0
Can you show more photos?,0
Can you show more photos?,0
Message via email: bob95@mail.com,1
wanna chat? +1-594-304-5247,1
Can you show more photos?,0
Do you have it in stock?,0
"My contact is 555-347-5215, call me.",1
Here's my email: user5293@example.com,1
Do you have it in stock?,0
This looks good.,0
Nice product!,0
What are the dimensions?,0
Message me on Snapchat: tech_lead,1
What are the dimensions?,0
Contact me on Skype: frank463,1
Do you have it in stock?,0
Do you have it in stock?,0
Add me on Facebook (facebook.com/tech_lead),1
Does it come in other colors?,0
e m a i l m e @ user1937@example.com,1
Can you show more photos?,0
What’s the price?,0
What are the dimensions?,0
What’s the price?,0
What are the dimensions?,0
What are the dimensions?,0
What are the dimensions?,0
Nice product!,0
Nice product!,0
Nice product!,0
How soon can I get it?,0
I’m interested in this item.,0
What’s the price?,0
Does it come in other colors?,0
C a l l   m e :   ( 4 8 3 )   1 6 4 - 3 7 0 0,1
DM me on Facebook: facebook.com/shopper52,1
I’m interested in this item.,0
Do you have it in stock?,0
Do you have it in stock?,0
Nice product!,0
Do you have it in stock?,0
Does it come in other colors?,0
Do you have it in stock?,0
What’s the price?,0
I’m interested in this item.,0
How soon can I get it?,0
What are the dimensions?,0
Message me on Signal: 161-787-3741,1
How soon can I get it?,0
Does it come in other colors?,0
Does it come in other colors?,0
Where do you ship from?,0
Message me on Signal: 0677022437,1
What are the dimensions?,0
This looks good.,0
Do you have it in stock?,0
This looks good.,0
Reach out on WhatsApp at +1-642-134-7028,1
Do you have it in stock?,0
Does it come in other colors?,0
Nice product!,0
What are the dimensions?,0
What’s the price?,0
Nice product!,0
What’s the price?,0
snap me at s-n-a-p devguy359,1
Can you show more photos?,0
I’m interested in this item.,0
Can you show more photos?,0
Can you show more photos?,0
Do you have it in stock?,0
This looks good.,0
What are the dimensions?,0
Nice product!,0
Does it come in other colors?,0
How soon can I get it?,0
Can you show more photos?,0
Do you have it in stock?,0
What’s the price?,0
What are the dimensions?,0
my email id is user3183@example.com,1
📱 +1-499-624-9424,1
Does it come in other colors?,0
Where do you ship from?,0
Contact via email: judy64@mail.com,1
What’s the price?,0
Where do you ship from?,0
What’s the price?,0
Can you show more photos?,0
message me via g m a i l at user1293@example.com,1
What are the dimensions?,0
Do you have it in stock?,0
Follow me on Instagram @best_pizza and DM.,1
This looks good.,0
DM me on Instagram: @eve745,1
Where do you ship from?,0
What are the dimensions?,0
Does it come in other colors?,0
Do you have it in stock?,0
What’s the price?,0
I’m interested in this item.,0
Can you show more photos?,0
What’s the price?,0
Connect on LinkedIn (linkedin.com/in/john_doe),1
This looks good.,0
Send me a DM on Facebook: facebook.com/jane.smith,1
This looks good.,0
This looks good.,0
How soon can I get it?,0
Do you have it in stock?,0
Does it come in other colors?,0
Text me at 555-786-9267 for more info.,1
Do you have it in stock?,0
Do you have it in stock?,0
Message me at user3852@example.com,1
Do you have it in stock?,0
Do you have it in stock?,0
This looks good.,0
What are the dimensions?,0
I’m interested in this item.,0
This looks good.,0
What are the dimensions?,0
Does it come in other colors?,0
What are the dimensions?,0
I’m interested in this item.,0
How soon can I get it?,0
I’m interested in this item.,0
Can you show more photos?,0
Nice product!,0
My WeChat ID is shopper99,1
Nice product!,0
What’s the price?,0
Do you have it in stock?,0
Where do you ship from?,0
t e l : +1-788-148-6874,1
What’s the price?,0
I’m interested in this item.,0
Nice product!,0
How soon can I get it?,0
What’s the price?,0
Contact me on Skype: frank624,1
Nice product!,0
I’m interested in this item.,0
I’m interested in this item.,0
Nice product!,0
Here's my email: user1529@example.com,1
Do you have it in stock?,0
How soon can I get it?,0
Nice product!,0
Here's my email: user4832@example.com,1
Do you have it in stock?,0
DM me on Facebook: facebook.com/shopper472,1
This looks good.,0
Does it come in other colors?,0
Text me at 555-447-1181 for more info.,1
Connect on LinkedIn (linkedin.com/in/shopper99),1
Nice product!,0
you can DM me at fashionista100 on Insta,1
Nice product!,0
I’m interested in this item.,0
Where do you ship from?,0
I’m interested in this item.,0
Ping me on Telegram: @david791,1
Here is my email: user4300@example.com,1
Mail me: frank52@test.org,1
How soon can I get it?,0
What’s the price?,0
Snapchat me @ fashionista914,1
Can you show more photos?,0
Do you have it in stock?,0
reach at t w o o o @example.com,1
Nice product!,0
Can you show more photos?,0
Where do you ship from?,0
This looks good.,0
Does it come in other colors?,0
Does it come in other colors?,0
Does it come in other colors?,0
C o n t a c t :   3 4 1 5 2 6 0 0 1 2,1
What’s the price?,0
Contact me on Skype: frank713,1
This looks good.,0
I’m interested in this item.,0
Do you have it in stock?,0
Does it come in other colors?,0
I’m interested in this item.,0
What’s the price?,0
Does it come in other colors?,0
Where do you ship from?,0
Where do you ship from?,0
c   o   n   t   a   c   t   m   e   4 6 0 2 9 6 9 2 5 6,1
Does it come in other colors?,0
get in touch @ user5157@example.com,1
What’s the price?,0
This looks good.,0
How soon can I get it?,0
What are the dimensions?,0
What’s the price?,0
Add me on WhatsApp: 555-958-1586,1
Please email me at user8550@example.com,1
Here is my email: user2487@example.com,1
This looks good.,0
This looks good.,0
Where do you ship from?,0
Do you have it in stock?,0
Does it come in other colors?,0
What are the dimensions?,0
How soon can I get it?,0
Do you have it in stock?,0
This looks good.,0
Do you have it in stock?,0
Where do you ship from?,0
Do you have it in stock?,0
What’s the price?,0
This looks good.,0
Email me at user7099@example.com,1
Does it come in other colors?,0
This looks good.,0
Text me at +1-864-412-9074,1
Does it come in other colors?,0
What are the dimensions?,0
What are the dimensions?,0
Where do you ship from?,0
Let's connect on LinkedIn: linkedin.com/in/fashioneer,1
Nice product!,0
What are the dimensions?,0
What are the dimensions?,0
What’s the price?,0
I’m interested in this item.,0
Do you have it in stock?,0
Where do you ship from?,0
Nice product!,0
Do you have it in stock?,0
Nice product!,0
You can reach me at +1-891-972-9378,1
I’m interested in this item.,0
Do you have it in stock?,0
Do you have it in stock?,0
Contact me via Telegram: @fashionguru,1
Can you show more photos?,0
Do you have it in stock?,0
Can you share your phone number so I can send you details?,1
Here is my email: user4158@example.com,1
I’m interested in this item.,0
Can you show more photos?,0
What are the dimensions?,0
Where do you ship from?,0
Does it come in other colors?,0
I’m interested in this item.,0
What’s the price?,0
Email me at david59@test.org,1
How soon can I get it?,0
Nice product!,0
Connect on LinkedIn (linkedin.com/in/fashionista924),1
Where do you ship from?,0
What are the dimensions?,0
What are the dimensions?,0
Nice product!,0
my email id is user9518@example.com,1
This looks good.,0
This looks good.,0
What’s the price?,0
How soon can I get it?,0
reach at t w o o o @example.com,1
What’s the price?,0
Where do you ship from?,0
Does it come in other colors?,0
What are the dimensions?,0
wanna chat? +1-133-209-4108,1
How soon can I get it?,0
Nice product!,0
Does it come in other colors?,0
Do you have it in stock?,0
Do you have it in stock?,0
c   o   n   t   a   c   t   m   e   ( 0 4 8 )   4 1 0 - 2 8 4 1,1
What are the dimensions?,0
Nice product!,0
My WeChat ID is designer123,1
Nice product!,0
What’s the price?,0
I’m interested in this item.,0
Can you show more photos?,0
Can you show more photos?,0
Snapchat me @ coolcat914,1
Do you have it in stock?,0
Where do you ship from?,0
Do you have it in stock?,0
Do you have it in stock?,0
Nice product!,0
Does it come in other colors?,0
What are the dimensions?,0
Can you show more photos?,0
📧 user4485@example.com,1
Nice product!,0
Where do you ship from?,0
What are the dimensions?,0
my email id is user8811@example.com,1
WhatsApp me at +1-555-406-4098,1
I’m interested in this item.,0
This looks good.,0
Does it come in other colors?,0
Where do you ship from?,0
Where do you ship from?,0
Nice product!,0
Contact: +1-242-743-9386,1
How soon can I get it?,0
What are the dimensions?,0
How soon can I get it?,0
This looks good.,0
What’s the price?,0
Reach out on WhatsApp at +1-766-598-2859,1
Can you show more photos?,0
Message me on Signal: 9699384485,1
i v a n 7 5 @ e x a m p l e . c o m,1
Contact via email: grace51@email.net,1
What are the dimensions?,0
Where do you ship from?,0
Nice product!,0
Where do you ship from?,0
get in touch @ user732@example.com,1
My number is 4047936951,1
This looks good.,0
Nice product!,0
This looks good.,0
Where do you ship from?,0
Nice product!,0
What’s the price?,0
Nice product!,0
Nice product!,0
Where do you ship from?,0
What’s the price?,0
What’s the price?,0
Can you show more photos?,0
Can you show more photos?,0
Can you show more photos?,0
What are the dimensions?,0
Does it come in other colors?,0
Do you have it in stock?,0
I’m interested in this item.,0
How soon can I get it?,0
What’s the price?,0
Nice product!,0
What are the dimensions?,0
This looks good.,0
This looks good.,0
Text me at 555-357-6745 for more info.,1
I’m interested in this item.,0
What are the dimensions?,0
Where do you ship from?,0
Where do you ship from?,0
I’m interested in this item.,0
snap me at s-n-a-p devguy55,1
Nice product!,0
I’m interested in this item.,0
Nice product!,0
This looks good.,0
This looks good.,0
This looks good.,0
Do you have it in stock?,0
What are the dimensions?,0
Do you have it in stock?,0
How soon can I get it?,0
Can you show more photos?,0
Add me on WhatsApp: 555-672-9572,1
What’s the price?,0
This looks good.,0
What are the dimensions?,0
I’m interested in this item.,0
This looks good.,0
Can you show more photos?,0
My WeChat ID is coolguy42,1
I’m interested in this item.,0
How soon can I get it?,0
This looks good.,0
This looks good.,0
I’m interested in this item.,0
Do you have it in stock?,0
What are the dimensions?,0
What’s the price?,0
Nice product!,0
How soon can I get it?,0
How soon can I get it?,0
This looks good.,0
You can reach me at 555-649-2732,1
Does it come in other colors?,0
Do you have it in stock?,0
I’m interested in this item.,0
Where do you ship from?,0
e m a i l m e @ user1693@example.com,1
Where do you ship from?,0
Does it come in other colors?,0
e m a i l m e @ user6011@example.com,1
What’s the price?,0
Where do you ship from?,0
What’s the price?,0
What are the dimensions?,0
What are the dimensions?,0
This looks good.,0
Nice product!,0
Where do you ship from?,0
Do you have it in stock?,0
You can reach me at +1-270-885-9977,1
This looks good.,0
Where do you ship from?,0
Do you have it in stock?,0
Snapchat me @ fashionista436,1
Where do you ship from?,0
Connect on LinkedIn (linkedin.com/in/tech_lead),1
Let's connect on LinkedIn: linkedin.com/in/tech_lead,1
What’s the price?,0
Nice product!,0
Here is my email: user2051@example.com,1
This looks good.,0
Contact via email: ivan86@email.net,1
Snapchat me @ shopper340,1
Where do you ship from?,0
This looks good.,0
I’m interested in this item.,0
I’m interested in this item.,0
How soon can I get it?,0
What’s the price?,0
Do you have it in stock?,0
I’m interested in this item.,0
Nice product!,0
How soon can I get it?,0
How soon can I get it?,0
What are the dimensions?,0
What are the dimensions?,0
What’s the price?,0
Does it come in other colors?,0
Follow me on Twitter: @charlie67,1
I’m interested in this item.,0
Nice product!,0
Where do you ship from?,0
What’s the price?,0
What’s the price?,0
What’s the price?,0
Does it come in other colors?,0
I’m interested in this item.,0
What’s the price?,0
Can you show more photos?,0
Follow me on Instagram @shopper99 and DM.,1
How soon can I get it?,0
Does it come in other colors?,0
Do you have it in stock?,0
Where do you ship from?,0
Add me on WhatsApp: 555-713-9411,1
Does it come in other colors?,0
What’s the price?,0
Do you have it in stock?,0
Email me at user2128@example.com,1
Where do you ship from?,0
Where do you ship from?,0
This looks good.,0
Can you show more photos?,0
What’s the price?,0
Can you show more photos?,0
Do you have it in stock?,0
What’s the price?,0
Where do you ship from?,0
Follow me on Twitter: @alice686,1
What’s the price?,0
Hit me up on WhatsApp at +1-319-195-2829,1
Hit me up on WhatsApp at 555-600-5866,1
I’m interested in this item.,0
Where do you ship from?,0
Contact me on Skype: david711,1
Can you show more photos?,0
How soon can I get it?,0
Does it come in other colors?,0
How soon can I get it?,0
I’m interested in this item.,0
Call me at 8375076613,1
Ping me on Telegram: @judy211,1
Can you show more photos?,0
Where do you ship from?,0
Where do you ship from?,0
Do you have it in stock?,0
Nice product!,0
Does it come in other colors?,0
How soon can I get it?,0
Connect on LinkedIn (linkedin.com/in/john_doe),1
This looks good.,0
find me at user1486@example.com 😉,1
How soon can I get it?,0
Do you have it in stock?,0
Do you have it in stock?,0
What are the dimensions?,0
Nice product!,0
Where do you ship from?,0
Connect on LinkedIn (linkedin.com/in/fashioneer),1
Can you show more photos?,0
Mail me: david65@email.net,1
Nice product!,0
Do you have it in stock?,0
Message me on Signal: +1 265 849 0781,1
What are the dimensions?,0
This looks good.,0
This looks good.,0
Nice product!,0
Where do you ship from?,0
What are the dimensions?,0
Do you have it in stock?,0
Nice product!,0
C o n t a c t :   2 8 0 5 5 6 6 3 9 0,1
What are the dimensions?,0
Contact: +1-888-431-5886,1
How soon can I get it?,0
Nice product!,0
I’m interested in this item.,0
Do you have it in stock?,0
I’m interested in this item.,0
Can you show more photos?,0
Where do you ship from?,0
e m a i l m e @ user3267@example.com,1
Can I have your email address?,1
Can you show more photos?,0
Does it come in other colors?,0
Do you have it in stock?,0
Can you show more photos?,0
This looks good.,0
I’m interested in this item.,0
How soon can I get it?,0
What are the dimensions?,0
Nice product!,0
I’m interested in this item.,0
Where do you ship from?,0
What’s the price?,0
Can you show more photos?,0
Nice product!,0
Does it come in other colors?,0
find me at user3362@example.com 😉,1
Where do you ship from?,0
Where do you ship from?,0
Do you have it in stock?,0
What’s the price?,0
I’m interested in this item.,0
How soon can I get it?,0
Add me on Facebook (facebook.com/designer123),1
Where do you ship from?,0
How soon can I get it?,0
What are the dimensions?,0
Let's connect on LinkedIn: https://linkedin.com/in/bob809,1
This looks good.,0
Where do you ship from?,0
Do you have it in stock?,0
Do you have it in stock?,0
Can you show more photos?,0
Can you show more photos?,0
What’s the price?,0
Find me on Facebook: https://facebook.com/bob255,1
t e l : +1-500-707-7128,1
Do you have it in stock?,0
How soon can I get it?,0
"My contact is 555-742-7901, call me.",1
What’s the price?,0
Where do you ship from?,0
Do you have it in stock?,0
Nice product!,0
What are the dimensions?,0
What are the dimensions?,0
c   o   n   t   a   c   t   m   e   ( 2 8 6 )   7 9 2 - 3 5 0 7,1
message me via g m a i l at user825@example.com,1
What’s the price?,0
I’m interested in this item.,0
What are the dimensions?,0
Add me on WhatsApp: (315) 281-3941,1
fb.com/devguy687,1
I’m interested in this item.,0
Can you show more photos?,0
Can you show more photos?,0
What are the dimensions?,0
You can reach me at +1-225-750-4898,1
WhatsApp me at +1-555-556-2175,1
Does it come in other colors?,0
I’m interested in this item.,0
Can you show more photos?,0
Let's connect on LinkedIn: linkedin.com/in/shopper99,1
Do you have it in stock?,0
Do you have it in stock?,0
How soon can I get it?,0
Nice product!,0
Where do you ship from?,0
What are the dimensions?,0
What’s the price?,0
Can you show more photos?,0
Where do you ship from?,0
I’m interested in this item.,0
This looks good.,0
Does it come in other colors?,0
Can you show more photos?,0
snap me at s-n-a-p devguy492,1
Where do you ship from?,0
Do you have it in stock?,0
What are the dimensions?,0
Reach me at 7522481080,1
reach at t w o o o @example.com,1
Where do you ship from?,0
Nice product!,0
Can you show more photos?,0
Can you show more photos?,0
What are the dimensions?,0
What are the dimensions?,0
This looks good.,0
What are the dimensions?,0
Where do you ship from?,0
Do you have it in stock?,0
This looks good.,0
Hit me up on WhatsApp at 555-702-6279,1
📱 +1-677-941-3299,1
Contact: +1-184-317-6822,1
Do you have it in stock?,0
Add me on WhatsApp: 555-661-6827,1
Add me on WhatsApp: 746-386-9904,1
Here's my email: user9156@example.com,1
Where do you ship from?,0
Can you show more photos?,0
My Snapchat is alice326,1
Where do you ship from?,0
telegram: t dot me slash devguy821,1
What’s the price?,0
Reach me at 6328943111,1
What are the dimensions?,0
Nice product!,0
snap me at s-n-a-p coolcat636,1
You can reach me at +1-760-499-2544,1
Let's connect on LinkedIn: https://linkedin.com/in/charlie911,1
Reach me at 9712452172,1
Where do you ship from?,0
Add me on Facebook (facebook.com/best_pizza),1
Do you have it in stock?,0
Do you have it in stock?,0
Do you have it in stock?,0
I’m interested in this item.,0
find me at user1309@example.com 😉,1
Do you have it in stock?,0
I’m interested in this item.,0
Can you show more photos?,0
Where do you ship from?,0
This looks good.,0
How soon can I get it?,0
Nice product!,0
What are the dimensions?,0
What are the dimensions?,0
I’m interested in this item.,0
This looks good.,0
"My contact is 555-120-4186, call me.",1
What’s the price?,0
Can you show more photos?,0
Nice product!,0
Text me at 555-177-9966 for more info.,1
I’m interested in this item.,0
Do you have it in stock?,0
Can you show more photos?,0
Nice product!,0
Mail me: alice41@example.com,1
Does it come in other colors?,0
Do you have it in stock?,0
Nice product!,0
Call me at 7789525313,1
Do you have it in stock?,0
What’s the price?,0
telegram: t dot me slash fashionista222,1
I’m interested in this item.,0
Can you show more photos?,0
This looks good.,0
What are the dimensions?,0
Can you show more photos?,0
Where do you ship from?,0
This looks good.,0
What’s the price?,0
Mail me: david56@mail.com,1
This looks good.,0
Where do you ship from?,0
Mail me: ivan81@example.com,1
I’m interested in this item.,0
How soon can I get it?,0
What are the dimensions?,0
Where do you ship from?,0
I’m interested in this item.,0
Nice product!,0
What are the dimensions?,0
Can I have your email address?,1
Nice product!,0
This looks good.,0
"My contact is 555-158-6354, call me.",1
What’s the price?,0
Does it come in other colors?,0
This looks good.,0
Text me at 555-569-4122 for more info.,1
What are the dimensions?,0
What are the dimensions?,0
I’m interested in this item.,0
How soon can I get it?,0
Nice product!,0
You can reach me at 555-897-3675,1
Does it come in other colors?,0
This looks good.,0
Can you show more photos?,0
Does it come in other colors?,0
What are the dimensions?,0
Mail me: charlie81@example.com,1
c   o   n   t   a   c   t   m   e   ( 5 6 4 )   7 9 2 - 9 3 6 3,1
What are the dimensions?,0
Follow me on Twitter: @grace903,1
I’m interested in this item.,0
Nice product!,0
Does it come in other colors?,0
Can you show more photos?,0
Text me at 555-252-1638 for more info.,1
This looks good.,0
Where do you ship from?,0
Can you show more photos?,0
What’s the price?,0
My Snapchat is judy690,1
What are the dimensions?,0
Contact me on Skype: alice460,1
Reach me at 245-207-3929,1
c o n t a c t : +1-300-491-2384,1
Nice product!,0
"My contact is 555-952-8196, call me.",1
What’s the price?,0
How soon can I get it?,0
How soon can I get it?,0
This looks good.,0
Nice product!,0
Nice product!,0
Send me a DM on Facebook: facebook.com/tech_lead,1
What’s the price?,0
Does it come in other colors?,0
What are the dimensions?,0
DM me on Instagram: @bob302,1
Can you show more photos?,0
What’s the price?,0
📱 +1-919-342-4734,1
Do you have it in stock?,0
Can you show more photos?,0
I’m interested in this item.,0
Can you share your phone number so I can send you details?,1
find me at user644@example.com 😉,1
Where do you ship from?,0
Can you show more photos?,0
Nice product!,0
Nice product!,0
Nice product!,0
Let's connect on LinkedIn: linkedin.com/in/jane.smith,1
WhatsApp me at +1-555-170-4123,1
Do you have it in stock?,0
Where do you ship from?,0
Where do you ship from?,0
What are the dimensions?,0
Can you show more photos?,0
What’s the price?,0
Can you show more photos?,0
Message via email: frank46@email.net,1
What’s the price?,0
Do you have it in stock?,0
I’m interested in this item.,0
Text me at +1 378 934 2251,1
How soon can I get it?,0
This looks good.,0
What’s the price?,0
Can you show more photos?,0
Connect on LinkedIn (linkedin.com/in/devguy58),1
Can you show more photos?,0
What are the dimensions?,0
📱 +1-659-552-2578,1
my email id is user845@example.com,1
find me at user4224@example.com 😉,1
Nice product!,0
This looks good.,0
Does it come in other colors?,0
What’s the price?,0
What are the dimensions?,0
How soon can I get it?,0
Contact via email: eve8@mail.com,1
Can you show more photos?,0
Do you have it in stock?,0
What’s the price?,0
Nice product!,0
What are the dimensions?,0
You can reach me at 555-346-7031,1
How soon can I get it?,0
I’m interested in this item.,0
My WeChat ID is shop_owner,1
You can reach me at 555-984-8244,1
Where do you ship from?,0
Do you have it in stock?,0
Can you show more photos?,0
DM me on Facebook: facebook.com/devguy77,1
Do you have it in stock?,0
How soon can I get it?,0
How soon can I get it?,0
Where do you ship from?,0
Do you have it in stock?,0
Does it come in other colors?,0
What are the dimensions?,0
I’m interested in this item.,0
How soon can I get it?,0
Nice product!,0
I’m interested in this item.,0
Where do you ship from?,0
Nice product!,0
Nice product!,0
Nice product!,0
Where do you ship from?,0
Where do you ship from?,0
Can you show more photos?,0
I’m interested in this item.,0
This looks good.,0
Email me at user3611@example.com,1
Do you have it in stock?,0
How soon can I get it?,0
Do you have it in stock?,0
What’s the price?,0
What are the dimensions?,0
Contact via email: grace72@mail.com,1
c   o   n   t   a   c   t   m   e   7 4 7 - 7 6 3 - 2 5 3 3,1
This looks good.,0
How soon can I get it?,0
Where do you ship from?,0
Where do you ship from?,0
How soon can I get it?,0
How soon can I get it?,0
What are the dimensions?,0
c o n t a c t : +1-233-159-2554,1
What are the dimensions?,0
I’m interested in this item.,0
This looks good.,0
Where do you ship from?,0
How soon can I get it?,0
Do you have it in stock?,0
This looks good.,0
This looks good.,0
I’m interested in this item.,0
Find me on Facebook: https://facebook.com/charlie866,1
What’s the price?,0
This looks good.,0
Nice product!,0
This looks good.,0
I’m interested in this item.,0
Can you show more photos?,0
This looks good.,0
Where do you ship from?,0
Add me on Facebook (facebook.com/coolguy42),1
Where do you ship from?,0
What are the dimensions?,0
Does it come in other colors?,0
Does it come in other colors?,0
How soon can I get it?,0
Message me on Snapchat: shopper99,1
What’s the price?,0
Where do you ship from?,0
You can reach me at 555-980-4070,1
LinkedIn me at 192-415-4686,1
I’m interested in this item.,0
What are the dimensions?,0
Do you have it in stock?,0
Message me on Snapchat: shopper99,1
What are the dimensions?,0
Nice product!,0
This looks good.,0
Where do you ship from?,0
I’m interested in this item.,0
How soon can I get it?,0
This looks good.,0
Where do you ship from?,0
I’m interested in this item.,0
How soon can I get it?,0
Call me at (036) 808-2997,1
Reach out on WhatsApp at +1-547-750-1428,1
Connect on LinkedIn (linkedin.com/in/john_doe),1
Does it come in other colors?,0
Where do you ship from?,0
Nice product!,0
my digits: +1-177-577-3224,1
Where do you ship from?,0
How soon can I get it?,0
How soon can I get it?,0
What’s the price?,0
Message me on Snapchat: tech_lead,1
Does it come in other colors?,0
What are the dimensions?,0
c o n t a c t : +1-539-871-6781,1
What’s the price?,0
How soon can I get it?,0
I’m interested in this item.,0
Ping me on Telegram: @frank844,1
What are the dimensions?,0
Nice product!,0
DM me on Instagram: @charlie384,1
Where do you ship from?,0
What’s the price?,0
I’m interested in this item.,0
I’m interested in this item.,0
I’m interested in this item.,0
Nice product!,0
I’m interested in this item.,0
I’m interested in this item.,0
How soon can I get it?,0
Where do you ship from?,0
Mail me: ivan33@email.net,1
What’s the price?,0
Nice product!,0
Does it come in other colors?,0
I’m interested in this item.,0
This looks good.,0
c o n t a c t : +1-807-139-1274,1
my email id is user1779@example.com,1
This looks good.,0
This looks good.,0
Message via email: charlie91@example.com,1
What’s the price?,0
Do you have it in stock?,0
Where do you ship from?,0
Nice product!,0
Contact via email: frank37@test.org,1
Does it come in other colors?,0
Text me at 555-263-4823 for more info.,1
My Snapchat is frank95,1
Do you have it in stock?,0
Does it come in other colors?,0
Can you show more photos?,0
Can you show more photos?,0
How soon can I get it?,0
Nice product!,0
This looks good.,0
Text me at +1-563-114-3670,1
Does it come in other colors?,0
Can you show more photos?,0
Can you show more photos?,0
Can you show more photos?,0
message me via g m a i l at user2359@example.com,1
Contact: +1-191-989-4524,1
Can you show more photos?,0
What are the dimensions?,0
I’m interested in this item.,0
Nice product!,0
Reach out on WhatsApp at +1-462-787-6819,1
Can you show more photos?,0
What are the dimensions?,0
Do you have it in stock?,0
What’s the price?,0
Where do you ship from?,0
Where do you ship from?,0
What are the dimensions?,0
Does it come in other colors?,0
Where do you ship from?,0
How soon can I get it?,0
Nice product!,0
Nice product!,0
Nice product!,0
What’s the price?,0
Text me at 555-718-2821 for more info.,1
Message me on Snapchat: john_doe,1
Please email me at user1217@example.com,1
Where do you ship from?,0
Here is my email: user3146@example.com,1
What’s the price?,0
get in touch @ user6920@example.com,1
This looks good.,0
Text me at 2669447550,1
Contact via email: ivan20@mail.com,1
What are the dimensions?,0
How soon can I get it?,0
What’s the price?,0
Does it come in other colors?,0
c   o   n   t   a   c   t   m   e   ( 3 7 5 )   4 3 7 - 6 4 9 4,1
What’s the price?,0
wanna chat? +1-871-534-8679,1
How soon can I get it?,0
"Email is user4471@example.com, reach out anytime.",1
Where do you ship from?,0
How soon can I get it?,0
snap me at s-n-a-p coolcat757,1
My TikTok: @frank64,1
Does it come in other colors?,0
Add me on Facebook (facebook.com/jane.smith),1
Do you have it in stock?,0
Does it come in other colors?,0
Can you show more photos?,0
Message me on Signal: 9494292135,1
What’s the price?,0
Nice product!,0
How soon can I get it?,0
What’s the price?,0
Add me on WhatsApp: 555-293-1558,1
What’s the price?,0
This looks good.,0
How soon can I get it?,0
Nice product!,0
Can you show more photos?,0
Nice product!,0
Nice product!,0
Can you show more photos?,0
Where do you ship from?,0
This looks good.,0
How soon can I get it?,0
Where do you ship from?,0
Message me at user3485@example.com,1
This looks good.,0
Message me on Signal: +1 501 601 0586,1
Nice product!,0
Can you show more photos?,0
Where do you ship from?,0
Does it come in other colors?,0
This looks good.,0
Nice product!,0
Can you show more photos?,0
Text me at +1-792-721-1886,1
What are the dimensions?,0
telegram: t dot me slash devguy693,1
I’m interested in this item.,0
I’m interested in this item.,0
Nice product!,0
Let's connect on LinkedIn: linkedin.com/in/designer123,1
Does it come in other colors?,0
This looks good.,0
What’s the price?,0
I’m interested in this item.,0
Where do you ship from?,0
Do you have it in stock?,0
I’m interested in this item.,0
Can you show more photos?,0
Connect on LinkedIn (linkedin.com/in/fashioneer),1
I’m interested in this item.,0
Message me on Snapchat: shop_owner,1
How soon can I get it?,0
Nice product!,0
I’m interested in this item.,0
Can you show more photos?,0
I’m interested in this item.,0
Can you show more photos?,0
You can reach me at 555-743-1421,1
This looks good.,0
What’s the price?,0
Where do you ship from?,0
Can you show more photos?,0
📧 user7773@example.com,1
What are the dimensions?,0
My number is 434-542-5314,1
How soon can I get it?,0
Can you show more photos?,0
Where do you ship from?,0
This looks good.,0
I’m interested in this item.,0
Can you show more photos?,0
What are the dimensions?,0
How soon can I get it?,0
What’s the price?,0
Nice product!,0
Does it come in other colors?,0
Do you have it in stock?,0
I’m interested in this item.,0
Does it come in other colors?,0
How soon can I get it?,0
Nice product!,0
Do you have it in stock?,0
e m a i l m e @ user2545@example.com,1
What’s the price?,0
Can you share your phone number so I can send you details?,1
This looks good.,0
Do you have it in stock?,0
What are the dimensions?,0
Reach me at 566-889-3788,1
This looks good.,0
Nice product!,0
Can you show more photos?,0
Does it come in other colors?,0
Here is my email: user1393@example.com,1
I’m interested in this item.,0
What are the dimensions?,0
What are the dimensions?,0
Contact me via Telegram: @shopper99,1
WhatsApp me at +1-555-102-5059,1
This looks good.,0
What are the dimensions?,0
Add me on WhatsApp: 555-466-6143,1
Message me on Signal: +1 718 092 2473,1
What are the dimensions?,0
Do you have it in stock?,0
Add me on WhatsApp: 964-791-2747,1
This looks good.,0
What are the dimensions?,0
"My contact is 555-465-5730, call me.",1
This looks good.,0
Can I have your email address?,1
This looks good.,0
DM me on Instagram @jane.smith,1
What’s the price?,0
Does it come in other colors?,0
What’s the price?,0
Follow me on Instagram @shop_owner and DM.,1
Nice product!,0
Can you show more photos?,0
Does it come in other colors?,0
What are the dimensions?,0
Can you show more photos?,0
Add me on WhatsApp: (319) 753-3031,1
I’m interested in this item.,0
Message me on Snapchat: shopper99,1
How soon can I get it?,0
Nice product!,0
Connect on LinkedIn (linkedin.com/in/devguy667),1
Do you have it in stock?,0
What’s the price?,0
What are the dimensions?,0
Where do you ship from?,0
Can you show more photos?,0
Where do you ship from?,0
Nice product!,0
Add me on Facebook (facebook.com/designer123),1
This looks good.,0
Do you have it in stock?,0
Here is my email: user4069@example.com,1
What’s the price?,0
Can you show more photos?,0
What’s the price?,0
This looks good.,0
What’s the price?,0
Nice product!,0
How soon can I get it?,0
Can you show more photos?,0
t e l : +1-266-791-2499,1
I’m interested in this item.,0
What’s the price?,0
Do you have it in stock?,0
Can you share your phone number so I can send you details?,1
I’m interested in this item.,0
Can I have your email address?,1
This looks good.,0
Nice product!,0
What are the dimensions?,0
I’m interested in this item.,0
Does it come in other colors?,0
How soon can I get it?,0
📱 +1-498-727-6594,1
Where do you ship from?,0
Can you show more photos?,0
What are the dimensions?,0
What’s the price?,0
you can DM me at coolcat90 on Insta,1
Where do you ship from?,0
Do you have it in stock?,0
I’m interested in this item.,0
I’m interested in this item.,0
Do you have it in stock?,0
Nice product!,0
Where do you ship from?,0
Can you show more photos?,0
I’m interested in this item.,0
How soon can I get it?,0
Message via email: alice72@test.org,1
Does it come in other colors?,0
Where do you ship from?,0
Can you show more photos?,0
c   o   n   t   a   c   t   m   e   8 4 5 - 1 1 7 - 5 4 6 1,1
Does it come in other colors?,0
How soon can I get it?,0
Where do you ship from?,0
Can you show more photos?,0
What’s the price?,0
I’m interested in this item.,0
This looks good.,0
How soon can I get it?,0
I’m interested in this item.,0
What’s the price?,0
Nice product!,0
I’m interested in this item.,0
What’s the price?,0
How soon can I get it?,0
Call me at 9559199538,1
Nice product!,0
This looks good.,0
What are the dimensions?,0
Where do you ship from?,0
telegram: t dot me slash fashionista992,1
Please email me at user6367@example.com,1
Where do you ship from?,0
Can I have your email address?,1
I’m interested in this item.,0
What’s the price?,0
I’m interested in this item.,0
Nice product!,0
Does it come in other colors?,0
Connect on LinkedIn (linkedin.com/in/shopper882),1
How soon can I get it?,0
Can you show more photos?,0
This looks good.,0
Nice product!,0
Where do you ship from?,0
Can I have your email address?,1
Can you show more photos?,0
Text me at +1 355 493 0062,1
Email me at user5225@example.com,1
Does it come in other colors?,0
Does it come in other colors?,0
I’m interested in this item.,0
Nice product!,0
How soon can I get it?,0
Message me on Snapchat: fashioneer,1
You can reach me at +1-909-433-2052,1
my digits: +1-866-484-6483,1
Do you have it in stock?,0
Does it come in other colors?,0
c o n t a c t : +1-239-878-7796,1
Reach out on WhatsApp at +1-742-773-8396,1
Message me on Snapchat: fashioneer,1
Do you have it in stock?,0
message me via g m a i l at user7393@example.com,1
Do you have it in stock?,0
Reach me at +1 022 487 1224,1
Do you have it in stock?,0
Email me at user4109@example.com,1
Can you show more photos?,0
Can you show more photos?,0
What are the dimensions?,0
DM me on Instagram: @judy704,1
I’m interested in this item.,0
Do you have it in stock?,0
Contact me via Telegram: @coolguy42,1
Do you have it in stock?,0
Nice product!,0
Nice product!,0
This looks good.,0
What’s the price?,0
How soon can I get it?,0
Can you show more photos?,0
What’s the price?,0
Does it come in other colors?,0
This looks good.,0
I’m interested in this item.,0
Does it come in other colors?,0
Do you have it in stock?,0
Message via email: bob55@email.net,1
Where do you ship from?,0
Do you have it in stock?,0
Let's connect on LinkedIn: linkedin.com/in/john_doe,1
What are the dimensions?,0
What are the dimensions?,0
What’s the price?,0
Nice product!,0
I’m interested in this item.,0
What’s the price?,0
What are the dimensions?,0
Can you show more photos?,0
What are the dimensions?,0
This looks good.,0
Add me on WhatsApp: 555-309-5101,1
Do you have it in stock?,0
Where do you ship from?,0
Can you show more photos?,0
Here is my email: user5960@example.com,1
This looks good.,0
You can reach me at 555-224-5743,1
get in touch @ user9664@example.com,1
Where do you ship from?,0
Can you show more photos?,0
Do you have it in stock?,0
"My contact is 555-870-2102, call me.",1
This looks good.,0
What’s the price?,0
Where do you ship from?,0
What’s the price?,0
This looks good.,0
DM me on Instagram @fashioneer,1
Mail me: grace11@email.net,1
What are the dimensions?,0
This looks good.,0
Nice product!,0
My TikTok: @judy720,1
I’m interested in this item.,0
Do you have it in stock?,0
This looks good.,0
get in touch @ user5389@example.com,1
Message me on Snapchat: coolguy42,1
How soon can I get it?,0
What are the dimensions?,0
What’s the price?,0
Do you have it in stock?,0
Do you have it in stock?,0
Can you show more photos?,0
Where do you ship from?,0
Nice product!,0
Nice product!,0
Do you have it in stock?,0
What’s the price?,0
How soon can I get it?,0
I’m interested in this item.,0
Can you show more photos?,0
What’s the price?,0
Where do you ship from?,0
DM me on Facebook: facebook.com/devguy36,1
Do you have it in stock?,0
What’s the price?,0
I’m interested in this item.,0
Does it come in other colors?,0
What are the dimensions?,0
📱 +1-921-561-9510,1
Do you have it in stock?,0
Let's connect on LinkedIn: linkedin.com/in/fashioneer,1
How soon can I get it?,0
Reach me at 929-600-5817,1
Text me at +1-649-330-8600,1
Nice product!,0
📧 user4591@example.com,1
fb.com/fashionista495,1
C a l l   m e :   + 1   9 0 4   9 3 2   5 3 8 1,1
My TikTok: @judy483,1
Can you show more photos?,0
Connect on LinkedIn (linkedin.com/in/fashioneer),1
What are the dimensions?,0
Does it come in other colors?,0
Can you show more photos?,0
I’m interested in this item.,0
Do you have it in stock?,0
Nice product!,0
Does it come in other colors?,0
What are the dimensions?,0
Does it come in other colors?,0
Can you show more photos?,0
Does it come in other colors?,0
Nice product!,0
What are the dimensions?,0
Does it come in other colors?,0
Can you show more photos?,0
Can you show more photos?,0
Ping me on Telegram: @alice512,1
you can DM me at fashionista808 on Insta,1
Nice product!,0
This looks good.,0
Message me on Snapchat: jane.smith,1
This looks good.,0
Nice product!,0
c o n t a c t : +1-690-278-6606,1
"Email is user5880@example.com, reach out anytime.",1
Do you have it in stock?,0
I’m interested in this item.,0
"My contact is 555-195-7285, call me.",1
Do you have it in stock?,0
Can you show more photos?,0
This looks good.,0
What are the dimensions?,0
This looks good.,0
Do you have it in stock?,0
Where do you ship from?,0
Text me at +1 995 576 6063,1
Connect on LinkedIn (linkedin.com/in/john_doe),1
"My contact is 555-391-5455, call me.",1
Nice product!,0
My TikTok: @bob498,1
This looks good.,0
How soon can I get it?,0
Where do you ship from?,0
wanna chat? +1-737-467-9781,1
What’s the price?,0
What’s the price?,0
Where do you ship from?,0
What’s the price?,0
What’s the price?,0
This looks good.,0
DM me on Instagram @tech_lead,1
Can you show more photos?,0
I’m interested in this item.,0
How soon can I get it?,0
I’m interested in this item.,0
What’s the price?,0
How soon can I get it?,0
How soon can I get it?,0
reach at t w o o o @example.com,1
Do you have it in stock?,0
Do you have it in stock?,0
This looks good.,0
How soon can I get it?,0
Nice product!,0
My TikTok: @david93,1
Hit me up on WhatsApp at +1-734-651-1738,1
This looks good.,0
find me at user6054@example.com 😉,1
What are the dimensions?,0
Where do you ship from?,0
Message me on Signal: 6124967233,1
What are the dimensions?,0
Nice product!,0
This looks good.,0
you can DM me at coolcat279 on Insta,1
My TikTok: @david75,1
Where do you ship from?,0
Please email me at user3333@example.com,1
What are the dimensions?,0
Do you have it in stock?,0
Message via email: bob19@test.org,1
What’s the price?,0
Can you show more photos?,0
What are the dimensions?,0
snap me at s-n-a-p devguy423,1
Does it come in other colors?,0
My WeChat ID is designer123,1
What are the dimensions?,0
Follow me on Twitter: @judy22,1
C o n t a c t :   9 4 0 - 8 2 5 - 7 0 9 4,1
How soon can I get it?,0
Does it come in other colors?,0
Can you show more photos?,0
I’m interested in this item.,0
Can you show more photos?,0
Can you show more photos?,0
This looks good.,0
This looks good.,0
wanna chat? +1-175-505-1495,1
I’m interested in this item.,0
What’s the price?,0
C a l l   m e :   9 5 1 1 0 5 0 3 2 9,1
Do you have it in stock?,0
What are the dimensions?,0
I’m interested in this item.,0
Does it come in other colors?,0
What’s the price?,0
my digits: +1-134-210-5179,1
Do you have it in stock?,0
Can you show more photos?,0
Does it come in other colors?,0
This looks good.,0
How soon can I get it?,0
How soon can I get it?,0
telegram: t dot me slash coolcat827,1
Where do you ship from?,0
Does it come in other colors?,0
Does it come in other colors?,0
I’m interested in this item.,0
Does it come in other colors?,0
Does it come in other colors?,0
Where do you ship from?,0
How soon can I get it?,0
How soon can I get it?,0
What’s the price?,0
DM me on Instagram: @alice510,1
What are the dimensions?,0
WhatsApp me at +1-555-721-5080,1
What’s the price?,0
This looks good.,0
Do you have it in stock?,0
get in touch @ user8298@example.com,1
How soon can I get it?,0
What’s the price?,0
Nice product!,0
Connect on LinkedIn (linkedin.com/in/fashionista6),1
Where do you ship from?,0
Can you show more photos?,0
How soon can I get it?,0
Message me on Signal: +1 733 869 6605,1
My Snapchat is bob456,1
Can you show more photos?,0
c   o   n   t   a   c   t   m   e   2 3 5 - 8 8 4 - 4 3 4 0,1
Nice product!,0
How soon can I get it?,0
Do you have it in stock?,0
Message me at user577@example.com,1
Nice product!,0
Where do you ship from?,0
This looks good.,0
Does it come in other colors?,0
How soon can I get it?,0
Where do you ship from?,0
What are the dimensions?,0
Where do you ship from?,0
Connect on LinkedIn (linkedin.com/in/shopper936),1
Here is my email: user8272@example.com,1
Can you share your phone number so I can send you details?,1
Connect on LinkedIn (linkedin.com/in/devguy796),1
What’s the price?,0
Does it come in other colors?,0
Where do you ship from?,0
Can you show more photos?,0
What’s the price?,0
I’m interested in this item.,0
Where do you ship from?,0
Nice product!,0
Do you have it in stock?,0
This looks good.,0
Message me at user8014@example.com,1
Add me on WhatsApp: +1 815 653 4343,1
What’s the price?,0
Nice product!,0
Can you show more photos?,0
Where do you ship from?,0
This looks good.,0
Does it come in other colors?,0
Mail me: frank71@mail.com,1
What’s the price?,0
How soon can I get it?,0
How soon can I get it?,0
What are the dimensions?,0
What are the dimensions?,0
Do you have it in stock?,0
This looks good.,0
Can you show more photos?,0
Call me at 678-556-3211,1
Connect on LinkedIn (linkedin.com/in/fashionguru),1
I’m interested in this item.,0
I’m interested in this item.,0
DM me on Instagram: @heidi269,1
I’m interested in this item.,0
Do you have it in stock?,0
Does it come in other colors?,0
📱 +1-438-142-7885,1
Can you show more photos?,0
What’s the price?,0
Can you show more photos?,0
Do you have it in stock?,0
Nice product!,0
I’m interested in this item.,0
What are the dimensions?,0
What’s the price?,0
Can you show more photos?,0
Do you have it in stock?,0
Does it come in other colors?,0
Does it come in other colors?,0
What’s the price?,0
What’s the price?,0
Where do you ship from?,0
This looks good.,0
Can you show more photos?,0
Nice product!,0
What’s the price?,0
This looks good.,0
Can you show more photos?,0
What are the dimensions?,0
How soon can I get it?,0
Nice product!,0
find me at user5335@example.com 😉,1
How soon can I get it?,0
Where do you ship from?,0
Does it come in other colors?,0
t e l : +1-446-761-3270,1
📱 +1-696-867-9839,1
Can you show more photos?,0
Nice product!,0
How soon can I get it?,0
Email me at heidi20@email.net,1
Do you have it in stock?,0
Can you show more photos?,0
Where do you ship from?,0
Here's my email: user4600@example.com,1
Does it come in other colors?,0
I’m interested in this item.,0
Nice product!,0
Does it come in other colors?,0
What are the dimensions?,0
This looks good.,0
Does it come in other colors?,0
Does it come in other colors?,0
Add me on Facebook (facebook.com/john_doe),1
telegram: t dot me slash shopper229,1
Ping me on Telegram: @bob991,1
Where do you ship from?,0
Do you have it in stock?,0
What’s the price?,0
Do you have it in stock?,0
Where do you ship from?,0
How soon can I get it?,0
Email me at user8571@example.com,1
Can you show more photos?,0
C a l l   m e :   0 7 4 9 1 5 6 8 9 2,1
Nice product!,0
Where do you ship from?,0
Where do you ship from?,0
Contact: +1-212-781-4300,1
c   o   n   t   a   c   t   m   e   2 3 8 - 3 4 4 - 9 3 3 7,1
Nice product!,0
What’s the price?,0
fb.com/fashionista217,1
Do you have it in stock?,0
What’s the price?,0
This looks good.,0
How soon can I get it?,0
Do you have it in stock?,0
Nice product!,0
What’s the price?,0
Reach me at 6068259932,1
This looks good.,0
Can you show more photos?,0
My Snapchat is alice917,1
Can you show more photos?,0
Send me a DM on Facebook: facebook.com/shop_owner,1
What are the dimensions?,0
How soon can I get it?,0
Do you have it in stock?,0
Add me on WhatsApp: 555-682-8286,1
Does it come in other colors?,0
Nice product!,0
Text me at +1 083 409 8661,1
Do you have it in stock?,0
What’s the price?,0
This looks good.,0
Does it come in other colors?,0
Does it come in other colors?,0
Can you show more photos?,0
How soon can I get it?,0
Where do you ship from?,0
I’m interested in this item.,0
Text me at 170-982-5540,1
my email id is user1482@example.com,1
DM me on Instagram @designer123,1
Can you show more photos?,0
What are the dimensions?,0
What’s the price?,0
Where do you ship from?,0
Does it come in other colors?,0
I’m interested in this item.,0
Where do you ship from?,0
"Email is user2380@example.com, reach out anytime.",1
Can you show more photos?,0
I’m interested in this item.,0
Nice product!,0
my digits: +1-169-291-3627,1
Does it come in other colors?,0
Can you show more photos?,0
This looks good.,0
Do you have it in stock?,0
Nice product!,0
Do you have it in stock?,0
What’s the price?,0
I’m interested in this item.,0
Does it come in other colors?,0
This looks good.,0
Does it come in other colors?,0
This looks good.,0
Connect on LinkedIn (linkedin.com/in/coolcat303),1
Does it come in other colors?,0
How soon can I get it?,0
What are the dimensions?,0
What’s the price?,0
Does it come in other colors?,0
my email id is user179@example.com,1
Can you show more photos?,0
Nice product!,0
Nice product!,0
This looks good.,0
You can reach me at +1-711-972-5500,1
This looks good.,0
C o n t a c t :   5 2 5 1 7 6 3 4 9 7,1
I’m interested in this item.,0
Message me on Snapchat: designer123,1
Snapchat me @ fashionista209,1
Where do you ship from?,0
Do you have it in stock?,0
What’s the price?,0
Nice product!,0
What’s the price?,0
How soon can I get it?,0
I’m interested in this item.,0
Where do you ship from?,0
What’s the price?,0
What are the dimensions?,0
Can I have your email address?,1
Nice product!,0
Nice product!,0
How soon can I get it?,0
Do you have it in stock?,0
Connect on LinkedIn (linkedin.com/in/best_pizza),1
Does it come in other colors?,0
Where do you ship from?,0
c o n t a c t : +1-230-852-5093,1
Where do you ship from?,0
"Email is user3266@example.com, reach out anytime.",1
Can you show more photos?,0
What are the dimensions?,0
"Email is user1280@example.com, reach out anytime.",1
Hit me up on WhatsApp at 555-147-1037,1
How soon can I get it?,0
c o n t a c t : +1-332-789-8405,1
How soon can I get it?,0
find me at user5835@example.com 😉,1
Nice product!,0
How soon can I get it?,0
Can you show more photos?,0
Nice product!,0
What’s the price?,0
Contact via email: grace40@example.com,1
my email id is user4408@example.com,1
Message me on Snapchat: john_doe,1
Does it come in other colors?,0
Does it come in other colors?,0
Mail me: grace78@test.org,1
I’m interested in this item.,0
Do you have it in stock?,0
Where do you ship from?,0
This looks good.,0
Does it come in other colors?,0
Nice product!,0
This looks good.,0
Contact me via Telegram: @best_pizza,1
Do you have it in stock?,0
Does it come in other colors?,0
Text me at 555-377-2693 for more info.,1
telegram: t dot me slash fashionista277,1
you can DM me at shopper36 on Insta,1
What’s the price?,0
Snapchat me @ shopper392,1
Nice product!,0
How soon can I get it?,0
Where do you ship from?,0
I’m interested in this item.,0
fb.com/fashionista566,1
This looks good.,0
DM me on Facebook: facebook.com/shopper182,1
How soon can I get it?,0
Nice product!,0
What are the dimensions?,0
C o n t a c t :   ( 5 2 9 )   4 8 5 - 7 0 8 1,1
Do you have it in stock?,0
You can reach me at 555-966-3121,1
Message me at user8089@example.com,1
This looks good.,0
Can you show more photos?,0
Nice product!,0
What’s the price?,0
Please email me at user6314@example.com,1
How soon can I get it?,0
What’s the price?,0
Does it come in other colors?,0
Nice product!,0
Does it come in other colors?,0
How soon can I get it?,0
"My contact is 555-466-4332, call me.",1
Where do you ship from?,0
Where do you ship from?,0
Does it come in other colors?,0
What’s the price?,0
Does it come in other colors?,0
Where do you ship from?,0
Can you show more photos?,0
Do you have it in stock?,0
I’m interested in this item.,0
Do you have it in stock?,0
Can you show more photos?,0
Do you have it in stock?,0
My Snapchat is frank196,1
Send me a DM on Facebook: facebook.com/coolguy42,1
Can you show more photos?,0
What are the dimensions?,0
Nice product!,0
I’m interested in this item.,0
I’m interested in this item.,0
Does it come in other colors?,0
Where do you ship from?,0
c   o   n   t   a   c   t   m   e   0 7 2 5 7 9 8 1 9 3,1
This looks good.,0
Where do you ship from?,0
This looks good.,0
How soon can I get it?,0
What’s the price?,0
What are the dimensions?,0
Does it come in other colors?,0
Can you share your phone number so I can send you details?,1
Does it come in other colors?,0
Where do you ship from?,0
Connect on LinkedIn (linkedin.com/in/shop_owner),1
Here's my email: user2235@example.com,1
e m a i l m e @ user9287@example.com,1
reach at t w o o o @example.com,1
Where do you ship from?,0
Nice product!,0
You can reach me at 555-645-2819,1
What’s the price?,0
📧 user3425@example.com,1
Where do you ship from?,0
I’m interested in this item.,0
What’s the price?,0
Can I have your email address?,1
What are the dimensions?,0
Nice product!,0
Add me on WhatsApp: +1 288 537 5447,1
Can you show more photos?,0
Nice product!,0
Does it come in other colors?,0
What are the dimensions?,0
Here is my email: user2618@example.com,1
Message me on Signal: 7352913284,1
How soon can I get it?,0
Nice product!,0
Message via email: eve89@example.com,1
I’m interested in this item.,0
Where do you ship from?,0
This looks good.,0
Can you show more photos?,0
Does it come in other colors?,0
How soon can I get it?,0
Message me on Signal: +1 070 876 3914,1
How soon can I get it?,0
What’s the price?,0
I’m interested in this item.,0
What are the dimensions?,0
I’m interested in this item.,0
What’s the price?,0
Where do you ship from?,0
Send me a DM on Facebook: facebook.com/shopper99,1
Can you show more photos?,0
What’s the price?,0
How soon can I get it?,0
You can reach me at 555-246-9660,1
Hit me up on WhatsApp at +1-364-417-3814,1
Can you show more photos?,0
Can you show more photos?,0
Does it come in other colors?,0
DM me on Instagram: @charlie961,1
Do you have it in stock?,0
I’m interested in this item.,0
What’s the price?,0
Do you have it in stock?,0
Do you have it in stock?,0
I’m interested in this item.,0
I’m interested in this item.,0
Does it come in other colors?,0
This looks good.,0
Does it come in other colors?,0
Where do you ship from?,0
Can you show more photos?,0
My WeChat ID is john_doe,1
DM me on Instagram @designer123,1
Do you have it in stock?,0
Ping me on Telegram: @ivan263,1
I’m interested in this item.,0
Do you have it in stock?,0
What are the dimensions?,0
What’s the price?,0
Nice product!,0
I’m interested in this item.,0
Do you have it in stock?,0
Nice product!,0
Do you have it in stock?,0
Can you show more photos?,0
Where do you ship from?,0
Where do you ship from?,0
Nice product!,0
Do you have it in stock?,0
Follow me on Instagram @coolguy42 and DM.,1
What are the dimensions?,0
I’m interested in this item.,0
What are the dimensions?,0
Where do you ship from?,0
My TikTok: @alice962,1
What’s the price?,0
Do you have it in stock?,0
Do you have it in stock?,0
Where do you ship from?,0
I’m interested in this item.,0
Nice product!,0
Can you show more photos?,0
Do you have it in stock?,0
Can you show more photos?,0
Does it come in other colors?,0
What are the dimensions?,0
What are the dimensions?,0
What’s the price?,0
Can you show more photos?,0
Where do you ship from?,0
get in touch @ user9217@example.com,1
Can you share your phone number so I can send you details?,1
Nice product!,0
Does it come in other colors?,0
What’s the price?,0
Do you have it in stock?,0
Where do you ship from?,0
you can DM me at shopper380 on Insta,1
Connect on LinkedIn (linkedin.com/in/shopper789),1
This looks good.,0
I’m interested in this item.,0
I’m interested in this item.,0
Do you have it in stock?,0
What’s the price?,0
This looks good.,0
my digits: +1-942-473-6467,1
Does it come in other colors?,0
What’s the price?,0
How soon can I get it?,0
I’m interested in this item.,0
How soon can I get it?,0
Where do you ship from?,0
What are the dimensions?,0
Does it come in other colors?,0
What’s the price?,0
Send me a DM on Facebook: facebook.com/jane.smith,1
Can you show more photos?,0
Where do you ship from?,0
Does it come in other colors?,0
DM me on Instagram @coolguy42,1
Message me on Signal: (499) 042-5332,1
How soon can I get it?,0
My Snapchat is bob39,1
Can you show more photos?,0
Follow me on Instagram @shop_owner and DM.,1
you can DM me at fashionista373 on Insta,1
Do you have it in stock?,0
Can you show more photos?,0
This looks good.,0
Do you have it in stock?,0
This looks good.,0
Do you have it in stock?,0
What’s the price?,0
Let's connect on LinkedIn: linkedin.com/in/shop_owner,1
I’m interested in this item.,0
What are the dimensions?,0
What are the dimensions?,0
Where do you ship from?,0
How soon can I get it?,0
Do you have it in stock?,0
Let's connect on LinkedIn: https://linkedin.com/in/bob127,1
Do you have it in stock?,0
Where do you ship from?,0
get in touch @ user3825@example.com,1
Follow me on Instagram @john_doe and DM.,1
wanna chat? +1-368-897-3338,1
Do you have it in stock?,0
What’s the price?,0
find me at user1648@example.com 😉,1
Nice product!,0
What’s the price?,0
Where do you ship from?,0
What’s the price?,0
I’m interested in this item.,0
Nice product!,0
Where do you ship from?,0
Does it come in other colors?,0
Can you show more photos?,0
Do you have it in stock?,0
This looks good.,0
"My contact is 555-578-9686, call me.",1
How soon can I get it?,0
Where do you ship from?,0
Can you show more photos?,0
wanna chat? +1-739-170-3243,1
Message me on Snapchat: john_doe,1
"Email is user8708@example.com, reach out anytime.",1
Nice product!,0
fb.com/coolcat625,1
This looks good.,0
Can you show more photos?,0
Where do you ship from?,0
Here is my email: user6179@example.com,1
Does it come in other colors?,0
How soon can I get it?,0
Message me on Signal: +1 667 970 3948,1
My TikTok: @alice73,1
What’s the price?,0
Connect on LinkedIn (linkedin.com/in/john_doe),1
Can you share your phone number so I can send you details?,1
telegram: t dot me slash coolcat536,1
Does it come in other colors?,0
I’m interested in this item.,0
Message via email: grace50@example.com,1
What are the dimensions?,0
Text me at +1-688-330-4768,1
Can you show more photos?,0
Where do you ship from?,0
reach at t w o o o @example.com,1
Where do you ship from?,0
I’m interested in this item.,0
Add me on Facebook (facebook.com/shopper99),1
Nice product!,0
I’m interested in this item.,0
Where do you ship from?,0
Where do you ship from?,0
I’m interested in this item.,0
Nice product!,0
Nice product!,0
Nice product!,0
This looks good.,0
This looks good.,0
How soon can I get it?,0
Do you have it in stock?,0
Does it come in other colors?,0
What’s the price?,0
Message me on Signal: +1 847 175 4664,1
What’s the price?,0
I’m interested in this item.,0
Do you have it in stock?,0
Nice product!,0
DM me on Facebook: facebook.com/fashionista129,1
I’m interested in this item.,0
What’s the price?,0
Please email me at user5444@example.com,1
Send me a DM on Facebook: facebook.com/coolguy42,1
What are the dimensions?,0
Where do you ship from?,0
Can you show more photos?,0
reach at t w o o o @example.com,1
What are the dimensions?,0
Do you have it in stock?,0
Nice product!,0
What’s the price?,0
Does it come in other colors?,0
I’m interested in this item.,0
Does it come in other colors?,0
This looks good.,0
Do you have it in stock?,0
Where do you ship from?,0
Can you show more photos?,0
What’s the price?,0
Where do you ship from?,0
What’s the price?,0
DM me on Instagram: @alice582,1
Do you have it in stock?,0
How soon can I get it?,0
How soon can I get it?,0
Nice product!,0
Let's connect on LinkedIn: https://linkedin.com/in/heidi533,1
What are the dimensions?,0
This looks good.,0
What are the dimensions?,0
How soon can I get it?,0
I’m interested in this item.,0
What’s the price?,0
How soon can I get it?,0
Does it come in other colors?,0
Can you show more photos?,0
c h a r l i e 9 0 @ m a i l . c o m,1
Where do you ship from?,0
Hit me up on WhatsApp at +1-516-982-4848,1
How soon can I get it?,0
What’s the price?,0
WhatsApp me at +1-555-215-5590,1
Where do you ship from?,0
Message me on Snapchat: shopper99,1
What are the dimensions?,0
Please email me at user6830@example.com,1
Message me on Snapchat: fashioneer,1
Can you show more photos?,0
What are the dimensions?,0
Can you show more photos?,0
get in touch @ user4117@example.com,1
What are the dimensions?,0
Can you show more photos?,0
I’m interested in this item.,0
What’s the price?,0
Does it come in other colors?,0
I’m interested in this item.,0
I’m interested in this item.,0
What’s the price?,0
"Email is user2978@example.com, reach out anytime.",1
hmu @ devguy99,1
Do you have it in stock?,0
Text me at 675-312-7356,1
Where do you ship from?,0
Does it come in other colors?,0
Where do you ship from?,0
What are the dimensions?,0
I’m interested in this item.,0
Here's my email: user5691@example.com,1
Nice product!,0
Where do you ship from?,0
Nice product!,0
reach at t w o o o @example.com,1
I’m interested in this item.,0
Can you show more photos?,0
What are the dimensions?,0
How soon can I get it?,0
Message me at user2603@example.com,1
I’m interested in this item.,0
Reach me at 5274876738,1
Can you show more photos?,0
I’m interested in this item.,0
Nice product!,0
Can you show more photos?,0
What are the dimensions?,0
Nice product!,0
You can reach me at +1-159-379-9133,1
C a l l   m e :   ( 2 7 8 )   2 3 8 - 1 7 1 0,1
Where do you ship from?,0
Let's connect on LinkedIn: linkedin.com/in/coolguy42,1
Where do you ship from?,0
Nice product!,0
Add me on WhatsApp: 555-927-9050,1
I’m interested in this item.,0
Nice product!,0
This looks good.,0
Contact me via Telegram: @tech_lead,1
Where do you ship from?,0
Where do you ship from?,0
Does it come in other colors?,0
hmu @ devguy913,1
Call me at +1 275 686 7993,1
This looks good.,0
How soon can I get it?,0
Does it come in other colors?,0
What’s the price?,0
Email me at user7545@example.com,1
This looks good.,0
I’m interested in this item.,0
Nice product!,0
Email me at judy91@test.org,1
Nice product!,0
I’m interested in this item.,0
DM me on Instagram: @judy605,1
Do you have it in stock?,0
Where do you ship from?,0
reach at t w o o o @example.com,1
This looks good.,0
Do you have it in stock?,0
What are the dimensions?,0
This looks good.,0
What’s the price?,0
Here is my email: user3834@example.com,1
you can DM me at devguy655 on Insta,1
I’m interested in this item.,0
What are the dimensions?,0
Can I have your email address?,1
Does it come in other colors?,0
What are the dimensions?,0
Do you have it in stock?,0
What’s the price?,0
Mail me: david94@example.com,1
Nice product!,0
Where do you ship from?,0
Hit me up on WhatsApp at +1-952-711-4649,1
Where do you ship from?,0
Can you show more photos?,0
How soon can I get it?,0
How soon can I get it?,0
What are the dimensions?,0
I’m interested in this item.,0
Nice product!,0
Where do you ship from?,0
How soon can I get it?,0
g r a c e 9 7 @ e m a i l . n e t,1
Does it come in other colors?,0
This looks good.,0
I’m interested in this item.,0
Let's connect on LinkedIn: linkedin.com/in/fashioneer,1
Where do you ship from?,0
Where do you ship from?,0
"My contact is 555-990-5467, call me.",1
Can you show more photos?,0
Does it come in other colors?,0
Message me on Snapchat: best_pizza,1
Do you have it in stock?,0
This looks good.,0
Reach out on WhatsApp at +1-832-756-7393,1
Does it come in other colors?,0
Nice product!,0
Do you have it in stock?,0
Can you show more photos?,0
Call me at (678) 592-4907,1
Can you show more photos?,0
Can I have your email address?,1
What are the dimensions?,0
Let's connect on LinkedIn: linkedin.com/in/fashioneer,1
a l i c e 9 6 @ e x a m p l e . c o m,1
Where do you ship from?,0
Contact me via Telegram: @john_doe,1
What’s the price?,0
How soon can I get it?,0
Can you show more photos?,0
Messenger me at +1 996 468 3346,1
This looks good.,0
Nice product!,0
get in touch @ user2971@example.com,1
Do you have it in stock?,0
Email me at user4001@example.com,1
Contact me via Telegram: @fashioneer,1
I’m interested in this item.,0
Can you show more photos?,0
What’s the price?,0
Let's connect on LinkedIn: linkedin.com/in/fashioneer,1
Can you show more photos?,0
This looks good.,0
my email id is user5774@example.com,1
DM me on Instagram @best_pizza,1
What’s the price?,0
I’m interested in this item.,0
Do you have it in stock?,0
Do you have it in stock?,0
Nice product!,0
Can you show more photos?,0
hmu @ coolcat340,1
Do you have it in stock?,0
Can you show more photos?,0
What’s the price?,0
Where do you ship from?,0
Can you show more photos?,0
What are the dimensions?,0
What are the dimensions?,0
Does it come in other colors?,0
find me at user4143@example.com 😉,1
Do you have it in stock?,0
What are the dimensions?,0
Where do you ship from?,0
Ping me on Telegram: @judy33,1
How soon can I get it?,0
How soon can I get it?,0
Can you show more photos?,0
I’m interested in this item.,0
I’m interested in this item.,0
fb.com/devguy843,1
Message me at user809@example.com,1
Contact me via Telegram: @john_doe,1
I’m interested in this item.,0
Can you show more photos?,0
What are the dimensions?,0
Does it come in other colors?,0
Where do you ship from?,0
What’s the price?,0
What are the dimensions?,0
Where do you ship from?,0
I’m interested in this item.,0
What are the dimensions?,0
What are the dimensions?,0
I’m interested in this item.,0
Can you show more photos?,0
What are the dimensions?,0
Where do you ship from?,0
How soon can I get it?,0
How soon can I get it?,0
Hit me up on WhatsApp at 555-300-5761,1
Can you show more photos?,0
you can DM me at shopper201 on Insta,1
Contact: +1-592-139-5474,1
Can you show more photos?,0
Does it come in other colors?,0
Can you show more photos?,0
Does it come in other colors?,0
Do you have it in stock?,0
DM me on Facebook: facebook.com/shopper113,1
Does it come in other colors?,0
I’m interested in this item.,0
Where do you ship from?,0
My WeChat ID is tech_lead,1
How soon can I get it?,0
Email me at user7133@example.com,1
Where do you ship from?,0
Can you show more photos?,0
Can I have your email address?,1
Signal me at 644-850-0820,1
Email me at user4790@example.com,1
This looks good.,0
Let's connect on LinkedIn: https://linkedin.com/in/judy843,1
What’s the price?,0
"My contact is 555-612-2704, call me.",1
What’s the price?,0
This looks good.,0
Can you share your phone number so I can send you details?,1
Can you show more photos?,0
Can you show more photos?,0
This looks good.,0
Connect on LinkedIn (linkedin.com/in/fashionguru),1
How soon can I get it?,0
DM me on Instagram: @eve881,1
This looks good.,0
Where do you ship from?,0
What are the dimensions?,0
Nice product!,0
My TikTok: @ivan30,1
What’s the price?,0
Nice product!,0
I’m interested in this item.,0
Please email me at user1119@example.com,1
This looks good.,0
Nice product!,0
Contact: +1-619-454-2386,1
How soon can I get it?,0
How soon can I get it?,0
Where do you ship from?,0
Can you share your phone number so I can send you details?,1
How soon can I get it?,0
Can you show more photos?,0
What’s the price?,0
Does it come in other colors?,0
What are the dimensions?,0
C a l l   m e :   ( 0 7 5 )   6 0 0 - 0 4 6 7,1
Where do you ship from?,0
Please email me at user8296@example.com,1
Can you show more photos?,0
This looks good.,0
What’s the price?,0
What are the dimensions?,0
WhatsApp me at +1-555-915-2394,1
Does it come in other colors?,0
How soon can I get it?,0
Where do you ship from?,0
Can you show more photos?,0
Can you show more photos?,0
Add me on Facebook (facebook.com/tech_lead),1
What’s the price?,0
Does it come in other colors?,0
Does it come in other colors?,0
This looks good.,0
What are the dimensions?,0
Can you show more photos?,0
Do you have it in stock?,0
Can you share your phone number so I can send you details?,1
Do you have it in stock?,0
Does it come in other colors?,0
Can you show more photos?,0
Nice product!,0
Can you show more photos?,0
Where do you ship from?,0
Where do you ship from?,0
Does it come in other colors?,0
Contact me via Telegram: @tech_lead,1
Do you have it in stock?,0
I’m interested in this item.,0
What’s the price?,0
What’s the price?,0
Where do you ship from?,0
Does it come in other colors?,0
What are the dimensions?,0
Reach me at +1 490 552 8279,1
I’m interested in this item.,0
Do you have it in stock?,0
I’m interested in this item.,0
What are the dimensions?,0
I’m interested in this item.,0
What are the dimensions?,0
Where do you ship from?,0
Hit me up on WhatsApp at 555-260-6423,1
Can you show more photos?,0
What are the dimensions?,0
Do you have it in stock?,0
Text me at +1-387-726-7089,1
What are the dimensions?,0
Email me at user9017@example.com,1
Can you show more photos?,0
I’m interested in this item.,0
Do you have it in stock?,0
What are the dimensions?,0
Let's connect on LinkedIn: linkedin.com/in/coolguy42,1
How soon can I get it?,0
How soon can I get it?,0
Can you show more photos?,0
I’m interested in this item.,0
What are the dimensions?,0
Do you have it in stock?,0
Nice product!,0
"My contact is 555-974-9200, call me.",1
Do you have it in stock?,0
Can you show more photos?,0
Can you show more photos?,0
What are the dimensions?,0
Do you have it in stock?,0
Nice product!,0
What’s the price?,0
Do you have it in stock?,0
Does it come in other colors?,0
Can you show more photos?,0
What are the dimensions?,0
reach at t w o o o @example.com,1
I’m interested in this item.,0
Nice product!,0
How soon can I get it?,0
Do you have it in stock?,0
Where do you ship from?,0
This looks good.,0
What are the dimensions?,0
C a l l   m e :   4 6 0 0 6 4 9 3 6 5,1
What’s the price?,0
Follow me on Instagram @fashionguru and DM.,1
Can you show more photos?,0
Does it come in other colors?,0
Please email me at user3384@example.com,1
How soon can I get it?,0
What’s the price?,0
This looks good.,0
This looks good.,0
Let's connect on LinkedIn: https://linkedin.com/in/judy543,1
Do you have it in stock?,0
Nice product!,0
Where do you ship from?,0
How soon can I get it?,0
Where do you ship from?,0
Message me at user9864@example.com,1
What’s the price?,0
Nice product!,0
Can you show more photos?,0
Where do you ship from?,0
What’s the price?,0
Message me on Snapchat: shopper99,1
Does it come in other colors?,0
What’s the price?,0
Do you have it in stock?,0
Does it come in other colors?,0
Where do you ship from?,0
I’m interested in this item.,0
Nice product!,0
Nice product!,0
What are the dimensions?,0
Does it come in other colors?,0
I’m interested in this item.,0
Can you show more photos?,0
Can you share your phone number so I can send you details?,1
Reach out on WhatsApp at +1-826-877-3108,1
What are the dimensions?,0
Where do you ship from?,0
Where do you ship from?,0
Let's connect on LinkedIn: https://linkedin.com/in/frank569,1
Do you have it in stock?,0
Where do you ship from?,0
t e l : +1-161-703-9392,1
This looks good.,0
Do you have it in stock?,0
What’s the price?,0
What are the dimensions?,0
I’m interested in this item.,0
Where do you ship from?,0
What are the dimensions?,0
This looks good.,0
snap me at s-n-a-p coolcat129,1
Where do you ship from?,0
What’s the price?,0
Do you have it in stock?,0
Can you show more photos?,0
Find me on Facebook: https://facebook.com/heidi168,1
Nice product!,0
What are the dimensions?,0
Can you show more photos?,0
Can you show more photos?,0
How soon can I get it?,0
Reach me at 111-604-3697,1
This looks good.,0
Does it come in other colors?,0
Can you show more photos?,0
you can DM me at fashionista288 on Insta,1
fb.com/shopper319,1
How soon can I get it?,0
This looks good.,0
Here is my email: user2371@example.com,1
Does it come in other colors?,0
Does it come in other colors?,0
Text me at 555-971-6600 for more info.,1
DM me on Instagram: @charlie947,1
Does it come in other colors?,0
Let's connect on LinkedIn: linkedin.com/in/best_pizza,1
This looks good.,0
Where do you ship from?,0
What’s the price?,0
Can I have your email address?,1
How soon can I get it?,0
Nice product!,0
Add me on WhatsApp: +1 976 044 6957,1
Can you show more photos?,0
"My contact is 555-860-3006, call me.",1
What are the dimensions?,0
Do you have it in stock?,0
Ping me on Telegram: @bob221,1
Where do you ship from?,0
d a v i d 4 9 @ m a i l . c o m,1
telegram: t dot me slash fashionista426,1
Text me at 555-968-4907 for more info.,1
Nice product!,0
I’m interested in this item.,0
Does it come in other colors?,0
Can you show more photos?,0
Nice product!,0
Where do you ship from?,0
Can you show more photos?,0
What are the dimensions?,0
Where do you ship from?,0
Do you have it in stock?,0
e m a i l m e @ user1168@example.com,1
Do you have it in stock?,0
Hit me up on WhatsApp at +1-403-959-4925,1
How soon can I get it?,0
Can you show more photos?,0
Message me on Snapchat: fashioneer,1
This looks good.,0
How soon can I get it?,0
Where do you ship from?,0
DM me on Instagram @designer123,1
Do you have it in stock?,0
How soon can I get it?,0
get in touch @ user6619@example.com,1
Does it come in other colors?,0
Can you show more photos?,0
Do you have it in stock?,0
Can you show more photos?,0
Can you show more photos?,0
What are the dimensions?,0
I’m interested in this item.,0
I’m interested in this item.,0
How soon can I get it?,0
C o n t a c t :   + 1   6 0 1   5 5 7   1 8 0 3,1
Where do you ship from?,0
How soon can I get it?,0
Where do you ship from?,0
Nice product!,0
This looks good.,0
I’m interested in this item.,0
Does it come in other colors?,0
Does it come in other colors?,0
How soon can I get it?,0
Where do you ship from?,0
Can you show more photos?,0
What are the dimensions?,0
Do you have it in stock?,0
Where do you ship from?,0
Where do you ship from?,0
Can you show more photos?,0
How soon can I get it?,0
Where do you ship from?,0
Nice product!,0
How soon can I get it?,0
Do you have it in stock?,0
What’s the price?,0
This looks good.,0
"Email is user1172@example.com, reach out anytime.",1
What’s the price?,0
This looks good.,0
What’s the price?,0
Do you have it in stock?,0
Hit me up on WhatsApp at +1-584-171-9877,1
What are the dimensions?,0
Can you show more photos?,0
Where do you ship from?,0
How soon can I get it?,0
Can you show more photos?,0
Do you have it in stock?,0
Nice product!,0
What are the dimensions?,0
I’m interested in this item.,0
What’s the price?,0
Where do you ship from?,0
This looks good.,0
Follow me on Twitter: @judy227,1
Message me at user3510@example.com,1
How soon can I get it?,0
What are the dimensions?,0
Does it come in other colors?,0
i v a n 5 5 @ m a i l . c o m,1
telegram: t dot me slash fashionista155,1
What are the dimensions?,0
This looks good.,0
Where do you ship from?,0
Here is my email: user6118@example.com,1
Where do you ship from?,0
What’s the price?,0
Where do you ship from?,0
Where do you ship from?,0
📱 +1-216-895-4645,1
Where do you ship from?,0
Where do you ship from?,0
How soon can I get it?,0
You can reach me at 555-616-8714,1
This looks good.,0
Instagram me at 1014793196,1
DM me on Instagram: @charlie956,1
You can reach me at 555-647-8827,1
Message me on Signal: 2952727314,1
Where do you ship from?,0
What’s the price?,0
📱 +1-338-158-3990,1
Mail me: grace84@example.com,1
How soon can I get it?,0
I’m interested in this item.,0
Nice product!,0
Nice product!,0
Does it come in other colors?,0
Where do you ship from?,0
Does it come in other colors?,0
Ping me on Telegram: @alice222,1
Nice product!,0
Does it come in other colors?,0
What are the dimensions?,0
I’m interested in this item.,0
Can you show more photos?,0
Nice product!,0
LinkedIn me at +1 195 276 7206,1
Can you show more photos?,0
I’m interested in this item.,0
This looks good.,0
I’m interested in this item.,0
Nice product!,0
Where do you ship from?,0
Do you have it in stock?,0
You can reach me at 555-627-1018,1
What are the dimensions?,0
This looks good.,0
C o n t a c t :   + 1   8 9 0   7 9 4   1 3 5 9,1
How soon can I get it?,0
message,label
wanna chat? +1-249-838-4371,1
How soon can I get it?,0
Add me on WhatsApp: 857-691-0374,1
How soon can I get it?,0
Where do you ship from?,0
This looks good.,0
c   o   n   t   a   c   t   m   e   2 3 9 0 9 3 8 3 7 9,1
Nice product!,0
Do you have it in stock?,0
What’s the price?,0
Where do you ship from?,0
This looks good.,0
Can you show more photos?,0
What’s the price?,0
Where do you ship from?,0
you can DM me at shopper430 on Insta,1
Can you show more photos?,0
Where do you ship from?,0
Where do you ship from?,0
What are the dimensions?,0
I’m interested in this item.,0
Where do you ship from?,0
I’m interested in this item.,0
What’s the price?,0
I’m interested in this item.,0
Where do you ship from?,0
Do you have it in stock?,0
How soon can I get it?,0
Does it come in other colors?,0
Can you show more photos?,0
Contact me on Skype: bob403,1
You can reach me at 555-252-6806,1
This looks good.,0
I’m interested in this item.,0
This looks good.,0
Nice product!,0
Nice product!,0
Nice product!,0
What’s the price?,0
You can reach me at 555-275-7714,1
Where do you ship from?,0
Add me on WhatsApp: 274-196-0132,1
Where do you ship from?,0
This looks good.,0
I’m interested in this item.,0
Does it come in other colors?,0
What’s the price?,0
This looks good.,0
Nice product!,0
Where do you ship from?,0
Nice product!,0
Do you have it in stock?,0
Where do you ship from?,0
Can you show more photos?,0
What are the dimensions?,0
What’s the price?,0
How soon can I get it?,0
my digits: +1-798-762-5066,1
Nice product!,0
Nice product!,0
This looks good.,0
Does it come in other colors?,0
Message me at user2634@example.com,1
c o n t a c t : +1-943-870-3808,1
Message me on Snapchat: john_doe,1
What’s the price?,0
Text me at 555-872-2377 for more info.,1
my email id is user4324@example.com,1
This looks good.,0
Do you have it in stock?,0
Can you show more photos?,0
Does it come in other colors?,0
What’s the price?,0
This looks good.,0
Nice product!,0
Where do you ship from?,0
"My contact is 555-795-7928, call me.",1
Nice product!,0
What’s the price?,0
Can you show more photos?,0
How soon can I get it?,0
Can you show more photos?,0
Ping me on Telegram: @eve757,1
How soon can I get it?,0
Text me at +1 051 611 7471,1
Do you have it in stock?,0
Where do you ship from?,0
Can you show more photos?,0
Where do you ship from?,0
Where do you ship from?,0
I’m interested in this item.,0
Do you have it in stock?,0
I’m interested in this item.,0
This looks good.,0
This looks good.,0
Nice product!,0
Can you show more photos?,0
Contact me on Skype: eve917,1
How soon can I get it?,0
How soon can I get it?,0
WhatsApp me at +1-555-335-2646,1
Nice product!,0
What are the dimensions?,0
How soon can I get it?,0
Can you show more photos?,0
What’s the price?,0
Where do you ship from?,0
How soon can I get it?,0
Nice product!,0
You can reach me at 555-837-6701,1
How soon can I get it?,0
Nice product!,0
Snapchat me @ fashionista34,1
Nice product!,0
Do you have it in stock?,0
Nice product!,0
Nice product!,0
Where do you ship from?,0
Nice product!,0
Nice product!,0
Do you have it in stock?,0
Does it come in other colors?,0
This looks good.,0
Does it come in other colors?,0
I’m interested in this item.,0
"My contact is 555-918-8290, call me.",1
I’m interested in this item.,0
You can reach me at +1-583-551-8248,1
Mail me: judy20@example.com,1
Does it come in other colors?,0
t e l : +1-339-629-9543,1
Let's connect on LinkedIn: https://linkedin.com/in/grace562,1
My Snapchat is alice810,1
Connect on LinkedIn (linkedin.com/in/devguy293),1
Add me on WhatsApp: 555-476-6987,1
How soon can I get it?,0
What’s the price?,0
What’s the price?,0
Text me at 555-958-6267 for more info.,1
Text me at 159-154-5363,1
What’s the price?,0
My WeChat ID is john_doe,1
Text me at 555-614-5013 for more info.,1
Do you have it in stock?,0
Does it come in other colors?,0
Can you show more photos?,0
Do you have it in stock?,0
Does it come in other colors?,0
message me via g m a i l at user4706@example.com,1
Does it come in other colors?,0
My WeChat ID is shop_owner,1
c   o   n   t   a   c   t   m   e   5 7 2 - 5 7 4 - 9 3 6 5,1
c   o   n   t   a   c   t   m   e   ( 0 2 8 )   9 9 2 - 5 9 5 0,1
Can you show more photos?,0
Can you show more photos?,0
How soon can I get it?,0
Nice product!,0
Please email me at user7308@example.com,1
What’s the price?,0
What’s the price?,0
Can you show more photos?,0
Message via email: bob20@example.com,1
Does it come in other colors?,0
How soon can I get it?,0
Does it come in other colors?,0
This looks good.,0
Nice product!,0
Do you have it in stock?,0
Where do you ship from?,0
What’s the price?,0
I’m interested in this item.,0
What’s the price?,0
Where do you ship from?,0
Where do you ship from?,0
my digits: +1-745-564-5781,1
This looks good.,0
How soon can I get it?,0
How soon can I get it?,0
Contact: +1-112-379-9668,1
Do you have it in stock?,0
Where do you ship from?,0
What’s the price?,0
What are the dimensions?,0
What are the dimensions?,0
Nice product!,0
I’m interested in this item.,0
Does it come in other colors?,0
This looks good.,0
Where do you ship from?,0
Does it come in other colors?,0
Do you have it in stock?,0
This looks good.,0
Does it come in other colors?,0
Do you have it in stock?,0
DM me on Facebook: facebook.com/devguy953,1
Add me on WhatsApp: 628-000-8573,1
Can you show more photos?,0
DM me on Instagram: @david373,1
I’m interested in this item.,0
I’m interested in this item.,0
Does it come in other colors?,0
Where do you ship from?,0
Do you have it in stock?,0
Can you show more photos?,0
I’m interested in this item.,0
Does it come in other colors?,0
What are the dimensions?,0
What’s the price?,0
Can you show more photos?,0
Does it come in other colors?,0
Reach me at (060) 567-7255,1
Does it come in other colors?,0
Can you show more photos?,0
You can reach me at 555-855-5860,1
What are the dimensions?,0
What’s the price?,0
Does it come in other colors?,0
This looks good.,0
Does it come in other colors?,0
Does it come in other colors?,0
Can you show more photos?,0
Connect on LinkedIn (linkedin.com/in/john_doe),1
My Snapchat is judy728,1
Can I have your email address?,1
What are the dimensions?,0
This looks good.,0
This looks good.,0
Can you show more photos?,0
Does it come in other colors?,0
What’s the price?,0
How soon can I get it?,0
get in touch @ user6967@example.com,1
What’s the price?,0
Does it come in other colors?,0
How soon can I get it?,0
Does it come in other colors?,0
Does it come in other colors?,0
My WeChat ID is tech_lead,1
Do you have it in stock?,0
Nice product!,0
Email me at alice63@test.org,1
Does it come in other colors?,0
Do you have it in stock?,0
Call me at 092-833-2368,1
I’m interested in this item.,0
What are the dimensions?,0
How soon can I get it?,0
Can you show more photos?,0
I’m interested in this item.,0
WhatsApp me at +1-555-319-4104,1
DM me on Instagram @designer123,1
DM me on Instagram @john_doe,1
Text me at 555-128-8194 for more info.,1
Nice product!,0
Where do you ship from?,0
Can you show more photos?,0
Nice product!,0
This looks good.,0
This looks good.,0
How soon can I get it?,0
What are the dimensions?,0
Do you have it in stock?,0
Connect on LinkedIn (linkedin.com/in/john_doe),1
Reach out on WhatsApp at +1-406-692-8064,1
Do you have it in stock?,0
You can reach me at 555-734-3027,1
How soon can I get it?,0
How soon can I get it?,0
Hit me up on WhatsApp at 555-597-2797,1
I’m interested in this item.,0
I’m interested in this item.,0
What are the dimensions?,0
Does it come in other colors?,0
Can you show more photos?,0
How soon can I get it?,0
This looks good.,0
This looks good.,0
What’s the price?,0
Nice product!,0
I’m interested in this item.,0
Can you show more photos?,0
Let's connect on LinkedIn: linkedin.com/in/tech_lead,1
What’s the price?,0
What are the dimensions?,0
How soon can I get it?,0
Does it come in other colors?,0
Can you show more photos?,0
Where do you ship from?,0
Can you show more photos?,0
find me at user8339@example.com 😉,1
Do you have it in stock?,0
This looks good.,0
This looks good.,0
t e l : +1-381-111-6919,1
This looks good.,0
Message via email: frank35@mail.com,1
What are the dimensions?,0
Message via email: ivan7@example.com,1
telegram: t dot me slash devguy545,1
How soon can I get it?,0
What’s the price?,0
Nice product!,0
How soon can I get it?,0
What are the dimensions?,0
How soon can I get it?,0
You can reach me at 555-618-6449,1
Where do you ship from?,0
I’m interested in this item.,0
What’s the price?,0
Can you show more photos?,0
Do you have it in stock?,0
Let's connect on LinkedIn: https://linkedin.com/in/charlie94,1
Where do you ship from?,0
This looks good.,0
Can you show more photos?,0
How soon can I get it?,0
What are the dimensions?,0
How soon can I get it?,0
Where do you ship from?,0
What’s the price?,0
Does it come in other colors?,0
Nice product!,0
WhatsApp me at +1-555-749-1976,1
Where do you ship from?,0
What’s the price?,0
I’m interested in this item.,0
Does it come in other colors?,0
Where do you ship from?,0
Can you show more photos?,0
My Snapchat is eve941,1
Does it come in other colors?,0
Can you show more photos?,0
How soon can I get it?,0
Do you have it in stock?,0
I’m interested in this item.,0
What’s the price?,0
How soon can I get it?,0
My WeChat ID is fashioneer,1
Do you have it in stock?,0
Can you show more photos?,0
Where do you ship from?,0
Do you have it in stock?,0
How soon can I get it?,0
DM me on Instagram: @alice264,1
C a l l   m e :   7 6 5 5 2 4 6 9 2 1,1
WhatsApp me at +1-555-799-6418,1
How soon can I get it?,0
What are the dimensions?,0
What are the dimensions?,0
Hit me up on WhatsApp at +1-491-245-1265,1
How soon can I get it?,0
Can you show more photos?,0
Where do you ship from?,0
C o n t a c t :   ( 4 6 2 )   8 2 3 - 2 4 3 9,1
What’s the price?,0
Do you have it in stock?,0
How soon can I get it?,0
What’s the price?,0
Can you show more photos?,0
Where do you ship from?,0
Text me at +1-522-874-7880,1
Where do you ship from?,0
Does it come in other colors?,0
What are the dimensions?,0
d a v i d 7 4 @ e x a m p l e . c o m,1
This looks good.,0
t e l : +1-356-971-1886,1
Nice product!,0
What’s the price?,0
How soon can I get it?,0
Does it come in other colors?,0
Nice product!,0
What’s the price?,0
This looks good.,0
What are the dimensions?,0
This looks good.,0
What are the dimensions?,0
Where do you ship from?,0
Send me a DM on Facebook: facebook.com/designer123,1
Does it come in other colors?,0
What are the dimensions?,0
Nice product!,0
Where do you ship from?,0
Does it come in other colors?,0
What are the dimensions?,0
What’s the price?,0
What’s the price?,0
My TikTok: @charlie615,1
Do you have it in stock?,0
Where do you ship from?,0
"Email is user1216@example.com, reach out anytime.",1
hmu @ shopper509,1
message me via g m a i l at user7523@example.com,1
Message me on Snapchat: john_doe,1
Do you have it in stock?,0
Where do you ship from?,0
How soon can I get it?,0
I’m interested in this item.,0
Add me on WhatsApp: (423) 379-2986,1
hmu @ shopper431,1
Can you show more photos?,0
This looks good.,0
wanna chat? +1-123-144-8960,1
What are the dimensions?,0
wanna chat? +1-723-659-4360,1
Here is my email: user1115@example.com,1
What’s the price?,0
Does it come in other colors?,0
Does it come in other colors?,0
Can you show more photos?,0
📧 user8284@example.com,1
You can reach me at +1-215-158-6120,1
What are the dimensions?,0
Does it come in other colors?,0
What are the dimensions?,0
Follow me on Instagram @fashionguru and DM.,1
Where do you ship from?,0
I’m interested in this item.,0
This looks good.,0
Find me on Facebook: https://facebook.com/heidi969,1
What are the dimensions?,0
Where do you ship from?,0
I’m interested in this item.,0
I’m interested in this item.,0
Does it come in other colors?,0
Does it come in other colors?,0
Do you have it in stock?,0
Where do you ship from?,0
Snapchat me @ devguy118,1
How soon can I get it?,0
Where do you ship from?,0
you can DM me at shopper590 on Insta,1
Text me at 3342595887,1
C a l l   m e :   7 5 3 4 9 6 4 9 1 9,1
Where do you ship from?,0
I’m interested in this item.,0
Can you show more photos?,0
What are the dimensions?,0
Nice product!,0
I’m interested in this item.,0
This looks good.,0
Where do you ship from?,0
Where do you ship from?,0
Where do you ship from?,0
What are the dimensions?,0
I’m interested in this item.,0
What are the dimensions?,0
Where do you ship from?,0
Does it come in other colors?,0
Contact me via Telegram: @shopper99,1
Where do you ship from?,0
Let's connect on LinkedIn: https://linkedin.com/in/bob919,1
wanna chat? +1-664-723-9377,1
How soon can I get it?,0
How soon can I get it?,0
This looks good.,0
What are the dimensions?,0
What’s the price?,0
What’s the price?,0
Add me on Facebook (facebook.com/best_pizza),1
How soon can I get it?,0
Do you have it in stock?,0
Do you have it in stock?,0
This looks good.,0
What’s the price?,0
Connect on LinkedIn (linkedin.com/in/devguy379),1
I’m interested in this item.,0
This looks good.,0
How soon can I get it?,0
Does it come in other colors?,0
I’m interested in this item.,0
Contact: +1-127-487-3043,1
What are the dimensions?,0
This looks good.,0
This looks good.,0
Text me at 1428372706,1
Can you show more photos?,0
Where do you ship from?,0
What’s the price?,0
Does it come in other colors?,0
I’m interested in this item.,0
Do you have it in stock?,0
What are the dimensions?,0
Nice product!,0
Can you show more photos?,0
I’m interested in this item.,0
I’m interested in this item.,0
Follow me on Instagram @designer123 and DM.,1
This looks good.,0
Where do you ship from?,0
Hit me up on WhatsApp at 555-738-3949,1
What’s the price?,0
Email me at user8972@example.com,1
This looks good.,0
Text me at +1-131-855-2992,1
My TikTok: @alice988,1
I’m interested in this item.,0
This looks good.,0
Nice product!,0
Here is my email: user3797@example.com,1
Call me at (601) 615-7615,1
What are the dimensions?,0
This looks good.,0
Where do you ship from?,0
What’s the price?,0
You can reach me at +1-781-189-9825,1
What are the dimensions?,0
I’m interested in this item.,0
How soon can I get it?,0
What are the dimensions?,0
Nice product!,0
Nice product!,0
I’m interested in this item.,0
Nice product!,0
Nice product!,0
This looks good.,0
What are the dimensions?,0
Here is my email: user1041@example.com,1
Nice product!,0
My WeChat ID is fashioneer,1
This looks good.,0
Can you show more photos?,0
I’m interested in this item.,0
This looks good.,0
Here's my email: user1862@example.com,1
Can you show more photos?,0
Does it come in other colors?,0
Nice product!,0
I’m interested in this item.,0
Please email me at user6187@example.com,1
Where do you ship from?,0
Message via email: ivan79@test.org,1
I’m interested in this item.,0
How soon can I get it?,0
What are the dimensions?,0
Nice product!,0
Add me on WhatsApp: (171) 560-4176,1
Can you show more photos?,0
Can you show more photos?,0
I’m interested in this item.,0
DM me on Instagram @tech_lead,1
e m a i l m e @ user6816@example.com,1
Message me at user5093@example.com,1
This looks good.,0
What’s the price?,0
Nice product!,0
Where do you ship from?,0
Reach out on WhatsApp at +1-380-783-5715,1
Does it come in other colors?,0
What’s the price?,0
What are the dimensions?,0
What’s the price?,0
my email id is user6729@example.com,1
Does it come in other colors?,0
This looks good.,0
I’m interested in this item.,0
my email id is user3002@example.com,1
I’m interested in this item.,0
Does it come in other colors?,0
What are the dimensions?,0
Does it come in other colors?,0
my digits: +1-745-174-9020,1
Reach me at 765-179-6210,1
What’s the price?,0
Nice product!,0
What are the dimensions?,0
Do you have it in stock?,0
Do you have it in stock?,0
I’m interested in this item.,0
t e l : +1-742-409-1210,1
Can you show more photos?,0
my digits: +1-378-979-4175,1
How soon can I get it?,0
Hit me up on WhatsApp at 555-517-6055,1
Can I have your email address?,1
What are the dimensions?,0
Does it come in other colors?,0
DM me on Facebook: facebook.com/fashionista252,1
find me at user4837@example.com 😉,1
My Snapchat is charlie966,1
Nice product!,0
Can you show more photos?,0
Reach out on WhatsApp at +1-551-575-5855,1
Can you show more photos?,0
Add me on WhatsApp: 555-818-7463,1
This looks good.,0
How soon can I get it?,0
I’m interested in this item.,0
Nice product!,0
DM me on Facebook: facebook.com/devguy726,1
Does it come in other colors?,0
Nice product!,0
Does it come in other colors?,0
What are the dimensions?,0
Do you have it in stock?,0
I’m interested in this item.,0
I’m interested in this item.,0
Does it come in other colors?,0
What’s the price?,0
Where do you ship from?,0
Can you show more photos?,0
I’m interested in this item.,0
How soon can I get it?,0
Do you have it in stock?,0
This looks good.,0
This looks good.,0
I’m interested in this item.,0
Do you have it in stock?,0
📱 +1-557-980-5391,1
Where do you ship from?,0
you can DM me at fashionista831 on Insta,1
What’s the price?,0
How soon can I get it?,0
What are the dimensions?,0
Nice product!,0
Does it come in other colors?,0
I’m interested in this item.,0
Do you have it in stock?,0
What’s the price?,0
Text me at +1-983-246-6933,1
This looks good.,0
What’s the price?,0
Can you show more photos?,0
I’m interested in this item.,0
Can you show more photos?,0
DM me on Instagram @coolguy42,1
I’m interested in this item.,0
Do you have it in stock?,0
Where do you ship from?,0
Does it come in other colors?,0
What’s the price?,0
What are the dimensions?,0
What’s the price?,0
What are the dimensions?,0
What are the dimensions?,0
What are the dimensions?,0
Send me a DM on Facebook: facebook.com/jane.smith,1
Contact me via Telegram: @coolguy42,1
WhatsApp me at +1-555-415-1298,1
c o n t a c t : +1-795-659-3574,1
Message via email: david74@test.org,1
Does it come in other colors?,0
Reach me at (100) 466-9441,1
What’s the price?,0
Does it come in other colors?,0
Where do you ship from?,0
Connect on LinkedIn (linkedin.com/in/shopper812),1
Do you have it in stock?,0
reach at t w o o o @example.com,1
This looks good.,0
This looks good.,0
Snapchat me @ fashionista60,1
Can you show more photos?,0
Can you show more photos?,0
How soon can I get it?,0
Do you have it in stock?,0
Do you have it in stock?,0
How soon can I get it?,0
Can you show more photos?,0
Do you have it in stock?,0
I’m interested in this item.,0
Nice product!,0
What’s the price?,0
Connect on LinkedIn (linkedin.com/in/shop_owner),1
Contact via email: heidi99@example.com,1
Nice product!,0
c   o   n   t   a   c   t   m   e   3 4 0 9 9 5 8 1 8 4,1
Where do you ship from?,0
I’m interested in this item.,0
Nice product!,0
Do you have it in stock?,0
Can you show more photos?,0
Contact me on Skype: eve763,1
Does it come in other colors?,0
Connect on LinkedIn (linkedin.com/in/coolcat378),1
How soon can I get it?,0
What are the dimensions?,0
Where do you ship from?,0
What are the dimensions?,0
Let's connect on LinkedIn: linkedin.com/in/shop_owner,1
What are the dimensions?,0
Call me at 9973656580,1
Where do you ship from?,0
How soon can I get it?,0
Does it come in other colors?,0
Do you have it in stock?,0
Do you have it in stock?,0
Call me at 223-458-1740,1
Do you have it in stock?,0
Where do you ship from?,0
Text me at (418) 847-6658,1
you can DM me at shopper357 on Insta,1
wanna chat? +1-110-957-3815,1
Find me on Facebook: https://facebook.com/judy979,1
What are the dimensions?,0
How soon can I get it?,0
This looks good.,0
I’m interested in this item.,0
Reach out on WhatsApp at +1-651-279-4380,1
Snapchat me @ coolcat43,1
Do you have it in stock?,0
What are the dimensions?,0
This looks good.,0
How soon can I get it?,0
Can you show more photos?,0
I’m interested in this item.,0
This looks good.,0
What are the dimensions?,0
Contact me on Skype: grace434,1
Do you have it in stock?,0
Can you show more photos?,0
Does it come in other colors?,0
Messenger me at 697-963-2711,1
Does it come in other colors?,0
Where do you ship from?,0
I’m interested in this item.,0
My WeChat ID is john_doe,1
Where do you ship from?,0
What’s the price?,0
Can I have your email address?,1
fb.com/devguy593,1
Where do you ship from?,0
What are the dimensions?,0
Do you have it in stock?,0
What’s the price?,0
Please email me at user2929@example.com,1
What’s the price?,0
What’s the price?,0
Can you show more photos?,0
Do you have it in stock?,0
Email me at user641@example.com,1
What are the dimensions?,0
hmu @ devguy155,1
What are the dimensions?,0
Where do you ship from?,0
Where do you ship from?,0
Do you have it in stock?,0
I’m interested in this item.,0
Where do you ship from?,0
Can I have your email address?,1
Can you show more photos?,0
Email me at heidi27@test.org,1
c   o   n   t   a   c   t   m   e   9 1 5 - 8 9 4 - 3 5 7 2,1
I’m interested in this item.,0
Does it come in other colors?,0
Email me at eve24@email.net,1
My number is +1 394 100 5585,1
my digits: +1-301-609-1327,1
Nice product!,0
I’m interested in this item.,0
What are the dimensions?,0
What’s the price?,0
📱 +1-463-109-8969,1
Nice product!,0
get in touch @ user2627@example.com,1
Can you show more photos?,0
Where do you ship from?,0
WhatsApp me at +1-555-591-9563,1
Does it come in other colors?,0
hmu @ fashionista382,1
Does it come in other colors?,0
What are the dimensions?,0
I’m interested in this item.,0
My number is (339) 266-0682,1
Do you have it in stock?,0
Does it come in other colors?,0
What’s the price?,0
I’m interested in this item.,0
This looks good.,0
Where do you ship from?,0
This looks good.,0
Message me on Signal: +1 683 216 0896,1
I’m interested in this item.,0
You can reach me at 555-655-8988,1
f r a n k 2 7 @ e x a m p l e . c o m,1
Add me on WhatsApp: 555-711-9760,1
Nice product!,0
d a v i d 4 3 @ e x a m p l e . c o m,1
Reach out on WhatsApp at +1-695-501-3014,1
Message me on Snapchat: shopper99,1
What are the dimensions?,0
Does it come in other colors?,0
I’m interested in this item.,0
What are the dimensions?,0
Where do you ship from?,0
Send me a DM on Facebook: facebook.com/fashionguru,1
Does it come in other colors?,0
Do you have it in stock?,0
How soon can I get it?,0
I’m interested in this item.,0
What’s the price?,0
Please email me at user1397@example.com,1
This looks good.,0
How soon can I get it?,0
Where do you ship from?,0
Can you show more photos?,0
find me at user3332@example.com 😉,1
How soon can I get it?,0
I’m interested in this item.,0
What’s the price?,0
Where do you ship from?,0
What are the dimensions?,0
Where do you ship from?,0
I’m interested in this item.,0
Message via email: alice20@email.net,1
This looks good.,0
Do you have it in stock?,0
You can reach me at +1-485-120-9824,1
Can you show more photos?,0
Can you show more photos?,0
Can you show more photos?,0
Can you show more photos?,0
Where do you ship from?,0
I’m interested in this item.,0
Where do you ship from?,0
Do you have it in stock?,0
What are the dimensions?,0
Do you have it in stock?,0
Does it come in other colors?,0
I’m interested in this item.,0
This looks good.,0
Does it come in other colors?,0
Does it come in other colors?,0
I’m interested in this item.,0
Do you have it in stock?,0
I’m interested in this item.,0
Can you show more photos?,0
Do you have it in stock?,0
Does it come in other colors?,0
Reach me at 975-051-5322,1
What are the dimensions?,0
Does it come in other colors?,0
Nice product!,0
Does it come in other colors?,0
Contact me on Skype: charlie554,1
Do you have it in stock?,0
How soon can I get it?,0
I’m interested in this item.,0
Nice product!,0
I’m interested in this item.,0
Nice product!,0
How soon can I get it?,0
Do you have it in stock?,0
This looks good.,0
Nice product!,0
I’m interested in this item.,0
get in touch @ user913@example.com,1
What are the dimensions?,0
You can reach me at +1-274-490-4710,1
Call me at 699-411-3742,1
This looks good.,0
Nice product!,0
Does it come in other colors?,0
c   o   n   t   a   c   t   m   e   + 1   3 6 5   1 2 6   9 5 7 3,1
Message me on Signal: 9497430013,1
Nice product!,0
Nice product!,0
I’m interested in this item.,0
Does it come in other colors?,0
I’m interested in this item.,0
Nice product!,0
Hit me up on WhatsApp at 555-318-5239,1
You can reach me at +1-638-381-3150,1
Where do you ship from?,0
Can you show more photos?,0
Does it come in other colors?,0
What are the dimensions?,0
c o n t a c t : +1-336-734-4594,1
Does it come in other colors?,0
What are the dimensions?,0
Message via email: eve28@email.net,1
How soon can I get it?,0
This looks good.,0
Do you have it in stock?,0
What are the dimensions?,0
Can you show more photos?,0
Does it come in other colors?,0
My TikTok: @charlie548,1
DM me on Instagram @fashioneer,1
I’m interested in this item.,0
wanna chat? +1-513-810-4859,1
Nice product!,0
Call me at 908-024-1479,1
Follow me on Instagram @shopper99 and DM.,1
What’s the price?,0
I’m interested in this item.,0
What are the dimensions?,0
Can you show more photos?,0
Mail me: bob77@email.net,1
What’s the price?,0
Can you show more photos?,0
Does it come in other colors?,0
This looks good.,0
Do you have it in stock?,0
What’s the price?,0
wanna chat? +1-718-633-2925,1
Where do you ship from?,0
What’s the price?,0
I’m interested in this item.,0
Nice product!,0
Does it come in other colors?,0
Does it come in other colors?,0
Nice product!,0
This looks good.,0
Nice product!,0
How soon can I get it?,0
Can you show more photos?,0
Do you have it in stock?,0
What’s the price?,0
I’m interested in this item.,0
Does it come in other colors?,0
What’s the price?,0
Hit me up on WhatsApp at +1-293-838-3671,1
This looks good.,0
What’s the price?,0
This looks good.,0
Do you have it in stock?,0
DM me on Instagram @fashioneer,1
Can you show more photos?,0
Do you have it in stock?,0
This looks good.,0
Nice product!,0
Nice product!,0
Follow me on Twitter: @grace442,1
Do you have it in stock?,0
How soon can I get it?,0
How soon can I get it?,0
How soon can I get it?,0
This looks good.,0
How soon can I get it?,0
How soon can I get it?,0
What’s the price?,0
What’s the price?,0
Can I have your email address?,1
This looks good.,0
I’m interested in this item.,0
What’s the price?,0
Can you show more photos?,0
Please email me at user7374@example.com,1
Nice product!,0
I’m interested in this item.,0
Where do you ship from?,0
Can you share your phone number so I can send you details?,1
Add me on WhatsApp: 555-202-1957,1
Where do you ship from?,0
How soon can I get it?,0
Can you show more photos?,0
What are the dimensions?,0
Can you show more photos?,0
Does it come in other colors?,0
Where do you ship from?,0
Does it come in other colors?,0
What’s the price?,0
📱 +1-101-711-1727,1
Where do you ship from?,0
I’m interested in this item.,0
This looks good.,0
Can you show more photos?,0
t e l : +1-866-291-6440,1
Does it come in other colors?,0
You can reach me at 555-773-2298,1
Can you show more photos?,0
fb.com/devguy994,1
What’s the price?,0
Reach me at 177-339-5808,1
Nice product!,0
Do you have it in stock?,0
a l i c e 6 1 @ e m a i l . n e t,1
Nice product!,0
Do you have it in stock?,0
Do you have it in stock?,0
Where do you ship from?,0
How soon can I get it?,0
Do you have it in stock?,0
c   o   n   t   a   c   t   m   e   7 7 2 6 3 1 2 4 0 6,1
Nice product!,0
Does it come in other colors?,0
How soon can I get it?,0
What are the dimensions?,0
How soon can I get it?,0
Here is my email: user6772@example.com,1
What are the dimensions?,0
my email id is user7013@example.com,1
How soon can I get it?,0
What’s the price?,0
Can you show more photos?,0
What’s the price?,0
I’m interested in this item.,0
What are the dimensions?,0
What are the dimensions?,0
Nice product!,0
Do you have it in stock?,0
Does it come in other colors?,0
What are the dimensions?,0
Where do you ship from?,0
Does it come in other colors?,0
fb.com/shopper49,1
What are the dimensions?,0
How soon can I get it?,0
This looks good.,0
Can you show more photos?,0
Can you show more photos?,0
My number is 9962886793,1
Do you have it in stock?,0
I’m interested in this item.,0
Where do you ship from?,0
Here's my email: user522@example.com,1
DM me on Instagram: @eve654,1
What are the dimensions?,0
I’m interested in this item.,0
What are the dimensions?,0
Do you have it in stock?,0
Nice product!,0
What are the dimensions?,0
Do you have it in stock?,0
How soon can I get it?,0
What’s the price?,0
Does it come in other colors?,0
Can you show more photos?,0
Text me at 2788929688,1
I’m interested in this item.,0
What are the dimensions?,0
I’m interested in this item.,0
Where do you ship from?,0
What are the dimensions?,0
Do you have it in stock?,0
I’m interested in this item.,0
you can DM me at fashionista886 on Insta,1
Do you have it in stock?,0
Does it come in other colors?,0
This looks good.,0
What are the dimensions?,0
"Email is user4583@example.com, reach out anytime.",1
hmu @ coolcat378,1
Where do you ship from?,0
What are the dimensions?,0
Can you share your phone number so I can send you details?,1
Nice product!,0
Nice product!,0
What are the dimensions?,0
What are the dimensions?,0
Where do you ship from?,0
Nice product!,0
Do you have it in stock?,0
How soon can I get it?,0
I’m interested in this item.,0
How soon can I get it?,0
What are the dimensions?,0
Does it come in other colors?,0
Do you have it in stock?,0
What’s the price?,0
I’m interested in this item.,0
Do you have it in stock?,0
I’m interested in this item.,0
Where do you ship from?,0
fb.com/fashionista992,1
My Snapchat is heidi453,1
I’m interested in this item.,0
Nice product!,0
you can DM me at shopper767 on Insta,1
Where do you ship from?,0
Can you show more photos?,0
Do you have it in stock?,0
i v a n 9 1 @ m a i l . c o m,1
DM me on Instagram: @judy220,1
Where do you ship from?,0
Text me at (923) 112-8975,1
Nice product!,0
I’m interested in this item.,0
Please email me at user7698@example.com,1
How soon can I get it?,0
This looks good.,0
Does it come in other colors?,0
Message me on Signal: 3195862238,1
My TikTok: @grace438,1
I’m interested in this item.,0
How soon can I get it?,0
You can reach me at +1-494-491-1616,1
This looks good.,0
What’s the price?,0
Do you have it in stock?,0
What are the dimensions?,0
"Email is user5058@example.com, reach out anytime.",1
What’s the price?,0
What are the dimensions?,0
Nice product!,0
How soon can I get it?,0
Ping me on Telegram: @grace642,1
What are the dimensions?,0
Let's connect on LinkedIn: linkedin.com/in/shopper99,1
Can you show more photos?,0
Nice product!,0
Add me on WhatsApp: 555-937-4774,1
How soon can I get it?,0
What’s the price?,0
This looks good.,0
Do you have it in stock?,0
Where do you ship from?,0
Reach out on WhatsApp at +1-517-712-7564,1
Follow me on Instagram @fashioneer and DM.,1
Message me on Snapchat: john_doe,1
My Snapchat is david54,1
Reach me at +1 862 369 7992,1
Can you show more photos?,0
Can you show more photos?,0
Does it come in other colors?,0
Does it come in other colors?,0
Nice product!,0
How soon can I get it?,0
Do you have it in stock?,0
This looks good.,0
My WeChat ID is john_doe,1
How soon can I get it?,0
Text me at 615-113-3680,1
Does it come in other colors?,0
What are the dimensions?,0
Hit me up on WhatsApp at 555-790-6229,1
Where do you ship from?,0
Does it come in other colors?,0
DM me on Instagram @shopper99,1
Where do you ship from?,0
What’s the price?,0
This looks good.,0
Does it come in other colors?,0
What’s the price?,0
Nice product!,0
I’m interested in this item.,0
Where do you ship from?,0
Add me on WhatsApp: 555-969-8334,1
Can you show more photos?,0
Message me on Signal: (788) 987-8839,1
How soon can I get it?,0
What’s the price?,0
What’s the price?,0
How soon can I get it?,0
Nice product!,0
Do you have it in stock?,0
Where do you ship from?,0
e v e 8 7 @ m a i l . c o m,1
Let's connect on LinkedIn: linkedin.com/in/shop_owner,1
I’m interested in this item.,0
How soon can I get it?,0
This looks good.,0
How soon can I get it?,0
Nice product!,0
Do you have it in stock?,0
Do you have it in stock?,0
Do you have it in stock?,0
Here is my email: user3146@example.com,1
Do you have it in stock?,0
This looks good.,0
How soon can I get it?,0
C o n t a c t :   ( 6 1 4 )   1 4 4 - 1 1 5 4,1
What’s the price?,0
What are the dimensions?,0
Contact me via Telegram: @fashionguru,1
message me via g m a i l at user5431@example.com,1
Let's connect on LinkedIn: linkedin.com/in/jane.smith,1
Can you share your phone number so I can send you details?,1
Where do you ship from?,0
Add me on WhatsApp: 555-514-7638,1
How soon can I get it?,0
Do you have it in stock?,0
This looks good.,0
I’m interested in this item.,0
I’m interested in this item.,0
Can you show more photos?,0
Do you have it in stock?,0
Can you show more photos?,0
What are the dimensions?,0
Nice product!,0
Where do you ship from?,0
Nice product!,0
Add me on WhatsApp: 555-744-8838,1
Where do you ship from?,0
c   o   n   t   a   c   t   m   e   9 8 4 - 1 4 7 - 3 6 7 8,1
Nice product!,0
Does it come in other colors?,0
What are the dimensions?,0
What are the dimensions?,0
Nice product!,0
What are the dimensions?,0
What are the dimensions?,0
Add me on WhatsApp: 555-520-6602,1
What’s the price?,0
What’s the price?,0
This looks good.,0
Where do you ship from?,0
You can reach me at +1-942-380-4821,1
Can you show more photos?,0
This looks good.,0
Does it come in other colors?,0
Snapchat me @ fashionista601,1
Does it come in other colors?,0
What’s the price?,0
Do you have it in stock?,0
What are the dimensions?,0
Can you show more photos?,0
Find me on Facebook: https://facebook.com/bob731,1
"Email is user8924@example.com, reach out anytime.",1
Text me at +1-475-586-2809,1
What are the dimensions?,0
Where do you ship from?,0
"My contact is 555-426-9874, call me.",1
Do you have it in stock?,0
Nice product!,0
How soon can I get it?,0
WhatsApp me at +1 312 714 9127,1
i v a n 6 5 @ m a i l . c o m,1
Mail me: david67@test.org,1
snap me at s-n-a-p devguy724,1
What’s the price?,0
Let's connect on LinkedIn: https://linkedin.com/in/ivan737,1
Hit me up on WhatsApp at 555-721-5185,1
I’m interested in this item.,0
Nice product!,0
I’m interested in this item.,0
Hit me up on WhatsApp at 555-698-1572,1
This looks good.,0
What are the dimensions?,0
Can I have your email address?,1
Where do you ship from?,0
I’m interested in this item.,0
How soon can I get it?,0
Can you show more photos?,0
This looks good.,0
Can you show more photos?,0
Does it come in other colors?,0
Do you have it in stock?,0
fb.com/devguy648,1
What are the dimensions?,0
Does it come in other colors?,0
Does it come in other colors?,0
C o n t a c t :   0 5 2 4 5 2 7 6 2 6,1
Can you show more photos?,0
Connect on LinkedIn (linkedin.com/in/fashionguru),1
Hit me up on WhatsApp at 555-852-1533,1
How soon can I get it?,0
Call me at 277-424-7750,1
Message me on Signal: 7162902414,1
Where do you ship from?,0
Does it come in other colors?,0
What are the dimensions?,0
Where do you ship from?,0
Can you show more photos?,0
This looks good.,0
Do you have it in stock?,0
How soon can I get it?,0
Nice product!,0
Can you share your phone number so I can send you details?,1
Does it come in other colors?,0
Contact via email: grace88@example.com,1
Contact me via Telegram: @best_pizza,1
What’s the price?,0
Can you show more photos?,0
Does it come in other colors?,0
How soon can I get it?,0
c   o   n   t   a   c   t   m   e   + 1   4 4 4   0 9 3   5 4 6 5,1
How soon can I get it?,0
Where do you ship from?,0
Do you have it in stock?,0
I’m interested in this item.,0
This looks good.,0
What’s the price?,0
Does it come in other colors?,0
I’m interested in this item.,0
This looks good.,0
Nice product!,0
Do you have it in stock?,0
What are the dimensions?,0
Please email me at user6835@example.com,1
Do you have it in stock?,0
This looks good.,0
Where do you ship from?,0
What’s the price?,0
You can reach me at 555-903-1550,1
Where do you ship from?,0
This looks good.,0
What are the dimensions?,0
Nice product!,0
Here's my email: user2506@example.com,1
Does it come in other colors?,0
I’m interested in this item.,0
Where do you ship from?,0
What are the dimensions?,0
This looks good.,0
Does it come in other colors?,0
telegram: t dot me slash devguy528,1
How soon can I get it?,0
Do you have it in stock?,0
Send me a DM on Facebook: facebook.com/tech_lead,1
Hit me up on WhatsApp at 555-606-3799,1
Can you show more photos?,0
Can you show more photos?,0
What are the dimensions?,0
Can you show more photos?,0
Do you have it in stock?,0
Connect on LinkedIn (linkedin.com/in/jane.smith),1
I’m interested in this item.,0
Call me at 455-582-1845,1
What’s the price?,0
How soon can I get it?,0
What’s the price?,0
What’s the price?,0
Do you have it in stock?,0
This looks good.,0
I’m interested in this item.,0
Nice product!,0
Do you have it in stock?,0
I’m interested in this item.,0
How soon can I get it?,0
What are the dimensions?,0
Can you show more photos?,0
Where do you ship from?,0
Nice product!,0
I’m interested in this item.,0
What’s the price?,0
Does it come in other colors?,0
Nice product!,0
message me via g m a i l at user8986@example.com,1
What are the dimensions?,0
c o n t a c t : +1-707-316-1739,1
My Snapchat is charlie312,1
Can you show more photos?,0
How soon can I get it?,0
What’s the price?,0
Can you show more photos?,0
I’m interested in this item.,0
Where do you ship from?,0
How soon can I get it?,0
Can I have your email address?,1
Do you have it in stock?,0
Do you have it in stock?,0
Find me on Facebook: https://facebook.com/heidi595,1
Do you have it in stock?,0
Nice product!,0
Where do you ship from?,0
My number is +1 319 881 6240,1
How soon can I get it?,0
Where do you ship from?,0
Where do you ship from?,0
Nice product!,0
Nice product!,0
Can you show more photos?,0
Follow me on Instagram @john_doe and DM.,1
Send me a DM on Facebook: facebook.com/tech_lead,1
Can you share your phone number so I can send you details?,1
Can you show more photos?,0
This looks good.,0
Do you have it in stock?,0
I’m interested in this item.,0
Does it come in other colors?,0
My number is +1 517 987 8814,1
My WeChat ID is shop_owner,1
DM me on Instagram: @eve740,1
Where do you ship from?,0
What’s the price?,0
Does it come in other colors?,0
What are the dimensions?,0
Does it come in other colors?,0
Can you share your phone number so I can send you details?,1
This looks good.,0
What’s the price?,0
Can you show more photos?,0
How soon can I get it?,0
I’m interested in this item.,0
Contact via email: david79@example.com,1
What’s the price?,0
Does it come in other colors?,0
Nice product!,0
Where do you ship from?,0
Nice product!,0
Add me on Facebook (facebook.com/fashionguru),1
What are the dimensions?,0
I’m interested in this item.,0
How soon can I get it?,0
What’s the price?,0
Can you show more photos?,0
Does it come in other colors?,0
Can you show more photos?,0
C o n t a c t :   5 3 2 0 5 9 7 5 8 8,1
I’m interested in this item.,0
Does it come in other colors?,0
I’m interested in this item.,0
Where do you ship from?,0
DM me on Facebook: facebook.com/devguy626,1
Does it come in other colors?,0
Where do you ship from?,0
Call me at 4574099397,1
DM me on Instagram: @bob810,1
Can you share your phone number so I can send you details?,1
What are the dimensions?,0
What’s the price?,0
Send me a DM on Facebook: facebook.com/coolguy42,1
Do you have it in stock?,0
I’m interested in this item.,0
Contact via email: heidi10@test.org,1
Does it come in other colors?,0
How soon can I get it?,0
Does it come in other colors?,0
What are the dimensions?,0
What’s the price?,0
What are the dimensions?,0
What’s the price?,0
DM me on Instagram @fashionguru,1
Message me on Signal: 6683945191,1
Do you have it in stock?,0
Nice product!,0
Where do you ship from?,0
Does it come in other colors?,0
How soon can I get it?,0
I’m interested in this item.,0
I’m interested in this item.,0
Can you show more photos?,0
What’s the price?,0
What’s the price?,0
I’m interested in this item.,0
This looks good.,0
WhatsApp me at +1-555-655-7094,1
What’s the price?,0
Can you show more photos?,0
Do you have it in stock?,0
Nice product!,0
Do you have it in stock?,0
"My contact is 555-338-6715, call me.",1
This looks good.,0
This looks good.,0
How soon can I get it?,0
Nice product!,0
What’s the price?,0
What’s the price?,0
This looks good.,0
You can reach me at 555-613-1428,1
This looks good.,0
Does it come in other colors?,0
What’s the price?,0
Contact via email: charlie8@example.com,1
reach at t w o o o @example.com,1
Does it come in other colors?,0
Do you have it in stock?,0
I’m interested in this item.,0
Do you have it in stock?,0
DM me on Facebook: facebook.com/fashionista391,1
Where do you ship from?,0
What are the dimensions?,0
How soon can I get it?,0
Follow me on Twitter: @grace320,1
Where do you ship from?,0
What’s the price?,0
you can DM me at coolcat895 on Insta,1
find me at user6320@example.com 😉,1
"Email is user5444@example.com, reach out anytime.",1
What are the dimensions?,0
Does it come in other colors?,0
This looks good.,0
What’s the price?,0
Nice product!,0
Do you have it in stock?,0
Message via email: grace18@email.net,1
Find me on Facebook: https://facebook.com/alice222,1
Can you show more photos?,0
What’s the price?,0
Nice product!,0
Nice product!,0
Email me at user2986@example.com,1
Does it come in other colors?,0
What’s the price?,0
Can you show more photos?,0
What are the dimensions?,0
Find me on Facebook: https://facebook.com/david280,1
Nice product!,0
How soon can I get it?,0
Can you show more photos?,0
I’m interested in this item.,0
What are the dimensions?,0
you can DM me at devguy986 on Insta,1
Send me a DM on Facebook: facebook.com/best_pizza,1
What are the dimensions?,0
Can you show more photos?,0
Call me at (563) 747-3987,1
Do you have it in stock?,0
Where do you ship from?,0
Where do you ship from?,0
What’s the price?,0
Do you have it in stock?,0
Does it come in other colors?,0
Nice product!,0
snap me at s-n-a-p fashionista346,1
What are the dimensions?,0
Does it come in other colors?,0
What are the dimensions?,0
DM me on Facebook: facebook.com/fashionista570,1
What are the dimensions?,0
📧 user5481@example.com,1
How soon can I get it?,0
Can you show more photos?,0
Here is my email: user5304@example.com,1
C a l l   m e :   ( 8 4 0 )   7 4 8 - 4 9 4 9,1
What’s the price?,0
What are the dimensions?,0
This looks good.,0
Where do you ship from?,0
My TikTok: @bob757,1
Where do you ship from?,0
Where do you ship from?,0
Does it come in other colors?,0
How soon can I get it?,0
DM me on Instagram: @heidi254,1
This looks good.,0
Do you have it in stock?,0
What are the dimensions?,0
How soon can I get it?,0
Message via email: bob56@mail.com,1
What’s the price?,0
Add me on Facebook (facebook.com/shopper99),1
How soon can I get it?,0
Do you have it in stock?,0
Where do you ship from?,0
How soon can I get it?,0
Hit me up on WhatsApp at +1-479-863-6587,1
How soon can I get it?,0
Message me at user9845@example.com,1
Hit me up on WhatsApp at 555-703-2699,1
What’s the price?,0
What are the dimensions?,0
Find me on Facebook: https://facebook.com/charlie567,1
Does it come in other colors?,0
How soon can I get it?,0
Contact via email: david25@example.com,1
Where do you ship from?,0
Connect on LinkedIn (linkedin.com/in/fashionista308),1
What’s the price?,0
Here's my email: user6929@example.com,1
What’s the price?,0
Do you have it in stock?,0
Does it come in other colors?,0
Where do you ship from?,0
This looks good.,0
Where do you ship from?,0
Nice product!,0
What’s the price?,0
What are the dimensions?,0
What are the dimensions?,0
Do you have it in stock?,0
📧 user2150@example.com,1
Can you show more photos?,0
Nice product!,0
What are the dimensions?,0
This looks good.,0
Does it come in other colors?,0
This looks good.,0
What are the dimensions?,0
Does it come in other colors?,0
Where do you ship from?,0
Can you show more photos?,0
What are the dimensions?,0
Does it come in other colors?,0
This looks good.,0
You can reach me at 555-907-5130,1
What are the dimensions?,0
Facebook me at 187-975-5160,1
Where do you ship from?,0
Nice product!,0
I’m interested in this item.,0
Do you have it in stock?,0
Does it come in other colors?,0
Do you have it in stock?,0
Nice product!,0
What are the dimensions?,0
How soon can I get it?,0
What are the dimensions?,0
I’m interested in this item.,0
Nice product!,0
Send me a DM on Facebook: facebook.com/best_pizza,1
Nice product!,0
What are the dimensions?,0
📱 +1-507-419-3605,1
What are the dimensions?,0
Follow me on Instagram @john_doe and DM.,1
Do you have it in stock?,0
Nice product!,0
I’m interested in this item.,0
My TikTok: @bob608,1
This looks good.,0
Where do you ship from?,0
I’m interested in this item.,0
📧 user4418@example.com,1
Call me at +1 710 780 0567,1
How soon can I get it?,0
What are the dimensions?,0
Hit me up on WhatsApp at 555-855-6783,1
Add me on WhatsApp: 555-280-9211,1
Call me at +1 853 197 3189,1
Nice product!,0
What’s the price?,0
Can you show more photos?,0
Where do you ship from?,0
Text me at 555-597-8901 for more info.,1
Does it come in other colors?,0
I’m interested in this item.,0
C a l l   m e :   1 1 1 1 0 3 4 0 3 8,1
My WeChat ID is john_doe,1
What are the dimensions?,0
Where do you ship from?,0
Nice product!,0
What are the dimensions?,0
Where do you ship from?,0
Can you show more photos?,0
Contact: +1-246-348-6456,1
My number is 730-017-2037,1
What are the dimensions?,0
Can you show more photos?,0
Where do you ship from?,0
Can you show more photos?,0
What are the dimensions?,0
What are the dimensions?,0
Does it come in other colors?,0
Do you have it in stock?,0
Do you have it in stock?,0
Where do you ship from?,0
Can you show more photos?,0
Do you have it in stock?,0
Do you have it in stock?,0
wanna chat? +1-746-753-2966,1
This looks good.,0
Send me a DM on Facebook: facebook.com/john_doe,1
How soon can I get it?,0
What are the dimensions?,0
Can you show more photos?,0
Does it come in other colors?,0
How soon can I get it?,0
Do you have it in stock?,0
What’s the price?,0
Text me at 555-481-9529 for more info.,1
My WeChat ID is coolguy42,1
This looks good.,0
What are the dimensions?,0
Where do you ship from?,0
This looks good.,0
What are the dimensions?,0
Does it come in other colors?,0
Do you have it in stock?,0
I’m interested in this item.,0
c   o   n   t   a   c   t   m   e   8 5 0 0 7 1 9 4 0 2,1
This looks good.,0
Nice product!,0
I’m interested in this item.,0
This looks good.,0
Can you show more photos?,0
Message me on Snapchat: shopper99,1
Does it come in other colors?,0
Ping me on Telegram: @grace5,1
Can you show more photos?,0
Do you have it in stock?,0
Follow me on Instagram @best_pizza and DM.,1
DM me on Instagram: @ivan208,1
What’s the price?,0
f r a n k 3 8 @ t e s t . o r g,1
Does it come in other colors?,0
You can reach me at 555-167-5990,1
Nice product!,0
Can you show more photos?,0
Nice product!,0
Send me a DM on Facebook: facebook.com/shopper99,1
Do you have it in stock?,0
📧 user76@example.com,1
What’s the price?,0
Where do you ship from?,0
How soon can I get it?,0
Where do you ship from?,0
How soon can I get it?,0
This looks good.,0
Message via email: grace46@mail.com,1
Let's connect on LinkedIn: linkedin.com/in/coolguy42,1
you can DM me at fashionista712 on Insta,1
Email me at charlie80@example.com,1
This looks good.,0
This looks good.,0
Where do you ship from?,0
Reach me at 420-976-8773,1
reach at t w o o o @example.com,1
What are the dimensions?,0
This looks good.,0
What’s the price?,0
Nice product!,0
How soon can I get it?,0
you can DM me at shopper584 on Insta,1
What’s the price?,0
I’m interested in this item.,0
I’m interested in this item.,0
Do you have it in stock?,0
Where do you ship from?,0
"Email is user8966@example.com, reach out anytime.",1
fb.com/coolcat946,1
Do you have it in stock?,0
Where do you ship from?,0
My TikTok: @charlie53,1
What’s the price?,0
What are the dimensions?,0
This looks good.,0
Call me at 7436346151,1
What’s the price?,0
Where do you ship from?,0
"My contact is 555-918-8290, call me.",1
Do you have it in stock?,0
Does it come in other colors?,0
Add me on WhatsApp: (975) 264-8073,1
Where do you ship from?,0
Where do you ship from?,0
This looks good.,0
How soon can I get it?,0
Can you show more photos?,0
I’m interested in this item.,0
I’m interested in this item.,0
What are the dimensions?,0
Can you show more photos?,0
Where do you ship from?,0
Let's connect on LinkedIn: linkedin.com/in/john_doe,1
This looks good.,0
you can DM me at devguy802 on Insta,1
Follow me on Twitter: @frank124,1
Do you have it in stock?,0
How soon can I get it?,0
What’s the price?,0
Does it come in other colors?,0
What’s the price?,0
I’m interested in this item.,0
message me via g m a i l at user2097@example.com,1
Can you show more photos?,0
Does it come in other colors?,0
Does it come in other colors?,0
Do you have it in stock?,0
This looks good.,0
What are the dimensions?,0
My WeChat ID is tech_lead,1
Text me at +1-871-554-2140,1
Does it come in other colors?,0
This looks good.,0
Can you show more photos?,0
Can I have your email address?,1
Message via email: frank52@test.org,1
What are the dimensions?,0
📧 user5977@example.com,1
You can reach me at 555-550-7660,1
How soon can I get it?,0
This looks good.,0
Where do you ship from?,0
I’m interested in this item.,0
How soon can I get it?,0
fb.com/shopper474,1
How soon can I get it?,0
Do you have it in stock?,0
I’m interested in this item.,0
Connect on LinkedIn (linkedin.com/in/devguy376),1
Snapchat me @ shopper855,1
Add me on WhatsApp: 388-888-0635,1
What’s the price?,0
Nice product!,0
Email me at heidi27@email.net,1
Do you have it in stock?,0
Hit me up on WhatsApp at 555-124-9729,1
Nice product!,0
Can you show more photos?,0
This looks good.,0
I’m interested in this item.,0
Mail me: heidi81@example.com,1
I’m interested in this item.,0
This looks good.,0
Do you have it in stock?,0
Nice product!,0
Nice product!,0
Nice product!,0
hmu @ fashionista626,1
Where do you ship from?,0
This looks good.,0
This looks good.,0
What are the dimensions?,0
hmu @ devguy877,1
What’s the price?,0
This looks good.,0
Can you show more photos?,0
DM me on Facebook: facebook.com/coolcat687,1
Can you show more photos?,0
Do you have it in stock?,0
What are the dimensions?,0
Can you show more photos?,0
This looks good.,0
This looks good.,0
snap me at s-n-a-p shopper179,1
Add me on Facebook (facebook.com/shop_owner),1
Where do you ship from?,0
Does it come in other colors?,0
Reach me at 220-554-6315,1
Can you show more photos?,0
How soon can I get it?,0
Does it come in other colors?,0
How soon can I get it?,0
What’s the price?,0
Can you show more photos?,0
Can you show more photos?,0
Snapchat me at (382) 914-3859,1
Does it come in other colors?,0
Can you show more photos?,0
Can you show more photos?,0
Do you have it in stock?,0
DM me on Instagram @jane.smith,1
Nice product!,0
What’s the price?,0
Message me on Snapchat: jane.smith,1
What are the dimensions?,0
How soon can I get it?,0
Follow me on Instagram @jane.smith and DM.,1
Connect on LinkedIn (linkedin.com/in/devguy261),1
How soon can I get it?,0
How soon can I get it?,0
Follow me on Instagram @shop_owner and DM.,1
Do you have it in stock?,0
Here is my email: user7142@example.com,1
Do you have it in stock?,0
Here's my email: user9103@example.com,1
Does it come in other colors?,0
Can you show more photos?,0
What’s the price?,0
Can you show more photos?,0
How soon can I get it?,0
Do you have it in stock?,0
e m a i l m e @ user3749@example.com,1
You can reach me at 555-558-2951,1
Do you have it in stock?,0
How soon can I get it?,0
How soon can I get it?,0
Does it come in other colors?,0
Nice product!,0
hmu @ fashionista168,1
Nice product!,0
Do you have it in stock?,0
C o n t a c t :   ( 4 1 8 )   8 9 8 - 0 6 3 2,1
How soon can I get it?,0
Does it come in other colors?,0
Find me on Facebook: https://facebook.com/eve467,1
This looks good.,0
How soon can I get it?,0
Where do you ship from?,0
Does it come in other colors?,0
What are the dimensions?,0
message me via g m a i l at user7185@example.com,1
📧 user8993@example.com,1
What are the dimensions?,0
What’s the price?,0
This looks good.,0
Can you show more photos?,0
Where do you ship from?,0
This looks good.,0
Nice product!,0
Do you have it in stock?,0
This looks good.,0
Can you show more photos?,0
Do you have it in stock?,0
What’s the price?,0
What’s the price?,0
What’s the price?,0
Email me at user1982@example.com,1
Follow me on Instagram @tech_lead and DM.,1
Nice product!,0
What are the dimensions?,0
Where do you ship from?,0
What’s the price?,0
What’s the price?,0
Can you show more photos?,0
Nice product!,0
Hit me up on WhatsApp at 555-456-6667,1
What are the dimensions?,0
Where do you ship from?,0
Contact me via Telegram: @coolguy42,1
Nice product!,0
Can you show more photos?,0
Nice product!,0
I’m interested in this item.,0
I’m interested in this item.,0
Where do you ship from?,0
What are the dimensions?,0
What’s the price?,0
What are the dimensions?,0
I’m interested in this item.,0
Do you have it in stock?,0
Nice product!,0
What’s the price?,0
My number is 952-556-7354,1
What are the dimensions?,0
What are the dimensions?,0
I’m interested in this item.,0
wanna chat? +1-672-495-7819,1
Nice product!,0
Follow me on Instagram @shop_owner and DM.,1
DM me on Facebook: facebook.com/coolcat271,1
Where do you ship from?,0
📧 user5186@example.com,1
Does it come in other colors?,0
Nice product!,0
I’m interested in this item.,0
This looks good.,0
What are the dimensions?,0
Does it come in other colors?,0
This looks good.,0
I’m interested in this item.,0
How soon can I get it?,0
This looks good.,0
How soon can I get it?,0
What’s the price?,0
Here's my email: user5122@example.com,1
You can reach me at 555-821-4473,1
You can reach me at 555-336-4053,1
Here's my email: user3551@example.com,1
What are the dimensions?,0
Nice product!,0
What’s the price?,0
What are the dimensions?,0
I’m interested in this item.,0
Do you have it in stock?,0
Follow me on Instagram @tech_lead and DM.,1
What’s the price?,0
Can you show more photos?,0
Ping me on Telegram: @eve638,1
Can you show more photos?,0
How soon can I get it?,0
Nice product!,0
What are the dimensions?,0
What’s the price?,0
How soon can I get it?,0
Nice product!,0
Does it come in other colors?,0
I’m interested in this item.,0
Do you have it in stock?,0
DM me on Instagram @coolguy42,1
Do you have it in stock?,0
Contact via email: eve23@mail.com,1
Where do you ship from?,0
Mail me: grace92@test.org,1
"My contact is 555-278-7695, call me.",1
Add me on WhatsApp: 555-296-7538,1
Do you have it in stock?,0
What’s the price?,0
Connect on LinkedIn (linkedin.com/in/shopper776),1
What are the dimensions?,0
This looks good.,0
This looks good.,0
Can you show more photos?,0
Can you show more photos?,0
Find me on Facebook: https://facebook.com/charlie89,1
Where do you ship from?,0
Send me a DM on Facebook: facebook.com/fashionguru,1
Where do you ship from?,0
Does it come in other colors?,0
My WeChat ID is designer123,1
Snapchat me @ devguy540,1
I’m interested in this item.,0
My number is 2616913775,1
Can you share your phone number so I can send you details?,1
How soon can I get it?,0
Nice product!,0
You can reach me at 555-557-5578,1
What are the dimensions?,0
This looks good.,0
Do you have it in stock?,0
This looks good.,0
Can you show more photos?,0
Where do you ship from?,0
How soon can I get it?,0
Does it come in other colors?,0
Where do you ship from?,0
I’m interested in this item.,0
What’s the price?,0
What’s the price?,0
reach at t w o o o @example.com,1
This looks good.,0
📧 user3996@example.com,1
This looks good.,0
Where do you ship from?,0
What’s the price?,0
Do you have it in stock?,0
I’m interested in this item.,0
What are the dimensions?,0
What are the dimensions?,0
What’s the price?,0
I’m interested in this item.,0
Do you have it in stock?,0
Where do you ship from?,0
Do you have it in stock?,0
Message me on Signal: 0527929019,1
What are the dimensions?,0
Nice product!,0
Here is my email: user1638@example.com,1
Can you show more photos?,0
Here is my email: user6034@example.com,1
This looks good.,0
Does it come in other colors?,0
Where do you ship from?,0
get in touch @ user2884@example.com,1
What’s the price?,0
Text me at +1-891-177-4215,1
Where do you ship from?,0
Text me at 555-206-3109 for more info.,1
"My contact is 555-943-9654, call me.",1
Does it come in other colors?,0
"Email is user3161@example.com, reach out anytime.",1
How soon can I get it?,0
Does it come in other colors?,0
What’s the price?,0
wanna chat? +1-517-110-9424,1
You can reach me at +1-914-102-7538,1
I’m interested in this item.,0
Can you show more photos?,0
What’s the price?,0
Does it come in other colors?,0
Can you show more photos?,0
I’m interested in this item.,0
Nice product!,0
I’m interested in this item.,0
Nice product!,0
What’s the price?,0
What are the dimensions?,0
This looks good.,0
What are the dimensions?,0
What’s the price?,0
This looks good.,0
How soon can I get it?,0
What are the dimensions?,0
Nice product!,0
I’m interested in this item.,0
What’s the price?,0
Please email me at user1632@example.com,1
Does it come in other colors?,0
How soon can I get it?,0
This looks good.,0
This looks good.,0
How soon can I get it?,0
This looks good.,0
Nice product!,0
c   o   n   t   a   c   t   m   e   2 9 0 9 3 3 6 8 9 6,1
Nice product!,0
How soon can I get it?,0
This looks good.,0
What’s the price?,0
What’s the price?,0
Can you show more photos?,0
This looks good.,0
How soon can I get it?,0
Does it come in other colors?,0
Does it come in other colors?,0
Ping me on Telegram: @eve352,1
Connect on LinkedIn (linkedin.com/in/fashionguru),1
Do you have it in stock?,0
Do you have it in stock?,0
I’m interested in this item.,0
Hit me up on WhatsApp at +1-632-654-2461,1
Can you share your phone number so I can send you details?,1
Do you have it in stock?,0
WhatsApp me at +1-555-758-4304,1
What’s the price?,0
This looks good.,0
How soon can I get it?,0
Can you show more photos?,0
Email me at david83@example.com,1
Can you show more photos?,0
What’s the price?,0
This looks good.,0
I’m interested in this item.,0
I’m interested in this item.,0
Hit me up on WhatsApp at +1-116-433-6419,1
Do you have it in stock?,0
What’s the price?,0
I’m interested in this item.,0
What are the dimensions?,0
This looks good.,0
What are the dimensions?,0
How soon can I get it?,0
Can you show more photos?,0
Do you have it in stock?,0
get in touch @ user5699@example.com,1
c   o   n   t   a   c   t   m   e   3 3 6 - 8 5 9 - 2 0 1 6,1
Do you have it in stock?,0
How soon can I get it?,0
Does it come in other colors?,0
Where do you ship from?,0
What are the dimensions?,0
I’m interested in this item.,0
How soon can I get it?,0
How soon can I get it?,0
What’s the price?,0
What are the dimensions?,0
Where do you ship from?,0
Follow me on Twitter: @heidi630,1
Nice product!,0
Does it come in other colors?,0
c h a r l i e 1 0 @ m a i l . c o m,1
Nice product!,0
I’m interested in this item.,0
Nice product!,0
Do you have it in stock?,0
What are the dimensions?,0
How soon can I get it?,0
DM me on Instagram: @frank840,1
Where do you ship from?,0
This looks good.,0
Does it come in other colors?,0
Does it come in other colors?,0
Add me on WhatsApp: 5954564161,1
Where do you ship from?,0
Can you show more photos?,0
Message me on Snapchat: tech_lead,1
Nice product!,0
Nice product!,0
How soon can I get it?,0
I’m interested in this item.,0
Does it come in other colors?,0
telegram: t dot me slash devguy268,1
DM me on Instagram: @eve949,1
I’m interested in this item.,0
Do you have it in stock?,0
What are the dimensions?,0
What’s the price?,0
Does it come in other colors?,0
Does it come in other colors?,0
How soon can I get it?,0
Contact: +1-115-204-5973,1
Can you show more photos?,0
This looks good.,0
Where do you ship from?,0
How soon can I get it?,0
Does it come in other colors?,0
Do you have it in stock?,0
This looks good.,0
What’s the price?,0
Do you have it in stock?,0
Nice product!,0
What’s the price?,0
Reach out on WhatsApp at +1-663-173-1468,1
Does it come in other colors?,0
fb.com/fashionista987,1
This looks good.,0
Nice product!,0
Where do you ship from?,0
How soon can I get it?,0
Reach me at 556-714-9108,1
Does it come in other colors?,0
Nice product!,0
I’m interested in this item.,0
What’s the price?,0
Here's my email: user2117@example.com,1
How soon can I get it?,0
Can you show more photos?,0
What are the dimensions?,0
What are the dimensions?,0
Nice product!,0
Can you show more photos?,0
What’s the price?,0
What are the dimensions?,0
Do you have it in stock?,0
I’m interested in this item.,0
How soon can I get it?,0
My number is (319) 839-6147,1
How soon can I get it?,0
Where do you ship from?,0
What’s the price?,0
Here's my email: user5999@example.com,1
Where do you ship from?,0
Where do you ship from?,0
Do you have it in stock?,0
b o b 8 4 @ e m a i l . n e t,1
Do you have it in stock?,0
Does it come in other colors?,0
Can you show more photos?,0
What are the dimensions?,0
What are the dimensions?,0
Can you show more photos?,0
Can you show more photos?,0
Text me at 555-744-6223 for more info.,1
Does it come in other colors?,0
This looks good.,0
Where do you ship from?,0
How soon can I get it?,0
What are the dimensions?,0
Can you show more photos?,0
Does it come in other colors?,0
What are the dimensions?,0
Can you show more photos?,0
I’m interested in this item.,0
Follow me on Twitter: @bob413,1
Does it come in other colors?,0
Can you show more photos?,0
What’s the price?,0
Find me on Facebook: https://facebook.com/david923,1
Can you show more photos?,0
What are the dimensions?,0
What’s the price?,0
Where do you ship from?,0
Do you have it in stock?,0
What’s the price?,0
I’m interested in this item.,0
How soon can I get it?,0
What are the dimensions?,0
What are the dimensions?,0
How soon can I get it?,0
I’m interested in this item.,0
Does it come in other colors?,0
How soon can I get it?,0
What are the dimensions?,0
Can you show more photos?,0
Nice product!,0
Mail me: eve54@email.net,1
I’m interested in this item.,0
Add me on Facebook (facebook.com/coolguy42),1
you can DM me at coolcat478 on Insta,1
Do you have it in stock?,0
Mail me: eve95@example.com,1
Message me on Snapchat: coolguy42,1
Does it come in other colors?,0
My TikTok: @alice531,1
How soon can I get it?,0
I’m interested in this item.,0
Does it come in other colors?,0
Does it come in other colors?,0
Does it come in other colors?,0
Can you share your phone number so I can send you details?,1
Do you have it in stock?,0
I’m interested in this item.,0
Can you share your phone number so I can send you details?,1
Where do you ship from?,0
Where do you ship from?,0
Connect on LinkedIn (linkedin.com/in/tech_lead),1
How soon can I get it?,0
Nice product!,0
reach at t w o o o @example.com,1
Do you have it in stock?,0
Can you show more photos?,0
my email id is user5633@example.com,1
Where do you ship from?,0
Find me on Facebook: https://facebook.com/judy679,1
I’m interested in this item.,0
Can you show more photos?,0
Does it come in other colors?,0
Does it come in other colors?,0
Follow me on Instagram @tech_lead and DM.,1
This looks good.,0
Do you have it in stock?,0
Does it come in other colors?,0
Call me at 209-036-8757,1
What are the dimensions?,0
How soon can I get it?,0
Nice product!,0
Let's connect on LinkedIn: https://linkedin.com/in/frank41,1
Hit me up on WhatsApp at 555-611-7609,1
Snapchat me @ coolcat846,1
What are the dimensions?,0
"Email is user7534@example.com, reach out anytime.",1
Where do you ship from?,0
Do you have it in stock?,0
What are the dimensions?,0
I’m interested in this item.,0
What’s the price?,0
Can you show more photos?,0
Do you have it in stock?,0
How soon can I get it?,0
Does it come in other colors?,0
"Email is user1997@example.com, reach out anytime.",1
Can you show more photos?,0
Nice product!,0
Text me at +1-979-338-7143,1
Does it come in other colors?,0
Can you show more photos?,0
Connect on LinkedIn (linkedin.com/in/john_doe),1
C o n t a c t :   ( 3 7 1 )   6 9 1 - 0 1 7 9,1
How soon can I get it?,0
Message me on Signal: +1 776 608 2515,1
What are the dimensions?,0
reach at t w o o o @example.com,1
This looks good.,0
This looks good.,0
Nice product!,0
What are the dimensions?,0
Follow me on Instagram @fashioneer and DM.,1
you can DM me at fashionista588 on Insta,1
Nice product!,0
Connect on LinkedIn (linkedin.com/in/fashioneer),1
How soon can I get it?,0
Where do you ship from?,0
Can you show more photos?,0
How soon can I get it?,0
Can you show more photos?,0
get in touch @ user6439@example.com,1
I’m interested in this item.,0
What are the dimensions?,0
Add me on WhatsApp: 555-530-9849,1
Where do you ship from?,0
Does it come in other colors?,0
Do you have it in stock?,0
I’m interested in this item.,0
What are the dimensions?,0
Does it come in other colors?,0
How soon can I get it?,0
Do you have it in stock?,0
Does it come in other colors?,0
I’m interested in this item.,0
📱 +1-918-797-2094,1
Does it come in other colors?,0
I’m interested in this item.,0
Does it come in other colors?,0
What are the dimensions?,0
Does it come in other colors?,0
What are the dimensions?,0
Does it come in other colors?,0
How soon can I get it?,0
I’m interested in this item.,0
Where do you ship from?,0
Do you have it in stock?,0
Can you show more photos?,0
Does it come in other colors?,0
my digits: +1-582-726-9177,1
you can DM me at coolcat811 on Insta,1
Where do you ship from?,0
Send me a DM on Facebook: facebook.com/john_doe,1
What’s the price?,0
What’s the price?,0
Contact me on Skype: ivan97,1
Where do you ship from?,0
Where do you ship from?,0
Can you show more photos?,0
How soon can I get it?,0
How soon can I get it?,0
hmu @ coolcat776,1
Do you have it in stock?,0
Nice product!,0
C a l l   m e :   + 1   6 4 3   8 2 8   7 1 3 1,1
Can you show more photos?,0
Nice product!,0
Can you share your phone number so I can send you details?,1
Do you have it in stock?,0
Where do you ship from?,0
Where do you ship from?,0
How soon can I get it?,0
What’s the price?,0
Let's connect on LinkedIn: https://linkedin.com/in/eve694,1
What’s the price?,0
How soon can I get it?,0
c o n t a c t : +1-189-274-4891,1
message me via g m a i l at user2408@example.com,1
Does it come in other colors?,0
Can you show more photos?,0
Does it come in other colors?,0
Do you have it in stock?,0
Nice product!,0
Does it come in other colors?,0
Do you have it in stock?,0
This looks good.,0
Does it come in other colors?,0
Nice product!,0
This looks good.,0
How soon can I get it?,0
Nice product!,0
Follow me on Instagram @jane.smith and DM.,1
Please email me at user9342@example.com,1
What’s the price?,0
Can you show more photos?,0
This looks good.,0
What’s the price?,0
Hit me up on WhatsApp at 555-483-2917,1
Can you show more photos?,0
This looks good.,0
find me at user1911@example.com 😉,1
What’s the price?,0
My number is 4634959984,1
What’s the price?,0
This looks good.,0
Nice product!,0
Reach out on WhatsApp at +1-253-136-3256,1
Does it come in other colors?,0
you can DM me at devguy346 on Insta,1
Do you have it in stock?,0
Do you have it in stock?,0
Where do you ship from?,0
Email me at user4629@example.com,1
This looks good.,0
How soon can I get it?,0
Can you show more photos?,0
"Email is user9566@example.com, reach out anytime.",1
What are the dimensions?,0
Text me at 4039262991,1
How soon can I get it?,0
Can you share your phone number so I can send you details?,1
Add me on WhatsApp: 555-293-1468,1
Nice product!,0
Ping me on Telegram: @frank987,1
Can I have your email address?,1
What’s the price?,0
Where do you ship from?,0
Does it come in other colors?,0
What’s the price?,0
DM me on Instagram: @grace495,1
Add me on Facebook (facebook.com/best_pizza),1
I’m interested in this item.,0
How soon can I get it?,0
This looks good.,0
Does it come in other colors?,0
What’s the price?,0
What are the dimensions?,0
Where do you ship from?,0
Let's connect on LinkedIn: linkedin.com/in/john_doe,1
my email id is user4913@example.com,1
Nice product!,0
This looks good.,0
my email id is user120@example.com,1
Do you have it in stock?,0
How soon can I get it?,0
e m a i l m e @ user9366@example.com,1
What’s the price?,0
Nice product!,0
Can you show more photos?,0
This looks good.,0
Do you have it in stock?,0
This looks good.,0
Where do you ship from?,0
Do you have it in stock?,0
Does it come in other colors?,0
Nice product!,0
Does it come in other colors?,0
Connect on LinkedIn (linkedin.com/in/coolguy42),1
I’m interested in this item.,0
snap me at s-n-a-p fashionista341,1
How soon can I get it?,0
Does it come in other colors?,0
Do you have it in stock?,0
I’m interested in this item.,0
I’m interested in this item.,0
I’m interested in this item.,0
What’s the price?,0
Nice product!,0
What are the dimensions?,0
How soon can I get it?,0
Do you have it in stock?,0
I’m interested in this item.,0
fb.com/shopper21,1
Do you have it in stock?,0
How soon can I get it?,0
How soon can I get it?,0
Do you have it in stock?,0
What are the dimensions?,0
Can you show more photos?,0
What are the dimensions?,0
I’m interested in this item.,0
What are the dimensions?,0
Do you have it in stock?,0
Do you have it in stock?,0
This looks good.,0
📱 +1-305-894-2086,1
Do you have it in stock?,0
Add me on WhatsApp: (506) 172-1284,1
Can you show more photos?,0
Nice product!,0
What are the dimensions?,0
Do you have it in stock?,0
Email me at bob30@example.com,1
message me via g m a i l at user5119@example.com,1
What’s the price?,0
What are the dimensions?,0
Add me on Facebook (facebook.com/best_pizza),1
Nice product!,0
How soon can I get it?,0
What are the dimensions?,0
Where do you ship from?,0
Find me on Facebook: https://facebook.com/alice350,1
find me at user9651@example.com 😉,1
What’s the price?,0
My TikTok: @judy994,1
Message me on Signal: 2797141739,1
What’s the price?,0
I’m interested in this item.,0
What are the dimensions?,0
What’s the price?,0
How soon can I get it?,0
Where do you ship from?,0
Ping me on Telegram: @charlie823,1
What’s the price?,0
You can reach me at 555-583-7068,1
Do you have it in stock?,0
Where do you ship from?,0
Contact me on Skype: frank627,1
wanna chat? +1-233-495-3548,1
I’m interested in this item.,0
Reach out on WhatsApp at +1-448-890-2520,1
I’m interested in this item.,0
Contact me via Telegram: @tech_lead,1
How soon can I get it?,0
Where do you ship from?,0
c   o   n   t   a   c   t   m   e   8 6 9 - 9 5 5 - 7 4 6 0,1
Here is my email: user6200@example.com,1
snap me at s-n-a-p devguy754,1
Can you show more photos?,0
Nice product!,0
Where do you ship from?,0
Do you have it in stock?,0
Where do you ship from?,0
Where do you ship from?,0
What’s the price?,0
How soon can I get it?,0
What are the dimensions?,0
Can you show more photos?,0
What’s the price?,0
Text me at 665-025-2036,1
Connect on LinkedIn (linkedin.com/in/shopper99),1
Where do you ship from?,0
What are the dimensions?,0
I’m interested in this item.,0
Telegram me at 4527152501,1
Does it come in other colors?,0
Where do you ship from?,0
What’s the price?,0
Do you have it in stock?,0
fb.com/devguy184,1
What’s the price?,0
Can you show more photos?,0
Nice product!,0
Can you show more photos?,0
Do you have it in stock?,0
Email me at bob90@test.org,1
What are the dimensions?,0
Where do you ship from?,0
What are the dimensions?,0
Nice product!,0
This looks good.,0
What’s the price?,0
I’m interested in this item.,0
Does it come in other colors?,0
Nice product!,0
Do you have it in stock?,0
c o n t a c t : +1-152-510-7916,1
Do you have it in stock?,0
Can you show more photos?,0
Does it come in other colors?,0
Do you have it in stock?,0
I’m interested in this item.,0
How soon can I get it?,0
Where do you ship from?,0
I’m interested in this item.,0
Here is my email: user6772@example.com,1
I’m interested in this item.,0
c o n t a c t : +1-727-652-4534,1
What are the dimensions?,0
Here is my email: user7658@example.com,1
What are the dimensions?,0
What are the dimensions?,0
Does it come in other colors?,0
Does it come in other colors?,0
Nice product!,0
This looks good.,0
Where do you ship from?,0
Where do you ship from?,0
Does it come in other colors?,0
Let's connect on LinkedIn: https://linkedin.com/in/frank295,1
This looks good.,0
How soon can I get it?,0
Does it come in other colors?,0
How soon can I get it?,0
This looks good.,0
Does it come in other colors?,0
Do you have it in stock?,0
This looks good.,0
This looks good.,0
How soon can I get it?,0
c   o   n   t   a   c   t   m   e   + 1   7 2 6   1 5 7   4 4 5 2,1
This looks good.,0
This looks good.,0
Add me on WhatsApp: 555-757-8900,1
Do you have it in stock?,0
This looks good.,0
Add me on Facebook (facebook.com/shopper99),1
This looks good.,0
Where do you ship from?,0
I’m interested in this item.,0
How soon can I get it?,0
My Snapchat is charlie694,1
Nice product!,0
Nice product!,0
Where do you ship from?,0
What’s the price?,0
Can you show more photos?,0
Can you show more photos?,0
What’s the price?,0
Do you have it in stock?,0
What’s the price?,0
What are the dimensions?,0
Follow me on Instagram @best_pizza and DM.,1
c   o   n   t   a   c   t   m   e   + 1   6 7 7   6 1 8   7 1 7 3,1
What are the dimensions?,0
Do you have it in stock?,0
Do you have it in stock?,0
fb.com/devguy323,1
This looks good.,0
Nice product!,0
Does it come in other colors?,0
Hit me up on WhatsApp at +1-106-712-7988,1
What are the dimensions?,0
Nice product!,0
This looks good.,0
Does it come in other colors?,0
How soon can I get it?,0
Message me on Snapchat: coolguy42,1
This looks good.,0
What’s the price?,0
📧 user9075@example.com,1
This looks good.,0
Where do you ship from?,0
What are the dimensions?,0
You can reach me at +1-994-791-9319,1
Nice product!,0
Where do you ship from?,0
Where do you ship from?,0
Nice product!,0
Can you share your phone number so I can send you details?,1
This looks good.,0
This looks good.,0
You can reach me at 555-224-5743,1
Does it come in other colors?,0
DM me on Instagram: @judy288,1
Does it come in other colors?,0
My WeChat ID is coolguy42,1
Add me on WhatsApp: 9817839916,1
What’s the price?,0
Send me a DM on Facebook: facebook.com/fashionguru,1
What are the dimensions?,0
DM me on Instagram @best_pizza,1
What’s the price?,0
Where do you ship from?,0
Can you share your phone number so I can send you details?,1
My number is 6489247068,1
What’s the price?,0
How soon can I get it?,0
This looks good.,0
This looks good.,0
Can you show more photos?,0
What’s the price?,0
This looks good.,0
Does it come in other colors?,0
Nice product!,0
Where do you ship from?,0
Where do you ship from?,0
DM me on Instagram @designer123,1
How soon can I get it?,0
What’s the price?,0
This looks good.,0
How soon can I get it?,0
Text me at 555-209-1483 for more info.,1
My WeChat ID is shop_owner,1
my digits: +1-920-955-8397,1
Do you have it in stock?,0
I’m interested in this item.,0
Let's connect on LinkedIn: linkedin.com/in/shop_owner,1
Do you have it in stock?,0
Do you have it in stock?,0
Can you show more photos?,0
This looks good.,0
What are the dimensions?,0
What’s the price?,0
Nice product!,0
my email id is user1514@example.com,1
This looks good.,0
What are the dimensions?,0
Can you show more photos?,0
Email me at grace39@example.com,1
This looks good.,0
This looks good.,0
I’m interested in this item.,0
Nice product!,0
Telegram me at (176) 988-7577,1
What are the dimensions?,0
Do you have it in stock?,0
How soon can I get it?,0
What’s the price?,0
What are the dimensions?,0
Can you show more photos?,0
C o n t a c t :   9 0 4 9 7 4 4 3 1 7,1
What’s the price?,0
Does it come in other colors?,0
What are the dimensions?,0
What are the dimensions?,0
This looks good.,0
Does it come in other colors?,0
my digits: +1-760-668-5464,1
Message me at user5109@example.com,1
Here's my email: user4235@example.com,1
Can you show more photos?,0
Does it come in other colors?,0
Can you show more photos?,0
This looks good.,0
How soon can I get it?,0
What are the dimensions?,0
What are the dimensions?,0
Can you show more photos?,0
My number is 1135396930,1
Email me at user5648@example.com,1
Do you have it in stock?,0
Follow me on Twitter: @ivan855,1
Can you show more photos?,0
snap me at s-n-a-p fashionista152,1
My TikTok: @ivan260,1
How soon can I get it?,0
Reach out on WhatsApp at +1-650-814-4635,1
I’m interested in this item.,0
This looks good.,0
"Email is user9229@example.com, reach out anytime.",1
What’s the price?,0
Where do you ship from?,0
What are the dimensions?,0
my digits: +1-420-299-2430,1
How soon can I get it?,0
This looks good.,0
Text me at +1-934-999-3661,1
What’s the price?,0
How soon can I get it?,0
What are the dimensions?,0
What’s the price?,0
How soon can I get it?,0
📧 user8246@example.com,1
I’m interested in this item.,0
This looks good.,0
This looks good.,0
How soon can I get it?,0
Contact via email: david58@email.net,1
I’m interested in this item.,0
What are the dimensions?,0
Where do you ship from?,0
What’s the price?,0
WhatsApp me at +1-555-695-8599,1
Add me on WhatsApp: 555-818-2350,1
I’m interested in this item.,0
Can you show more photos?,0
This looks good.,0
C o n t a c t :   ( 0 8 6 )   7 1 1 - 9 0 1 0,1
I’m interested in this item.,0
Where do you ship from?,0
I’m interested in this item.,0
Do you have it in stock?,0
Does it come in other colors?,0
Where do you ship from?,0
Reach me at 4640255106,1
How soon can I get it?,0
Here is my email: user2174@example.com,1
Where do you ship from?,0
I’m interested in this item.,0
Nice product!,0
Does it come in other colors?,0
What’s the price?,0
Can you show more photos?,0
Nice product!,0
Can you show more photos?,0
Nice product!,0
Where do you ship from?,0
Ping me on Telegram: @charlie637,1
This looks good.,0
What’s the price?,0
How soon can I get it?,0
Nice product!,0
Nice product!,0
Nice product!,0
Hit me up on WhatsApp at 555-920-5362,1
Does it come in other colors?,0
What are the dimensions?,0
This looks good.,0
Can you show more photos?,0
What’s the price?,0
Do you have it in stock?,0
Where do you ship from?,0
My Snapchat is david548,1
How soon can I get it?,0
Mail me: frank13@mail.com,1
📱 +1-148-550-8106,1
What’s the price?,0
What are the dimensions?,0
Does it come in other colors?,0
Where do you ship from?,0
How soon can I get it?,0
Does it come in other colors?,0
Where do you ship from?,0
I’m interested in this item.,0
Nice product!,0
Does it come in other colors?,0
Where do you ship from?,0
What are the dimensions?,0
Do you have it in stock?,0
Nice product!,0
Do you have it in stock?,0
Follow me on Instagram @designer123 and DM.,1
What are the dimensions?,0
Can you show more photos?,0
Do you have it in stock?,0
Can you show more photos?,0
my email id is user3755@example.com,1
telegram: t dot me slash fashionista355,1
Do you have it in stock?,0
Does it come in other colors?,0
I’m interested in this item.,0
What are the dimensions?,0
This looks good.,0
What are the dimensions?,0
Nice product!,0
How soon can I get it?,0
e m a i l m e @ user9045@example.com,1
Does it come in other colors?,0
What are the dimensions?,0
Does it come in other colors?,0
Can you show more photos?,0
How soon can I get it?,0
Does it come in other colors?,0
What are the dimensions?,0
Do you have it in stock?,0
What are the dimensions?,0
Nice product!,0
I’m interested in this item.,0
Do you have it in stock?,0
Nice product!,0
What’s the price?,0
What are the dimensions?,0
Nice product!,0
What’s the price?,0
What’s the price?,0
What are the dimensions?,0
Do you have it in stock?,0
Can you show more photos?,0
I’m interested in this item.,0
e m a i l m e @ user2742@example.com,1
Nice product!,0
Where do you ship from?,0
Do you have it in stock?,0
What’s the price?,0
Does it come in other colors?,0
Nice product!,0
How soon can I get it?,0
Where do you ship from?,0
I’m interested in this item.,0
Where do you ship from?,0
Twitter me at 003-476-0597,1
Do you have it in stock?,0
Nice product!,0
Do you have it in stock?,0
What are the dimensions?,0
What’s the price?,0
Can you show more photos?,0
I’m interested in this item.,0
Does it come in other colors?,0
How soon can I get it?,0
Do you have it in stock?,0
Where do you ship from?,0
How soon can I get it?,0
How soon can I get it?,0
Message me on Snapchat: shopper99,1
Where do you ship from?,0
Text me at 555-177-9169 for more info.,1
I’m interested in this item.,0
This looks good.,0
Nice product!,0
Add me on WhatsApp: 555-473-4410,1
I’m interested in this item.,0
Does it come in other colors?,0
Can I have your email address?,1
This looks good.,0
I’m interested in this item.,0
I’m interested in this item.,0
C o n t a c t :   6 9 0 6 7 9 1 0 9 1,1
Send me a DM on Facebook: facebook.com/fashionguru,1
Does it come in other colors?,0
How soon can I get it?,0
Nice product!,0
This looks good.,0
Do you have it in stock?,0
This looks good.,0
Does it come in other colors?,0
Does it come in other colors?,0
How soon can I get it?,0
This looks good.,0
I’m interested in this item.,0
Where do you ship from?,0
What are the dimensions?,0
What are the dimensions?,0
What’s the price?,0
How soon can I get it?,0
I’m interested in this item.,0
Nice product!,0
What are the dimensions?,0
Text me at 9738560840,1
Hit me up on WhatsApp at 555-597-1779,1
Where do you ship from?,0
Does it come in other colors?,0
Follow me on Instagram @designer123 and DM.,1
I’m interested in this item.,0
Here is my email: user6293@example.com,1
What are the dimensions?,0
Do you have it in stock?,0
Here's my email: user2990@example.com,1
Can you show more photos?,0
What are the dimensions?,0
c   o   n   t   a   c   t   m   e   6 6 4 3 8 7 0 6 5 7,1
I’m interested in this item.,0
I’m interested in this item.,0
How soon can I get it?,0
Where do you ship from?,0
How soon can I get it?,0
What’s the price?,0
Does it come in other colors?,0
I’m interested in this item.,0
WhatsApp me at (443) 355-5269,1
Where do you ship from?,0
How soon can I get it?,0
How soon can I get it?,0
What’s the price?,0
Does it come in other colors?,0
Do you have it in stock?,0
What are the dimensions?,0
This looks good.,0
message me via g m a i l at user6220@example.com,1
Where do you ship from?,0
Do you have it in stock?,0
Can you show more photos?,0
I’m interested in this item.,0
e m a i l m e @ user270@example.com,1
How soon can I get it?,0
C a l l   m e :   + 1   9 2 8   7 5 6   4 9 9 2,1
Can you show more photos?,0
This looks good.,0
Do you have it in stock?,0
How soon can I get it?,0
Text me at +1-185-888-6907,1
What are the dimensions?,0
find me at user8209@example.com 😉,1
get in touch @ user3305@example.com,1
Nice product!,0
Can you show more photos?,0
This looks good.,0
This looks good.,0
Does it come in other colors?,0
What are the dimensions?,0
Can you show more photos?,0
Message me on Snapchat: fashionguru,1
Can you share your phone number so I can send you details?,1
Do you have it in stock?,0
Where do you ship from?,0
Find me on Facebook: https://facebook.com/grace427,1
Does it come in other colors?,0
Where do you ship from?,0
Add me on Facebook (facebook.com/jane.smith),1
Nice product!,0
Where do you ship from?,0
You can reach me at 555-860-4065,1
What are the dimensions?,0
I’m interested in this item.,0
What’s the price?,0
What’s the price?,0
Do you have it in stock?,0
Can you show more photos?,0
Where do you ship from?,0
What’s the price?,0
This looks good.,0
What’s the price?,0
Where do you ship from?,0
What’s the price?,0
How soon can I get it?,0
Where do you ship from?,0
Does it come in other colors?,0
Do you have it in stock?,0
Contact via email: david76@test.org,1
I’m interested in this item.,0
What’s the price?,0
I’m interested in this item.,0
How soon can I get it?,0
What’s the price?,0
What’s the price?,0
Can you show more photos?,0
Do you have it in stock?,0
This looks good.,0
How soon can I get it?,0
What’s the price?,0
Where do you ship from?,0
This looks good.,0
How soon can I get it?,0
Does it come in other colors?,0
Follow me on Twitter: @charlie632,1
How soon can I get it?,0
Nice product!,0
What’s the price?,0
reach at t w o o o @example.com,1
Can you show more photos?,0
This looks good.,0
What are the dimensions?,0
How soon can I get it?,0
Where do you ship from?,0
Can you share your phone number so I can send you details?,1
fb.com/devguy875,1
This looks good.,0
This looks good.,0
hmu @ fashionista91,1
What’s the price?,0
How soon can I get it?,0
I’m interested in this item.,0
This looks good.,0
What are the dimensions?,0
Does it come in other colors?,0
Does it come in other colors?,0
Can you share your phone number so I can send you details?,1
c h a r l i e 1 0 @ m a i l . c o m,1
What are the dimensions?,0
What are the dimensions?,0
c o n t a c t : +1-248-640-7968,1
I’m interested in this item.,0
This looks good.,0
Where do you ship from?,0
What are the dimensions?,0
Find me on Facebook: https://facebook.com/alice461,1
Can you show more photos?,0
What’s the price?,0
Can you show more photos?,0
What’s the price?,0
What’s the price?,0
This looks good.,0
Do you have it in stock?,0
This looks good.,0
Where do you ship from?,0
My number is 6155242267,1
📧 user5462@example.com,1
How soon can I get it?,0
Nice product!,0
Do you have it in stock?,0
What’s the price?,0
What’s the price?,0
Where do you ship from?,0
What are the dimensions?,0
What are the dimensions?,0
Hit me up on WhatsApp at 555-954-7969,1
I’m interested in this item.,0
Nice product!,0
Can you show more photos?,0
Does it come in other colors?,0
Does it come in other colors?,0
What are the dimensions?,0
This looks good.,0
How soon can I get it?,0
Nice product!,0
Do you have it in stock?,0
Nice product!,0
What’s the price?,0
Add me on Facebook (facebook.com/best_pizza),1
Can you share your phone number so I can send you details?,1
This looks good.,0
get in touch @ user6798@example.com,1
Does it come in other colors?,0
DM me on Instagram @fashioneer,1
I’m interested in this item.,0
Where do you ship from?,0
Where do you ship from?,0
Nice product!,0
Where do you ship from?,0
Do you have it in stock?,0
Where do you ship from?,0
I’m interested in this item.,0
This looks good.,0
How soon can I get it?,0
Nice product!,0
Does it come in other colors?,0
Text me at 555-774-5211 for more info.,1
Find me on Facebook: https://facebook.com/heidi100,1
I’m interested in this item.,0
How soon can I get it?,0
Does it come in other colors?,0
Do you have it in stock?,0
Can you show more photos?,0
Where do you ship from?,0
Do you have it in stock?,0
Message via email: david81@mail.com,1
Where do you ship from?,0
I’m interested in this item.,0
Where do you ship from?,0
C a l l   m e :   9 2 2 9 2 8 3 6 0 5,1
What are the dimensions?,0
What are the dimensions?,0
Mail me: grace33@mail.com,1
Find me on Facebook: https://facebook.com/david419,1
Do you have it in stock?,0
Can you show more photos?,0
How soon can I get it?,0
You can reach me at +1-869-659-7564,1
get in touch @ user2719@example.com,1
Mail me: bob41@test.org,1
Email me at user2326@example.com,1
How soon can I get it?,0
Does it come in other colors?,0
Can you show more photos?,0
Can you show more photos?,0
Can you show more photos?,0
Nice product!,0
This looks good.,0
What are the dimensions?,0
Please email me at user1893@example.com,1
This looks good.,0
Does it come in other colors?,0
Nice product!,0
Contact me on Skype: grace345,1
Where do you ship from?,0
Nice product!,0
You can reach me at 555-217-7184,1
What’s the price?,0
Text me at 555-674-4533 for more info.,1
I’m interested in this item.,0
What’s the price?,0
This looks good.,0
I’m interested in this item.,0
Can you show more photos?,0
Does it come in other colors?,0
C a l l   m e :   + 1   0 6 8   5 3 2   5 8 2 2,1
Where do you ship from?,0
Where do you ship from?,0
What are the dimensions?,0
Text me at 555-426-9482 for more info.,1
How soon can I get it?,0
you can DM me at shopper467 on Insta,1
I’m interested in this item.,0
📧 user4273@example.com,1
my email id is user8516@example.com,1
What’s the price?,0
I’m interested in this item.,0
Nice product!,0
Can you show more photos?,0
I’m interested in this item.,0
Can you share your phone number so I can send you details?,1
This looks good.,0
Can you show more photos?,0
Does it come in other colors?,0
Do you have it in stock?,0
Add me on WhatsApp: 493-868-8957,1
you can DM me at fashionista348 on Insta,1
This looks good.,0
Does it come in other colors?,0
What are the dimensions?,0
What’s the price?,0
What are the dimensions?,0
I’m interested in this item.,0
Where do you ship from?,0
You can reach me at 555-814-7779,1
Does it come in other colors?,0
My Snapchat is frank60,1
Can you show more photos?,0
This looks good.,0
Do you have it in stock?,0
Nice product!,0
Follow me on Instagram @jane.smith and DM.,1
Can you show more photos?,0
What are the dimensions?,0
What are the dimensions?,0
Does it come in other colors?,0
I’m interested in this item.,0
Does it come in other colors?,0
This looks good.,0
Connect on LinkedIn (linkedin.com/in/jane.smith),1
Nice product!,0
Snapchat me @ devguy47,1
Nice product!,0
How soon can I get it?,0
Does it come in other colors?,0
What’s the price?,0
Do you have it in stock?,0
This looks good.,0
What are the dimensions?,0
Mail me: heidi71@email.net,1
My Snapchat is david411,1
"My contact is 555-166-3875, call me.",1
What are the dimensions?,0
What’s the price?,0
I’m interested in this item.,0
Can you show more photos?,0
Ping me on Telegram: @bob88,1
Let's connect on LinkedIn: linkedin.com/in/jane.smith,1
Message me on Signal: 203-462-3592,1
Does it come in other colors?,0
You can reach me at +1-448-195-2565,1
How soon can I get it?,0
I’m interested in this item.,0
Does it come in other colors?,0
Where do you ship from?,0
Do you have it in stock?,0
Reach out on WhatsApp at +1-252-785-8443,1
C o n t a c t :   1 2 3 - 7 0 6 - 3 3 7 0,1
Facebook me at 9958970095,1
c o n t a c t : +1-708-390-5936,1
Can you show more photos?,0
What are the dimensions?,0
telegram: t dot me slash fashionista278,1
Can you show more photos?,0
What’s the price?,0
What’s the price?,0
DM me on Instagram @tech_lead,1
What’s the price?,0
What are the dimensions?,0
Does it come in other colors?,0
Can you show more photos?,0
What’s the price?,0
How soon can I get it?,0
Add me on WhatsApp: +1 841 528 6337,1
fb.com/coolcat612,1
Mail me: alice91@example.com,1
How soon can I get it?,0
What’s the price?,0
What’s the price?,0
Let's connect on LinkedIn: https://linkedin.com/in/grace420,1
C o n t a c t :   ( 4 6 6 )   5 8 3 - 3 6 7 2,1
Email me at alice92@example.com,1
Message me on Snapchat: jane.smith,1
I’m interested in this item.,0
Where do you ship from?,0
I’m interested in this item.,0
Nice product!,0
I’m interested in this item.,0
Reach out on WhatsApp at +1-555-218-4172,1
How soon can I get it?,0
My WeChat ID is shopper99,1
Do you have it in stock?,0
Where do you ship from?,0
Do you have it in stock?,0
What’s the price?,0
What’s the price?,0
My WeChat ID is fashionguru,1
Can you show more photos?,0
message me via g m a i l at user5246@example.com,1
I’m interested in this item.,0
This looks good.,0
What are the dimensions?,0
Do you have it in stock?,0
I’m interested in this item.,0
Do you have it in stock?,0
Do you have it in stock?,0
This looks good.,0
Contact me on Skype: alice320,1
This looks good.,0
Hit me up on WhatsApp at 555-588-8753,1
Nice product!,0
Where do you ship from?,0
Does it come in other colors?,0
Where do you ship from?,0
What’s the price?,0
Do you have it in stock?,0
c   o   n   t   a   c   t   m   e   3 4 5 - 8 1 7 - 9 8 4 4,1
This looks good.,0
I’m interested in this item.,0
Does it come in other colors?,0
This looks good.,0
This looks good.,0
Nice product!,0
Does it come in other colors?,0
I’m interested in this item.,0
Send me a DM on Facebook: facebook.com/tech_lead,1
Nice product!,0
I’m interested in this item.,0
This looks good.,0
Do you have it in stock?,0
"My contact is 555-354-3824, call me.",1
Can you show more photos?,0
Where do you ship from?,0
How soon can I get it?,0
Can you share your phone number so I can send you details?,1
Can you show more photos?,0
This looks good.,0
This looks good.,0
What are the dimensions?,0
How soon can I get it?,0
Can you show more photos?,0
Does it come in other colors?,0
Do you have it in stock?,0
How soon can I get it?,0
Do you have it in stock?,0
What’s the price?,0
Where do you ship from?,0
Where do you ship from?,0
How soon can I get it?,0
Can you show more photos?,0
Nice product!,0
Nice product!,0
What’s the price?,0
What’s the price?,0
Nice product!,0
Can you show more photos?,0
How soon can I get it?,0
What’s the price?,0
What’s the price?,0
Does it come in other colors?,0
This looks good.,0
Nice product!,0
Can you show more photos?,0
How soon can I get it?,0
I’m interested in this item.,0
Do you have it in stock?,0
Can you show more photos?,0
Message me at user4688@example.com,1
I’m interested in this item.,0
What are the dimensions?,0
This looks good.,0
This looks good.,0
I’m interested in this item.,0
How soon can I get it?,0
How soon can I get it?,0
Where do you ship from?,0
Please email me at user8419@example.com,1
Nice product!,0
What are the dimensions?,0
This looks good.,0
Can you show more photos?,0
How soon can I get it?,0
This looks good.,0
Do you have it in stock?,0
What are the dimensions?,0
Email me at heidi15@email.net,1
Nice product!,0
Where do you ship from?,0
"My contact is 555-140-4346, call me.",1
This looks good.,0
What are the dimensions?,0
What’s the price?,0
How soon can I get it?,0
What’s the price?,0
You can reach me at +1-323-450-8723,1
Does it come in other colors?,0
WhatsApp me at +1-555-933-3060,1
Add me on WhatsApp: (437) 578-9990,1
Does it come in other colors?,0
I’m interested in this item.,0
How soon can I get it?,0
Here is my email: user6824@example.com,1
What are the dimensions?,0
This looks good.,0
Can I have your email address?,1
Do you have it in stock?,0
Nice product!,0
Can you show more photos?,0
How soon can I get it?,0
What are the dimensions?,0
Can you show more photos?,0
Where do you ship from?,0
Email me at grace35@example.com,1
What’s the price?,0
Does it come in other colors?,0
Can you show more photos?,0
You can reach me at +1-721-499-8518,1
This looks good.,0
Message via email: grace17@email.net,1
What are the dimensions?,0
What are the dimensions?,0
What’s the price?,0
How soon can I get it?,0
telegram: t dot me slash coolcat33,1
How soon can I get it?,0
Add me on WhatsApp: 1706268382,1
Hit me up on WhatsApp at +1-929-247-9730,1
What’s the price?,0
What are the dimensions?,0
Where do you ship from?,0
Contact: +1-219-764-3663,1
What’s the price?,0
Does it come in other colors?,0
How soon can I get it?,0
Add me on Facebook (facebook.com/john_doe),1
Nice product!,0
What’s the price?,0
Message me on Snapchat: designer123,1
Nice product!,0
Where do you ship from?,0
How soon can I get it?,0
Where do you ship from?,0
What are the dimensions?,0
Can you show more photos?,0
This looks good.,0
Nice product!,0
How soon can I get it?,0
I’m interested in this item.,0
I’m interested in this item.,0
What are the dimensions?,0
Where do you ship from?,0
Do you have it in stock?,0
reach at t w o o o @example.com,1
Please email me at user6329@example.com,1
Do you have it in stock?,0
What’s the price?,0
This looks good.,0
Does it come in other colors?,0
Nice product!,0
Nice product!,0
How soon can I get it?,0
I’m interested in this item.,0
Please email me at user2437@example.com,1
This looks good.,0
C a l l   m e :   ( 9 9 7 )   2 8 9 - 3 3 9 1,1
What are the dimensions?,0
I’m interested in this item.,0
Can you show more photos?,0
snap me at s-n-a-p fashionista469,1
What are the dimensions?,0
Can you show more photos?,0
What’s the price?,0
What’s the price?,0
What’s the price?,0
How soon can I get it?,0
c   o   n   t   a   c   t   m   e   3 1 5 - 1 9 9 - 5 3 8 6,1
Where do you ship from?,0
WhatsApp me at +1-555-730-3195,1
📧 user1499@example.com,1
Where do you ship from?,0
Contact me via Telegram: @jane.smith,1
Nice product!,0
This looks good.,0
Nice product!,0
Contact me on Skype: alice462,1
Nice product!,0
Can you show more photos?,0
What’s the price?,0
Do you have it in stock?,0
What are the dimensions?,0
What are the dimensions?,0
Does it come in other colors?,0
I’m interested in this item.,0
Nice product!,0
What’s the price?,0
Do you have it in stock?,0
How soon can I get it?,0
This looks good.,0
I’m interested in this item.,0
How soon can I get it?,0
Let's connect on LinkedIn: linkedin.com/in/fashionguru,1
Nice product!,0
Where do you ship from?,0
This looks good.,0
Nice product!,0
Do you have it in stock?,0
Nice product!,0
Nice product!,0
What are the dimensions?,0
c   o   n   t   a   c   t   m   e   + 1   5 9 1   3 0 9   1 6 6 0,1
This looks good.,0
Add me on WhatsApp: 555-937-4774,1
Message me at user406@example.com,1
What’s the price?,0
What are the dimensions?,0
This looks good.,0
What are the dimensions?,0
C o n t a c t :   + 1   4 6 8   1 0 7   7 3 1 8,1
Hit me up on WhatsApp at 555-640-8792,1
Nice product!,0
How soon can I get it?,0
How soon can I get it?,0
I’m interested in this item.,0
This looks good.,0
I’m interested in this item.,0
What are the dimensions?,0
Does it come in other colors?,0
I’m interested in this item.,0
This looks good.,0
How soon can I get it?,0
Snapchat me @ shopper973,1
What’s the price?,0
How soon can I get it?,0
I’m interested in this item.,0
What’s the price?,0
Does it come in other colors?,0
I’m interested in this item.,0
snap me at s-n-a-p coolcat951,1
What’s the price?,0
What’s the price?,0
Can you show more photos?,0
This looks good.,0
This looks good.,0
Nice product!,0
find me at user1552@example.com 😉,1
Where do you ship from?,0
C a l l   m e :   + 1   2 7 1   6 3 6   3 5 0 4,1
I’m interested in this item.,0
Does it come in other colors?,0
Where do you ship from?,0
Text me at +1-789-929-5737,1
How soon can I get it?,0
Where do you ship from?,0
This looks good.,0
Connect on LinkedIn (linkedin.com/in/coolguy42),1
My WeChat ID is designer123,1
📧 user8324@example.com,1
message me via g m a i l at user5214@example.com,1
This looks good.,0
What are the dimensions?,0
fb.com/devguy832,1
Find me on Facebook: https://facebook.com/frank322,1
What’s the price?,0
I’m interested in this item.,0
Follow me on Twitter: @frank706,1
Nice product!,0
get in touch @ user808@example.com,1
Connect on LinkedIn (linkedin.com/in/shop_owner),1
Does it come in other colors?,0
Reach me at +1 176 420 2194,1
Call me at +1 726 601 5525,1
How soon can I get it?,0
Here's my email: user4670@example.com,1
My TikTok: @charlie412,1
Send me a DM on Facebook: facebook.com/shopper99,1
Nice product!,0
Can you show more photos?,0
Can you show more photos?,0
Can you show more photos?,0
Nice product!,0
Does it come in other colors?,0
What are the dimensions?,0
Can you share your phone number so I can send you details?,1
My number is 4457196281,1
How soon can I get it?,0
Connect on LinkedIn (linkedin.com/in/fashionguru),1
Does it come in other colors?,0
How soon can I get it?,0
I’m interested in this item.,0
Does it come in other colors?,0
What are the dimensions?,0
Does it come in other colors?,0
How soon can I get it?,0
How soon can I get it?,0
Do you have it in stock?,0
I’m interested in this item.,0
I’m interested in this item.,0
What are the dimensions?,0
Can I have your email address?,1
Here is my email: user3342@example.com,1
Nice product!,0
Do you have it in stock?,0
Do you have it in stock?,0
Do you have it in stock?,0
What are the dimensions?,0
My number is (731) 954-3751,1
My number is 568-633-5966,1
Where do you ship from?,0
What’s the price?,0
What are the dimensions?,0
What are the dimensions?,0
This looks good.,0
my digits: +1-399-821-1840,1
Nice product!,0
How soon can I get it?,0
Where do you ship from?,0
Send me a DM on Facebook: facebook.com/best_pizza,1
fb.com/coolcat459,1
Add me on Facebook (facebook.com/tech_lead),1
How soon can I get it?,0
Add me on WhatsApp: 555-123-1698,1
How soon can I get it?,0
Do you have it in stock?,0
This looks good.,0
I’m interested in this item.,0
Add me on WhatsApp: (524) 339-3176,1
fb.com/shopper994,1
I’m interested in this item.,0
What are the dimensions?,0
Can I have your email address?,1
What’s the price?,0
What’s the price?,0
Add me on Facebook (facebook.com/fashionguru),1
I’m interested in this item.,0
Find me on Facebook: https://facebook.com/bob167,1
Do you have it in stock?,0
How soon can I get it?,0
WhatsApp me at +1-555-533-1974,1
c   o   n   t   a   c   t   m   e   0 8 5 6 5 1 6 4 2 6,1
Do you have it in stock?,0
Do you have it in stock?,0
What are the dimensions?,0
How soon can I get it?,0
How soon can I get it?,0
Do you have it in stock?,0
Nice product!,0
I’m interested in this item.,0
Nice product!,0
What are the dimensions?,0
I’m interested in this item.,0
snap me at s-n-a-p fashionista121,1
Nice product!,0
Where do you ship from?,0
How soon can I get it?,0
I’m interested in this item.,0
Do you have it in stock?,0
This looks good.,0
Where do you ship from?,0
What’s the price?,0
How soon can I get it?,0
What’s the price?,0
Do you have it in stock?,0
What are the dimensions?,0
This looks good.,0
t e l : +1-795-969-4790,1
How soon can I get it?,0
What’s the price?,0
Can you share your phone number so I can send you details?,1
Where do you ship from?,0
Nice product!,0
snap me at s-n-a-p fashionista843,1
Does it come in other colors?,0
Does it come in other colors?,0
This looks good.,0
Where do you ship from?,0
Do you have it in stock?,0
find me at user1319@example.com 😉,1
How soon can I get it?,0
How soon can I get it?,0
Message me at user6575@example.com,1
Can you show more photos?,0
Do you have it in stock?,0
Can you show more photos?,0
Message me on Snapchat: coolguy42,1
What’s the price?,0
This looks good.,0
c   o   n   t   a   c   t   m   e   7 3 2 - 7 0 4 - 8 9 4 6,1
This looks good.,0
This looks good.,0
What are the dimensions?,0
Do you have it in stock?,0
Can you share your phone number so I can send you details?,1
WhatsApp me at +1-555-102-5059,1
This looks good.,0
Where do you ship from?,0
Send me a DM on Facebook: facebook.com/shop_owner,1
Does it come in other colors?,0
What are the dimensions?,0
Can you show more photos?,0
What are the dimensions?,0
Do you have it in stock?,0
Can you share your phone number so I can send you details?,1
Can you show more photos?,0
Do you have it in stock?,0
Nice product!,0
Does it come in other colors?,0
You can reach me at 555-959-8719,1
What are the dimensions?,0
Where do you ship from?,0
This looks good.,0
I’m interested in this item.,0
Where do you ship from?,0
Does it come in other colors?,0
Nice product!,0
Do you have it in stock?,0
Where do you ship from?,0
Do you have it in stock?,0
How soon can I get it?,0
Can you show more photos?,0
DM me on Instagram @best_pizza,1
This looks good.,0
This looks good.,0
What’s the price?,0
How soon can I get it?,0
Does it come in other colors?,0
Where do you ship from?,0
This looks good.,0
What’s the price?,0
Do you have it in stock?,0
Can you show more photos?,0
What’s the price?,0
Where do you ship from?,0
I’m interested in this item.,0
What are the dimensions?,0
This looks good.,0
This looks good.,0
Does it come in other colors?,0
What’s the price?,0
What are the dimensions?,0
Can you show more photos?,0
How soon can I get it?,0
Nice product!,0
Can you show more photos?,0
I’m interested in this item.,0
Text me at +1-126-923-1468,1
Where do you ship from?,0
Where do you ship from?,0
This looks good.,0
Do you have it in stock?,0
📱 +1-645-817-3552,1
Do you have it in stock?,0
fb.com/devguy759,1
What’s the price?,0
e m a i l m e @ user1279@example.com,1
How soon can I get it?,0
This looks good.,0
This looks good.,0
Nice product!,0
snap me at s-n-a-p coolcat634,1
get in touch @ user4736@example.com,1
Where do you ship from?,0
Nice product!,0
I’m interested in this item.,0
I’m interested in this item.,0
How soon can I get it?,0
Follow me on Twitter: @heidi845,1
Where do you ship from?,0
Where do you ship from?,0
Does it come in other colors?,0
What are the dimensions?,0
Do you have it in stock?,0
What are the dimensions?,0
This looks good.,0
Does it come in other colors?,0
Do you have it in stock?,0
This looks good.,0
Can you show more photos?,0
t e l : +1-504-672-7337,1
This looks good.,0
Can you show more photos?,0
What are the dimensions?,0
What’s the price?,0
This looks good.,0
What are the dimensions?,0
wanna chat? +1-124-869-8035,1
What are the dimensions?,0
What are the dimensions?,0
Here is my email: user3881@example.com,1
What are the dimensions?,0
I’m interested in this item.,0
Email me at charlie75@test.org,1
This looks good.,0
Does it come in other colors?,0
Can you show more photos?,0
I’m interested in this item.,0
my digits: +1-891-734-8158,1
What’s the price?,0
Do you have it in stock?,0
Nice product!,0
What are the dimensions?,0
This looks good.,0
This looks good.,0
How soon can I get it?,0
Can you show more photos?,0
I’m interested in this item.,0
What’s the price?,0
Can you share your phone number so I can send you details?,1
You can reach me at 555-492-6864,1
Text me at (682) 973-2523,1
Can you show more photos?,0
What are the dimensions?,0
How soon can I get it?,0
What’s the price?,0
What are the dimensions?,0
Reach out on WhatsApp at +1-568-279-6076,1
Ping me on Telegram: @heidi526,1
What’s the price?,0
Send me a DM on Facebook: facebook.com/john_doe,1
C a l l   m e :   0 4 9 9 1 1 6 3 0 6,1
How soon can I get it?,0
What’s the price?,0
I’m interested in this item.,0
How soon can I get it?,0
What are the dimensions?,0
Nice product!,0
Where do you ship from?,0
Does it come in other colors?,0
Where do you ship from?,0
Add me on Facebook (facebook.com/fashioneer),1
Where do you ship from?,0
Where do you ship from?,0
Do you have it in stock?,0
Contact via email: charlie93@email.net,1
How soon can I get it?,0
How soon can I get it?,0
Where do you ship from?,0
Do you have it in stock?,0
Nice product!,0
You can reach me at 555-738-3938,1
What’s the price?,0
e m a i l m e @ user318@example.com,1
Add me on WhatsApp: 555-547-3985,1
You can reach me at +1-487-766-5389,1
Can you show more photos?,0
Do you have it in stock?,0
Nice product!,0
Does it come in other colors?,0
Does it come in other colors?,0
Here's my email: user5164@example.com,1
Do you have it in stock?,0
Where do you ship from?,0
What’s the price?,0
Contact me via Telegram: @designer123,1
How soon can I get it?,0
Do you have it in stock?,0
Where do you ship from?,0
Do you have it in stock?,0
Where do you ship from?,0
Nice product!,0
I’m interested in this item.,0
How soon can I get it?,0
You can reach me at 555-922-9559,1
What are the dimensions?,0
Messenger me at 830-062-6383,1
How soon can I get it?,0
Does it come in other colors?,0
Where do you ship from?,0
This looks good.,0
What are the dimensions?,0
Do you have it in stock?,0
My Snapchat is charlie188,1
Where do you ship from?,0
What are the dimensions?,0
What are the dimensions?,0
WhatsApp me at +1-555-389-6083,1
Does it come in other colors?,0
Where do you ship from?,0
Call me at 750-923-2734,1
Let's connect on LinkedIn: https://linkedin.com/in/charlie730,1
What are the dimensions?,0
Where do you ship from?,0
Where do you ship from?,0
What are the dimensions?,0
Where do you ship from?,0
WhatsApp me at +1-555-719-8268,1
Can you show more photos?,0
What are the dimensions?,0
This looks good.,0
I’m interested in this item.,0
Nice product!,0
What’s the price?,0
Please email me at user4880@example.com,1
This looks good.,0
Nice product!,0
Where do you ship from?,0
I’m interested in this item.,0
Can you show more photos?,0
What are the dimensions?,0
Do you have it in stock?,0
Reach me at 4639948460,1
What’s the price?,0
Do you have it in stock?,0
Message me at user1093@example.com,1
What’s the price?,0
Where do you ship from?,0
How soon can I get it?,0
Where do you ship from?,0
Do you have it in stock?,0
What’s the price?,0
Nice product!,0
Send me a DM on Facebook: facebook.com/designer123,1
How soon can I get it?,0
What’s the price?,0
How soon can I get it?,0
This looks good.,0
This looks good.,0
Do you have it in stock?,0
Do you have it in stock?,0
Do you have it in stock?,0
This looks good.,0
Nice product!,0
This looks good.,0
Nice product!,0
Can you show more photos?,0
Nice product!,0
I’m interested in this item.,0
I’m interested in this item.,0
What are the dimensions?,0
Does it come in other colors?,0
Can you show more photos?,0
Can you show more photos?,0
This looks good.,0
How soon can I get it?,0
I’m interested in this item.,0
What’s the price?,0
Does it come in other colors?,0
"My contact is 555-119-8800, call me.",1
WhatsApp me at +1-555-915-2394,1
Snapchat me @ fashionista830,1
Where do you ship from?,0
This looks good.,0
What’s the price?,0
📧 user496@example.com,1
How soon can I get it?,0
C o n t a c t :   + 1   7 9 4   4 4 7   2 3 9 4,1
you can DM me at devguy643 on Insta,1
Here is my email: user8890@example.com,1
Can you show more photos?,0
What’s the price?,0
This looks good.,0
Do you have it in stock?,0
Can you show more photos?,0
Where do you ship from?,0
What’s the price?,0
This looks good.,0
Connect on LinkedIn (linkedin.com/in/shopper737),1
Follow me on Twitter: @eve215,1
What’s the price?,0
Nice product!,0
What’s the price?,0
Does it come in other colors?,0
Where do you ship from?,0
Message via email: grace99@test.org,1
Send me a DM on Facebook: facebook.com/tech_lead,1
I’m interested in this item.,0
snap me at s-n-a-p coolcat339,1
Can you show more photos?,0
I’m interested in this item.,0
What are the dimensions?,0
Where do you ship from?,0
Do you have it in stock?,0
Where do you ship from?,0
my email id is user6621@example.com,1
This looks good.,0
What are the dimensions?,0
Do you have it in stock?,0
Nice product!,0
Do you have it in stock?,0
This looks good.,0
This looks good.,0
Where do you ship from?,0
Where do you ship from?,0
Do you have it in stock?,0
Contact me via Telegram: @fashionguru,1
Connect on LinkedIn (linkedin.com/in/fashioneer),1
I’m interested in this item.,0
Can you show more photos?,0
What are the dimensions?,0
What are the dimensions?,0
This looks good.,0
What’s the price?,0
I’m interested in this item.,0
How soon can I get it?,0
Does it come in other colors?,0
Can I have your email address?,1
Nice product!,0
I’m interested in this item.,0
Here is my email: user4892@example.com,1
Hit me up on WhatsApp at 555-502-5075,1
What’s the price?,0
How soon can I get it?,0
fb.com/devguy204,1
Where do you ship from?,0
I’m interested in this item.,0
What are the dimensions?,0
Do you have it in stock?,0
Do you have it in stock?,0
What’s the price?,0
What’s the price?,0
How soon can I get it?,0
Can you show more photos?,0
Add me on WhatsApp: 555-986-1295,1
You can reach me at 555-391-2777,1
Can you show more photos?,0
Let's connect on LinkedIn: https://linkedin.com/in/grace205,1
What are the dimensions?,0
I’m interested in this item.,0
Does it come in other colors?,0
Can you show more photos?,0
Does it come in other colors?,0
This looks good.,0
get in touch @ user8724@example.com,1
This looks good.,0
Instagram me at (325) 587-8737,1
This looks good.,0
I’m interested in this item.,0
C a l l   m e :   ( 3 0 2 )   5 0 2 - 1 4 1 8,1
Does it come in other colors?,0
I’m interested in this item.,0
What are the dimensions?,0
"Email is user9964@example.com, reach out anytime.",1
Does it come in other colors?,0
Where do you ship from?,0
fb.com/devguy242,1
How soon can I get it?,0
Does it come in other colors?,0
I’m interested in this item.,0
Does it come in other colors?,0
How soon can I get it?,0
How soon can I get it?,0
Do you have it in stock?,0
Do you have it in stock?,0
Do you have it in stock?,0
Can you show more photos?,0
Can you show more photos?,0
📱 +1-666-187-7980,1
What’s the price?,0
Do you have it in stock?,0
How soon can I get it?,0
I’m interested in this item.,0
Add me on Facebook (facebook.com/fashionguru),1
I’m interested in this item.,0
Where do you ship from?,0
This looks good.,0
Nice product!,0
Does it come in other colors?,0
Nice product!,0
What are the dimensions?,0
This looks good.,0
Ping me on Telegram: @grace955,1
I’m interested in this item.,0
"My contact is 555-546-5073, call me.",1
Nice product!,0
What’s the price?,0
Nice product!,0
Connect on LinkedIn (linkedin.com/in/coolcat141),1
Can you show more photos?,0
Does it come in other colors?,0
Do you have it in stock?,0
"My contact is 555-963-7577, call me.",1
You can reach me at 555-362-3179,1
I’m interested in this item.,0
Message me on Snapchat: jane.smith,1
Email me at user1330@example.com,1
Does it come in other colors?,0
Do you have it in stock?,0
DM me on Instagram @john_doe,1
Does it come in other colors?,0
This looks good.,0
Can you show more photos?,0
Where do you ship from?,0
Can you show more photos?,0
Contact via email: frank46@mail.com,1
C o n t a c t :   3 0 7 - 8 7 9 - 2 1 7 8,1
How soon can I get it?,0
This looks good.,0
Mail me: alice72@mail.com,1
How soon can I get it?,0
📧 user9029@example.com,1
Do you have it in stock?,0
Message me at user6092@example.com,1
What’s the price?,0
What are the dimensions?,0
What are the dimensions?,0
Nice product!,0
Does it come in other colors?,0
Nice product!,0
Does it come in other colors?,0
Message me at user9125@example.com,1
My TikTok: @eve254,1
I’m interested in this item.,0
Nice product!,0
What are the dimensions?,0
Add me on Facebook (facebook.com/designer123),1
Contact me on Skype: frank869,1
Nice product!,0
Call me at 896-559-9330,1
This looks good.,0
I’m interested in this item.,0
This looks good.,0
This looks good.,0
Contact via email: heidi49@example.com,1
This looks good.,0
What are the dimensions?,0
Can you show more photos?,0
This looks good.,0
Do you have it in stock?,0
Hit me up on WhatsApp at +1-886-385-1990,1
Add me on Facebook (facebook.com/tech_lead),1
message me via g m a i l at user6690@example.com,1
get in touch @ user9345@example.com,1
This looks good.,0
hmu @ coolcat902,1
This looks good.,0
Add me on WhatsApp: 555-500-5803,1
I’m interested in this item.,0
What are the dimensions?,0
This looks good.,0
Email me at ivan34@mail.com,1
DM me on Instagram @shopper99,1
I’m interested in this item.,0
Send me a DM on Facebook: facebook.com/fashioneer,1
Message me on Snapchat: john_doe,1
This looks good.,0
Follow me on Twitter: @alice139,1
Nice product!,0
What are the dimensions?,0
You can reach me at +1-689-330-2134,1
Can you show more photos?,0
What’s the price?,0
Do you have it in stock?,0
Nice product!,0
What are the dimensions?,0
Where do you ship from?,0
This looks good.,0
This looks good.,0
c   o   n   t   a   c   t   m   e   8 3 2 8 0 6 7 2 3 2,1
What are the dimensions?,0
Does it come in other colors?,0
How soon can I get it?,0
My WeChat ID is coolguy42,1
Can you show more photos?,0
Does it come in other colors?,0
Can you show more photos?,0
Does it come in other colors?,0
Does it come in other colors?,0
Contact me on Skype: ivan196,1
fb.com/shopper532,1
I’m interested in this item.,0
This looks good.,0
I’m interested in this item.,0
Does it come in other colors?,0
Message me at user2765@example.com,1
What are the dimensions?,0
How soon can I get it?,0
What are the dimensions?,0
Nice product!,0
Where do you ship from?,0
Does it come in other colors?,0
Does it come in other colors?,0
Nice product!,0
Where do you ship from?,0
Can you show more photos?,0
Do you have it in stock?,0
How soon can I get it?,0
Follow me on Instagram @best_pizza and DM.,1
What are the dimensions?,0
DM me on Instagram: @charlie634,1
Can you show more photos?,0
Nice product!,0
Does it come in other colors?,0
Where do you ship from?,0
Text me at +1-276-674-2816,1
Do you have it in stock?,0
Can you show more photos?,0
How soon can I get it?,0
Can you show more photos?,0
Connect on LinkedIn (linkedin.com/in/shop_owner),1
Do you have it in stock?,0
You can reach me at 555-958-4720,1
My WeChat ID is tech_lead,1
Where do you ship from?,0
Can you show more photos?,0
My WeChat ID is john_doe,1
Can you show more photos?,0
This looks good.,0
What’s the price?,0
Does it come in other colors?,0
get in touch @ user4590@example.com,1
Where do you ship from?,0
My TikTok: @heidi118,1
c o n t a c t : +1-481-980-8836,1
How soon can I get it?,0
What are the dimensions?,0
What are the dimensions?,0
Do you have it in stock?,0
Do you have it in stock?,0
Nice product!,0
Add me on Facebook (facebook.com/fashioneer),1
I’m interested in this item.,0
Text me at 555-971-6600 for more info.,1
Do you have it in stock?,0
reach at t w o o o @example.com,1
This looks good.,0
Where do you ship from?,0
Can you show more photos?,0
Can you show more photos?,0
my email id is user97@example.com,1
Nice product!,0
This looks good.,0
Nice product!,0
Contact me via Telegram: @jane.smith,1
My number is 7244350524,1
Can you show more photos?,0
How soon can I get it?,0
Does it come in other colors?,0
Reach me at +1 017 247 9744,1
Let's connect on LinkedIn: linkedin.com/in/john_doe,1
What’s the price?,0
Where do you ship from?,0
Nice product!,0
This looks good.,0
Connect on LinkedIn (linkedin.com/in/designer123),1
How soon can I get it?,0
Reach me at +1 251 283 2674,1
This looks good.,0
Nice product!,0
This looks good.,0
I’m interested in this item.,0
My WeChat ID is designer123,1
What’s the price?,0
Where do you ship from?,0
Does it come in other colors?,0
Can you show more photos?,0
What are the dimensions?,0
Can you show more photos?,0
Nice product!,0
fb.com/fashionista603,1
Follow me on Twitter: @grace992,1
This looks good.,0
I’m interested in this item.,0
This looks good.,0
Text me at 555-115-6578 for more info.,1
Does it come in other colors?,0
Can you show more photos?,0
my digits: +1-415-966-6899,1
What’s the price?,0
Where do you ship from?,0
Where do you ship from?,0
Where do you ship from?,0
What’s the price?,0
What are the dimensions?,0
Here is my email: user2157@example.com,1
Contact via email: ivan88@email.net,1
What’s the price?,0
I’m interested in this item.,0
This looks good.,0
Can you show more photos?,0
Do you have it in stock?,0
Call me at 985-780-1655,1
I’m interested in this item.,0
Connect on LinkedIn (linkedin.com/in/tech_lead),1
Nice product!,0
Does it come in other colors?,0
Does it come in other colors?,0
Add me on WhatsApp: (481) 031-2468,1
Add me on Facebook (facebook.com/best_pizza),1
Message me on Snapchat: best_pizza,1
I’m interested in this item.,0
Can you show more photos?,0
Where do you ship from?,0
This looks good.,0
This looks good.,0
What’s the price?,0
Follow me on Twitter: @eve995,1
WhatsApp me at +1-555-706-8046,1
WhatsApp me at +1-555-672-5279,1
Does it come in other colors?,0
my digits: +1-410-310-4987,1
Call me at 328-078-8682,1
Where do you ship from?,0
How soon can I get it?,0
Where do you ship from?,0
Does it come in other colors?,0
What’s the price?,0
How soon can I get it?,0
What’s the price?,0
This looks good.,0
Does it come in other colors?,0
How soon can I get it?,0
Let's connect on LinkedIn: linkedin.com/in/shopper99,1
I’m interested in this item.,0
What’s the price?,0
What’s the price?,0
I’m interested in this item.,0
Does it come in other colors?,0
How soon can I get it?,0
📧 user8002@example.com,1
How soon can I get it?,0
My Snapchat is ivan799,1
Does it come in other colors?,0
What’s the price?,0
Here is my email: user7518@example.com,1
What’s the price?,0
What’s the price?,0
I’m interested in this item.,0
Where do you ship from?,0
This looks good.,0
Can you show more photos?,0
This looks good.,0
Follow me on Instagram @best_pizza and DM.,1
How soon can I get it?,0
Contact: +1-176-216-4378,1
Do you have it in stock?,0
DM me on Instagram: @grace688,1
DM me on Instagram @shop_owner,1
Do you have it in stock?,0
How soon can I get it?,0
Does it come in other colors?,0
Do you have it in stock?,0
Does it come in other colors?,0
Reach me at +1 231 295 3146,1
This looks good.,0
How soon can I get it?,0
Where do you ship from?,0
This looks good.,0
DM me on Instagram @tech_lead,1
C o n t a c t :   7 3 1 - 1 0 2 - 3 3 6 2,1
Where do you ship from?,0
How soon can I get it?,0
What’s the price?,0
Snapchat me at (890) 071-8713,1
Where do you ship from?,0
I’m interested in this item.,0
What are the dimensions?,0
I’m interested in this item.,0
What are the dimensions?,0
What’s the price?,0
Does it come in other colors?,0
This looks good.,0
This looks good.,0
Twitter me at (001) 852-2636,1
Does it come in other colors?,0
Do you have it in stock?,0
Nice product!,0
This looks good.,0
Does it come in other colors?,0
Does it come in other colors?,0
Can you show more photos?,0
DM me on Facebook: facebook.com/shopper132,1
What are the dimensions?,0
Where do you ship from?,0
Add me on WhatsApp: (430) 077-3252,1
How soon can I get it?,0
Where do you ship from?,0
Do you have it in stock?,0
Follow me on Instagram @tech_lead and DM.,1
What’s the price?,0
Do you have it in stock?,0
Add me on Facebook (facebook.com/tech_lead),1
Send me a DM on Facebook: facebook.com/john_doe,1
Can you show more photos?,0
Add me on WhatsApp: 896-307-4845,1
I’m interested in this item.,0
What’s the price?,0
How soon can I get it?,0
I’m interested in this item.,0
Can you show more photos?,0
Can you show more photos?,0
Can you show more photos?,0
Message me on Snapchat: jane.smith,1
Do you have it in stock?,0
Can you show more photos?,0
Where do you ship from?,0
This looks good.,0
Hit me up on WhatsApp at 555-321-8548,1
Do you have it in stock?,0
How soon can I get it?,0
Does it come in other colors?,0
What are the dimensions?,0
I’m interested in this item.,0
How soon can I get it?,0
Does it come in other colors?,0
How soon can I get it?,0
Where do you ship from?,0
I’m interested in this item.,0
Do you have it in stock?,0
I’m interested in this item.,0
Does it come in other colors?,0
Can you show more photos?,0
This looks good.,0
I’m interested in this item.,0
DM me on Instagram @shopper99,1
Nice product!,0
Do you have it in stock?,0
Can you show more photos?,0
c   o   n   t   a   c   t   m   e   + 1   9 7 6   1 9 2   0 6 9 4,1
What’s the price?,0
reach at t w o o o @example.com,1
Can you show more photos?,0
What’s the price?,0
Can you show more photos?,0
This looks good.,0
Do you have it in stock?,0
Message me on Signal: (887) 737-0568,1
How soon can I get it?,0
How soon can I get it?,0
Can you show more photos?,0
I’m interested in this item.,0
What are the dimensions?,0
What’s the price?,0
Can you share your phone number so I can send you details?,1
This looks good.,0
Do you have it in stock?,0
reach at t w o o o @example.com,1
Nice product!,0
Text me at +1-465-563-9920,1
This looks good.,0
Nice product!,0
Do you have it in stock?,0
Does it come in other colors?,0
I’m interested in this item.,0
Where do you ship from?,0
This looks good.,0
Do you have it in stock?,0
Can you show more photos?,0
This looks good.,0
This looks good.,0
Do you have it in stock?,0
What’s the price?,0
C o n t a c t :   9 9 4 - 6 2 5 - 1 8 8 8,1
Where do you ship from?,0
Here is my email: user9084@example.com,1
Can you show more photos?,0
This looks good.,0
I’m interested in this item.,0
What are the dimensions?,0
"Email is user7558@example.com, reach out anytime.",1
I’m interested in this item.,0
Can you show more photos?,0
Where do you ship from?,0
My Snapchat is david523,1
I’m interested in this item.,0
What’s the price?,0
Nice product!,0
This looks good.,0
Do you have it in stock?,0
I’m interested in this item.,0
Contact me via Telegram: @shopper99,1
Does it come in other colors?,0
What’s the price?,0
What are the dimensions?,0
How soon can I get it?,0
I’m interested in this item.,0
This looks good.,0
Can you show more photos?,0
Add me on WhatsApp: 555-974-3034,1
Can you show more photos?,0
Does it come in other colors?,0
Nice product!,0
Nice product!,0
DM me on Instagram: @david108,1
What’s the price?,0
Instagram me at 2097272806,1
Do you have it in stock?,0
Can you show more photos?,0
I’m interested in this item.,0
Where do you ship from?,0
Does it come in other colors?,0
Does it come in other colors?,0
This looks good.,0
Nice product!,0
Does it come in other colors?,0
I’m interested in this item.,0
Where do you ship from?,0
Nice product!,0
I’m interested in this item.,0
What’s the price?,0
This looks good.,0
How soon can I get it?,0
Message me on Snapchat: best_pizza,1
How soon can I get it?,0
I’m interested in this item.,0
Nice product!,0
Can you show more photos?,0
Call me at 9144839539,1
Nice product!,0
Contact me via Telegram: @coolguy42,1
Nice product!,0
Nice product!,0
Does it come in other colors?,0
Does it come in other colors?,0
e m a i l m e @ user8070@example.com,1
What’s the price?,0
Connect on LinkedIn (linkedin.com/in/john_doe),1
Can you show more photos?,0
Can you show more photos?,0
Here's my email: user3654@example.com,1
This looks good.,0
Does it come in other colors?,0
Can you show more photos?,0
Nice product!,0
Do you have it in stock?,0
📱 +1-353-662-8272,1
Do you have it in stock?,0
Find me on Facebook: https://facebook.com/charlie102,1
Message me on Snapchat: shopper99,1
Text me at +1-571-126-8296,1
Do you have it in stock?,0
How soon can I get it?,0
"My contact is 555-988-3788, call me.",1
This looks good.,0
I’m interested in this item.,0
Does it come in other colors?,0
Can you show more photos?,0
Where do you ship from?,0
What are the dimensions?,0
How soon can I get it?,0
Nice product!,0
How soon can I get it?,0
Telegram me at 0863422552,1
Add me on Facebook (facebook.com/shopper99),1
This looks good.,0
Does it come in other colors?,0
Nice product!,0
Can you show more photos?,0
I’m interested in this item.,0
This looks good.,0
Text me at +1 517 370 0466,1
How soon can I get it?,0
I’m interested in this item.,0
my email id is user4121@example.com,1
What are the dimensions?,0
This looks good.,0
What are the dimensions?,0
I’m interested in this item.,0
This looks good.,0
I’m interested in this item.,0
Nice product!,0
Where do you ship from?,0
get in touch @ user1190@example.com,1
What’s the price?,0
What are the dimensions?,0
Do you have it in stock?,0
Where do you ship from?,0
Message me on Snapchat: coolguy42,1
This looks good.,0
hmu @ devguy68,1
How soon can I get it?,0
Let's connect on LinkedIn: linkedin.com/in/shopper99,1
How soon can I get it?,0
Where do you ship from?,0
Can you show more photos?,0
Can I have your email address?,1
wanna chat? +1-659-656-5450,1
Nice product!,0
How soon can I get it?,0
This looks good.,0
This looks good.,0
This looks good.,0
Where do you ship from?,0
What are the dimensions?,0
I’m interested in this item.,0
I’m interested in this item.,0
How soon can I get it?,0
What’s the price?,0
"My contact is 555-947-3250, call me.",1
This looks good.,0
Nice product!,0
Does it come in other colors?,0
Connect on LinkedIn (linkedin.com/in/fashionista354),1
I’m interested in this item.,0
How soon can I get it?,0
I’m interested in this item.,0
Nice product!,0
What’s the price?,0
What’s the price?,0
Nice product!,0
h e i d i 2 8 @ t e s t . o r g,1
Mail me: judy23@example.com,1
What are the dimensions?,0
What’s the price?,0
I’m interested in this item.,0
What are the dimensions?,0
Where do you ship from?,0
What are the dimensions?,0
How soon can I get it?,0
Email me at eve90@mail.com,1
Hit me up on WhatsApp at +1-790-994-7660,1
I’m interested in this item.,0
How soon can I get it?,0
What’s the price?,0
How soon can I get it?,0
How soon can I get it?,0
How soon can I get it?,0
Nice product!,0
What’s the price?,0
What are the dimensions?,0
Does it come in other colors?,0
Does it come in other colors?,0
What are the dimensions?,0
Can you show more photos?,0
How soon can I get it?,0
Can you show more photos?,0
DM me on Instagram: @heidi95,1
Nice product!,0
Can I have your email address?,1
What are the dimensions?,0
Nice product!,0
Can you show more photos?,0
My Snapchat is judy465,1
e m a i l m e @ user324@example.com,1
snap me at s-n-a-p fashionista3,1
Do you have it in stock?,0
Where do you ship from?,0
Where do you ship from?,0
Let's connect on LinkedIn: https://linkedin.com/in/eve470,1
Where do you ship from?,0
I’m interested in this item.,0
This looks good.,0
I’m interested in this item.,0
What are the dimensions?,0
Where do you ship from?,0
How soon can I get it?,0
Please email me at user1225@example.com,1
How soon can I get it?,0
Reach me at +1 058 033 7146,1
Do you have it in stock?,0
Ping me on Telegram: @judy751,1
I’m interested in this item.,0
Nice product!,0
I’m interested in this item.,0
This looks good.,0
Find me on Facebook: https://facebook.com/frank240,1
Where do you ship from?,0
I’m interested in this item.,0
This looks good.,0
How soon can I get it?,0
What’s the price?,0
Does it come in other colors?,0
Nice product!,0
Follow me on Instagram @john_doe and DM.,1
My number is 072-969-1009,1
Where do you ship from?,0
How soon can I get it?,0
What’s the price?,0
Can you show more photos?,0
My WeChat ID is tech_lead,1
Does it come in other colors?,0
This looks good.,0
Can you share your phone number so I can send you details?,1
Contact: +1-589-575-5155,1
Nice product!,0
What’s the price?,0
Does it come in other colors?,0
Where do you ship from?,0
How soon can I get it?,0
How soon can I get it?,0
Does it come in other colors?,0
Can you show more photos?,0
Hit me up on WhatsApp at 555-167-9458,1
Where do you ship from?,0
Contact via email: judy41@example.com,1
Do you have it in stock?,0
Do you have it in stock?,0
I’m interested in this item.,0
This looks good.,0
I’m interested in this item.,0
C a l l   m e :   5 3 4 - 2 7 3 - 4 0 5 2,1
This looks good.,0
How soon can I get it?,0
Can you show more photos?,0
What’s the price?,0
I’m interested in this item.,0
Contact: +1-491-496-2338,1
Does it come in other colors?,0
What’s the price?,0
Nice product!,0
What are the dimensions?,0
Do you have it in stock?,0
Do you have it in stock?,0
Nice product!,0
What are the dimensions?,0
Can you show more photos?,0
Do you have it in stock?,0
Can you show more photos?,0
Nice product!,0
Let's connect on LinkedIn: linkedin.com/in/fashionguru,1
message me via g m a i l at user7574@example.com,1
Where do you ship from?,0
Can you show more photos?,0
I’m interested in this item.,0
I’m interested in this item.,0
What’s the price?,0
Nice product!,0
What are the dimensions?,0
This looks good.,0
Does it come in other colors?,0
Can you share your phone number so I can send you details?,1
Do you have it in stock?,0
What are the dimensions?,0
This looks good.,0
Add me on WhatsApp: 555-233-7603,1
Where do you ship from?,0
What’s the price?,0
What’s the price?,0
Where do you ship from?,0
How soon can I get it?,0
snap me at s-n-a-p coolcat165,1
How soon can I get it?,0
Do you have it in stock?,0
Do you have it in stock?,0
Do you have it in stock?,0
Nice product!,0
I’m interested in this item.,0
Where do you ship from?,0
Do you have it in stock?,0
Nice product!,0
Does it come in other colors?,0
Does it come in other colors?,0
Do you have it in stock?,0
Can you show more photos?,0
Contact me via Telegram: @shopper99,1
Do you have it in stock?,0
Nice product!,0
I’m interested in this item.,0
What’s the price?,0
What’s the price?,0
Does it come in other colors?,0
How soon can I get it?,0
Where do you ship from?,0
What’s the price?,0
This looks good.,0
Do you have it in stock?,0
you can DM me at coolcat696 on Insta,1
Send me a DM on Facebook: facebook.com/fashionguru,1
c o n t a c t : +1-591-283-1038,1
Can you show more photos?,0
How soon can I get it?,0
Does it come in other colors?,0
Can you share your phone number so I can send you details?,1
Connect on LinkedIn (linkedin.com/in/shop_owner),1
"Email is user6867@example.com, reach out anytime.",1
What’s the price?,0
Where do you ship from?,0
What’s the price?,0
I’m interested in this item.,0
What’s the price?,0
Where do you ship from?,0
Here is my email: user5366@example.com,1
This looks good.,0
Message me on Snapchat: designer123,1
Where do you ship from?,0
This looks good.,0
What’s the price?,0
What are the dimensions?,0
What’s the price?,0
How soon can I get it?,0
Can you show more photos?,0
Send me a DM on Facebook: facebook.com/tech_lead,1
Hit me up on WhatsApp at 555-655-7240,1
Text me at 555-474-1712 for more info.,1
Text me at +1-984-108-6411,1
Ping me on Telegram: @eve88,1
I’m interested in this item.,0
I’m interested in this item.,0
What are the dimensions?,0
This looks good.,0
This looks good.,0
You can reach me at 555-196-7246,1
Nice product!,0
reach at t w o o o @example.com,1
What are the dimensions?,0
This looks good.,0
Does it come in other colors?,0
This looks good.,0
What’s the price?,0
How soon can I get it?,0
Nice product!,0
Ping me on Telegram: @grace704,1
I’m interested in this item.,0
Can you show more photos?,0
Where do you ship from?,0
How soon can I get it?,0
Mail me: heidi33@email.net,1
How soon can I get it?,0
I’m interested in this item.,0
I’m interested in this item.,0
Let's connect on LinkedIn: linkedin.com/in/coolguy42,1
Facebook me at 2790431750,1
Can I have your email address?,1
Follow me on Twitter: @heidi59,1
Does it come in other colors?,0
This looks good.,0
Can you show more photos?,0
Hit me up on WhatsApp at 555-413-4040,1
How soon can I get it?,0
I’m interested in this item.,0
get in touch @ user7677@example.com,1
My Snapchat is alice631,1
Nice product!,0
Can you show more photos?,0
What are the dimensions?,0
Ping me on Telegram: @heidi146,1
I’m interested in this item.,0
g r a c e 7 4 @ e m a i l . n e t,1
This looks good.,0
telegram: t dot me slash devguy313,1
How soon can I get it?,0
This looks good.,0
Do you have it in stock?,0
I’m interested in this item.,0
What are the dimensions?,0
message me via g m a i l at user1600@example.com,1
This looks good.,0
I’m interested in this item.,0
Where do you ship from?,0
Do you have it in stock?,0
I’m interested in this item.,0
What’s the price?,0
Nice product!,0
What are the dimensions?,0
How soon can I get it?,0
Do you have it in stock?,0
What’s the price?,0
Add me on WhatsApp: 555-593-1524,1
Do you have it in stock?,0
I’m interested in this item.,0
I’m interested in this item.,0
This looks good.,0
I’m interested in this item.,0
What are the dimensions?,0
Do you have it in stock?,0
Does it come in other colors?,0
This looks good.,0
What are the dimensions?,0
Where do you ship from?,0
C a l l   m e :   1 1 1 4 4 7 1 2 5 7,1
Find me on Facebook: https://facebook.com/heidi366,1
Nice product!,0
Message me on Signal: (619) 551-0095,1
How soon can I get it?,0
I’m interested in this item.,0
I’m interested in this item.,0
Nice product!,0
What are the dimensions?,0
Does it come in other colors?,0
What’s the price?,0
Find me on Facebook: https://facebook.com/charlie996,1
Can you show more photos?,0
This looks good.,0
Does it come in other colors?,0
Contact: +1-503-593-7306,1
I’m interested in this item.,0
Where do you ship from?,0
DM me on Facebook: facebook.com/shopper618,1
Do you have it in stock?,0
How soon can I get it?,0
C a l l   m e :   ( 8 9 7 )   0 8 0 - 8 6 4 0,1
What are the dimensions?,0
Does it come in other colors?,0
Does it come in other colors?,0
What’s the price?,0
I’m interested in this item.,0
How soon can I get it?,0
This looks good.,0
Where do you ship from?,0
Does it come in other colors?,0
Nice product!,0
t e l : +1-112-447-7403,1
my digits: +1-160-938-7046,1
Can you show more photos?,0
What’s the price?,0
What’s the price?,0
What’s the price?,0
I’m interested in this item.,0
Add me on Facebook (facebook.com/tech_lead),1
wanna chat? +1-330-910-5489,1
Where do you ship from?,0
Nice product!,0
What are the dimensions?,0
get in touch @ user9271@example.com,1
What are the dimensions?,0
Hit me up on WhatsApp at +1-397-400-7270,1
Does it come in other colors?,0
Does it come in other colors?,0
Does it come in other colors?,0
Does it come in other colors?,0
How soon can I get it?,0
Nice product!,0
What’s the price?,0
Add me on Facebook (facebook.com/coolguy42),1
What are the dimensions?,0
Does it come in other colors?,0
How soon can I get it?,0
What’s the price?,0
Mail me: heidi7@test.org,1
Nice product!,0
I’m interested in this item.,0
Hit me up on WhatsApp at +1-422-748-6446,1
What are the dimensions?,0
Message via email: eve23@email.net,1
Does it come in other colors?,0
Add me on WhatsApp: 555-190-5522,1
Do you have it in stock?,0
What are the dimensions?,0
This looks good.,0
Where do you ship from?,0
Do you have it in stock?,0
Does it come in other colors?,0
Contact me via Telegram: @tech_lead,1
Do you have it in stock?,0
Nice product!,0
I’m interested in this item.,0
How soon can I get it?,0
Send me a DM on Facebook: facebook.com/shop_owner,1
What are the dimensions?,0
This looks good.,0
Contact me on Skype: eve575,1
Does it come in other colors?,0
📧 user3139@example.com,1
Does it come in other colors?,0
c   o   n   t   a   c   t   m   e   1 2 8 - 3 6 2 - 6 0 3 7,1
Do you have it in stock?,0
Text me at +1-171-827-7873,1
Where do you ship from?,0
What are the dimensions?,0
This looks good.,0
What are the dimensions?,0
Here is my email: user3462@example.com,1
This looks good.,0
Please email me at user3971@example.com,1
Nice product!,0
What’s the price?,0
Here is my email: user6192@example.com,1
I’m interested in this item.,0
Do you have it in stock?,0
Where do you ship from?,0
What’s the price?,0
How soon can I get it?,0
What’s the price?,0
Can you show more photos?,0
I’m interested in this item.,0
Can you show more photos?,0
Nice product!,0
What are the dimensions?,0
How soon can I get it?,0
Where do you ship from?,0
What are the dimensions?,0
Here is my email: user3786@example.com,1
Can you show more photos?,0
Add me on Facebook (facebook.com/shopper99),1
I’m interested in this item.,0
Does it come in other colors?,0
This looks good.,0
Where do you ship from?,0
Does it come in other colors?,0
I’m interested in this item.,0
Can you show more photos?,0
How soon can I get it?,0
Connect on LinkedIn (linkedin.com/in/coolcat16),1
Follow me on Instagram @shop_owner and DM.,1
Can you show more photos?,0
Where do you ship from?,0
What are the dimensions?,0
DM me on Facebook: facebook.com/shopper383,1
This looks good.,0
This looks good.,0
Can you show more photos?,0
What’s the price?,0
I’m interested in this item.,0
Does it come in other colors?,0
Can you show more photos?,0
Nice product!,0
find me at user3232@example.com 😉,1
What are the dimensions?,0
How soon can I get it?,0
Nice product!,0
How soon can I get it?,0
What are the dimensions?,0
Nice product!,0
my digits: +1-211-139-4307,1
Do you have it in stock?,0
DM me on Instagram: @charlie897,1
What’s the price?,0
t e l : +1-987-932-7537,1
What’s the price?,0
Does it come in other colors?,0
This looks good.,0
Here is my email: user5585@example.com,1
I’m interested in this item.,0
This looks good.,0
I’m interested in this item.,0
How soon can I get it?,0
What are the dimensions?,0
Nice product!,0
This looks good.,0
Nice product!,0
Nice product!,0
What are the dimensions?,0
Do you have it in stock?,0
Where do you ship from?,0
My number is +1 411 015 2338,1
C a l l   m e :   9 0 7 6 1 8 3 4 5 9,1
Does it come in other colors?,0
This looks good.,0
I’m interested in this item.,0
What are the dimensions?,0
This looks good.,0
Nice product!,0
What’s the price?,0
Let's connect on LinkedIn: https://linkedin.com/in/grace273,1
I’m interested in this item.,0
Do you have it in stock?,0
This looks good.,0
What are the dimensions?,0
Does it come in other colors?,0
What’s the price?,0
This looks good.,0
my digits: +1-721-792-5668,1
Nice product!,0
Reach me at (649) 599-1041,1
What’s the price?,0
Do you have it in stock?,0
What’s the price?,0
I’m interested in this item.,0
What’s the price?,0
Where do you ship from?,0
Do you have it in stock?,0
This looks good.,0
I’m interested in this item.,0
This looks good.,0
What are the dimensions?,0
Does it come in other colors?,0
This looks good.,0
my digits: +1-569-865-9213,1
How soon can I get it?,0
Does it come in other colors?,0
This looks good.,0
Can you show more photos?,0
What’s the price?,0
Ping me on Telegram: @ivan788,1
Send me a DM on Facebook: facebook.com/jane.smith,1
Does it come in other colors?,0
Does it come in other colors?,0
How soon can I get it?,0
What are the dimensions?,0
Where do you ship from?,0
Nice product!,0
Do you have it in stock?,0
I’m interested in this item.,0
This looks good.,0
get in touch @ user2853@example.com,1
I’m interested in this item.,0
How soon can I get it?,0
What are the dimensions?,0
Do you have it in stock?,0
How soon can I get it?,0
What’s the price?,0
Does it come in other colors?,0
You can reach me at 555-111-3794,1
What are the dimensions?,0
What are the dimensions?,0
Does it come in other colors?,0
Where do you ship from?,0
Add me on WhatsApp: (269) 948-7292,1
Do you have it in stock?,0
How soon can I get it?,0
I’m interested in this item.,0
I’m interested in this item.,0
This looks good.,0
Can you show more photos?,0
What are the dimensions?,0
What’s the price?,0
Where do you ship from?,0
I’m interested in this item.,0
What’s the price?,0
Do you have it in stock?,0
Here is my email: user1014@example.com,1
I’m interested in this item.,0
Nice product!,0
Can you share your phone number so I can send you details?,1
Can you show more photos?,0
This looks good.,0
Do you have it in stock?,0
Can you show more photos?,0
My WeChat ID is shopper99,1
What are the dimensions?,0
What’s the price?,0
Do you have it in stock?,0
This looks good.,0
I’m interested in this item.,0
Does it come in other colors?,0
What are the dimensions?,0
Nice product!,0
WhatsApp me at +1-555-957-1475,1
What’s the price?,0
This looks good.,0
my email id is user9417@example.com,1
Find me on Facebook: https://facebook.com/ivan136,1
How soon can I get it?,0
Where do you ship from?,0
Does it come in other colors?,0
Nice product!,0
Nice product!,0
Can you show more photos?,0
How soon can I get it?,0
Nice product!,0
snap me at s-n-a-p devguy434,1
Nice product!,0
What’s the price?,0
This looks good.,0
How soon can I get it?,0
Does it come in other colors?,0
Message me on Snapchat: jane.smith,1
Message me on Signal: (240) 476-0227,1
Nice product!,0
What are the dimensions?,0
Text me at 555-633-8369 for more info.,1
Do you have it in stock?,0
Can you show more photos?,0
message me via g m a i l at user652@example.com,1
What’s the price?,0
I’m interested in this item.,0
Nice product!,0
I’m interested in this item.,0
This looks good.,0
Does it come in other colors?,0
What are the dimensions?,0
Nice product!,0
Can you share your phone number so I can send you details?,1
What’s the price?,0
Can you show more photos?,0
wanna chat? +1-753-727-1793,1
Can you show more photos?,0
I’m interested in this item.,0
What’s the price?,0
Can you show more photos?,0
Does it come in other colors?,0
Email me at frank18@example.com,1
Call me at 233-731-3482,1
What’s the price?,0
Nice product!,0
Nice product!,0
Nice product!,0
Does it come in other colors?,0
Can you share your phone number so I can send you details?,1
Nice product!,0
Can you show more photos?,0
I’m interested in this item.,0
Does it come in other colors?,0
Where do you ship from?,0
Does it come in other colors?,0
Does it come in other colors?,0
Nice product!,0
Do you have it in stock?,0
Connect on LinkedIn (linkedin.com/in/designer123),1
wanna chat? +1-235-330-5529,1
Can you show more photos?,0
How soon can I get it?,0
Nice product!,0
C o n t a c t :   9 2 7 7 4 2 6 3 1 3,1
Message me on Snapchat: john_doe,1
What’s the price?,0
What’s the price?,0
How soon can I get it?,0
What are the dimensions?,0
What’s the price?,0
Can you show more photos?,0
This looks good.,0
Can you show more photos?,0
What’s the price?,0
What are the dimensions?,0
Where do you ship from?,0
find me at user7430@example.com 😉,1
I’m interested in this item.,0
Nice product!,0
Let's connect on LinkedIn: linkedin.com/in/designer123,1
Email me at david24@example.com,1
Message me at user8037@example.com,1
Follow me on Instagram @shop_owner and DM.,1
What are the dimensions?,0
Do you have it in stock?,0
What’s the price?,0
My Snapchat is ivan660,1
Do you have it in stock?,0
Where do you ship from?,0
Where do you ship from?,0
Can you show more photos?,0
I’m interested in this item.,0
How soon can I get it?,0
my email id is user1257@example.com,1
Nice product!,0
Here is my email: user7296@example.com,1
What are the dimensions?,0
Where do you ship from?,0
Where do you ship from?,0
I’m interested in this item.,0
I’m interested in this item.,0
Nice product!,0
Can you show more photos?,0
Connect on LinkedIn (linkedin.com/in/coolguy42),1
This looks good.,0
c   o   n   t   a   c   t   m   e   8 4 3 8 7 7 8 8 5 2,1
What are the dimensions?,0
What are the dimensions?,0
I’m interested in this item.,0
my email id is user4689@example.com,1
Twitter me at 2043039905,1
What’s the price?,0
Can you show more photos?,0
What’s the price?,0
Do you have it in stock?,0
This looks good.,0
What’s the price?,0
I’m interested in this item.,0
Does it come in other colors?,0
Does it come in other colors?,0
Can you show more photos?,0
Contact: +1-380-311-1679,1
What’s the price?,0
reach at t w o o o @example.com,1
Can you show more photos?,0
Where do you ship from?,0
Can you show more photos?,0
Does it come in other colors?,0
Where do you ship from?,0
Text me at +1-877-725-6631,1
📧 user9869@example.com,1
Does it come in other colors?,0
Does it come in other colors?,0
How soon can I get it?,0
Where do you ship from?,0
How soon can I get it?,0
Can you show more photos?,0
What are the dimensions?,0
Does it come in other colors?,0
Does it come in other colors?,0
Do you have it in stock?,0
Email me at user3266@example.com,1
What’s the price?,0
This looks good.,0
I’m interested in this item.,0
DM me on Facebook: facebook.com/fashionista671,1
What’s the price?,0
What are the dimensions?,0
What’s the price?,0
What’s the price?,0
I’m interested in this item.,0
What’s the price?,0
Hit me up on WhatsApp at +1-889-771-5118,1
Can you show more photos?,0
How soon can I get it?,0
What are the dimensions?,0
Find me on Facebook: https://facebook.com/david426,1
Does it come in other colors?,0
get in touch @ user2143@example.com,1
Hit me up on WhatsApp at 555-644-2746,1
Can you show more photos?,0
How soon can I get it?,0
Nice product!,0
What’s the price?,0
I’m interested in this item.,0
What are the dimensions?,0
Contact me on Skype: charlie930,1
Can you show more photos?,0
Does it come in other colors?,0
Email me at frank15@mail.com,1
I’m interested in this item.,0
Where do you ship from?,0
Can you show more photos?,0
Contact me on Skype: ivan443,1
What’s the price?,0
Do you have it in stock?,0
I’m interested in this item.,0
This looks good.,0
Can you show more photos?,0
What’s the price?,0
Where do you ship from?,0
This looks good.,0
What’s the price?,0
Where do you ship from?,0
I’m interested in this item.,0
Does it come in other colors?,0
Where do you ship from?,0
What’s the price?,0
Does it come in other colors?,0
Ping me on Telegram: @heidi323,1
How soon can I get it?,0
How soon can I get it?,0
Text me at 555-335-5665 for more info.,1
my digits: +1-290-578-4475,1
Nice product!,0
What are the dimensions?,0
Do you have it in stock?,0
Nice product!,0
How soon can I get it?,0
Does it come in other colors?,0
C o n t a c t :   1 0 4 4 2 7 4 1 9 1,1
How soon can I get it?,0
Let's connect on LinkedIn: https://linkedin.com/in/alice373,1
Do you have it in stock?,0
Contact me on Skype: alice96,1
What are the dimensions?,0
How soon can I get it?,0
What are the dimensions?,0
Let's connect on LinkedIn: https://linkedin.com/in/frank746,1
How soon can I get it?,0
What are the dimensions?,0
Does it come in other colors?,0
I’m interested in this item.,0
Nice product!,0
I’m interested in this item.,0
How soon can I get it?,0
Can you show more photos?,0
This looks good.,0
Let's connect on LinkedIn: https://linkedin.com/in/heidi404,1
Follow me on Instagram @jane.smith and DM.,1
Where do you ship from?,0
Reach out on WhatsApp at +1-227-493-7290,1
You can reach me at +1-392-912-7253,1
you can DM me at devguy33 on Insta,1
What are the dimensions?,0
Do you have it in stock?,0
What are the dimensions?,0
How soon can I get it?,0
How soon can I get it?,0
Nice product!,0
What are the dimensions?,0
How soon can I get it?,0
I’m interested in this item.,0
Where do you ship from?,0
Does it come in other colors?,0
What’s the price?,0
I’m interested in this item.,0
Nice product!,0
c o n t a c t : +1-716-350-7670,1
Do you have it in stock?,0
Do you have it in stock?,0
Does it come in other colors?,0
How soon can I get it?,0
Can you show more photos?,0
Contact me on Skype: judy377,1
This looks good.,0
What are the dimensions?,0
How soon can I get it?,0
Connect on LinkedIn (linkedin.com/in/best_pizza),1
Nice product!,0
Where do you ship from?,0
Can you show more photos?,0
How soon can I get it?,0
Where do you ship from?,0
This looks good.,0
You can reach me at 555-557-5578,1
This looks good.,0
Nice product!,0
Do you have it in stock?,0
Add me on WhatsApp: 3281626046,1
Nice product!,0
What’s the price?,0
Do you have it in stock?,0
Where do you ship from?,0
Does it come in other colors?,0
What are the dimensions?,0
I’m interested in this item.,0
This looks good.,0
Facebook me at 131-119-5391,1
Does it come in other colors?,0
Do you have it in stock?,0
Can you show more photos?,0
What are the dimensions?,0
Can you show more photos?,0
Nice product!,0
What are the dimensions?,0
This looks good.,0
Send me a DM on Facebook: facebook.com/john_doe,1
Email me at alice9@mail.com,1
I’m interested in this item.,0
Text me at (400) 699-3281,1
What are the dimensions?,0
What are the dimensions?,0
Does it come in other colors?,0
Do you have it in stock?,0
Nice product!,0
Can you show more photos?,0
Does it come in other colors?,0
Where do you ship from?,0
Can you show more photos?,0
Text me at +1-542-905-9089,1
What are the dimensions?,0
How soon can I get it?,0
Can you show more photos?,0
Can you show more photos?,0
My WeChat ID is fashioneer,1
c   o   n   t   a   c   t   m   e   3 5 8 - 0 1 8 - 1 1 2 3,1
wanna chat? +1-633-386-3747,1
I’m interested in this item.,0
Call me at +1 096 508 8817,1
hmu @ shopper291,1
Message me on Signal: +1 338 736 1922,1
Hit me up on WhatsApp at 555-399-2055,1
DM me on Instagram: @david823,1
Text me at +1-940-414-8522,1
Can you show more photos?,0
Does it come in other colors?,0
How soon can I get it?,0
How soon can I get it?,0
you can DM me at devguy62 on Insta,1
Nice product!,0
Contact: +1-106-192-5141,1
DM me on Instagram: @judy409,1
Text me at +1-428-112-6775,1
WhatsApp me at +1-555-162-4548,1
Nice product!,0
How soon can I get it?,0
This looks good.,0
Do you have it in stock?,0
Nice product!,0
What are the dimensions?,0
This looks good.,0
How soon can I get it?,0
Reach me at 356-730-1690,1
What’s the price?,0
Where do you ship from?,0
I’m interested in this item.,0
What are the dimensions?,0
Do you have it in stock?,0
Ping me on Telegram: @frank553,1
I’m interested in this item.,0
This looks good.,0
Does it come in other colors?,0
Can you show more photos?,0
Where do you ship from?,0
I’m interested in this item.,0
Nice product!,0
you can DM me at shopper873 on Insta,1
Does it come in other colors?,0
Where do you ship from?,0
Add me on WhatsApp: 555-748-2704,1
Does it come in other colors?,0
You can reach me at 555-875-2423,1
Where do you ship from?,0
Do you have it in stock?,0
What’s the price?,0
Text me at (404) 700-0281,1
Nice product!,0
Ping me on Telegram: @david540,1
Does it come in other colors?,0
What’s the price?,0
Do you have it in stock?,0
What are the dimensions?,0
This looks good.,0
Can you show more photos?,0
Where do you ship from?,0
What’s the price?,0
Please email me at user4287@example.com,1
Where do you ship from?,0
Do you have it in stock?,0
Where do you ship from?,0
Can you share your phone number so I can send you details?,1
Where do you ship from?,0
I’m interested in this item.,0
Do you have it in stock?,0
I’m interested in this item.,0
Does it come in other colors?,0
e m a i l m e @ user9250@example.com,1
Nice product!,0
Does it come in other colors?,0
Nice product!,0
I’m interested in this item.,0
message me via g m a i l at user220@example.com,1
I’m interested in this item.,0
I’m interested in this item.,0
Nice product!,0
I’m interested in this item.,0
What are the dimensions?,0
you can DM me at shopper999 on Insta,1
Can you show more photos?,0
📧 user7490@example.com,1
my email id is user5887@example.com,1
I’m interested in this item.,0
What’s the price?,0
What’s the price?,0
How soon can I get it?,0
Can you show more photos?,0
Do you have it in stock?,0
Can you show more photos?,0
What are the dimensions?,0
What are the dimensions?,0
I’m interested in this item.,0
Do you have it in stock?,0
snap me at s-n-a-p devguy847,1
Does it come in other colors?,0
What’s the price?,0
Nice product!,0
Do you have it in stock?,0
Do you have it in stock?,0
Do you have it in stock?,0
C a l l   m e :   + 1   8 0 4   9 9 4   8 3 9 6,1
Does it come in other colors?,0
Can you show more photos?,0
This looks good.,0
Message me on Snapchat: shopper99,1
Telegram me at 0427575123,1
Does it come in other colors?,0
Do you have it in stock?,0
How soon can I get it?,0
Do you have it in stock?,0
Do you have it in stock?,0
What’s the price?,0
This looks good.,0
Nice product!,0
Can you show more photos?,0
Can you show more photos?,0
Can you show more photos?,0
Nice product!,0
How soon can I get it?,0
I’m interested in this item.,0
Can you show more photos?,0
"My contact is 555-282-7747, call me.",1
Contact via email: frank3@example.com,1
Can you share your phone number so I can send you details?,1
Where do you ship from?,0
Do you have it in stock?,0
What are the dimensions?,0
Where do you ship from?,0
Does it come in other colors?,0
Find me on Facebook: https://facebook.com/judy748,1
Follow me on Instagram @coolguy42 and DM.,1
Send me a DM on Facebook: facebook.com/john_doe,1
I’m interested in this item.,0
How soon can I get it?,0
Where do you ship from?,0
Message via email: grace79@test.org,1
Nice product!,0
Connect on LinkedIn (linkedin.com/in/devguy398),1
Do you have it in stock?,0
Hit me up on WhatsApp at 555-466-5574,1
Do you have it in stock?,0
Where do you ship from?,0
I’m interested in this item.,0
I’m interested in this item.,0
Where do you ship from?,0
Nice product!,0
My Snapchat is david609,1
How soon can I get it?,0
How soon can I get it?,0
Do you have it in stock?,0
Do you have it in stock?,0
Can you show more photos?,0
How soon can I get it?,0
Does it come in other colors?,0
I’m interested in this item.,0
Do you have it in stock?,0
Does it come in other colors?,0
Text me at 352-681-7104,1
This looks good.,0
What are the dimensions?,0
This looks good.,0
You can reach me at 555-554-6350,1
Hit me up on WhatsApp at 555-852-1533,1
Connect on LinkedIn (linkedin.com/in/coolcat486),1
How soon can I get it?,0
Nice product!,0
Do you have it in stock?,0
Add me on WhatsApp: 8072422524,1
Nice product!,0
This looks good.,0
Nice product!,0
Do you have it in stock?,0
Nice product!,0
Contact: +1-548-294-8227,1
Can you show more photos?,0
This looks good.,0
Message me on Signal: 5601925068,1
Message me at user5436@example.com,1
Does it come in other colors?,0
Does it come in other colors?,0
What are the dimensions?,0
What are the dimensions?,0
How soon can I get it?,0
Nice product!,0
Message me on Snapchat: designer123,1
fb.com/devguy427,1
I’m interested in this item.,0
I’m interested in this item.,0
Can you show more photos?,0
How soon can I get it?,0
"Email is user5967@example.com, reach out anytime.",1
Can you show more photos?,0
How soon can I get it?,0
Can you show more photos?,0
c   o   n   t   a   c   t   m   e   ( 3 3 0 )   5 8 7 - 7 1 5 8,1
Nice product!,0
How soon can I get it?,0
Where do you ship from?,0
Can you show more photos?,0
This looks good.,0
What are the dimensions?,0
Can you show more photos?,0
How soon can I get it?,0
Can you show more photos?,0
How soon can I get it?,0
Where do you ship from?,0
This looks good.,0
What are the dimensions?,0
Do you have it in stock?,0
Can you show more photos?,0
Does it come in other colors?,0
I’m interested in this item.,0
Can you show more photos?,0
What’s the price?,0
Where do you ship from?,0
Do you have it in stock?,0
Does it come in other colors?,0
How soon can I get it?,0
I’m interested in this item.,0
Where do you ship from?,0
Nice product!,0
Do you have it in stock?,0
Nice product!,0
Do you have it in stock?,0
Does it come in other colors?,0
My TikTok: @charlie838,1
Does it come in other colors?,0
snap me at s-n-a-p coolcat786,1
What are the dimensions?,0
Where do you ship from?,0
Does it come in other colors?,0
Does it come in other colors?,0
Can you show more photos?,0
Do you have it in stock?,0
Nice product!,0
Does it come in other colors?,0
Nice product!,0
Nice product!,0
I’m interested in this item.,0
Contact via email: eve95@test.org,1
You can reach me at +1-756-959-2730,1
Does it come in other colors?,0
Does it come in other colors?,0
Follow me on Instagram @coolguy42 and DM.,1
Do you have it in stock?,0
What are the dimensions?,0
Connect on LinkedIn (linkedin.com/in/fashionguru),1
Where do you ship from?,0
How soon can I get it?,0
Does it come in other colors?,0
Where do you ship from?,0
This looks good.,0
Does it come in other colors?,0
Can you show more photos?,0
This looks good.,0
This looks good.,0
What are the dimensions?,0
Can you show more photos?,0
How soon can I get it?,0
Do you have it in stock?,0
Connect on LinkedIn (linkedin.com/in/john_doe),1
What are the dimensions?,0
Nice product!,0
I’m interested in this item.,0
Can you show more photos?,0
What are the dimensions?,0
t e l : +1-427-457-1094,1
What’s the price?,0
This looks good.,0
Does it come in other colors?,0
Do you have it in stock?,0
How soon can I get it?,0
Can you show more photos?,0
What’s the price?,0
What’s the price?,0
Do you have it in stock?,0
Nice product!,0
Do you have it in stock?,0
What are the dimensions?,0
What are the dimensions?,0
Where do you ship from?,0
Can you show more photos?,0
Do you have it in stock?,0
Does it come in other colors?,0
Here is my email: user5076@example.com,1
Where do you ship from?,0
Can you show more photos?,0
Where do you ship from?,0
What’s the price?,0
Call me at (641) 712-1140,1
Does it come in other colors?,0
What’s the price?,0
What’s the price?,0
I’m interested in this item.,0
What are the dimensions?,0
Nice product!,0
find me at user3088@example.com 😉,1
Here is my email: user2818@example.com,1
Does it come in other colors?,0
Where do you ship from?,0
What’s the price?,0
What’s the price?,0
How soon can I get it?,0
How soon can I get it?,0
How soon can I get it?,0
Where do you ship from?,0
I’m interested in this item.,0
My number is +1 051 712 0436,1
Do you have it in stock?,0
Where do you ship from?,0
How soon can I get it?,0
My Snapchat is heidi702,1
Can you show more photos?,0
Where do you ship from?,0
Do you have it in stock?,0
What are the dimensions?,0
How soon can I get it?,0
How soon can I get it?,0
I’m interested in this item.,0
My number is 8323468966,1
I’m interested in this item.,0
e m a i l m e @ user994@example.com,1
This looks good.,0
This looks good.,0
Can you show more photos?,0
What are the dimensions?,0
Message via email: david42@test.org,1
Where do you ship from?,0
What’s the price?,0
Can I have your email address?,1
Contact me via Telegram: @jane.smith,1
How soon can I get it?,0
This looks good.,0
How soon can I get it?,0
How soon can I get it?,0
Where do you ship from?,0
I’m interested in this item.,0
This looks good.,0
Can you show more photos?,0
Can you show more photos?,0
Add me on Facebook (facebook.com/john_doe),1
Does it come in other colors?,0
Can you show more photos?,0
What’s the price?,0
Nice product!,0
Connect on LinkedIn (linkedin.com/in/designer123),1
Does it come in other colors?,0
Can you show more photos?,0
How soon can I get it?,0
What’s the price?,0
How soon can I get it?,0
Reach me at 0646538333,1
Nice product!,0
How soon can I get it?,0
How soon can I get it?,0
Nice product!,0
Does it come in other colors?,0
How soon can I get it?,0
Can you show more photos?,0
Send me a DM on Facebook: facebook.com/shopper99,1
What’s the price?,0
What’s the price?,0
This looks good.,0
My WeChat ID is fashioneer,1
Can you show more photos?,0
Do you have it in stock?,0
Nice product!,0
I’m interested in this item.,0
Contact me on Skype: judy13,1
You can reach me at +1-854-532-4898,1
Nice product!,0
I’m interested in this item.,0
What are the dimensions?,0
How soon can I get it?,0
Message me on Signal: (699) 212-9934,1
Nice product!,0
Email me at david53@mail.com,1
Contact me via Telegram: @fashionguru,1
Do you have it in stock?,0
📧 user8287@example.com,1
c o n t a c t : +1-228-396-3115,1
Does it come in other colors?,0
I’m interested in this item.,0
Nice product!,0
Does it come in other colors?,0
My number is +1 682 374 1297,1
get in touch @ user1469@example.com,1
What’s the price?,0
Find me on Facebook: https://facebook.com/eve101,1
Contact via email: frank73@example.com,1
Do you have it in stock?,0
Where do you ship from?,0
I’m interested in this item.,0
What are the dimensions?,0
Reach me at 4865051523,1
I’m interested in this item.,0
DM me on Instagram: @eve573,1
Where do you ship from?,0
What’s the price?,0
Does it come in other colors?,0
What’s the price?,0
What are the dimensions?,0
"Email is user8072@example.com, reach out anytime.",1
Does it come in other colors?,0
This looks good.,0
What are the dimensions?,0
Can you show more photos?,0
This looks good.,0
What’s the price?,0
How soon can I get it?,0
I’m interested in this item.,0
Can you show more photos?,0
How soon can I get it?,0
Where do you ship from?,0
Does it come in other colors?,0
What’s the price?,0
I’m interested in this item.,0
Contact me via Telegram: @fashioneer,1
get in touch @ user7340@example.com,1
Call me at 539-081-7477,1
Messenger me at (594) 807-9206,1
What’s the price?,0
Add me on Facebook (facebook.com/shop_owner),1
wanna chat? +1-711-918-8983,1
message me via g m a i l at user6400@example.com,1
I’m interested in this item.,0
How soon can I get it?,0
This looks good.,0
Nice product!,0
Do you have it in stock?,0
I’m interested in this item.,0
Let's connect on LinkedIn: https://linkedin.com/in/david40,1
Can you show more photos?,0
Can you show more photos?,0
How soon can I get it?,0
This looks good.,0
Does it come in other colors?,0
Do you have it in stock?,0
Where do you ship from?,0
How soon can I get it?,0
Does it come in other colors?,0
What are the dimensions?,0
Does it come in other colors?,0
My Snapchat is heidi217,1
Can you show more photos?,0
This looks good.,0
How soon can I get it?,0
I’m interested in this item.,0
Nice product!,0
What are the dimensions?,0
What’s the price?,0
This looks good.,0
Does it come in other colors?,0
Do you have it in stock?,0
What are the dimensions?,0
find me at user2026@example.com 😉,1
How soon can I get it?,0
Do you have it in stock?,0
t e l : +1-447-533-7204,1
What are the dimensions?,0
get in touch @ user8703@example.com,1
Do you have it in stock?,0
What’s the price?,0
I’m interested in this item.,0
How soon can I get it?,0
Nice product!,0
I’m interested in this item.,0
This looks good.,0
What’s the price?,0
Where do you ship from?,0
My number is (068) 653-7051,1
Do you have it in stock?,0
Message me at user9403@example.com,1
I’m interested in this item.,0
Where do you ship from?,0
What’s the price?,0
Do you have it in stock?,0
How soon can I get it?,0
I’m interested in this item.,0
How soon can I get it?,0
What’s the price?,0
Can you show more photos?,0
How soon can I get it?,0
This looks good.,0
I’m interested in this item.,0
This looks good.,0
Where do you ship from?,0
Nice product!,0
Ping me on Telegram: @heidi868,1
What are the dimensions?,0
Do you have it in stock?,0
Contact via email: ivan99@example.com,1
Where do you ship from?,0
This looks good.,0
What are the dimensions?,0
Where do you ship from?,0
Do you have it in stock?,0
What are the dimensions?,0
What are the dimensions?,0
What are the dimensions?,0
What are the dimensions?,0
Where do you ship from?,0
hmu @ coolcat973,1
What’s the price?,0
Does it come in other colors?,0
Can you show more photos?,0
This looks good.,0
Contact: +1-482-772-9687,1
This looks good.,0
Message me at user6533@example.com,1
Follow me on Instagram @shop_owner and DM.,1
I’m interested in this item.,0
Nice product!,0
This looks good.,0
This looks good.,0
Where do you ship from?,0
DM me on Instagram @fashioneer,1
Contact via email: frank39@test.org,1
I’m interested in this item.,0
Do you have it in stock?,0
I’m interested in this item.,0
C a l l   m e :   ( 2 8 4 )   0 7 8 - 6 9 6 3,1
Can you show more photos?,0
What’s the price?,0
What are the dimensions?,0
Can you show more photos?,0
Can you show more photos?,0
How soon can I get it?,0
Nice product!,0
Add me on WhatsApp: 775-015-5944,1
What are the dimensions?,0
c o n t a c t : +1-556-174-5607,1
Connect on LinkedIn (linkedin.com/in/john_doe),1
Do you have it in stock?,0
Email me at heidi18@mail.com,1
Does it come in other colors?,0
Nice product!,0
Do you have it in stock?,0
This looks good.,0
What’s the price?,0
This looks good.,0
What’s the price?,0
Where do you ship from?,0
Does it come in other colors?,0
How soon can I get it?,0
I’m interested in this item.,0
What’s the price?,0
Can you show more photos?,0
Can you show more photos?,0
Nice product!,0
Nice product!,0
My TikTok: @eve498,1
Email me at ivan8@example.com,1
My number is 053-237-6964,1
What are the dimensions?,0
Where do you ship from?,0
What are the dimensions?,0
What’s the price?,0
Do you have it in stock?,0
Nice product!,0
t e l : +1-303-818-7919,1
How soon can I get it?,0
This looks good.,0
Do you have it in stock?,0
What’s the price?,0
Nice product!,0
I’m interested in this item.,0
Nice product!,0
Does it come in other colors?,0
reach at t w o o o @example.com,1
Find me on Facebook: https://facebook.com/bob816,1
Does it come in other colors?,0
Message via email: david96@email.net,1
Do you have it in stock?,0
This looks good.,0
Message me on Signal: 9172992387,1
📱 +1-622-873-5248,1
hmu @ fashionista501,1
my digits: +1-459-975-5983,1
c o n t a c t : +1-841-115-1128,1
Does it come in other colors?,0
I’m interested in this item.,0
I’m interested in this item.,0
Do you have it in stock?,0
Does it come in other colors?,0
What’s the price?,0
Do you have it in stock?,0
Does it come in other colors?,0
Does it come in other colors?,0
How soon can I get it?,0
What’s the price?,0
Add me on Facebook (facebook.com/designer123),1
Contact me via Telegram: @coolguy42,1
Does it come in other colors?,0
I’m interested in this item.,0
Nice product!,0
Contact via email: judy18@mail.com,1
What are the dimensions?,0
Where do you ship from?,0
What’s the price?,0
Let's connect on LinkedIn: https://linkedin.com/in/david823,1
Can you show more photos?,0
Can you show more photos?,0
How soon can I get it?,0
What’s the price?,0
What are the dimensions?,0
What’s the price?,0
Do you have it in stock?,0
How soon can I get it?,0
What are the dimensions?,0
What’s the price?,0
What are the dimensions?,0
Does it come in other colors?,0
C a l l   m e :   6 2 7 4 2 9 7 3 9 2,1
Message me on Signal: (963) 574-4299,1
Please email me at user8804@example.com,1
How soon can I get it?,0
Where do you ship from?,0
Do you have it in stock?,0
What are the dimensions?,0
Does it come in other colors?,0
Here's my email: user9814@example.com,1
What’s the price?,0
Can you show more photos?,0
Does it come in other colors?,0
Does it come in other colors?,0
What’s the price?,0
Does it come in other colors?,0
Message me on Signal: 675-360-4513,1
Can you show more photos?,0
Follow me on Twitter: @grace77,1
Can you show more photos?,0
Can you show more photos?,0
Where do you ship from?,0
Do you have it in stock?,0
I’m interested in this item.,0
Where do you ship from?,0
What’s the price?,0
What’s the price?,0
Mail me: bob66@email.net,1
What are the dimensions?,0
Can you show more photos?,0
Text me at +1 652 251 3367,1
DM me on Instagram: @charlie736,1
I’m interested in this item.,0
Where do you ship from?,0
Does it come in other colors?,0
How soon can I get it?,0
c   o   n   t   a   c   t   m   e   + 1   8 2 7   2 5 8   4 9 5 2,1
Nice product!,0
Where do you ship from?,0
Can you show more photos?,0
"Email is user7044@example.com, reach out anytime.",1
My number is (402) 771-3640,1
What are the dimensions?,0
I’m interested in this item.,0
My Snapchat is heidi831,1
What’s the price?,0
Does it come in other colors?,0
Nice product!,0
What’s the price?,0
Email me at charlie49@mail.com,1
Do you have it in stock?,0
How soon can I get it?,0
Hit me up on WhatsApp at +1-998-117-7411,1
Nice product!,0
How soon can I get it?,0
What are the dimensions?,0
Can you show more photos?,0
This looks good.,0
What are the dimensions?,0
Nice product!,0
I’m interested in this item.,0
Can you show more photos?,0
What are the dimensions?,0
How soon can I get it?,0
What are the dimensions?,0
How soon can I get it?,0
How soon can I get it?,0
Where do you ship from?,0
Follow me on Twitter: @alice990,1
Where do you ship from?,0
Nice product!,0
Nice product!,0
Can you show more photos?,0
How soon can I get it?,0
Do you have it in stock?,0
What’s the price?,0
This looks good.,0
Does it come in other colors?,0
Can you show more photos?,0
This looks good.,0
fb.com/shopper608,1
Nice product!,0
Nice product!,0
Do you have it in stock?,0
What’s the price?,0
Can you show more photos?,0
I’m interested in this item.,0
What’s the price?,0
How soon can I get it?,0
I’m interested in this item.,0
Hit me up on WhatsApp at 555-800-5133,1
Can you show more photos?,0
reach at t w o o o @example.com,1
Do you have it in stock?,0
Nice product!,0
Nice product!,0
My number is (204) 238-6401,1
This looks good.,0
Nice product!,0
Do you have it in stock?,0
What’s the price?,0
What’s the price?,0
find me at user9432@example.com 😉,1
reach at t w o o o @example.com,1
What are the dimensions?,0
Can you show more photos?,0
What’s the price?,0
How soon can I get it?,0
Please email me at user6771@example.com,1
Nice product!,0
What are the dimensions?,0
This looks good.,0
Reach out on WhatsApp at +1-383-685-3687,1
Where do you ship from?,0
I’m interested in this item.,0
I’m interested in this item.,0
Do you have it in stock?,0
This looks good.,0
How soon can I get it?,0
What are the dimensions?,0
What are the dimensions?,0
Text me at +1 735 661 3992,1
How soon can I get it?,0
My Snapchat is heidi277,1
my digits: +1-210-320-4808,1
What are the dimensions?,0
I’m interested in this item.,0
I’m interested in this item.,0
This looks good.,0
Add me on WhatsApp: 555-917-5513,1
This looks good.,0
Do you have it in stock?,0
What are the dimensions?,0
Can you show more photos?,0
Can you show more photos?,0
C a l l   m e :   + 1   0 4 9   5 0 5   0 5 6 4,1
c o n t a c t : +1-922-864-6493,1
This looks good.,0
DM me on Facebook: facebook.com/coolcat639,1
Nice product!,0
Can you show more photos?,0
Does it come in other colors?,0
How soon can I get it?,0
I’m interested in this item.,0
Do you have it in stock?,0
Message me on Snapchat: tech_lead,1
This looks good.,0
Does it come in other colors?,0
How soon can I get it?,0
Can you show more photos?,0
Can you show more photos?,0
Follow me on Twitter: @frank726,1
Does it come in other colors?,0
Let's connect on LinkedIn: https://linkedin.com/in/frank459,1
Does it come in other colors?,0
Where do you ship from?,0
Where do you ship from?,0
Nice product!,0
Where do you ship from?,0
Can you show more photos?,0
Where do you ship from?,0
This looks good.,0
Contact me via Telegram: @fashionguru,1
How soon can I get it?,0
What are the dimensions?,0
This looks good.,0
What are the dimensions?,0
What are the dimensions?,0
How soon can I get it?,0
Nice product!,0
This looks good.,0
What are the dimensions?,0
Follow me on Twitter: @grace655,1
Message me at user8858@example.com,1
What are the dimensions?,0
Hit me up on WhatsApp at +1-305-829-5966,1
Nice product!,0
Where do you ship from?,0
hmu @ coolcat217,1
Message via email: grace99@test.org,1
This looks good.,0
Do you have it in stock?,0
How soon can I get it?,0
What are the dimensions?,0
Nice product!,0
Where do you ship from?,0
How soon can I get it?,0
Please email me at user8622@example.com,1
Can you show more photos?,0
Do you have it in stock?,0
How soon can I get it?,0
What are the dimensions?,0
Do you have it in stock?,0
Text me at 555-613-1624 for more info.,1
reach at t w o o o @example.com,1
This looks good.,0
I’m interested in this item.,0
Can you show more photos?,0
I’m interested in this item.,0
Nice product!,0
What’s the price?,0
Where do you ship from?,0
Can you show more photos?,0
wanna chat? +1-176-473-1456,1
Nice product!,0
Where do you ship from?,0
How soon can I get it?,0
Does it come in other colors?,0
Where do you ship from?,0
Do you have it in stock?,0
Can you show more photos?,0
Do you have it in stock?,0
Does it come in other colors?,0
Can you show more photos?,0
Can you show more photos?,0
What are the dimensions?,0
Do you have it in stock?,0
Follow me on Twitter: @heidi576,1
This looks good.,0
Does it come in other colors?,0
How soon can I get it?,0
Can I have your email address?,1
What are the dimensions?,0
What are the dimensions?,0
What’s the price?,0
What’s the price?,0
How soon can I get it?,0
Can you show more photos?,0
Nice product!,0
What’s the price?,0
What’s the price?,0
Do you have it in stock?,0
I’m interested in this item.,0
Can you show more photos?,0
Nice product!,0
What’s the price?,0
You can reach me at 555-591-1171,1
Nice product!,0
Does it come in other colors?,0
What’s the price?,0
Hit me up on WhatsApp at +1-202-752-4836,1
What are the dimensions?,0
Does it come in other colors?,0
This looks good.,0
How soon can I get it?,0
Connect on LinkedIn (linkedin.com/in/fashionista621),1
I’m interested in this item.,0
c   o   n   t   a   c   t   m   e   + 1   5 7 8   8 3 0   4 0 0 4,1
WhatsApp me at +1-555-672-2672,1
Contact me via Telegram: @designer123,1
This looks good.,0
Nice product!,0
Can you show more photos?,0
I’m interested in this item.,0
WhatsApp me at +1-555-381-5139,1
What’s the price?,0
Does it come in other colors?,0
What’s the price?,0
Add me on Facebook (facebook.com/coolguy42),1
Do you have it in stock?,0
my digits: +1-588-612-6334,1
Nice product!,0
What’s the price?,0
What’s the price?,0
Does it come in other colors?,0
This looks good.,0
This looks good.,0
Where do you ship from?,0
Contact me on Skype: charlie107,1
What’s the price?,0
I’m interested in this item.,0
fb.com/coolcat839,1
Where do you ship from?,0
Message me on Signal: 6568565358,1
Nice product!,0
"Email is user6632@example.com, reach out anytime.",1
What are the dimensions?,0
Does it come in other colors?,0
This looks good.,0
My TikTok: @grace587,1
What’s the price?,0
What’s the price?,0
f r a n k 9 4 @ e m a i l . n e t,1
Nice product!,0
Add me on Facebook (facebook.com/coolguy42),1
I’m interested in this item.,0
What are the dimensions?,0
How soon can I get it?,0
Nice product!,0
Mail me: frank41@example.com,1
What’s the price?,0
What are the dimensions?,0
I’m interested in this item.,0
Does it come in other colors?,0
Does it come in other colors?,0
Where do you ship from?,0
Can you show more photos?,0
What’s the price?,0
Where do you ship from?,0
Where do you ship from?,0
What are the dimensions?,0
Does it come in other colors?,0
Email me at judy66@email.net,1
snap me at s-n-a-p shopper568,1
What’s the price?,0
What’s the price?,0
Do you have it in stock?,0
What’s the price?,0
How soon can I get it?,0
📧 user6444@example.com,1
This looks good.,0
Text me at +1-628-530-6891,1
How soon can I get it?,0
Follow me on Instagram @best_pizza and DM.,1
Nice product!,0
I’m interested in this item.,0
What’s the price?,0
What’s the price?,0
This looks good.,0
What’s the price?,0
Can you show more photos?,0
Where do you ship from?,0
Does it come in other colors?,0
This looks good.,0
📱 +1-229-979-4561,1
What are the dimensions?,0
Does it come in other colors?,0
Nice product!,0
I’m interested in this item.,0
My number is +1 036 775 3958,1
This looks good.,0
I’m interested in this item.,0
Does it come in other colors?,0
I’m interested in this item.,0
What’s the price?,0
e m a i l m e @ user1304@example.com,1
Email me at charlie80@email.net,1
Can you share your phone number so I can send you details?,1
Add me on WhatsApp: 555-153-7363,1
Does it come in other colors?,0
This looks good.,0
Hit me up on WhatsApp at 555-563-8796,1
Do you have it in stock?,0
What’s the price?,0
Text me at 555-968-4907 for more info.,1
What’s the price?,0
Please email me at user2657@example.com,1
Hit me up on WhatsApp at 555-554-9787,1
Do you have it in stock?,0
Text me at (412) 006-8773,1
I’m interested in this item.,0
Contact me on Skype: heidi147,1
Ping me on Telegram: @david771,1
Where do you ship from?,0
This looks good.,0
How soon can I get it?,0
I’m interested in this item.,0
This looks good.,0
Where do you ship from?,0
My WeChat ID is coolguy42,1
How soon can I get it?,0
Can you show more photos?,0
Where do you ship from?,0
What are the dimensions?,0
Does it come in other colors?,0
h e i d i 1 6 @ e x a m p l e . c o m,1
Can you show more photos?,0
Nice product!,0
My Snapchat is frank273,1
Nice product!,0
What’s the price?,0
Can you share your phone number so I can send you details?,1
Hit me up on WhatsApp at 555-413-8188,1
Does it come in other colors?,0
What are the dimensions?,0
This looks good.,0
I’m interested in this item.,0
Does it come in other colors?,0
Please email me at user3281@example.com,1
Can you show more photos?,0
This looks good.,0
Where do you ship from?,0
WhatsApp me at +1-555-791-9305,1
Do you have it in stock?,0
What’s the price?,0
Email me at user9638@example.com,1
How soon can I get it?,0
How soon can I get it?,0
How soon can I get it?,0
Do you have it in stock?,0
Can you show more photos?,0
Does it come in other colors?,0
Where do you ship from?,0
What’s the price?,0
Hit me up on WhatsApp at +1-833-195-2037,1
What are the dimensions?,0
What’s the price?,0
Does it come in other colors?,0
I’m interested in this item.,0
I’m interested in this item.,0
Does it come in other colors?,0
What’s the price?,0
Find me on Facebook: https://facebook.com/david979,1
What’s the price?,0
Can you show more photos?,0
Does it come in other colors?,0
Where do you ship from?,0
📧 user2257@example.com,1
Can you show more photos?,0
Nice product!,0
Connect on LinkedIn (linkedin.com/in/best_pizza),1
Here's my email: user2969@example.com,1
How soon can I get it?,0
This looks good.,0
Do you have it in stock?,0
How soon can I get it?,0
Can you show more photos?,0
What’s the price?,0
message me via g m a i l at user1739@example.com,1
Hit me up on WhatsApp at +1-458-228-4899,1
What’s the price?,0
My TikTok: @heidi23,1
📱 +1-659-362-7370,1
Text me at +1-655-783-2916,1
my digits: +1-918-643-6597,1
Can you show more photos?,0
Nice product!,0
Email me at user5574@example.com,1
Does it come in other colors?,0
This looks good.,0
What are the dimensions?,0
How soon can I get it?,0
Nice product!,0
Do you have it in stock?,0
Can you show more photos?,0
What’s the price?,0
Nice product!,0
my digits: +1-623-520-8557,1
Does it come in other colors?,0
Nice product!,0
What’s the price?,0
Add me on Facebook (facebook.com/jane.smith),1
I’m interested in this item.,0
Do you have it in stock?,0
I’m interested in this item.,0
This looks good.,0
What’s the price?,0
Does it come in other colors?,0
Do you have it in stock?,0
Reach out on WhatsApp at +1-164-481-5888,1
Can you show more photos?,0
fb.com/devguy156,1
Can you show more photos?,0
Does it come in other colors?,0
What’s the price?,0
What’s the price?,0
Does it come in other colors?,0
Does it come in other colors?,0
How soon can I get it?,0
Where do you ship from?,0
Nice product!,0
Can you share your phone number so I can send you details?,1
Nice product!,0
Add me on WhatsApp: 555-591-8105,1
Where do you ship from?,0
How soon can I get it?,0
reach at t w o o o @example.com,1
Do you have it in stock?,0
Do you have it in stock?,0
Can you show more photos?,0
DM me on Instagram @john_doe,1
Does it come in other colors?,0
Nice product!,0
you can DM me at shopper623 on Insta,1
What’s the price?,0
What’s the price?,0
Can you show more photos?,0
What’s the price?,0
Where do you ship from?,0
I’m interested in this item.,0
Contact via email: bob33@test.org,1
This looks good.,0
This looks good.,0
Do you have it in stock?,0
Where do you ship from?,0
What are the dimensions?,0
Does it come in other colors?,0
What are the dimensions?,0
What’s the price?,0
How soon can I get it?,0
Where do you ship from?,0
What are the dimensions?,0
This looks good.,0
Do you have it in stock?,0
Nice product!,0
Do you have it in stock?,0
This looks good.,0
Can you show more photos?,0
I’m interested in this item.,0
This looks good.,0
How soon can I get it?,0
What are the dimensions?,0
Can you show more photos?,0
Do you have it in stock?,0
I’m interested in this item.,0
Nice product!,0
I’m interested in this item.,0
Nice product!,0
Can you show more photos?,0
Where do you ship from?,0
How soon can I get it?,0
Mail me: bob36@test.org,1
My TikTok: @ivan688,1
Message me at user3730@example.com,1
How soon can I get it?,0
Nice product!,0
Does it come in other colors?,0
This looks good.,0
Where do you ship from?,0
What’s the price?,0
Connect on LinkedIn (linkedin.com/in/designer123),1
Does it come in other colors?,0
My number is 549-605-2873,1
I’m interested in this item.,0
DM me on Instagram: @alice826,1
I’m interested in this item.,0
Does it come in other colors?,0
What are the dimensions?,0
snap me at s-n-a-p fashionista39,1
What’s the price?,0
What are the dimensions?,0
Follow me on Twitter: @heidi260,1
Where do you ship from?,0
I’m interested in this item.,0
How soon can I get it?,0
What are the dimensions?,0
What are the dimensions?,0
Does it come in other colors?,0
What’s the price?,0
What are the dimensions?,0
"My contact is 555-366-1344, call me.",1
Do you have it in stock?,0
Can you show more photos?,0
Can you show more photos?,0
I’m interested in this item.,0
Connect on LinkedIn (linkedin.com/in/shop_owner),1
What’s the price?,0
Does it come in other colors?,0
My TikTok: @frank419,1
Let's connect on LinkedIn: https://linkedin.com/in/ivan271,1
Do you have it in stock?,0
Can you show more photos?,0
message me via g m a i l at user6407@example.com,1
What are the dimensions?,0
Where do you ship from?,0
Does it come in other colors?,0
What are the dimensions?,0
Nice product!,0
What are the dimensions?,0
Does it come in other colors?,0
How soon can I get it?,0
Does it come in other colors?,0
Does it come in other colors?,0
What are the dimensions?,0
How soon can I get it?,0
e m a i l m e @ user6596@example.com,1
What are the dimensions?,0
This looks good.,0
Can you show more photos?,0
Where do you ship from?,0
How soon can I get it?,0
Nice product!,0
What’s the price?,0
Do you have it in stock?,0
Where do you ship from?,0
What are the dimensions?,0
Can you show more photos?,0
This looks good.,0
Do you have it in stock?,0
What’s the price?,0
Contact: +1-207-679-5801,1
Where do you ship from?,0
snap me at s-n-a-p devguy148,1
Let's connect on LinkedIn: https://linkedin.com/in/david575,1
Where do you ship from?,0
Can you show more photos?,0
message me via g m a i l at user2096@example.com,1
What’s the price?,0
My WeChat ID is fashionguru,1
This looks good.,0
Does it come in other colors?,0
Find me on Facebook: https://facebook.com/david982,1
"My contact is 555-872-2950, call me.",1
DM me on Instagram @fashioneer,1
Do you have it in stock?,0
What’s the price?,0
This looks good.,0
t e l : +1-372-689-5864,1
Can you show more photos?,0
Do you have it in stock?,0
My WeChat ID is fashioneer,1
What’s the price?,0
This looks good.,0
Where do you ship from?,0
Follow me on Twitter: @david698,1
I’m interested in this item.,0
Can you show more photos?,0
What are the dimensions?,0
📱 +1-649-291-5603,1
hmu @ fashionista278,1
Nice product!,0
What are the dimensions?,0
How soon can I get it?,0
What’s the price?,0
Nice product!,0
I’m interested in this item.,0
This looks good.,0
My TikTok: @grace9,1
Can you show more photos?,0
Do you have it in stock?,0
Where do you ship from?,0
reach at t w o o o @example.com,1
This looks good.,0
📱 +1-580-626-9391,1
What are the dimensions?,0
Reach me at +1 100 827 0255,1
Contact: +1-711-122-7271,1
Where do you ship from?,0
How soon can I get it?,0
I’m interested in this item.,0
Where do you ship from?,0
Message me on Snapchat: john_doe,1
Can you show more photos?,0
How soon can I get it?,0
t e l : +1-510-548-8787,1
Does it come in other colors?,0
Let's connect on LinkedIn: linkedin.com/in/tech_lead,1
Does it come in other colors?,0
Call me at 7481542171,1
What’s the price?,0
Does it come in other colors?,0
Here is my email: user2352@example.com,1
e m a i l m e @ user5411@example.com,1
Where do you ship from?,0
What are the dimensions?,0
This looks good.,0
Do you have it in stock?,0
Does it come in other colors?,0
This looks good.,0
Snapchat me @ fashionista398,1
c   o   n   t   a   c   t   m   e   2 7 8 - 9 4 0 - 9 9 2 3,1
What’s the price?,0
What are the dimensions?,0
This looks good.,0
"My contact is 555-798-4176, call me.",1
Message me on Signal: +1 181 912 9276,1
Add me on WhatsApp: 065-307-7542,1
Reach me at (564) 494-8268,1
I’m interested in this item.,0
Can you show more photos?,0
Where do you ship from?,0
I’m interested in this item.,0
What are the dimensions?,0
What are the dimensions?,0
My number is +1 920 711 6281,1
Contact via email: judy61@test.org,1
c   o   n   t   a   c   t   m   e   7 0 3 - 9 0 3 - 1 0 0 6,1
Where do you ship from?,0
Let's connect on LinkedIn: https://linkedin.com/in/david540,1
What’s the price?,0
What are the dimensions?,0
Does it come in other colors?,0
Where do you ship from?,0
Send me a DM on Facebook: facebook.com/designer123,1
This looks good.,0
What’s the price?,0
I’m interested in this item.,0
This looks good.,0
What are the dimensions?,0
What’s the price?,0
I’m interested in this item.,0
Do you have it in stock?,0
Email me at user5492@example.com,1
Does it come in other colors?,0
What’s the price?,0
Contact me via Telegram: @john_doe,1
Nice product!,0
How soon can I get it?,0
I’m interested in this item.,0
This looks good.,0
How soon can I get it?,0
Here's my email: user2029@example.com,1
What are the dimensions?,0
What are the dimensions?,0
Can you show more photos?,0
Where do you ship from?,0
t e l : +1-843-117-5484,1
This looks good.,0
Does it come in other colors?,0
Can you show more photos?,0
How soon can I get it?,0
Does it come in other colors?,0
Add me on Facebook (facebook.com/john_doe),1
Contact me via Telegram: @fashionguru,1
e m a i l m e @ user6314@example.com,1
What are the dimensions?,0
Do you have it in stock?,0
Nice product!,0
Can you show more photos?,0
reach at t w o o o @example.com,1
Add me on Facebook (facebook.com/shopper99),1
What are the dimensions?,0
snap me at s-n-a-p shopper828,1
my digits: +1-298-934-7823,1
Hit me up on WhatsApp at +1-680-311-4535,1
Send me a DM on Facebook: facebook.com/fashioneer,1
My number is (327) 010-1502,1
Nice product!,0
Can you show more photos?,0
What are the dimensions?,0
Here's my email: user1971@example.com,1
Text me at (248) 302-8992,1
What are the dimensions?,0
Do you have it in stock?,0
"My contact is 555-978-9195, call me.",1
What are the dimensions?,0
my digits: +1-648-374-1275,1
How soon can I get it?,0
Do you have it in stock?,0
DM me on Instagram @best_pizza,1
Does it come in other colors?,0
How soon can I get it?,0
Do you have it in stock?,0
How soon can I get it?,0
Does it come in other colors?,0
Message me on Signal: (595) 874-9098,1
Ping me on Telegram: @eve432,1
Do you have it in stock?,0
What are the dimensions?,0
Does it come in other colors?,0
Where do you ship from?,0
How soon can I get it?,0
Can you show more photos?,0
Nice product!,0
What’s the price?,0
I’m interested in this item.,0
Do you have it in stock?,0
How soon can I get it?,0
I’m interested in this item.,0
Can you show more photos?,0
c o n t a c t : +1-990-632-8959,1
Do you have it in stock?,0
This looks good.,0
Nice product!,0
Call me at 9693988705,1
What are the dimensions?,0
This looks good.,0
DM me on Instagram @tech_lead,1
Can you show more photos?,0
Add me on WhatsApp: (594) 606-5252,1
Does it come in other colors?,0
Where do you ship from?,0
This looks good.,0
This looks good.,0
Contact me on Skype: bob859,1
Follow me on Instagram @shop_owner and DM.,1
How soon can I get it?,0
Do you have it in stock?,0
Does it come in other colors?,0
Can you show more photos?,0
This looks good.,0
Message via email: bob12@test.org,1
Does it come in other colors?,0
Follow me on Instagram @tech_lead and DM.,1
What’s the price?,0
What’s the price?,0
Do you have it in stock?,0
What are the dimensions?,0
How soon can I get it?,0
Can you show more photos?,0
This looks good.,0
Can you show more photos?,0
Reach out on WhatsApp at +1-985-524-1350,1
This looks good.,0
Does it come in other colors?,0
What’s the price?,0
Can you show more photos?,0
My WeChat ID is coolguy42,1
Does it come in other colors?,0
Does it come in other colors?,0
Does it come in other colors?,0
My WeChat ID is shop_owner,1
Do you have it in stock?,0
Where do you ship from?,0
Send me a DM on Facebook: facebook.com/shop_owner,1
How soon can I get it?,0
I’m interested in this item.,0
Can you show more photos?,0
Nice product!,0
Message me on Signal: (464) 579-0240,1
What are the dimensions?,0
I’m interested in this item.,0
Nice product!,0
Does it come in other colors?,0
This looks good.,0
Can you show more photos?,0
Can I have your email address?,1
What are the dimensions?,0
What are the dimensions?,0
Does it come in other colors?,0
How soon can I get it?,0
DM me on Facebook: facebook.com/coolcat814,1
This looks good.,0
Does it come in other colors?,0
Does it come in other colors?,0
I’m interested in this item.,0
Does it come in other colors?,0
My WeChat ID is jane.smith,1
Does it come in other colors?,0
I’m interested in this item.,0
Contact via email: eve14@email.net,1
Do you have it in stock?,0
Contact: +1-971-373-7459,1
What’s the price?,0
This looks good.,0
This looks good.,0
Does it come in other colors?,0
DM me on Facebook: facebook.com/devguy523,1
Can you show more photos?,0
What’s the price?,0
Signal me at (256) 044-0972,1
How soon can I get it?,0
What’s the price?,0
Where do you ship from?,0
Where do you ship from?,0
Can you show more photos?,0
Do you have it in stock?,0
Nice product!,0
c o n t a c t : +1-580-946-8556,1
Do you have it in stock?,0
C a l l   m e :   ( 8 0 2 )   9 9 3 - 4 5 2 9,1
What are the dimensions?,0
How soon can I get it?,0
This looks good.,0
Nice product!,0
I’m interested in this item.,0
This looks good.,0
What are the dimensions?,0
Contact: +1-381-538-6709,1
Do you have it in stock?,0
you can DM me at coolcat698 on Insta,1
Where do you ship from?,0
hmu @ fashionista923,1
What’s the price?,0
How soon can I get it?,0
Do you have it in stock?,0
Do you have it in stock?,0
What are the dimensions?,0
Add me on WhatsApp: 555-112-3775,1
How soon can I get it?,0
What’s the price?,0
Can you show more photos?,0
Can you show more photos?,0
Nice product!,0
Does it come in other colors?,0
Nice product!,0
How soon can I get it?,0
d a v i d 9 8 @ e m a i l . n e t,1
What’s the price?,0
Please email me at user3194@example.com,1
How soon can I get it?,0
What are the dimensions?,0
Nice product!,0
This looks good.,0
This looks good.,0
This looks good.,0
Do you have it in stock?,0
Does it come in other colors?,0
What’s the price?,0
DM me on Instagram: @alice616,1
I’m interested in this item.,0
I’m interested in this item.,0
Where do you ship from?,0
What’s the price?,0
Can I have your email address?,1
Do you have it in stock?,0
Where do you ship from?,0
Text me at 555-276-8145 for more info.,1
How soon can I get it?,0
This looks good.,0
Do you have it in stock?,0
t e l : +1-478-499-2624,1
This looks good.,0
Do you have it in stock?,0
Does it come in other colors?,0
What’s the price?,0
What’s the price?,0
Nice product!,0
You can reach me at 555-104-5747,1
Does it come in other colors?,0
Nice product!,0
How soon can I get it?,0
Nice product!,0
What’s the price?,0
How soon can I get it?,0
Nice product!,0
Do you have it in stock?,0
Can you show more photos?,0
This looks good.,0
I’m interested in this item.,0
What are the dimensions?,0
Do you have it in stock?,0
Do you have it in stock?,0
This looks good.,0
What’s the price?,0
Where do you ship from?,0
What’s the price?,0
Contact me on Skype: heidi402,1
Nice product!,0
What’s the price?,0
Can you show more photos?,0
Do you have it in stock?,0
Where do you ship from?,0
How soon can I get it?,0
How soon can I get it?,0
Where do you ship from?,0
Hit me up on WhatsApp at +1-137-505-6919,1
Please email me at user1492@example.com,1
Follow me on Instagram @shopper99 and DM.,1
Can you show more photos?,0
How soon can I get it?,0
How soon can I get it?,0
Do you have it in stock?,0
e m a i l m e @ user114@example.com,1
My WeChat ID is tech_lead,1
Skype me at 4851406258,1
What’s the price?,0
Contact me via Telegram: @fashionguru,1
Please email me at user2929@example.com,1
This looks good.,0
What are the dimensions?,0
Does it come in other colors?,0
Do you have it in stock?,0
This looks good.,0
"My contact is 555-434-4100, call me.",1
Can you show more photos?,0
What are the dimensions?,0
Where do you ship from?,0
Can you show more photos?,0
Do you have it in stock?,0
c o n t a c t : +1-473-901-9099,1
Where do you ship from?,0
Nice product!,0
Nice product!,0
Can you show more photos?,0
you can DM me at fashionista283 on Insta,1
I’m interested in this item.,0
my digits: +1-742-940-7835,1
Do you have it in stock?,0
This looks good.,0
I’m interested in this item.,0
This looks good.,0
What are the dimensions?,0
This looks good.,0
Nice product!,0
What’s the price?,0
What’s the price?,0
What’s the price?,0
My TikTok: @charlie216,1
message me via g m a i l at user2790@example.com,1
What’s the price?,0
Can you show more photos?,0
Where do you ship from?,0
What’s the price?,0
Can you show more photos?,0
Do you have it in stock?,0
How soon can I get it?,0
Do you have it in stock?,0
How soon can I get it?,0
I’m interested in this item.,0
What are the dimensions?,0
Let's connect on LinkedIn: linkedin.com/in/fashioneer,1
Do you have it in stock?,0
What are the dimensions?,0
What are the dimensions?,0
Nice product!,0
Where do you ship from?,0
What are the dimensions?,0
How soon can I get it?,0
How soon can I get it?,0
Hit me up on WhatsApp at 555-305-2399,1
I’m interested in this item.,0
t e l : +1-438-328-4479,1
What’s the price?,0
Can you show more photos?,0
This looks good.,0
Follow me on Twitter: @heidi193,1
Do you have it in stock?,0
Do you have it in stock?,0
What are the dimensions?,0
What are the dimensions?,0
Do you have it in stock?,0
How soon can I get it?,0
This looks good.,0
Do you have it in stock?,0
This looks good.,0
What are the dimensions?,0
Can you share your phone number so I can send you details?,1
How soon can I get it?,0
g r a c e 7 @ e x a m p l e . c o m,1
What are the dimensions?,0
Nice product!,0
Contact via email: judy40@test.org,1
c   o   n   t   a   c   t   m   e   7 3 3 3 0 9 7 0 2 2,1
Do you have it in stock?,0
Text me at +1 782 517 6234,1
Message via email: alice78@test.org,1
Connect on LinkedIn (linkedin.com/in/devguy893),1
How soon can I get it?,0
Can you show more photos?,0
Can you show more photos?,0
Can you show more photos?,0
I’m interested in this item.,0
You can reach me at +1-108-668-6956,1
Follow me on Instagram @fashionguru and DM.,1
Does it come in other colors?,0
What are the dimensions?,0
What are the dimensions?,0
My WeChat ID is jane.smith,1
How soon can I get it?,0
Message me at user7409@example.com,1
Contact me via Telegram: @fashioneer,1
Do you have it in stock?,0
I’m interested in this item.,0
How soon can I get it?,0
What’s the price?,0
How soon can I get it?,0
Where do you ship from?,0
What’s the price?,0
Can you show more photos?,0
Where do you ship from?,0
What’s the price?,0
Connect on LinkedIn (linkedin.com/in/shopper412),1
Call me at (790) 164-8744,1
What’s the price?,0
What are the dimensions?,0
I’m interested in this item.,0
What’s the price?,0
This looks good.,0
How soon can I get it?,0
Can you show more photos?,0
Do you have it in stock?,0
fb.com/fashionista546,1
Follow me on Twitter: @david889,1
Here's my email: user5687@example.com,1
DM me on Instagram: @bob264,1
"My contact is 555-672-4768, call me.",1
Nice product!,0
How soon can I get it?,0
Can you show more photos?,0
What are the dimensions?,0
My WeChat ID is best_pizza,1
What are the dimensions?,0
Call me at +1 441 031 5333,1
Does it come in other colors?,0
How soon can I get it?,0
How soon can I get it?,0
What’s the price?,0
This looks good.,0
What’s the price?,0
Where do you ship from?,0
Does it come in other colors?,0
Nice product!,0
How soon can I get it?,0
I’m interested in this item.,0
Does it come in other colors?,0
Does it come in other colors?,0
Does it come in other colors?,0
What are the dimensions?,0
Mail me: ivan6@mail.com,1
I’m interested in this item.,0
Does it come in other colors?,0
Signal me at +1 452 484 4079,1
This looks good.,0
Does it come in other colors?,0
Do you have it in stock?,0
Can you show more photos?,0
Follow me on Twitter: @alice876,1
Can you show more photos?,0
get in touch @ user7276@example.com,1
How soon can I get it?,0
Do you have it in stock?,0
How soon can I get it?,0
What are the dimensions?,0
Ping me on Telegram: @david970,1
Do you have it in stock?,0
Do you have it in stock?,0
This looks good.,0
Does it come in other colors?,0
Message via email: eve81@example.com,1
I’m interested in this item.,0
My number is (482) 707-5617,1
Can you show more photos?,0
What’s the price?,0
Text me at +1-594-170-5810,1
Do you have it in stock?,0
How soon can I get it?,0
What are the dimensions?,0
telegram: t dot me slash fashionista962,1
find me at user3683@example.com 😉,1
This looks good.,0
I’m interested in this item.,0
How soon can I get it?,0
Nice product!,0
Please email me at user3022@example.com,1
Let's connect on LinkedIn: https://linkedin.com/in/bob381,1
Nice product!,0
This looks good.,0
I’m interested in this item.,0
How soon can I get it?,0
Do you have it in stock?,0
c   o   n   t   a   c   t   m   e   1 7 3 8 7 9 3 8 1 6,1
Let's connect on LinkedIn: linkedin.com/in/jane.smith,1
What are the dimensions?,0
Where do you ship from?,0
Nice product!,0
I’m interested in this item.,0
This looks good.,0
Message via email: judy76@example.com,1
What’s the price?,0
Twitter me at +1 106 253 2884,1
Message via email: frank43@test.org,1
Nice product!,0
Can you show more photos?,0
Does it come in other colors?,0
What are the dimensions?,0
How soon can I get it?,0
Can you show more photos?,0
I’m interested in this item.,0
What are the dimensions?,0
I’m interested in this item.,0
How soon can I get it?,0
How soon can I get it?,0
C o n t a c t :   1 9 1 9 1 3 3 8 2 6,1
What are the dimensions?,0
g r a c e 4 7 @ m a i l . c o m,1
Contact me on Skype: david53,1
Do you have it in stock?,0
my email id is user2698@example.com,1
WhatsApp me at +1-555-573-2394,1
Does it come in other colors?,0
Do you have it in stock?,0
Can you show more photos?,0
Contact me on Skype: frank599,1
Where do you ship from?,0
Does it come in other colors?,0
Where do you ship from?,0
Do you have it in stock?,0
This looks good.,0
This looks good.,0
What’s the price?,0
DM me on Instagram: @alice878,1
Do you have it in stock?,0
Do you have it in stock?,0
Where do you ship from?,0
Does it come in other colors?,0
Can you show more photos?,0
📧 user8895@example.com,1
Do you have it in stock?,0
Do you have it in stock?,0
Add me on Facebook (facebook.com/jane.smith),1
Where do you ship from?,0
What’s the price?,0
Email me at david62@mail.com,1
How soon can I get it?,0
I’m interested in this item.,0
Do you have it in stock?,0
What’s the price?,0
What are the dimensions?,0
Message me on Snapchat: best_pizza,1
This looks good.,0
"Email is user3391@example.com, reach out anytime.",1
Here is my email: user4797@example.com,1
Do you have it in stock?,0
Does it come in other colors?,0
This looks good.,0
What’s the price?,0
Do you have it in stock?,0
Do you have it in stock?,0
Do you have it in stock?,0
I’m interested in this item.,0
Can you show more photos?,0
I’m interested in this item.,0
This looks good.,0
What are the dimensions?,0
What are the dimensions?,0
What are the dimensions?,0
What are the dimensions?,0
telegram: t dot me slash fashionista47,1
t e l : +1-336-709-9585,1
Do you have it in stock?,0
This looks good.,0
Hit me up on WhatsApp at 555-865-1862,1
This looks good.,0
Message me on Signal: 8424545256,1
Can you share your phone number so I can send you details?,1
Message via email: grace73@example.com,1
What’s the price?,0
I’m interested in this item.,0
What’s the price?,0
Do you have it in stock?,0
What are the dimensions?,0
Can you show more photos?,0
I’m interested in this item.,0
Where do you ship from?,0
I’m interested in this item.,0
"My contact is 555-119-8800, call me.",1
Nice product!,0
What are the dimensions?,0
How soon can I get it?,0
Where do you ship from?,0
Does it come in other colors?,0
Does it come in other colors?,0
Can I have your email address?,1
Do you have it in stock?,0
Can you show more photos?,0
Can you show more photos?,0
Add me on Facebook (facebook.com/shopper99),1
I’m interested in this item.,0
C a l l   m e :   0 4 9 - 9 3 5 - 1 0 8 0,1
Does it come in other colors?,0
Add me on WhatsApp: +1 315 728 2931,1
Follow me on Instagram @fashionguru and DM.,1
What are the dimensions?,0
Where do you ship from?,0
Nice product!,0
Does it come in other colors?,0
message me via g m a i l at user9714@example.com,1
This looks good.,0
What are the dimensions?,0
How soon can I get it?,0
How soon can I get it?,0
Do you have it in stock?,0
Where do you ship from?,0
What are the dimensions?,0
Nice product!,0
What are the dimensions?,0
I’m interested in this item.,0
Where do you ship from?,0
Do you have it in stock?,0
Can you show more photos?,0
Nice product!,0
Where do you ship from?,0
What are the dimensions?,0
Can you show more photos?,0
Does it come in other colors?,0
Does it come in other colors?,0
Text me at 555-350-3756 for more info.,1
Does it come in other colors?,0
How soon can I get it?,0
Where do you ship from?,0
Do you have it in stock?,0
d a v i d 7 5 @ e x a m p l e . c o m,1
Nice product!,0
I’m interested in this item.,0
DM me on Instagram: @ivan456,1
Does it come in other colors?,0
Add me on WhatsApp: 1115636360,1
What are the dimensions?,0
What are the dimensions?,0
Where do you ship from?,0
What are the dimensions?,0
What’s the price?,0
Hit me up on WhatsApp at +1-419-568-4105,1
Can you show more photos?,0
What’s the price?,0
"My contact is 555-763-2724, call me.",1
wanna chat? +1-287-266-4857,1
Where do you ship from?,0
What are the dimensions?,0
Where do you ship from?,0
What are the dimensions?,0
Where do you ship from?,0
TikTok me at (181) 475-6759,1
Where do you ship from?,0
j u d y 1 4 @ e m a i l . n e t,1
"Email is user3069@example.com, reach out anytime.",1
What’s the price?,0
Where do you ship from?,0
Follow me on Instagram @fashionguru and DM.,1
How soon can I get it?,0
hmu @ devguy441,1
My WeChat ID is shopper99,1
Can you show more photos?,0
Do you have it in stock?,0
Call me at 1134377839,1
What are the dimensions?,0
Can you show more photos?,0
c o n t a c t : +1-178-923-2850,1
My WeChat ID is designer123,1
What are the dimensions?,0
I’m interested in this item.,0
Text me at 5630662016,1
Add me on Facebook (facebook.com/fashioneer),1
I’m interested in this item.,0
My WeChat ID is john_doe,1
You can reach me at +1-342-186-1429,1
Nice product!,0
This looks good.,0
Can I have your email address?,1
How soon can I get it?,0
Do you have it in stock?,0
Can you show more photos?,0
my digits: +1-501-377-6437,1
What’s the price?,0
Can you show more photos?,0
Contact me via Telegram: @shop_owner,1
Can you show more photos?,0
How soon can I get it?,0
my email id is user5475@example.com,1
This looks good.,0
I’m interested in this item.,0
What are the dimensions?,0
Contact: +1-809-572-4662,1
This looks good.,0
I’m interested in this item.,0
e m a i l m e @ user738@example.com,1
What are the dimensions?,0
What’s the price?,0
Does it come in other colors?,0
Where do you ship from?,0
Does it come in other colors?,0
How soon can I get it?,0
What are the dimensions?,0
I’m interested in this item.,0
Nice product!,0
Where do you ship from?,0
Can you show more photos?,0
Can you share your phone number so I can send you details?,1
Nice product!,0
DM me on Facebook: facebook.com/fashionista143,1
my digits: +1-991-580-6829,1
What’s the price?,0
Can you show more photos?,0
Contact me via Telegram: @shop_owner,1
What’s the price?,0
I’m interested in this item.,0
"Email is user5094@example.com, reach out anytime.",1
Do you have it in stock?,0
How soon can I get it?,0
Do you have it in stock?,0
What are the dimensions?,0
Ping me on Telegram: @frank31,1
This looks good.,0
What are the dimensions?,0
Nice product!,0
Reach me at 248-630-9045,1
Do you have it in stock?,0
This looks good.,0
Email me at user112@example.com,1
Do you have it in stock?,0
Do you have it in stock?,0
Where do you ship from?,0
Does it come in other colors?,0
C o n t a c t :   2 4 9 3 0 2 4 6 6 4,1
Nice product!,0
Contact me on Skype: grace376,1
Add me on WhatsApp: 837-196-6457,1
Follow me on Twitter: @ivan675,1
my email id is user7255@example.com,1
Does it come in other colors?,0
What’s the price?,0
What are the dimensions?,0
Can you show more photos?,0
Where do you ship from?,0
you can DM me at coolcat420 on Insta,1
How soon can I get it?,0
This looks good.,0
How soon can I get it?,0
Here is my email: user7061@example.com,1
What’s the price?,0
What are the dimensions?,0
Please email me at user3902@example.com,1
How soon can I get it?,0
How soon can I get it?,0
Add me on WhatsApp: (947) 964-7903,1
Can you show more photos?,0
You can reach me at 555-273-9546,1
Do you have it in stock?,0
This looks good.,0
Text me at +1-251-256-2876,1
Does it come in other colors?,0
Where do you ship from?,0
Nice product!,0
This looks good.,0
DM me on Instagram: @alice402,1
Can you show more photos?,0
Text me at (354) 176-1148,1
You can reach me at 555-192-8267,1
DM me on Instagram @john_doe,1
Contact me on Skype: bob42,1
How soon can I get it?,0
Do you have it in stock?,0
Does it come in other colors?,0
c o n t a c t : +1-909-220-9290,1
What’s the price?,0
This looks good.,0
Do you have it in stock?,0
What are the dimensions?,0
What are the dimensions?,0
c h a r l i e 1 3 @ m a i l . c o m,1
What’s the price?,0
Where do you ship from?,0
Nice product!,0
This looks good.,0
get in touch @ user3957@example.com,1
Where do you ship from?,0
What are the dimensions?,0
Can you show more photos?,0
Does it come in other colors?,0
Where do you ship from?,0
This looks good.,0
This looks good.,0
Where do you ship from?,0
What’s the price?,0
Where do you ship from?,0
Can you show more photos?,0
Do you have it in stock?,0
I’m interested in this item.,0
My TikTok: @david759,1
Message me on Snapchat: shopper99,1
I’m interested in this item.,0
Message me on Signal: 1767272281,1
Does it come in other colors?,0
Does it come in other colors?,0
Find me on Facebook: https://facebook.com/frank994,1
wanna chat? +1-318-987-8275,1
Does it come in other colors?,0
Hit me up on WhatsApp at +1-668-150-7108,1
Does it come in other colors?,0
DM me on Facebook: facebook.com/coolcat244,1
How soon can I get it?,0
Nice product!,0
find me at user9691@example.com 😉,1
my email id is user5601@example.com,1
How soon can I get it?,0
I’m interested in this item.,0
What are the dimensions?,0
What are the dimensions?,0
Can you show more photos?,0
Can you show more photos?,0
Do you have it in stock?,0
Do you have it in stock?,0
What’s the price?,0
How soon can I get it?,0
Nice product!,0
Can you show more photos?,0
What’s the price?,0
Can you share your phone number so I can send you details?,1
How soon can I get it?,0
Text me at +1-682-120-4131,1
Nice product!,0
What are the dimensions?,0
I’m interested in this item.,0
C o n t a c t :   ( 6 0 6 )   9 1 8 - 0 4 2 7,1
My Snapchat is heidi377,1
Please email me at user1502@example.com,1
What are the dimensions?,0
I’m interested in this item.,0
What are the dimensions?,0
Nice product!,0
I’m interested in this item.,0
Do you have it in stock?,0
What are the dimensions?,0
Does it come in other colors?,0
Where do you ship from?,0
How soon can I get it?,0
I’m interested in this item.,0
Do you have it in stock?,0
Can you show more photos?,0
Do you have it in stock?,0
Does it come in other colors?,0
reach at t w o o o @example.com,1
Hit me up on WhatsApp at 555-624-3843,1
Nice product!,0
Do you have it in stock?,0
Can you show more photos?,0
Can you show more photos?,0
My Snapchat is heidi81,1
find me at user5060@example.com 😉,1
I’m interested in this item.,0
I’m interested in this item.,0
Do you have it in stock?,0
Nice product!,0
e m a i l m e @ user916@example.com,1
Can you show more photos?,0
Send me a DM on Facebook: facebook.com/coolguy42,1
This looks good.,0
Nice product!,0
Where do you ship from?,0
This looks good.,0
Can you show more photos?,0
Can you show more photos?,0
What are the dimensions?,0
Reach out on WhatsApp at +1-796-912-5124,1
wanna chat? +1-615-837-7316,1
What’s the price?,0
How soon can I get it?,0
What are the dimensions?,0
What are the dimensions?,0
Please email me at user2203@example.com,1
Does it come in other colors?,0
Can you show more photos?,0
How soon can I get it?,0
What’s the price?,0
Can you show more photos?,0
Nice product!,0
Does it come in other colors?,0
I’m interested in this item.,0
Do you have it in stock?,0
Connect on LinkedIn (linkedin.com/in/fashionista681),1
Does it come in other colors?,0
I’m interested in this item.,0
Do you have it in stock?,0
fb.com/fashionista59,1
Message me on Snapchat: fashioneer,1
you can DM me at devguy680 on Insta,1
Does it come in other colors?,0
Where do you ship from?,0
e m a i l m e @ user3009@example.com,1
Where do you ship from?,0
What are the dimensions?,0
Where do you ship from?,0
Nice product!,0
Where do you ship from?,0
I’m interested in this item.,0
Do you have it in stock?,0
What’s the price?,0
I’m interested in this item.,0
Does it come in other colors?,0
Can you show more photos?,0
Nice product!,0
Nice product!,0
DM me on Instagram: @bob225,1
How soon can I get it?,0
What’s the price?,0
Do you have it in stock?,0
Do you have it in stock?,0
This looks good.,0
Where do you ship from?,0
This looks good.,0
Contact me on Skype: grace729,1
Where do you ship from?,0
find me at user8173@example.com 😉,1
Hit me up on WhatsApp at 555-182-4215,1
Connect on LinkedIn (linkedin.com/in/shopper99),1
I’m interested in this item.,0
Do you have it in stock?,0
Does it come in other colors?,0
Do you have it in stock?,0
e m a i l m e @ user1882@example.com,1
Do you have it in stock?,0
Nice product!,0
Nice product!,0
What are the dimensions?,0
Nice product!,0
Does it come in other colors?,0
This looks good.,0
Facebook me at 8334236250,1
Do you have it in stock?,0
How soon can I get it?,0
I’m interested in this item.,0
This looks good.,0
This looks good.,0
How soon can I get it?,0
Where do you ship from?,0
What’s the price?,0
Can you show more photos?,0
What’s the price?,0
Do you have it in stock?,0
What are the dimensions?,0
Where do you ship from?,0
Does it come in other colors?,0
My WeChat ID is shopper99,1
get in touch @ user2554@example.com,1
Where do you ship from?,0
What’s the price?,0
What’s the price?,0
What’s the price?,0
Does it come in other colors?,0
What are the dimensions?,0
Do you have it in stock?,0
Do you have it in stock?,0
Nice product!,0
Does it come in other colors?,0
Do you have it in stock?,0
Do you have it in stock?,0
Nice product!,0
message me via g m a i l at user1802@example.com,1
Nice product!,0
I’m interested in this item.,0
Where do you ship from?,0
Does it come in other colors?,0
Does it come in other colors?,0
What are the dimensions?,0
c o n t a c t : +1-489-439-8188,1
Nice product!,0
Where do you ship from?,0
How soon can I get it?,0
I’m interested in this item.,0
Where do you ship from?,0
My WeChat ID is john_doe,1
Can you show more photos?,0
Do you have it in stock?,0
I’m interested in this item.,0
Add me on Facebook (facebook.com/fashioneer),1
Where do you ship from?,0
This looks good.,0
Nice product!,0
Nice product!,0
Can you show more photos?,0
Nice product!,0
How soon can I get it?,0
Let's connect on LinkedIn: https://linkedin.com/in/david680,1
Where do you ship from?,0
My WeChat ID is coolguy42,1
Where do you ship from?,0
Does it come in other colors?,0
Where do you ship from?,0
What’s the price?,0
What’s the price?,0
How soon can I get it?,0
What’s the price?,0
What’s the price?,0
I’m interested in this item.,0
Does it come in other colors?,0
Nice product!,0
How soon can I get it?,0
Can you show more photos?,0
Contact: +1-481-988-2066,1
e m a i l m e @ user7443@example.com,1
This looks good.,0
This looks good.,0
How soon can I get it?,0
Does it come in other colors?,0
Where do you ship from?,0
Do you have it in stock?,0
I’m interested in this item.,0
Does it come in other colors?,0
Nice product!,0
Do you have it in stock?,0
Where do you ship from?,0
What are the dimensions?,0
Can you share your phone number so I can send you details?,1
What’s the price?,0
My TikTok: @ivan507,1
Nice product!,0
What’s the price?,0
Message me on Snapchat: shop_owner,1
How soon can I get it?,0
f r a n k 6 2 @ t e s t . o r g,1
Where do you ship from?,0
Hit me up on WhatsApp at +1-847-555-2679,1
What’s the price?,0
How soon can I get it?,0
Nice product!,0
Do you have it in stock?,0
Does it come in other colors?,0
How soon can I get it?,0
Where do you ship from?,0
This looks good.,0
I’m interested in this item.,0
Contact via email: charlie15@test.org,1
This looks good.,0
How soon can I get it?,0
Nice product!,0
You can reach me at 555-877-6713,1
What’s the price?,0
my email id is user9368@example.com,1
Where do you ship from?,0
What are the dimensions?,0
Find me on Facebook: https://facebook.com/heidi69,1
Nice product!,0
Nice product!,0
Ping me on Telegram: @heidi970,1
Email me at user5621@example.com,1
Do you have it in stock?,0
Does it come in other colors?,0
This looks good.,0
Hit me up on WhatsApp at 555-517-6055,1
Where do you ship from?,0
Contact: +1-771-160-1277,1
Mail me: grace86@email.net,1
How soon can I get it?,0
This looks good.,0
What are the dimensions?,0
📧 user9371@example.com,1
I’m interested in this item.,0
This looks good.,0
What’s the price?,0
My number is 3497376297,1
Nice product!,0
Can you show more photos?,0
Does it come in other colors?,0
Do you have it in stock?,0
Does it come in other colors?,0
Does it come in other colors?,0
Can you show more photos?,0
Where do you ship from?,0
What are the dimensions?,0
What’s the price?,0
Do you have it in stock?,0
This looks good.,0
Can you show more photos?,0
Do you have it in stock?,0
C a l l   m e :   2 1 5 0 8 1 3 2 4 2,1
I’m interested in this item.,0
Nice product!,0
Here is my email: user9069@example.com,1
Where do you ship from?,0
Do you have it in stock?,0
Where do you ship from?,0
Does it come in other colors?,0
Here's my email: user6239@example.com,1
How soon can I get it?,0
Can you show more photos?,0
Does it come in other colors?,0
C a l l   m e :   9 4 8 - 0 1 9 - 6 0 2 9,1
Can you show more photos?,0
Does it come in other colors?,0
What’s the price?,0
Does it come in other colors?,0
Here is my email: user1935@example.com,1
Do you have it in stock?,0
What’s the price?,0
WhatsApp me at +1-555-301-1928,1
Can you show more photos?,0
Can you share your phone number so I can send you details?,1
I’m interested in this item.,0
Call me at +1 482 037 0103,1
Add me on WhatsApp: 1066478204,1
Connect on LinkedIn (linkedin.com/in/john_doe),1
What are the dimensions?,0
Can you show more photos?,0
📧 user9378@example.com,1
e m a i l m e @ user242@example.com,1
Nice product!,0
my email id is user781@example.com,1
Do you have it in stock?,0
I’m interested in this item.,0
Nice product!,0
My Snapchat is grace728,1
Do you have it in stock?,0
Nice product!,0
Can you show more photos?,0
What’s the price?,0
What’s the price?,0
What’s the price?,0
What are the dimensions?,0
Nice product!,0
What are the dimensions?,0
I’m interested in this item.,0
I’m interested in this item.,0
DM me on Facebook: facebook.com/coolcat605,1
fb.com/coolcat995,1
Add me on WhatsApp: 562-472-4376,1
What are the dimensions?,0
Does it come in other colors?,0
What’s the price?,0
Can you show more photos?,0
Follow me on Instagram @jane.smith and DM.,1
I’m interested in this item.,0
Nice product!,0
What are the dimensions?,0
📧 user5098@example.com,1
Does it come in other colors?,0
I’m interested in this item.,0
What are the dimensions?,0
Do you have it in stock?,0
📧 user5822@example.com,1
My Snapchat is heidi702,1
Where do you ship from?,0
Mail me: david77@test.org,1
Where do you ship from?,0
Call me at 318-456-8788,1
Do you have it in stock?,0
Text me at +1-788-177-9270,1
How soon can I get it?,0
you can DM me at devguy288 on Insta,1
Text me at 555-557-1631 for more info.,1
Add me on Facebook (facebook.com/shopper99),1
Does it come in other colors?,0
Does it come in other colors?,0
I’m interested in this item.,0
Text me at +1 435 765 6157,1
Do you have it in stock?,0
Where do you ship from?,0
I’m interested in this item.,0
📱 +1-275-688-4929,1
Where do you ship from?,0
fb.com/coolcat27,1
How soon can I get it?,0
Can you show more photos?,0
Can you show more photos?,0
Can you show more photos?,0
This looks good.,0
This looks good.,0
Can you show more photos?,0
Reach me at +1 288 295 6582,1
Do you have it in stock?,0
My number is 423-040-2633,1
How soon can I get it?,0
What are the dimensions?,0
This looks good.,0
Nice product!,0
How soon can I get it?,0
I’m interested in this item.,0
What are the dimensions?,0
What are the dimensions?,0
Does it come in other colors?,0
What are the dimensions?,0
hmu @ fashionista405,1
What’s the price?,0
c o n t a c t : +1-854-414-5073,1
Does it come in other colors?,0
Does it come in other colors?,0
Do you have it in stock?,0
This looks good.,0
Add me on Facebook (facebook.com/shopper99),1
Where do you ship from?,0
Email me at alice57@example.com,1
What’s the price?,0
This looks good.,0
Nice product!,0
Where do you ship from?,0
Nice product!,0
my email id is user4506@example.com,1
Follow me on Twitter: @alice61,1
Can you show more photos?,0
Do you have it in stock?,0
I’m interested in this item.,0
What are the dimensions?,0
What’s the price?,0
This looks good.,0
Do you have it in stock?,0
Where do you ship from?,0
Does it come in other colors?,0
How soon can I get it?,0
Can you show more photos?,0
This looks good.,0
Do you have it in stock?,0
Can you share your phone number so I can send you details?,1
Do you have it in stock?,0
I’m interested in this item.,0
Nice product!,0
I’m interested in this item.,0
How soon can I get it?,0
Nice product!,0
Can you show more photos?,0
Do you have it in stock?,0
How soon can I get it?,0
wanna chat? +1-898-897-4070,1
What are the dimensions?,0
This looks good.,0
Do you have it in stock?,0
Do you have it in stock?,0
Can I have your email address?,1
What are the dimensions?,0
Nice product!,0
Contact me via Telegram: @jane.smith,1
Where do you ship from?,0
Where do you ship from?,0
Does it come in other colors?,0
Do you have it in stock?,0
Nice product!,0
Does it come in other colors?,0
What’s the price?,0
📱 +1-866-698-9916,1
Does it come in other colors?,0
How soon can I get it?,0
Let's connect on LinkedIn: https://linkedin.com/in/eve602,1
How soon can I get it?,0
What’s the price?,0
Add me on WhatsApp: 555-470-7823,1
I’m interested in this item.,0
C o n t a c t :   9 8 0 7 8 7 1 6 4 9,1
my email id is user3484@example.com,1
This looks good.,0
This looks good.,0
I’m interested in this item.,0
Do you have it in stock?,0
This looks good.,0
Do you have it in stock?,0
I’m interested in this item.,0
Can you show more photos?,0
This looks good.,0
This looks good.,0
What’s the price?,0
Hit me up on WhatsApp at +1-143-359-3468,1
Nice product!,0
I’m interested in this item.,0
Does it come in other colors?,0
Does it come in other colors?,0
What are the dimensions?,0
How soon can I get it?,0
Let's connect on LinkedIn: linkedin.com/in/shop_owner,1
c   o   n   t   a   c   t   m   e   ( 4 2 8 )   2 9 9 - 9 5 9 1,1
you can DM me at fashionista130 on Insta,1
Ping me on Telegram: @frank612,1
What are the dimensions?,0
What’s the price?,0
Where do you ship from?,0
You can reach me at 555-618-6490,1
Follow me on Instagram @shop_owner and DM.,1
My number is (162) 904-4613,1
What’s the price?,0
How soon can I get it?,0
This looks good.,0
Where do you ship from?,0
I’m interested in this item.,0
Add me on WhatsApp: 555-752-6359,1
Can you show more photos?,0
Do you have it in stock?,0
Does it come in other colors?,0
What are the dimensions?,0
Where do you ship from?,0
Connect on LinkedIn (linkedin.com/in/shopper99),1
Can you show more photos?,0
Nice product!,0
What’s the price?,0
Can you show more photos?,0
What are the dimensions?,0
Does it come in other colors?,0
telegram: t dot me slash shopper838,1
you can DM me at shopper170 on Insta,1
How soon can I get it?,0
Nice product!,0
How soon can I get it?,0
Where do you ship from?,0
This looks good.,0
This looks good.,0
How soon can I get it?,0
WhatsApp me at (605) 008-9461,1
Can you show more photos?,0
Do you have it in stock?,0
Can you show more photos?,0
What’s the price?,0
Do you have it in stock?,0
Add me on WhatsApp: 555-631-4933,1
Nice product!,0
Reach out on WhatsApp at +1-497-372-6516,1
Mail me: david92@test.org,1
Do you have it in stock?,0
Can you show more photos?,0
What’s the price?,0
Follow me on Twitter: @grace873,1
Nice product!,0
Add me on Facebook (facebook.com/jane.smith),1
You can reach me at 555-104-5747,1
What are the dimensions?,0
Contact me via Telegram: @best_pizza,1
Contact me via Telegram: @shopper99,1
I’m interested in this item.,0
message me via g m a i l at user6520@example.com,1
Does it come in other colors?,0
This looks good.,0
you can DM me at fashionista858 on Insta,1
How soon can I get it?,0
Call me at +1 265 565 7194,1
Do you have it in stock?,0
C o n t a c t :   3 2 3 1 2 6 2 2 1 8,1
Can you show more photos?,0
Where do you ship from?,0
Connect on LinkedIn (linkedin.com/in/devguy531),1
What are the dimensions?,0
This looks good.,0
This looks good.,0
Can you show more photos?,0
I’m interested in this item.,0
Do you have it in stock?,0
Do you have it in stock?,0
Call me at +1 927 551 3518,1
Contact me on Skype: david619,1
Do you have it in stock?,0
I’m interested in this item.,0
What’s the price?,0
g r a c e 2 8 @ t e s t . o r g,1
Do you have it in stock?,0
Text me at +1-316-678-9624,1
Does it come in other colors?,0
Nice product!,0
How soon can I get it?,0
Where do you ship from?,0
Nice product!,0
I’m interested in this item.,0
📧 user9766@example.com,1
This looks good.,0
Mail me: heidi9@test.org,1
Nice product!,0
Where do you ship from?,0
What are the dimensions?,0
How soon can I get it?,0
Does it come in other colors?,0
What are the dimensions?,0
Do you have it in stock?,0
How soon can I get it?,0
Where do you ship from?,0
Where do you ship from?,0
What are the dimensions?,0
Nice product!,0
Do you have it in stock?,0
Contact via email: heidi21@mail.com,1
c   o   n   t   a   c   t   m   e   2 6 9 - 3 8 2 - 5 3 7 8,1
Do you have it in stock?,0
How soon can I get it?,0
My TikTok: @heidi197,1
Here's my email: user5573@example.com,1
Does it come in other colors?,0
Can you share your phone number so I can send you details?,1
What’s the price?,0
Nice product!,0
What’s the price?,0
"My contact is 555-473-3080, call me.",1
You can reach me at +1-516-173-3736,1
Nice product!,0
What are the dimensions?,0
This looks good.,0
b o b 2 9 @ e m a i l . n e t,1
What are the dimensions?,0
What are the dimensions?,0
Where do you ship from?,0
Can you show more photos?,0
Do you have it in stock?,0
I’m interested in this item.,0
Do you have it in stock?,0
Does it come in other colors?,0
Do you have it in stock?,0
Nice product!,0
Where do you ship from?,0
I’m interested in this item.,0
Message via email: charlie13@email.net,1
my digits: +1-738-906-1952,1
snap me at s-n-a-p coolcat898,1
Let's connect on LinkedIn: https://linkedin.com/in/david242,1
e m a i l m e @ user1105@example.com,1
c   o   n   t   a   c   t   m   e   6 3 3 - 6 7 5 - 8 7 9 2,1
I’m interested in this item.,0
What are the dimensions?,0
I’m interested in this item.,0
I’m interested in this item.,0
What’s the price?,0
What’s the price?,0
How soon can I get it?,0
Email me at user7728@example.com,1
You can reach me at 555-817-8253,1
This looks good.,0
What are the dimensions?,0
This looks good.,0
wanna chat? +1-271-405-4038,1
What are the dimensions?,0
Nice product!,0
Where do you ship from?,0
I’m interested in this item.,0
Do you have it in stock?,0
Do you have it in stock?,0
This looks good.,0
C o n t a c t :   7 1 8 1 7 2 9 6 7 9,1
What are the dimensions?,0
I’m interested in this item.,0
📱 +1-302-424-5963,1
Connect on LinkedIn (linkedin.com/in/john_doe),1
Does it come in other colors?,0
Contact me on Skype: eve438,1
I’m interested in this item.,0
What’s the price?,0
Does it come in other colors?,0
How soon can I get it?,0
How soon can I get it?,0
Reach me at +1 574 379 6026,1
Hit me up on WhatsApp at 555-301-4150,1
Can you show more photos?,0
Do you have it in stock?,0
How soon can I get it?,0
I’m interested in this item.,0
Where do you ship from?,0
Do you have it in stock?,0
What are the dimensions?,0
Do you have it in stock?,0
Can you show more photos?,0
What are the dimensions?,0
my email id is user6351@example.com,1
Nice product!,0
Nice product!,0
Nice product!,0
Messenger me at (213) 105-8150,1
My WeChat ID is coolguy42,1
Do you have it in stock?,0
How soon can I get it?,0
Does it come in other colors?,0
What are the dimensions?,0
What’s the price?,0
Nice product!,0
How soon can I get it?,0
Contact me via Telegram: @shopper99,1
What’s the price?,0
Does it come in other colors?,0
What’s the price?,0
How soon can I get it?,0
What’s the price?,0
my email id is user9777@example.com,1
This looks good.,0
I’m interested in this item.,0
Can you show more photos?,0
My Snapchat is heidi301,1
I’m interested in this item.,0
I’m interested in this item.,0
Does it come in other colors?,0
What’s the price?,0
Does it come in other colors?,0
Where do you ship from?,0
This looks good.,0
e m a i l m e @ user9809@example.com,1
Where do you ship from?,0
Text me at +1-366-369-9615,1
Does it come in other colors?,0
What are the dimensions?,0
Do you have it in stock?,0
What’s the price?,0
What’s the price?,0
Does it come in other colors?,0
I’m interested in this item.,0
What’s the price?,0
Here is my email: user2898@example.com,1
How soon can I get it?,0
wanna chat? +1-315-376-4336,1
What’s the price?,0
I’m interested in this item.,0
Does it come in other colors?,0
Where do you ship from?,0
You can reach me at 555-616-8714,1
Does it come in other colors?,0
This looks good.,0
This looks good.,0
Nice product!,0
Does it come in other colors?,0
How soon can I get it?,0
Do you have it in stock?,0
telegram: t dot me slash shopper334,1
Let's connect on LinkedIn: https://linkedin.com/in/david247,1
How soon can I get it?,0
Nice product!,0
How soon can I get it?,0
Does it come in other colors?,0
What’s the price?,0
How soon can I get it?,0
This looks good.,0
I’m interested in this item.,0
What are the dimensions?,0
What’s the price?,0
What are the dimensions?,0
This looks good.,0
snap me at s-n-a-p devguy974,1
Does it come in other colors?,0
Do you have it in stock?,0
Do you have it in stock?,0
I’m interested in this item.,0
What’s the price?,0
What’s the price?,0
Hit me up on WhatsApp at 555-849-6247,1
Does it come in other colors?,0
Do you have it in stock?,0
📱 +1-243-642-7948,1
I’m interested in this item.,0
What are the dimensions?,0
My WeChat ID is fashioneer,1
e m a i l m e @ user404@example.com,1
Where do you ship from?,0
Connect on LinkedIn (linkedin.com/in/designer123),1
Can you show more photos?,0
I’m interested in this item.,0
Where do you ship from?,0
Snapchat me @ devguy812,1
I’m interested in this item.,0
This looks good.,0
Nice product!,0
Does it come in other colors?,0
How soon can I get it?,0
Call me at +1 896 052 8819,1
Message via email: bob4@email.net,1
"Email is user9290@example.com, reach out anytime.",1
I’m interested in this item.,0
snap me at s-n-a-p shopper466,1
Can you show more photos?,0
What’s the price?,0
I’m interested in this item.,0
What’s the price?,0
What’s the price?,0
Do you have it in stock?,0
What are the dimensions?,0
Do you have it in stock?,0
Does it come in other colors?,0
Do you have it in stock?,0
Do you have it in stock?,0
I’m interested in this item.,0
I’m interested in this item.,0
What are the dimensions?,0
What’s the price?,0
This looks good.,0
Can you show more photos?,0
Message via email: alice14@mail.com,1
my email id is user9472@example.com,1
How soon can I get it?,0
What’s the price?,0
My TikTok: @alice976,1
Does it come in other colors?,0
Nice product!,0
Do you have it in stock?,0
Nice product!,0
This looks good.,0
Do you have it in stock?,0
hmu @ coolcat502,1
This looks good.,0
Can you show more photos?,0
Nice product!,0
Does it come in other colors?,0
Mail me: david23@test.org,1
Where do you ship from?,0
📧 user4976@example.com,1
What’s the price?,0
I’m interested in this item.,0
Can you show more photos?,0
What are the dimensions?,0
This looks good.,0
Email me at heidi88@example.com,1
Do you have it in stock?,0
C o n t a c t :   4 6 4 2 7 8 8 7 5 4,1
This looks good.,0
Does it come in other colors?,0
Can you show more photos?,0
How soon can I get it?,0
Snapchat me @ fashionista628,1
Connect on LinkedIn (linkedin.com/in/shop_owner),1
Does it come in other colors?,0
Text me at 555-384-9599 for more info.,1
I’m interested in this item.,0
Nice product!,0
Do you have it in stock?,0
What’s the price?,0
reach at t w o o o @example.com,1
📱 +1-275-382-7214,1
Nice product!,0
Nice product!,0
Can you show more photos?,0
This looks good.,0
Do you have it in stock?,0
Does it come in other colors?,0
Nice product!,0
I’m interested in this item.,0
Do you have it in stock?,0
C a l l   m e :   + 1   6 0 8   7 6 4   7 6 2 4,1
Where do you ship from?,0
I’m interested in this item.,0
c   o   n   t   a   c   t   m   e   ( 8 2 2 )   0 5 5 - 7 4 2 5,1
Nice product!,0
Do you have it in stock?,0
I’m interested in this item.,0
How soon can I get it?,0
What’s the price?,0
Where do you ship from?,0
my email id is user3728@example.com,1
Let's connect on LinkedIn: https://linkedin.com/in/heidi230,1
WhatsApp me at +1-555-188-8934,1
Nice product!,0
How soon can I get it?,0
I’m interested in this item.,0
What’s the price?,0
What are the dimensions?,0
What’s the price?,0
Can you show more photos?,0
Nice product!,0
📱 +1-629-188-2017,1
Does it come in other colors?,0
This looks good.,0
What are the dimensions?,0
Do you have it in stock?,0
This looks good.,0
Nice product!,0
Message me on Snapchat: tech_lead,1
What are the dimensions?,0
Does it come in other colors?,0
Can you show more photos?,0
Does it come in other colors?,0
What are the dimensions?,0
my email id is user7524@example.com,1
What are the dimensions?,0
What are the dimensions?,0
I’m interested in this item.,0
This looks good.,0
How soon can I get it?,0
Do you have it in stock?,0
What are the dimensions?,0
What’s the price?,0
Does it come in other colors?,0
Does it come in other colors?,0
Where do you ship from?,0
How soon can I get it?,0
You can reach me at +1-341-466-9169,1
How soon can I get it?,0
What are the dimensions?,0
This looks good.,0
DM me on Instagram: @bob693,1
Does it come in other colors?,0
Nice product!,0
Text me at 555-205-9117 for more info.,1
What’s the price?,0
Can I have your email address?,1
This looks good.,0
Where do you ship from?,0
Do you have it in stock?,0
Do you have it in stock?,0
This looks good.,0
"My contact is 555-904-2943, call me.",1
Do you have it in stock?,0
Does it come in other colors?,0
I’m interested in this item.,0
I’m interested in this item.,0
Nice product!,0
Connect on LinkedIn (linkedin.com/in/tech_lead),1
Do you have it in stock?,0
I’m interested in this item.,0
I’m interested in this item.,0
Do you have it in stock?,0
What’s the price?,0
"Email is user1121@example.com, reach out anytime.",1
What’s the price?,0
Does it come in other colors?,0
Can you show more photos?,0
What are the dimensions?,0
Do you have it in stock?,0
I’m interested in this item.,0
Where do you ship from?,0
Do you have it in stock?,0
Text me at 555-557-5617 for more info.,1
Do you have it in stock?,0
Does it come in other colors?,0
What’s the price?,0
Nice product!,0
Can you show more photos?,0
I’m interested in this item.,0
"Email is user5444@example.com, reach out anytime.",1
Does it come in other colors?,0
I’m interested in this item.,0
Nice product!,0
Do you have it in stock?,0
Nice product!,0
Nice product!,0
What’s the price?,0
Can I have your email address?,1
What’s the price?,0
Can you show more photos?,0
Can you show more photos?,0
Do you have it in stock?,0
This looks good.,0
WhatsApp me at +1-555-759-3661,1
message me via g m a i l at user6519@example.com,1
What are the dimensions?,0
Can you show more photos?,0
Where do you ship from?,0
Hit me up on WhatsApp at 555-576-3782,1
What are the dimensions?,0
my email id is user2342@example.com,1
I’m interested in this item.,0
I’m interested in this item.,0
This looks good.,0
Does it come in other colors?,0
Can you show more photos?,0
What’s the price?,0
Reach me at 6490044972,1
This looks good.,0
Do you have it in stock?,0
This looks good.,0
How soon can I get it?,0
How soon can I get it?,0
What are the dimensions?,0
I’m interested in this item.,0
Where do you ship from?,0
Does it come in other colors?,0
Nice product!,0
Where do you ship from?,0
Do you have it in stock?,0
Can you show more photos?,0
Snapchat me @ fashionista378,1
Let's connect on LinkedIn: linkedin.com/in/fashionguru,1
How soon can I get it?,0
DM me on Instagram @coolguy42,1
I’m interested in this item.,0
Message via email: bob50@test.org,1
Does it come in other colors?,0
Does it come in other colors?,0
I’m interested in this item.,0
You can reach me at 555-924-9942,1
Does it come in other colors?,0
Where do you ship from?,0
Message me on Snapchat: coolguy42,1
What’s the price?,0
Message me on Snapchat: fashionguru,1
What are the dimensions?,0
Nice product!,0
Can you show more photos?,0
Where do you ship from?,0
What are the dimensions?,0
Where do you ship from?,0
Nice product!,0
Please email me at user7853@example.com,1
DM me on Facebook: facebook.com/devguy935,1
Does it come in other colors?,0
Nice product!,0
Can you show more photos?,0
How soon can I get it?,0
Nice product!,0
Can you show more photos?,0
I’m interested in this item.,0
How soon can I get it?,0
Do you have it in stock?,0
Can you show more photos?,0
This looks good.,0
Can you show more photos?,0
Connect on LinkedIn (linkedin.com/in/designer123),1
Do you have it in stock?,0
Do you have it in stock?,0
C a l l   m e :   3 6 1 5 6 6 8 2 5 0,1
This looks good.,0
Nice product!,0
Where do you ship from?,0
Send me a DM on Facebook: facebook.com/best_pizza,1
How soon can I get it?,0
I’m interested in this item.,0
you can DM me at coolcat865 on Insta,1
Does it come in other colors?,0
Where do you ship from?,0
Do you have it in stock?,0
Where do you ship from?,0
How soon can I get it?,0
My number is 7882879281,1
Send me a DM on Facebook: facebook.com/tech_lead,1
WhatsApp me at +1-555-791-9305,1
Do you have it in stock?,0
How soon can I get it?,0
This looks good.,0
What are the dimensions?,0
Do you have it in stock?,0
Can you show more photos?,0
Do you have it in stock?,0
What’s the price?,0
This looks good.,0
You can reach me at 555-856-8217,1
Do you have it in stock?,0
Can you show more photos?,0
Follow me on Instagram @designer123 and DM.,1
How soon can I get it?,0
What’s the price?,0
This looks good.,0
h e i d i 6 0 @ t e s t . o r g,1
Can you show more photos?,0
Does it come in other colors?,0
What are the dimensions?,0
Where do you ship from?,0
What are the dimensions?,0
How soon can I get it?,0
Does it come in other colors?,0
How soon can I get it?,0
This looks good.,0
This looks good.,0
Message via email: alice99@example.com,1
I’m interested in this item.,0
Do you have it in stock?,0
Does it come in other colors?,0
Does it come in other colors?,0
Does it come in other colors?,0
What’s the price?,0
I’m interested in this item.,0
What’s the price?,0
I’m interested in this item.,0
Does it come in other colors?,0
Can you show more photos?,0
Send me a DM on Facebook: facebook.com/john_doe,1
Does it come in other colors?,0
I’m interested in this item.,0
Add me on WhatsApp: (731) 867-1421,1
I’m interested in this item.,0
hmu @ devguy57,1
Nice product!,0
Message me on Snapchat: best_pizza,1
Where do you ship from?,0
Can I have your email address?,1
Nice product!,0
How soon can I get it?,0
How soon can I get it?,0
Text me at +1-267-612-8361,1
Does it come in other colors?,0
Contact: +1-386-607-1929,1
I’m interested in this item.,0
Does it come in other colors?,0
get in touch @ user9189@example.com,1
This looks good.,0
What’s the price?,0
Nice product!,0
C a l l   m e :   + 1   7 1 6   3 9 7   4 4 6 9,1
How soon can I get it?,0
Can you share your phone number so I can send you details?,1
Does it come in other colors?,0
Do you have it in stock?,0
Does it come in other colors?,0
This looks good.,0
Nice product!,0
DM me on Instagram @shop_owner,1
Where do you ship from?,0
Nice product!,0
My Snapchat is eve139,1
You can reach me at +1-439-811-3211,1
How soon can I get it?,0
Nice product!,0
This looks good.,0
I’m interested in this item.,0
Message me at user5027@example.com,1
Does it come in other colors?,0
Does it come in other colors?,0
What’s the price?,0
Nice product!,0
Where do you ship from?,0
Can you show more photos?,0
I’m interested in this item.,0
e m a i l m e @ user342@example.com,1
Can you show more photos?,0
Nice product!,0
Does it come in other colors?,0
Nice product!,0
Does it come in other colors?,0
Can you show more photos?,0
Where do you ship from?,0
Does it come in other colors?,0
How soon can I get it?,0
What’s the price?,0
Does it come in other colors?,0
This looks good.,0
Does it come in other colors?,0
reach at t w o o o @example.com,1
I’m interested in this item.,0
How soon can I get it?,0
This looks good.,0
What’s the price?,0
This looks good.,0
What are the dimensions?,0
Does it come in other colors?,0
Does it come in other colors?,0
Where do you ship from?,0
Can you share your phone number so I can send you details?,1
I’m interested in this item.,0
Do you have it in stock?,0
Do you have it in stock?,0
My number is 1943099224,1
C a l l   m e :   ( 6 6 5 )   6 4 0 - 5 6 1 5,1
This looks good.,0
Can you share your phone number so I can send you details?,1
Add me on WhatsApp: 4033847384,1
Where do you ship from?,0
I’m interested in this item.,0
How soon can I get it?,0
Does it come in other colors?,0
I’m interested in this item.,0
You can reach me at +1-488-481-4546,1
This looks good.,0
Do you have it in stock?,0
Find me on Facebook: https://facebook.com/bob387,1
How soon can I get it?,0
What’s the price?,0
Nice product!,0
I’m interested in this item.,0
How soon can I get it?,0
Does it come in other colors?,0
get in touch @ user4667@example.com,1
DM me on Facebook: facebook.com/shopper419,1
my digits: +1-758-968-8605,1
Do you have it in stock?,0
What are the dimensions?,0
Do you have it in stock?,0
I’m interested in this item.,0
c h a r l i e 1 2 @ e m a i l . n e t,1
What’s the price?,0
Nice product!,0
Can I have your email address?,1
c   o   n   t   a   c   t   m   e   6 5 2 - 4 7 1 - 1 7 6 4,1
Let's connect on LinkedIn: https://linkedin.com/in/alice203,1
This looks good.,0
My number is +1 718 015 2010,1
Where do you ship from?,0
Do you have it in stock?,0
What’s the price?,0
Here is my email: user3502@example.com,1
I’m interested in this item.,0
How soon can I get it?,0
Can you show more photos?,0
What’s the price?,0
This looks good.,0
How soon can I get it?,0
What’s the price?,0
This looks good.,0
I’m interested in this item.,0
Does it come in other colors?,0
What are the dimensions?,0
Do you have it in stock?,0
Do you have it in stock?,0
What are the dimensions?,0
Call me at (057) 267-7196,1
Ping me on Telegram: @alice794,1
What’s the price?,0
Do you have it in stock?,0
Where do you ship from?,0
Contact me via Telegram: @fashionguru,1
Can you show more photos?,0
What’s the price?,0
What are the dimensions?,0
Can I have your email address?,1
This looks good.,0
Nice product!,0
Message me on Snapchat: designer123,1
What are the dimensions?,0
my email id is user2031@example.com,1
I’m interested in this item.,0
Where do you ship from?,0
c o n t a c t : +1-609-739-1405,1
Where do you ship from?,0
Does it come in other colors?,0
Where do you ship from?,0
Where do you ship from?,0
Does it come in other colors?,0
Do you have it in stock?,0
Where do you ship from?,0
Can you show more photos?,0
Do you have it in stock?,0
Can I have your email address?,1
find me at user1386@example.com 😉,1
Where do you ship from?,0
Can you show more photos?,0
WhatsApp me at +1-555-968-2882,1
Do you have it in stock?,0
Do you have it in stock?,0
Does it come in other colors?,0
Nice product!,0
What are the dimensions?,0
My number is 322-121-9171,1
Does it come in other colors?,0
What are the dimensions?,0
I’m interested in this item.,0
message me via g m a i l at user4511@example.com,1
Nice product!,0
I’m interested in this item.,0
Does it come in other colors?,0
Can you show more photos?,0
Can you show more photos?,0
Do you have it in stock?,0
How soon can I get it?,0
This looks good.,0
Does it come in other colors?,0
I’m interested in this item.,0
Does it come in other colors?,0
Connect on LinkedIn (linkedin.com/in/shopper910),1
Call me at +1 103 096 8763,1
I’m interested in this item.,0
Where do you ship from?,0
Contact me on Skype: ivan866,1
Add me on WhatsApp: 555-425-1160,1
Where do you ship from?,0
Can you show more photos?,0
Here's my email: user5905@example.com,1
Does it come in other colors?,0
Can you show more photos?,0
This looks good.,0
What’s the price?,0
I’m interested in this item.,0
What are the dimensions?,0
What’s the price?,0
Message me at user1235@example.com,1
How soon can I get it?,0
This looks good.,0
Where do you ship from?,0
This looks good.,0
You can reach me at 555-591-1171,1
This looks good.,0
Does it come in other colors?,0
Does it come in other colors?,0
Can you show more photos?,0
This looks good.,0
I’m interested in this item.,0
Do you have it in stock?,0
How soon can I get it?,0
Hit me up on WhatsApp at 555-276-1164,1
How soon can I get it?,0
Email me at user170@example.com,1
Where do you ship from?,0
Can you show more photos?,0
Can you show more photos?,0
telegram: t dot me slash fashionista18,1
This looks good.,0
I’m interested in this item.,0
What are the dimensions?,0
This looks good.,0
How soon can I get it?,0
How soon can I get it?,0
I’m interested in this item.,0
Where do you ship from?,0
What’s the price?,0
Text me at 738-122-0776,1
Does it come in other colors?,0
Email me at user5665@example.com,1
How soon can I get it?,0
wanna chat? +1-972-505-4988,1
My Snapchat is ivan137,1
I’m interested in this item.,0
you can DM me at fashionista42 on Insta,1
What’s the price?,0
find me at user7189@example.com 😉,1
Do you have it in stock?,0
Hit me up on WhatsApp at 555-106-6278,1
Can you show more photos?,0
Where do you ship from?,0
DM me on Instagram: @alice945,1
I’m interested in this item.,0
Text me at +1-383-458-6696,1
What’s the price?,0
Do you have it in stock?,0
Can you show more photos?,0
This looks good.,0
What are the dimensions?,0
Can you show more photos?,0
Does it come in other colors?,0
Can you show more photos?,0
Do you have it in stock?,0
Here's my email: user1746@example.com,1
This looks good.,0
Does it come in other colors?,0
Connect on LinkedIn (linkedin.com/in/shopper99),1
What are the dimensions?,0
Do you have it in stock?,0
This looks good.,0
What’s the price?,0
How soon can I get it?,0
Facebook me at (227) 302-8544,1
This looks good.,0
What are the dimensions?,0
Where do you ship from?,0
Where do you ship from?,0
Do you have it in stock?,0
I’m interested in this item.,0
My number is 199-319-1482,1
Contact via email: ivan98@example.com,1
I’m interested in this item.,0
This looks good.,0
Can you show more photos?,0
Can you show more photos?,0
This looks good.,0
This looks good.,0
find me at user5332@example.com 😉,1
Do you have it in stock?,0
What’s the price?,0
Hit me up on WhatsApp at 555-989-1334,1
Nice product!,0
Nice product!,0
Can you show more photos?,0
Do you have it in stock?,0
Can you show more photos?,0
How soon can I get it?,0
What are the dimensions?,0
This looks good.,0
I’m interested in this item.,0
How soon can I get it?,0
DM me on Instagram: @bob98,1
Where do you ship from?,0
Text me at 555-445-2809 for more info.,1
What are the dimensions?,0
Do you have it in stock?,0
Can I have your email address?,1
What’s the price?,0
This looks good.,0
What are the dimensions?,0
Can you show more photos?,0
Text me at 555-774-6096 for more info.,1
Can you show more photos?,0
What are the dimensions?,0
This looks good.,0
What are the dimensions?,0
This looks good.,0
Nice product!,0
Text me at +1-836-716-8017,1
I’m interested in this item.,0
This looks good.,0
Can you show more photos?,0
Nice product!,0
How soon can I get it?,0
How soon can I get it?,0
Do you have it in stock?,0
Where do you ship from?,0
Do you have it in stock?,0
Where do you ship from?,0
Do you have it in stock?,0
Where do you ship from?,0
Nice product!,0
Message me on Snapchat: designer123,1
What are the dimensions?,0
Can you show more photos?,0
Follow me on Twitter: @david764,1
I’m interested in this item.,0
How soon can I get it?,0
How soon can I get it?,0
What’s the price?,0
Does it come in other colors?,0
Does it come in other colors?,0
Reach me at 4878485337,1
Contact me on Skype: eve22,1
Does it come in other colors?,0
I’m interested in this item.,0
What are the dimensions?,0
How soon can I get it?,0
How soon can I get it?,0
How soon can I get it?,0
Nice product!,0
Can I have your email address?,1
Find me on Facebook: https://facebook.com/david680,1
How soon can I get it?,0
This looks good.,0
Does it come in other colors?,0
This looks good.,0
Do you have it in stock?,0
This looks good.,0
I’m interested in this item.,0
get in touch @ user1052@example.com,1
This looks good.,0
e m a i l m e @ user7040@example.com,1
I’m interested in this item.,0
Hit me up on WhatsApp at +1-762-317-8183,1
Do you have it in stock?,0
e v e 3 9 @ e x a m p l e . c o m,1
I’m interested in this item.,0
Does it come in other colors?,0
Nice product!,0
Can you show more photos?,0
Does it come in other colors?,0
Text me at 555-671-6979 for more info.,1
My Snapchat is alice404,1
c o n t a c t : +1-662-612-7266,1
Nice product!,0
Nice product!,0
Does it come in other colors?,0
Where do you ship from?,0
I’m interested in this item.,0
How soon can I get it?,0
How soon can I get it?,0
I’m interested in this item.,0
Where do you ship from?,0
Do you have it in stock?,0
Contact me via Telegram: @designer123,1
fb.com/fashionista440,1
Do you have it in stock?,0
Reach me at +1 105 776 6601,1
Add me on Facebook (facebook.com/coolguy42),1
Where do you ship from?,0
I’m interested in this item.,0
My Snapchat is eve307,1
Where do you ship from?,0
Contact me on Skype: grace649,1
Contact me via Telegram: @fashioneer,1
How soon can I get it?,0
my email id is user8182@example.com,1
Does it come in other colors?,0
This looks good.,0
Do you have it in stock?,0
Text me at 555-306-6362 for more info.,1
Does it come in other colors?,0
Can you show more photos?,0
This looks good.,0
I’m interested in this item.,0
How soon can I get it?,0
What’s the price?,0
I’m interested in this item.,0
Does it come in other colors?,0
What’s the price?,0
Do you have it in stock?,0
This looks good.,0
This looks good.,0
Nice product!,0
Where do you ship from?,0
Does it come in other colors?,0
What are the dimensions?,0
Where do you ship from?,0
This looks good.,0
Do you have it in stock?,0
Can you show more photos?,0
My number is 050-063-9253,1
Does it come in other colors?,0
"My contact is 555-642-5393, call me.",1
📧 user8329@example.com,1
What are the dimensions?,0
What are the dimensions?,0
Nice product!,0
Where do you ship from?,0
Does it come in other colors?,0
Do you have it in stock?,0
I’m interested in this item.,0
What are the dimensions?,0
Mail me: frank37@test.org,1
What’s the price?,0
This looks good.,0
Nice product!,0
Where do you ship from?,0
Nice product!,0
You can reach me at +1-245-282-7448,1
Where do you ship from?,0
What’s the price?,0
What’s the price?,0
What are the dimensions?,0
How soon can I get it?,0
I’m interested in this item.,0
Text me at +1-976-872-9413,1
Reach out on WhatsApp at +1-737-366-3593,1
Where do you ship from?,0
Do you have it in stock?,0
This looks good.,0
Do you have it in stock?,0
Do you have it in stock?,0
Let's connect on LinkedIn: https://linkedin.com/in/frank575,1
Please email me at user3866@example.com,1
This looks good.,0
Do you have it in stock?,0
Can you show more photos?,0
Do you have it in stock?,0
What’s the price?,0
Reach me at 892-706-8135,1
Where do you ship from?,0
How soon can I get it?,0
This looks good.,0
This looks good.,0
What are the dimensions?,0
Does it come in other colors?,0
Nice product!,0
Message me on Snapchat: coolguy42,1
Nice product!,0
This looks good.,0
What’s the price?,0
My TikTok: @charlie354,1
This looks good.,0
How soon can I get it?,0
Nice product!,0
Where do you ship from?,0
Does it come in other colors?,0
Do you have it in stock?,0
This looks good.,0
How soon can I get it?,0
What are the dimensions?,0
Does it come in other colors?,0
Where do you ship from?,0
Follow me on Twitter: @judy638,1
WhatsApp me at +1-555-224-6785,1
Nice product!,0
Nice product!,0
Can you show more photos?,0
My TikTok: @frank545,1
This looks good.,0
I’m interested in this item.,0
Connect on LinkedIn (linkedin.com/in/fashionista750),1
This looks good.,0
What’s the price?,0
What’s the price?,0
Nice product!,0
Do you have it in stock?,0
Can you show more photos?,0
Can you show more photos?,0
Does it come in other colors?,0
What’s the price?,0
You can reach me at 555-440-4882,1
Where do you ship from?,0
I’m interested in this item.,0
Does it come in other colors?,0
What are the dimensions?,0
What’s the price?,0
I’m interested in this item.,0
This looks good.,0
Where do you ship from?,0
What are the dimensions?,0
You can reach me at +1-186-722-3912,1
How soon can I get it?,0
Let's connect on LinkedIn: https://linkedin.com/in/grace868,1
Reach out on WhatsApp at +1-505-912-2028,1
Here is my email: user8950@example.com,1
Signal me at +1 145 832 4223,1
Nice product!,0
What are the dimensions?,0
Message me on Signal: (864) 374-2791,1
Ping me on Telegram: @grace556,1
I’m interested in this item.,0
What’s the price?,0
Where do you ship from?,0
my email id is user2694@example.com,1
Does it come in other colors?,0
This looks good.,0
This looks good.,0
I’m interested in this item.,0
What are the dimensions?,0
Text me at 555-248-8778 for more info.,1
What’s the price?,0
Nice product!,0
Where do you ship from?,0
Can you show more photos?,0
What’s the price?,0
Does it come in other colors?,0
How soon can I get it?,0
Where do you ship from?,0
Where do you ship from?,0
Can you show more photos?,0
Text me at +1-283-147-5060,1
What are the dimensions?,0
Message me on Signal: 6729210461,1
My WeChat ID is jane.smith,1
Connect on LinkedIn (linkedin.com/in/fashionguru),1
How soon can I get it?,0
Contact via email: grace21@example.com,1
Do you have it in stock?,0
I’m interested in this item.,0
Nice product!,0
Do you have it in stock?,0
I’m interested in this item.,0
Add me on WhatsApp: 555-590-2447,1
What’s the price?,0
How soon can I get it?,0
Do you have it in stock?,0
What are the dimensions?,0
Do you have it in stock?,0
What are the dimensions?,0
Connect on LinkedIn (linkedin.com/in/fashioneer),1
What’s the price?,0
Can you show more photos?,0
This looks good.,0
Where do you ship from?,0
I’m interested in this item.,0
What are the dimensions?,0
I’m interested in this item.,0
What’s the price?,0
I’m interested in this item.,0
This looks good.,0
Email me at user1147@example.com,1
What are the dimensions?,0
Call me at 694-182-4304,1
I’m interested in this item.,0
What’s the price?,0
What are the dimensions?,0
How soon can I get it?,0
Snapchat me @ shopper623,1
t e l : +1-115-778-3719,1
Does it come in other colors?,0
What are the dimensions?,0
What’s the price?,0
What’s the price?,0
e m a i l m e @ user3087@example.com,1
How soon can I get it?,0
Do you have it in stock?,0
Email me at user3658@example.com,1
Can you show more photos?,0
I’m interested in this item.,0
Nice product!,0
What’s the price?,0
What are the dimensions?,0
What’s the price?,0
Does it come in other colors?,0
Message me at user1535@example.com,1
Hit me up on WhatsApp at +1-444-132-5396,1
What are the dimensions?,0
Nice product!,0
What’s the price?,0
Do you have it in stock?,0
What are the dimensions?,0
This looks good.,0
Can you show more photos?,0
I’m interested in this item.,0
Hit me up on WhatsApp at +1-123-827-9891,1
My number is 499-133-5759,1
Does it come in other colors?,0
reach at t w o o o @example.com,1
Connect on LinkedIn (linkedin.com/in/shop_owner),1
Does it come in other colors?,0
wanna chat? +1-825-565-6168,1
Does it come in other colors?,0
Email me at user6254@example.com,1
What’s the price?,0
Where do you ship from?,0
Where do you ship from?,0
My TikTok: @frank846,1
How soon can I get it?,0
What are the dimensions?,0
Do you have it in stock?,0
Does it come in other colors?,0
Does it come in other colors?,0
I’m interested in this item.,0
I’m interested in this item.,0
C a l l   m e :   5 7 4 - 5 5 4 - 8 2 0 0,1
Where do you ship from?,0
Ping me on Telegram: @ivan72,1
Where do you ship from?,0
Do you have it in stock?,0
My Snapchat is heidi657,1
Do you have it in stock?,0
This looks good.,0
Do you have it in stock?,0
What are the dimensions?,0
What’s the price?,0
What are the dimensions?,0
This looks good.,0
What’s the price?,0
Can you show more photos?,0
"Email is user7533@example.com, reach out anytime.",1
Text me at +1 870 460 5164,1
Do you have it in stock?,0
Ping me on Telegram: @ivan907,1
What’s the price?,0
How soon can I get it?,0
My number is +1 176 098 7661,1
Do you have it in stock?,0
t e l : +1-224-809-2814,1
Where do you ship from?,0
Nice product!,0
Where do you ship from?,0
This looks good.,0
Nice product!,0
Call me at +1 981 423 7476,1
Can you show more photos?,0
I’m interested in this item.,0
Hit me up on WhatsApp at 555-505-5623,1
I’m interested in this item.,0
Nice product!,0
What are the dimensions?,0
Do you have it in stock?,0
Does it come in other colors?,0
C a l l   m e :   ( 2 7 8 )   3 1 2 - 0 9 5 4,1
Can you show more photos?,0
Contact me via Telegram: @tech_lead,1
I’m interested in this item.,0
Follow me on Instagram @fashioneer and DM.,1
What are the dimensions?,0
Do you have it in stock?,0
What are the dimensions?,0
This looks good.,0
What are the dimensions?,0
I’m interested in this item.,0
Do you have it in stock?,0
Contact via email: david98@email.net,1
Connect on LinkedIn (linkedin.com/in/coolcat390),1
Do you have it in stock?,0
How soon can I get it?,0
What’s the price?,0
Does it come in other colors?,0
Where do you ship from?,0
📱 +1-184-711-7946,1
Nice product!,0
How soon can I get it?,0
Hit me up on WhatsApp at 555-396-2492,1
This looks good.,0
Do you have it in stock?,0
What are the dimensions?,0
Contact me on Skype: grace794,1
my email id is user6282@example.com,1
What’s the price?,0
Nice product!,0
I’m interested in this item.,0
Nice product!,0
This looks good.,0
Where do you ship from?,0
How soon can I get it?,0
Where do you ship from?,0
find me at user3813@example.com 😉,1
How soon can I get it?,0
What’s the price?,0
Can you show more photos?,0
Can you show more photos?,0
get in touch @ user7834@example.com,1
What’s the price?,0
Can you show more photos?,0
What are the dimensions?,0
my digits: +1-471-508-7097,1
Nice product!,0
Does it come in other colors?,0
Nice product!,0
e m a i l m e @ user1965@example.com,1
Add me on WhatsApp: 0352625559,1
How soon can I get it?,0
DM me on Instagram @fashionguru,1
How soon can I get it?,0
Do you have it in stock?,0
I’m interested in this item.,0
I’m interested in this item.,0
Where do you ship from?,0
Nice product!,0
DM me on Instagram @coolguy42,1
Does it come in other colors?,0
What’s the price?,0
What are the dimensions?,0
You can reach me at +1-968-639-1909,1
📱 +1-155-677-4021,1
t e l : +1-211-855-2391,1
Does it come in other colors?,0
What’s the price?,0
I’m interested in this item.,0
This looks good.,0
What’s the price?,0
Can you show more photos?,0
Where do you ship from?,0
snap me at s-n-a-p devguy301,1
How soon can I get it?,0
Where do you ship from?,0
What’s the price?,0
What are the dimensions?,0
How soon can I get it?,0
Does it come in other colors?,0
e m a i l m e @ user7370@example.com,1
my email id is user9973@example.com,1
This looks good.,0
Where do you ship from?,0
📱 +1-355-958-3491,1
What are the dimensions?,0
Contact me via Telegram: @best_pizza,1
You can reach me at 555-160-6261,1
Reach out on WhatsApp at +1-953-181-8597,1
Send me a DM on Facebook: facebook.com/shopper99,1
What’s the price?,0
Nice product!,0
Does it come in other colors?,0
What are the dimensions?,0
Where do you ship from?,0
Can you show more photos?,0
Snapchat me @ fashionista603,1
What’s the price?,0
I’m interested in this item.,0
I’m interested in this item.,0
How soon can I get it?,0
This looks good.,0
How soon can I get it?,0
Does it come in other colors?,0
Where do you ship from?,0
Do you have it in stock?,0
Do you have it in stock?,0
my email id is user425@example.com,1
Does it come in other colors?,0
I’m interested in this item.,0
This looks good.,0
Nice product!,0
This looks good.,0
Where do you ship from?,0
This looks good.,0
Contact me on Skype: heidi304,1
Does it come in other colors?,0
Add me on WhatsApp: 822-736-6518,1
Where do you ship from?,0
Nice product!,0
Add me on WhatsApp: 555-969-8334,1
What’s the price?,0
C a l l   m e :   5 4 2 - 9 0 0 - 9 2 7 9,1
Does it come in other colors?,0
I’m interested in this item.,0
I’m interested in this item.,0
How soon can I get it?,0
Can you show more photos?,0
Can you show more photos?,0
Nice product!,0
What are the dimensions?,0
Does it come in other colors?,0
I’m interested in this item.,0
How soon can I get it?,0
How soon can I get it?,0
Can you show more photos?,0
Does it come in other colors?,0
What’s the price?,0
How soon can I get it?,0
Does it come in other colors?,0
Connect on LinkedIn (linkedin.com/in/coolcat282),1
Does it come in other colors?,0
How soon can I get it?,0
Message me at user997@example.com,1
I’m interested in this item.,0
What are the dimensions?,0
Contact: +1-738-634-1577,1
How soon can I get it?,0
Text me at 7354733335,1
Does it come in other colors?,0
Signal me at 3810970536,1
You can reach me at 555-708-2156,1
I’m interested in this item.,0
Can you show more photos?,0
t e l : +1-660-201-3017,1
Does it come in other colors?,0
Does it come in other colors?,0
What’s the price?,0
What are the dimensions?,0
How soon can I get it?,0
Does it come in other colors?,0
Where do you ship from?,0
What’s the price?,0
Does it come in other colors?,0
This looks good.,0
Contact me on Skype: charlie592,1
Can you show more photos?,0
This looks good.,0
What are the dimensions?,0
How soon can I get it?,0
I’m interested in this item.,0
Do you have it in stock?,0
Do you have it in stock?,0
Do you have it in stock?,0
I’m interested in this item.,0
Where do you ship from?,0
Can you show more photos?,0
Message me on Snapchat: best_pizza,1
Add me on Facebook (facebook.com/tech_lead),1
I’m interested in this item.,0
What’s the price?,0
I’m interested in this item.,0
My Snapchat is david924,1
Nice product!,0
Where do you ship from?,0
I’m interested in this item.,0
Connect on LinkedIn (linkedin.com/in/devguy633),1
This looks good.,0
How soon can I get it?,0
Follow me on Twitter: @david794,1
My TikTok: @frank342,1
Nice product!,0
Do you have it in stock?,0
Can I have your email address?,1
Do you have it in stock?,0
Where do you ship from?,0
Can you show more photos?,0
What’s the price?,0
Nice product!,0
My number is (084) 832-6592,1
Where do you ship from?,0
find me at user8886@example.com 😉,1
Where do you ship from?,0
I’m interested in this item.,0
This looks good.,0
Nice product!,0
You can reach me at +1-101-210-9957,1
How soon can I get it?,0
What are the dimensions?,0
I’m interested in this item.,0
Can you show more photos?,0
How soon can I get it?,0
Does it come in other colors?,0
Nice product!,0
Add me on Facebook (facebook.com/tech_lead),1
What’s the price?,0
Does it come in other colors?,0
I’m interested in this item.,0
Let's connect on LinkedIn: linkedin.com/in/tech_lead,1
WhatsApp me at +1-555-224-6785,1
Find me on Facebook: https://facebook.com/heidi425,1
Does it come in other colors?,0
How soon can I get it?,0
my digits: +1-222-439-8406,1
c o n t a c t : +1-942-723-3536,1
What’s the price?,0
telegram: t dot me slash coolcat339,1
Contact me on Skype: grace739,1
This looks good.,0
What are the dimensions?,0
Where do you ship from?,0
This looks good.,0
This looks good.,0
What’s the price?,0
Does it come in other colors?,0
This looks good.,0
DM me on Instagram @coolguy42,1
Connect on LinkedIn (linkedin.com/in/best_pizza),1
Where do you ship from?,0
Can you show more photos?,0
What are the dimensions?,0
Follow me on Twitter: @eve967,1
Do you have it in stock?,0
I’m interested in this item.,0
Nice product!,0
What are the dimensions?,0
Do you have it in stock?,0
Do you have it in stock?,0
Where do you ship from?,0
Can you show more photos?,0
📱 +1-211-144-1988,1
You can reach me at +1-125-636-8138,1
Can you show more photos?,0
What’s the price?,0
Nice product!,0
Where do you ship from?,0
Message me on Snapchat: best_pizza,1
My Snapchat is charlie235,1
How soon can I get it?,0
What’s the price?,0
"My contact is 555-692-3022, call me.",1
This looks good.,0
Do you have it in stock?,0
Where do you ship from?,0
What’s the price?,0
Add me on Facebook (facebook.com/shop_owner),1
What are the dimensions?,0
Where do you ship from?,0
Does it come in other colors?,0
You can reach me at 555-652-1438,1
you can DM me at devguy12 on Insta,1
Where do you ship from?,0
I’m interested in this item.,0
Do you have it in stock?,0
What are the dimensions?,0
Can you show more photos?,0
I’m interested in this item.,0
C a l l   m e :   + 1   6 1 4   0 7 8   6 5 9 0,1
What are the dimensions?,0
message me via g m a i l at user5908@example.com,1
Can you show more photos?,0
What’s the price?,0
I’m interested in this item.,0
How soon can I get it?,0
Call me at (509) 940-5464,1
Add me on Facebook (facebook.com/fashioneer),1
I’m interested in this item.,0
Where do you ship from?,0
j u d y 2 @ e m a i l . n e t,1
Does it come in other colors?,0
Does it come in other colors?,0
Can I have your email address?,1
Do you have it in stock?,0
Where do you ship from?,0
Nice product!,0
I’m interested in this item.,0
Does it come in other colors?,0
Do you have it in stock?,0
Does it come in other colors?,0
This looks good.,0
What are the dimensions?,0
Nice product!,0
I’m interested in this item.,0
Does it come in other colors?,0
Where do you ship from?,0
This looks good.,0
fb.com/shopper241,1
Where do you ship from?,0
Where do you ship from?,0
Add me on WhatsApp: 555-823-1722,1
What are the dimensions?,0
This looks good.,0
How soon can I get it?,0
Does it come in other colors?,0
Can you show more photos?,0
I’m interested in this item.,0
Can you show more photos?,0
Can you show more photos?,0
Do you have it in stock?,0
"My contact is 555-178-2683, call me.",1
What’s the price?,0
you can DM me at shopper29 on Insta,1
reach at t w o o o @example.com,1
DM me on Instagram @best_pizza,1
Text me at 244-695-3640,1
I’m interested in this item.,0
📧 user9311@example.com,1
What are the dimensions?,0
Where do you ship from?,0
How soon can I get it?,0
This looks good.,0
What’s the price?,0
Let's connect on LinkedIn: https://linkedin.com/in/charlie725,1
Text me at +1-322-840-4338,1
Does it come in other colors?,0
Can I have your email address?,1
How soon can I get it?,0
What are the dimensions?,0
What’s the price?,0
Let's connect on LinkedIn: linkedin.com/in/shop_owner,1
Does it come in other colors?,0
Does it come in other colors?,0
What’s the price?,0
Hit me up on WhatsApp at 555-953-7588,1
Where do you ship from?,0
How soon can I get it?,0
Where do you ship from?,0
Ping me on Telegram: @judy482,1
What are the dimensions?,0
I’m interested in this item.,0
I’m interested in this item.,0
Can you show more photos?,0
How soon can I get it?,0
my email id is user3706@example.com,1
Nice product!,0
You can reach me at +1-494-642-4914,1
What are the dimensions?,0
How soon can I get it?,0
I’m interested in this item.,0
What’s the price?,0
How soon can I get it?,0
Reach me at 962-917-3499,1
What’s the price?,0
Do you have it in stock?,0
my digits: +1-339-921-1488,1
Do you have it in stock?,0
What’s the price?,0
What’s the price?,0
Can you show more photos?,0
Contact via email: charlie13@email.net,1
I’m interested in this item.,0
Contact me via Telegram: @shopper99,1
This looks good.,0
Message me on Snapchat: john_doe,1
Can I have your email address?,1
This looks good.,0
What are the dimensions?,0
I’m interested in this item.,0
Can you show more photos?,0
Can I have your email address?,1
How soon can I get it?,0
I’m interested in this item.,0
What’s the price?,0
Do you have it in stock?,0
Do you have it in stock?,0
I’m interested in this item.,0
"Email is user3266@example.com, reach out anytime.",1
My Snapchat is charlie134,1
Nice product!,0
Do you have it in stock?,0
Do you have it in stock?,0
Nice product!,0
fb.com/coolcat959,1
Does it come in other colors?,0
Nice product!,0
Can you show more photos?,0
I’m interested in this item.,0
Do you have it in stock?,0
C a l l   m e :   ( 9 6 4 )   9 4 4 - 8 8 9 5,1
Where do you ship from?,0
What are the dimensions?,0
Do you have it in stock?,0
Do you have it in stock?,0
Where do you ship from?,0
What are the dimensions?,0
Nice product!,0
Do you have it in stock?,0
Call me at 686-362-3956,1
Add me on Facebook (facebook.com/best_pizza),1
How soon can I get it?,0
Nice product!,0
my digits: +1-883-674-3042,1
You can reach me at 555-627-5949,1
Here is my email: user6089@example.com,1
Message me on Signal: +1 620 207 1532,1
Follow me on Twitter: @david659,1
Can you show more photos?,0
you can DM me at coolcat996 on Insta,1
Nice product!,0
t e l : +1-728-796-4647,1
Can you show more photos?,0
Nice product!,0
message me via g m a i l at user4193@example.com,1
"My contact is 555-747-4063, call me.",1
Text me at +1 346 959 4056,1
Do you have it in stock?,0
C a l l   m e :   + 1   6 4 6   7 5 1   0 4 3 4,1
How soon can I get it?,0
How soon can I get it?,0
This looks good.,0
What are the dimensions?,0
What’s the price?,0
Where do you ship from?,0
I’m interested in this item.,0
Do you have it in stock?,0
How soon can I get it?,0
Nice product!,0
Can you show more photos?,0
Does it come in other colors?,0
Can you show more photos?,0
Nice product!,0
t e l : +1-271-336-1060,1
Does it come in other colors?,0
Text me at 555-647-1699 for more info.,1
How soon can I get it?,0
Follow me on Twitter: @alice545,1
Here is my email: user8676@example.com,1
Where do you ship from?,0
What’s the price?,0
This looks good.,0
What’s the price?,0
Nice product!,0
Snapchat me @ shopper413,1
This looks good.,0
I’m interested in this item.,0
Text me at 555-756-9465 for more info.,1
I’m interested in this item.,0
h e i d i 3 5 @ t e s t . o r g,1
wanna chat? +1-577-547-3054,1
Add me on Facebook (facebook.com/fashionguru),1
I’m interested in this item.,0
Does it come in other colors?,0
How soon can I get it?,0
C a l l   m e :   + 1   7 7 9   2 4 8   9 6 4 0,1
I’m interested in this item.,0
Nice product!,0
Does it come in other colors?,0
This looks good.,0
Where do you ship from?,0
Can you show more photos?,0
What’s the price?,0
Does it come in other colors?,0
My WeChat ID is designer123,1
Contact: +1-237-604-7392,1
What are the dimensions?,0
Where do you ship from?,0
What are the dimensions?,0
What are the dimensions?,0
Find me on Facebook: https://facebook.com/eve944,1
Connect on LinkedIn (linkedin.com/in/fashioneer),1
e m a i l m e @ user4955@example.com,1
Follow me on Twitter: @eve640,1
Text me at +1-710-340-2642,1
Does it come in other colors?,0
This looks good.,0
What’s the price?,0
Can you show more photos?,0
Where do you ship from?,0
How soon can I get it?,0
What’s the price?,0
Do you have it in stock?,0
Can you show more photos?,0
Add me on WhatsApp: 555-867-9233,1
Nice product!,0
Can you show more photos?,0
What are the dimensions?,0
Does it come in other colors?,0
Add me on Facebook (facebook.com/designer123),1
This looks good.,0
Do you have it in stock?,0
Nice product!,0
Where do you ship from?,0
Do you have it in stock?,0
t e l : +1-194-605-4413,1
How soon can I get it?,0
Does it come in other colors?,0
Does it come in other colors?,0
This looks good.,0
Nice product!,0
Does it come in other colors?,0
C o n t a c t :   + 1   5 1 8   6 4 0   2 4 1 0,1
Do you have it in stock?,0
Nice product!,0
What’s the price?,0
Contact via email: eve72@test.org,1
Do you have it in stock?,0
Nice product!,0
How soon can I get it?,0
Does it come in other colors?,0
You can reach me at 555-870-4420,1
I’m interested in this item.,0
Mail me: charlie80@test.org,1
Can you show more photos?,0
"My contact is 555-346-4173, call me.",1
Nice product!,0
Let's connect on LinkedIn: linkedin.com/in/fashioneer,1
📱 +1-217-480-3138,1
Email me at user9953@example.com,1
Do you have it in stock?,0
I’m interested in this item.,0
How soon can I get it?,0
C a l l   m e :   + 1   6 1 0   2 3 1   7 0 3 4,1
How soon can I get it?,0
Where do you ship from?,0
Do you have it in stock?,0
Nice product!,0
I’m interested in this item.,0
Message me on Snapchat: fashioneer,1
I’m interested in this item.,0
Do you have it in stock?,0
What are the dimensions?,0
My Snapchat is heidi595,1
Does it come in other colors?,0
This looks good.,0
Does it come in other colors?,0
What are the dimensions?,0
What’s the price?,0
How soon can I get it?,0
Call me at 596-590-7678,1
What’s the price?,0
This looks good.,0
Do you have it in stock?,0
Do you have it in stock?,0
Where do you ship from?,0
How soon can I get it?,0
I’m interested in this item.,0
Does it come in other colors?,0
I’m interested in this item.,0
Reach me at (028) 432-6760,1
What’s the price?,0
What are the dimensions?,0
How soon can I get it?,0
What are the dimensions?,0
Does it come in other colors?,0
How soon can I get it?,0
What’s the price?,0
Do you have it in stock?,0
I’m interested in this item.,0
My TikTok: @judy361,1
What are the dimensions?,0
Does it come in other colors?,0
Where do you ship from?,0
Do you have it in stock?,0
How soon can I get it?,0
What are the dimensions?,0
Reach out on WhatsApp at +1-680-201-7024,1
c   o   n   t   a   c   t   m   e   ( 4 1 7 )   2 5 7 - 6 3 0 7,1
Add me on WhatsApp: 555-464-2575,1
This looks good.,0
I’m interested in this item.,0
c o n t a c t : +1-892-891-9805,1
"My contact is 555-976-4104, call me.",1
What are the dimensions?,0
Do you have it in stock?,0
This looks good.,0
This looks good.,0
Reach me at +1 960 120 4959,1
Can you show more photos?,0
I’m interested in this item.,0
Do you have it in stock?,0
Here's my email: user6037@example.com,1
This looks good.,0
What are the dimensions?,0
Do you have it in stock?,0
Email me at user7483@example.com,1
Where do you ship from?,0
Nice product!,0
What’s the price?,0
Do you have it in stock?,0
Where do you ship from?,0
Do you have it in stock?,0
hmu @ coolcat559,1
My WeChat ID is coolguy42,1
How soon can I get it?,0
c o n t a c t : +1-803-328-6083,1
This looks good.,0
What’s the price?,0
What are the dimensions?,0
DM me on Facebook: facebook.com/fashionista75,1
Where do you ship from?,0
I’m interested in this item.,0
This looks good.,0
DM me on Instagram: @bob435,1
Where do you ship from?,0
This looks good.,0
Do you have it in stock?,0
Do you have it in stock?,0
This looks good.,0
What’s the price?,0
What are the dimensions?,0
I’m interested in this item.,0
This looks good.,0
How soon can I get it?,0
Do you have it in stock?,0
Where do you ship from?,0
Do you have it in stock?,0
Find me on Facebook: https://facebook.com/frank140,1
Where do you ship from?,0
Follow me on Instagram @tech_lead and DM.,1
Where do you ship from?,0
Do you have it in stock?,0
Can you show more photos?,0
Where do you ship from?,0
Message me at user3562@example.com,1
What are the dimensions?,0
Where do you ship from?,0
How soon can I get it?,0
I’m interested in this item.,0
What are the dimensions?,0
How soon can I get it?,0
Where do you ship from?,0
What’s the price?,0
Can I have your email address?,1
I’m interested in this item.,0
Message me at user6218@example.com,1
Can I have your email address?,1
Snapchat me at 629-647-0459,1
Nice product!,0
What are the dimensions?,0
"Email is user8515@example.com, reach out anytime.",1
Nice product!,0
Do you have it in stock?,0
What’s the price?,0
C o n t a c t :   + 1   5 9 3   5 1 0   8 3 4 0,1
Can you show more photos?,0
What are the dimensions?,0
my email id is user6542@example.com,1
This looks good.,0
Do you have it in stock?,0
Ping me on Telegram: @charlie494,1
Does it come in other colors?,0
Message me on Snapchat: jane.smith,1
Do you have it in stock?,0
Can you show more photos?,0
I’m interested in this item.,0
What are the dimensions?,0
What are the dimensions?,0
What’s the price?,0
Can you show more photos?,0
Contact: +1-225-131-9696,1
Where do you ship from?,0
DM me on Instagram @john_doe,1
I’m interested in this item.,0
What’s the price?,0
Reach out on WhatsApp at +1-754-208-2251,1
"My contact is 555-747-2001, call me.",1
Contact me via Telegram: @fashionguru,1
What’s the price?,0
Can you show more photos?,0
Can you show more photos?,0
Nice product!,0
Nice product!,0
What’s the price?,0
Nice product!,0
Do you have it in stock?,0
This looks good.,0
Does it come in other colors?,0
This looks good.,0
This looks good.,0
My Snapchat is alice783,1
What’s the price?,0
How soon can I get it?,0
How soon can I get it?,0
e m a i l m e @ user8409@example.com,1
Please email me at user1058@example.com,1
fb.com/fashionista652,1
Can you show more photos?,0
Do you have it in stock?,0
You can reach me at +1-777-267-1613,1
Does it come in other colors?,0
Does it come in other colors?,0
Can you show more photos?,0
Do you have it in stock?,0
Where do you ship from?,0
Send me a DM on Facebook: facebook.com/best_pizza,1
I’m interested in this item.,0
Can you show more photos?,0
Can you show more photos?,0
e m a i l m e @ user3913@example.com,1
Nice product!,0
Here's my email: user3423@example.com,1
My Snapchat is eve975,1
📱 +1-950-724-9800,1
This looks good.,0
Can you show more photos?,0
Connect on LinkedIn (linkedin.com/in/shop_owner),1
What’s the price?,0
Nice product!,0
Can you show more photos?,0
C o n t a c t :   + 1   4 3 2   0 8 8   1 7 6 2,1
Nice product!,0
Add me on Facebook (facebook.com/shopper99),1
Follow me on Twitter: @eve344,1
Nice product!,0
How soon can I get it?,0
Where do you ship from?,0
Text me at +1-341-194-8424,1
Where do you ship from?,0
Does it come in other colors?,0
Nice product!,0
What are the dimensions?,0
Contact me on Skype: judy553,1
my email id is user8892@example.com,1
Does it come in other colors?,0
This looks good.,0
What are the dimensions?,0
Message me on Signal: +1 751 551 9311,1
Do you have it in stock?,0
What’s the price?,0
How soon can I get it?,0
I’m interested in this item.,0
Do you have it in stock?,0
Does it come in other colors?,0
Do you have it in stock?,0
What are the dimensions?,0
How soon can I get it?,0
What’s the price?,0
How soon can I get it?,0
How soon can I get it?,0
Does it come in other colors?,0
Email me at bob53@example.com,1
Does it come in other colors?,0
You can reach me at +1-608-187-6270,1
Message me at user7382@example.com,1
Do you have it in stock?,0
I’m interested in this item.,0
Nice product!,0
I’m interested in this item.,0
Let's connect on LinkedIn: https://linkedin.com/in/bob1,1
This looks good.,0
My number is 5203181578,1
How soon can I get it?,0
Nice product!,0
Does it come in other colors?,0
What are the dimensions?,0
Message via email: charlie37@example.com,1
Does it come in other colors?,0
t e l : +1-609-155-4711,1
What’s the price?,0
Nice product!,0
Does it come in other colors?,0
This looks good.,0
Here is my email: user5403@example.com,1
How soon can I get it?,0
Does it come in other colors?,0
Where do you ship from?,0
Nice product!,0
Can you show more photos?,0
Can you show more photos?,0
I’m interested in this item.,0
What’s the price?,0
Do you have it in stock?,0
Nice product!,0
Does it come in other colors?,0
DM me on Instagram @coolguy42,1
How soon can I get it?,0
This looks good.,0
Connect on LinkedIn (linkedin.com/in/shopper413),1
Message me on Signal: 450-360-9191,1
What are the dimensions?,0
Does it come in other colors?,0
Do you have it in stock?,0
Can you show more photos?,0
Nice product!,0
Does it come in other colors?,0
Do you have it in stock?,0
Does it come in other colors?,0
Can you show more photos?,0
WhatsApp me at +1-555-127-9931,1
Where do you ship from?,0
I’m interested in this item.,0
Can you show more photos?,0
Call me at (597) 641-2582,1
WhatsApp me at +1-555-260-4239,1
wanna chat? +1-862-948-1520,1
What are the dimensions?,0
I’m interested in this item.,0
This looks good.,0
I’m interested in this item.,0
How soon can I get it?,0
I’m interested in this item.,0
Can you show more photos?,0
Connect on LinkedIn (linkedin.com/in/best_pizza),1
Do you have it in stock?,0
Where do you ship from?,0
"Email is user8437@example.com, reach out anytime.",1
What are the dimensions?,0
I’m interested in this item.,0
What are the dimensions?,0
DM me on Instagram: @alice487,1
Can you show more photos?,0
Does it come in other colors?,0
Call me at 127-481-4250,1
What’s the price?,0
Nice product!,0
Message me on Signal: +1 132 749 3090,1
What are the dimensions?,0
Does it come in other colors?,0
DM me on Facebook: facebook.com/devguy216,1
This looks good.,0
How soon can I get it?,0
Where do you ship from?,0
What’s the price?,0
Where do you ship from?,0
How soon can I get it?,0
Can you show more photos?,0
Contact: +1-764-758-7405,1
Where do you ship from?,0
What are the dimensions?,0
You can reach me at 555-229-4346,1
I’m interested in this item.,0
What’s the price?,0
Where do you ship from?,0
Can you show more photos?,0
What’s the price?,0
What’s the price?,0
You can reach me at 555-640-2626,1
My number is 300-205-4407,1
What’s the price?,0
Here's my email: user8513@example.com,1
DM me on Instagram @best_pizza,1
Do you have it in stock?,0
How soon can I get it?,0
snap me at s-n-a-p fashionista575,1
How soon can I get it?,0
c o n t a c t : +1-182-709-1068,1
This looks good.,0
Do you have it in stock?,0
This looks good.,0
This looks good.,0
What are the dimensions?,0
Can you share your phone number so I can send you details?,1
I’m interested in this item.,0
I’m interested in this item.,0
Does it come in other colors?,0
What’s the price?,0
What’s the price?,0
Follow me on Twitter: @ivan407,1
Does it come in other colors?,0
How soon can I get it?,0
I’m interested in this item.,0
Does it come in other colors?,0
Can you show more photos?,0
Nice product!,0
Can you show more photos?,0
Send me a DM on Facebook: facebook.com/jane.smith,1
Nice product!,0
Do you have it in stock?,0
I’m interested in this item.,0
What are the dimensions?,0
Can you show more photos?,0
f r a n k 4 4 @ e m a i l . n e t,1
How soon can I get it?,0
I’m interested in this item.,0
t e l : +1-985-493-5173,1
Can you show more photos?,0
Do you have it in stock?,0
What are the dimensions?,0
What are the dimensions?,0
Where do you ship from?,0
Message me on Snapchat: shop_owner,1
This looks good.,0
How soon can I get it?,0
What’s the price?,0
Does it come in other colors?,0
Add me on WhatsApp: 123-748-3482,1
reach at t w o o o @example.com,1
Can you show more photos?,0
Can you show more photos?,0
I’m interested in this item.,0
Can you show more photos?,0
Nice product!,0
This looks good.,0
This looks good.,0
How soon can I get it?,0
How soon can I get it?,0
Do you have it in stock?,0
How soon can I get it?,0
Where do you ship from?,0
Please email me at user8105@example.com,1
Message me on Signal: 0102352226,1
This looks good.,0
WhatsApp me at +1-555-670-8496,1
What are the dimensions?,0
What’s the price?,0
I’m interested in this item.,0
I’m interested in this item.,0
Where do you ship from?,0
Does it come in other colors?,0
What are the dimensions?,0
This looks good.,0
Where do you ship from?,0
Nice product!,0
What’s the price?,0
I’m interested in this item.,0
What are the dimensions?,0
What are the dimensions?,0
Send me a DM on Facebook: facebook.com/best_pizza,1
What’s the price?,0
Can you show more photos?,0
Nice product!,0
My TikTok: @eve414,1
Add me on WhatsApp: 555-530-9849,1
How soon can I get it?,0
Where do you ship from?,0
Text me at +1-184-381-3491,1
Does it come in other colors?,0
Email me at user1951@example.com,1
How soon can I get it?,0
What are the dimensions?,0
Where do you ship from?,0
How soon can I get it?,0
This looks good.,0
Do you have it in stock?,0
How soon can I get it?,0
Nice product!,0
Do you have it in stock?,0
How soon can I get it?,0
Can you show more photos?,0
Where do you ship from?,0
Nice product!,0
Does it come in other colors?,0
Nice product!,0
Does it come in other colors?,0
Can you show more photos?,0
How soon can I get it?,0
Contact me via Telegram: @jane.smith,1
Do you have it in stock?,0
my digits: +1-663-784-3802,1
Nice product!,0
Do you have it in stock?,0
What are the dimensions?,0
Can I have your email address?,1
What are the dimensions?,0
Nice product!,0
Do you have it in stock?,0
What are the dimensions?,0
Add me on WhatsApp: 555-446-9476,1
I’m interested in this item.,0
You can reach me at 555-723-9883,1
I’m interested in this item.,0
Message me on Signal: +1 233 643 6306,1
Follow me on Instagram @best_pizza and DM.,1
Does it come in other colors?,0
Does it come in other colors?,0
Follow me on Instagram @fashioneer and DM.,1
Can you show more photos?,0
Message me on Signal: 0845868852,1
Nice product!,0
This looks good.,0
Where do you ship from?,0
I’m interested in this item.,0
Where do you ship from?,0
"Email is user3391@example.com, reach out anytime.",1
Does it come in other colors?,0
you can DM me at shopper331 on Insta,1
How soon can I get it?,0
Can you show more photos?,0
I’m interested in this item.,0
Nice product!,0
Can you show more photos?,0
Where do you ship from?,0
Add me on Facebook (facebook.com/best_pizza),1
Where do you ship from?,0
Nice product!,0
Nice product!,0
This looks good.,0
message me via g m a i l at user4891@example.com,1
I’m interested in this item.,0
Can you show more photos?,0
e m a i l m e @ user7425@example.com,1
I’m interested in this item.,0
Do you have it in stock?,0
Do you have it in stock?,0
How soon can I get it?,0
Nice product!,0
Can you show more photos?,0
DM me on Instagram: @heidi350,1
How soon can I get it?,0
Message me on Signal: 3184373897,1
What’s the price?,0
Where do you ship from?,0
I’m interested in this item.,0
Nice product!,0
What are the dimensions?,0
c   o   n   t   a   c   t   m   e   ( 9 2 6 )   0 4 4 - 4 5 7 8,1
What are the dimensions?,0
Can you share your phone number so I can send you details?,1
Where do you ship from?,0
What are the dimensions?,0
Can you show more photos?,0
Connect on LinkedIn (linkedin.com/in/john_doe),1
"My contact is 555-268-2022, call me.",1
What are the dimensions?,0
I’m interested in this item.,0
c o n t a c t : +1-696-256-6610,1
📧 user9031@example.com,1
How soon can I get it?,0
Nice product!,0
Where do you ship from?,0
Do you have it in stock?,0
Do you have it in stock?,0
Where do you ship from?,0
I’m interested in this item.,0
Does it come in other colors?,0
How soon can I get it?,0
Where do you ship from?,0
My Snapchat is bob604,1
Does it come in other colors?,0
Follow me on Instagram @coolguy42 and DM.,1
Here's my email: user5175@example.com,1
Do you have it in stock?,0
This looks good.,0
Hit me up on WhatsApp at +1-811-267-6208,1
Nice product!,0
Do you have it in stock?,0
What’s the price?,0
Does it come in other colors?,0
Where do you ship from?,0
What are the dimensions?,0
I’m interested in this item.,0
Email me at eve29@test.org,1
Where do you ship from?,0
I’m interested in this item.,0
Can you show more photos?,0
Add me on WhatsApp: 575-524-8906,1
Can you show more photos?,0
How soon can I get it?,0
Can you show more photos?,0
Does it come in other colors?,0
Can you show more photos?,0
Reach me at 794-481-4091,1
Do you have it in stock?,0
I’m interested in this item.,0
What are the dimensions?,0
This looks good.,0
What’s the price?,0
Can you show more photos?,0
Here's my email: user528@example.com,1
Where do you ship from?,0
Does it come in other colors?,0
How soon can I get it?,0
Nice product!,0
Nice product!,0
Text me at (937) 872-3721,1
Where do you ship from?,0
My WeChat ID is jane.smith,1
This looks good.,0
f r a n k 3 5 @ m a i l . c o m,1
Where do you ship from?,0
Do you have it in stock?,0
Contact me via Telegram: @john_doe,1
What’s the price?,0
I’m interested in this item.,0
Here is my email: user9431@example.com,1
This looks good.,0
I’m interested in this item.,0
Where do you ship from?,0
You can reach me at +1-765-567-6474,1
Can you show more photos?,0
What’s the price?,0
Can you show more photos?,0
Can you show more photos?,0
How soon can I get it?,0
Does it come in other colors?,0
How soon can I get it?,0
Does it come in other colors?,0
Do you have it in stock?,0
What’s the price?,0
I’m interested in this item.,0
What’s the price?,0
find me at user1657@example.com 😉,1
This looks good.,0
This looks good.,0
How soon can I get it?,0
Where do you ship from?,0
This looks good.,0
Do you have it in stock?,0
How soon can I get it?,0
Nice product!,0
Do you have it in stock?,0
Can you show more photos?,0
Nice product!,0
What are the dimensions?,0
Can you show more photos?,0
What’s the price?,0
How soon can I get it?,0
TikTok me at +1 798 444 8489,1
WhatsApp me at +1-555-596-8893,1
Let's connect on LinkedIn: linkedin.com/in/fashionguru,1
This looks good.,0
Do you have it in stock?,0
How soon can I get it?,0
How soon can I get it?,0
Nice product!,0
Nice product!,0
Hit me up on WhatsApp at +1-657-380-7277,1
Where do you ship from?,0
Follow me on Instagram @coolguy42 and DM.,1
Add me on WhatsApp: +1 396 229 9482,1
What are the dimensions?,0
What are the dimensions?,0
"Email is user4518@example.com, reach out anytime.",1
Nice product!,0
What are the dimensions?,0
What are the dimensions?,0
I’m interested in this item.,0
Do you have it in stock?,0
Nice product!,0
How soon can I get it?,0
Nice product!,0
My TikTok: @judy71,1
Nice product!,0
Where do you ship from?,0
Nice product!,0
Can you show more photos?,0
Message me on Signal: 5777536142,1
How soon can I get it?,0
Can you show more photos?,0
Message me at user4788@example.com,1
This looks good.,0
Where do you ship from?,0
What are the dimensions?,0
reach at t w o o o @example.com,1
This looks good.,0
What’s the price?,0
This looks good.,0
How soon can I get it?,0
Does it come in other colors?,0
I’m interested in this item.,0
Contact via email: alice27@test.org,1
Can you show more photos?,0
Where do you ship from?,0
Does it come in other colors?,0
Can you show more photos?,0
How soon can I get it?,0
My TikTok: @grace1,1
What’s the price?,0
Nice product!,0
Does it come in other colors?,0
How soon can I get it?,0
I’m interested in this item.,0
Message via email: bob74@example.com,1
I’m interested in this item.,0
Do you have it in stock?,0
What are the dimensions?,0
Do you have it in stock?,0
Can you show more photos?,0
Text me at +1-466-789-9513,1
How soon can I get it?,0
Do you have it in stock?,0
Do you have it in stock?,0
My Snapchat is charlie3,1
Contact me via Telegram: @shopper99,1
a l i c e 1 @ e m a i l . n e t,1
wanna chat? +1-840-973-7864,1
Can you show more photos?,0
DM me on Instagram: @heidi190,1
Snapchat me @ coolcat585,1
How soon can I get it?,0
Do you have it in stock?,0
Message me at user4939@example.com,1
How soon can I get it?,0
Where do you ship from?,0
This looks good.,0
How soon can I get it?,0
Does it come in other colors?,0
Snapchat me @ fashionista789,1
Do you have it in stock?,0
This looks good.,0
I’m interested in this item.,0
C a l l   m e :   1 3 6 6 2 6 3 4 8 8,1
I’m interested in this item.,0
Hit me up on WhatsApp at +1-171-706-8641,1
I’m interested in this item.,0
fb.com/coolcat173,1
I’m interested in this item.,0
How soon can I get it?,0
How soon can I get it?,0
How soon can I get it?,0
my email id is user9010@example.com,1
Does it come in other colors?,0
Do you have it in stock?,0
What are the dimensions?,0
I’m interested in this item.,0
Where do you ship from?,0
WhatsApp me at +1-555-661-8618,1
Does it come in other colors?,0
Where do you ship from?,0
Can you show more photos?,0
How soon can I get it?,0
I’m interested in this item.,0
Contact me on Skype: judy686,1
Does it come in other colors?,0
Nice product!,0
What’s the price?,0
Where do you ship from?,0
This looks good.,0
Can you show more photos?,0
How soon can I get it?,0
Text me at 555-780-1695 for more info.,1
Does it come in other colors?,0
Nice product!,0
Does it come in other colors?,0
Do you have it in stock?,0
"Email is user8234@example.com, reach out anytime.",1
Nice product!,0
Where do you ship from?,0
Where do you ship from?,0
Where do you ship from?,0
My number is 2952754343,1
snap me at s-n-a-p fashionista75,1
Does it come in other colors?,0
Can you show more photos?,0
What’s the price?,0
Does it come in other colors?,0
Does it come in other colors?,0
Can you show more photos?,0
What’s the price?,0
I’m interested in this item.,0
How soon can I get it?,0
I’m interested in this item.,0
Contact via email: heidi12@mail.com,1
How soon can I get it?,0
Contact me via Telegram: @john_doe,1
Contact me on Skype: alice150,1
Reach out on WhatsApp at +1-141-656-3339,1
Do you have it in stock?,0
What are the dimensions?,0
What are the dimensions?,0
What’s the price?,0
This looks good.,0
e m a i l m e @ user4574@example.com,1
Does it come in other colors?,0
Does it come in other colors?,0
What are the dimensions?,0
I’m interested in this item.,0
Where do you ship from?,0
Let's connect on LinkedIn: linkedin.com/in/shop_owner,1
What are the dimensions?,0
How soon can I get it?,0
LinkedIn me at (609) 567-1564,1
I’m interested in this item.,0
This looks good.,0
How soon can I get it?,0
You can reach me at 555-786-4564,1
What are the dimensions?,0
Add me on WhatsApp: 555-598-3850,1
I’m interested in this item.,0
I’m interested in this item.,0
Hit me up on WhatsApp at +1-653-230-5167,1
Nice product!,0
Does it come in other colors?,0
You can reach me at 555-773-2298,1
Do you have it in stock?,0
Nice product!,0
Can you show more photos?,0
How soon can I get it?,0
I’m interested in this item.,0
What’s the price?,0
Can you show more photos?,0
I’m interested in this item.,0
I’m interested in this item.,0
What are the dimensions?,0
How soon can I get it?,0
I’m interested in this item.,0
Can you show more photos?,0
Do you have it in stock?,0
WhatsApp me at +1-555-966-2023,1
This looks good.,0
What are the dimensions?,0
Where do you ship from?,0
This looks good.,0
Do you have it in stock?,0
How soon can I get it?,0
Nice product!,0
Where do you ship from?,0
How soon can I get it?,0
I’m interested in this item.,0
Does it come in other colors?,0
📧 user5653@example.com,1
This looks good.,0
Let's connect on LinkedIn: linkedin.com/in/best_pizza,1
Contact via email: alice62@example.com,1
I’m interested in this item.,0
Mail me: charlie98@mail.com,1
Where do you ship from?,0
Nice product!,0
Does it come in other colors?,0
Can you show more photos?,0
What are the dimensions?,0
Connect on LinkedIn (linkedin.com/in/fashioneer),1
Let's connect on LinkedIn: linkedin.com/in/jane.smith,1
Where do you ship from?,0
Message me on Snapchat: shop_owner,1
Where do you ship from?,0
Does it come in other colors?,0
Nice product!,0
Add me on WhatsApp: 2747904292,1
c   o   n   t   a   c   t   m   e   7 7 1 - 2 2 9 - 9 6 9 2,1
Where do you ship from?,0
I’m interested in this item.,0
What are the dimensions?,0
Do you have it in stock?,0
What are the dimensions?,0
Can you show more photos?,0
Nice product!,0
How soon can I get it?,0
How soon can I get it?,0
Contact me on Skype: charlie673,1
What are the dimensions?,0
How soon can I get it?,0
Call me at (867) 046-3407,1
What’s the price?,0
This looks good.,0
Where do you ship from?,0
Add me on WhatsApp: 1706526595,1
This looks good.,0
Does it come in other colors?,0
This looks good.,0
Does it come in other colors?,0
"My contact is 555-608-1709, call me.",1
What are the dimensions?,0
I’m interested in this item.,0
Mail me: bob53@mail.com,1
Can you show more photos?,0
What’s the price?,0
What’s the price?,0
This looks good.,0
Where do you ship from?,0
This looks good.,0
Nice product!,0
My number is (858) 117-6087,1
What are the dimensions?,0
This looks good.,0
Nice product!,0
I’m interested in this item.,0
Can you share your phone number so I can send you details?,1
Where do you ship from?,0
Nice product!,0
Text me at 555-151-5889 for more info.,1
What are the dimensions?,0
What’s the price?,0
WhatsApp me at +1-555-272-8023,1
I’m interested in this item.,0
What’s the price?,0
Do you have it in stock?,0
What’s the price?,0
Does it come in other colors?,0
What are the dimensions?,0
What’s the price?,0
Nice product!,0
Let's connect on LinkedIn: linkedin.com/in/tech_lead,1
What’s the price?,0
Where do you ship from?,0
Does it come in other colors?,0
get in touch @ user4582@example.com,1
Do you have it in stock?,0
This looks good.,0
Text me at +1-448-516-2490,1
You can reach me at 555-393-4296,1
I’m interested in this item.,0
This looks good.,0
get in touch @ user1133@example.com,1
Connect on LinkedIn (linkedin.com/in/designer123),1
What are the dimensions?,0
Text me at 555-647-1699 for more info.,1
Let's connect on LinkedIn: https://linkedin.com/in/eve520,1
Nice product!,0
What’s the price?,0
wanna chat? +1-661-283-4098,1
How soon can I get it?,0
Do you have it in stock?,0
snap me at s-n-a-p fashionista535,1
Can you show more photos?,0
This looks good.,0
Find me on Facebook: https://facebook.com/frank778,1
Mail me: bob17@test.org,1
Where do you ship from?,0
Nice product!,0
What are the dimensions?,0
I’m interested in this item.,0
Can you show more photos?,0
What’s the price?,0
What are the dimensions?,0
Can you show more photos?,0
my email id is user6268@example.com,1
Where do you ship from?,0
How soon can I get it?,0
Do you have it in stock?,0
Do you have it in stock?,0
Where do you ship from?,0
How soon can I get it?,0
Can you show more photos?,0
How soon can I get it?,0
Where do you ship from?,0
Can you show more photos?,0
Can you show more photos?,0
Nice product!,0
find me at user7074@example.com 😉,1
How soon can I get it?,0
Can you show more photos?,0
Nice product!,0
Nice product!,0
Nice product!,0
What’s the price?,0
I’m interested in this item.,0
Does it come in other colors?,0
This looks good.,0
Does it come in other colors?,0
What are the dimensions?,0
Can you show more photos?,0
Nice product!,0
How soon can I get it?,0
Where do you ship from?,0
Does it come in other colors?,0
I’m interested in this item.,0
Does it come in other colors?,0
How soon can I get it?,0
Where do you ship from?,0
Can you show more photos?,0
Mail me: judy47@email.net,1
I’m interested in this item.,0
Where do you ship from?,0
Can you show more photos?,0
Let's connect on LinkedIn: https://linkedin.com/in/grace490,1
What’s the price?,0
How soon can I get it?,0
Where do you ship from?,0
What’s the price?,0
Can you show more photos?,0
Do you have it in stock?,0
Nice product!,0
I’m interested in this item.,0
Can you show more photos?,0
I’m interested in this item.,0
Mail me: heidi85@test.org,1
What are the dimensions?,0
What are the dimensions?,0
Can you show more photos?,0
What’s the price?,0
Does it come in other colors?,0
What’s the price?,0
What are the dimensions?,0
This looks good.,0
I’m interested in this item.,0
What’s the price?,0
Where do you ship from?,0
Do you have it in stock?,0
This looks good.,0
Where do you ship from?,0
Connect on LinkedIn (linkedin.com/in/john_doe),1
Do you have it in stock?,0
Nice product!,0
Where do you ship from?,0
Here's my email: user372@example.com,1
I’m interested in this item.,0
Contact via email: judy45@test.org,1
How soon can I get it?,0
This looks good.,0
Email me at frank70@example.com,1
What are the dimensions?,0
This looks good.,0
Reach me at +1 016 557 3295,1
How soon can I get it?,0
How soon can I get it?,0
This looks good.,0
Let's connect on LinkedIn: https://linkedin.com/in/grace523,1
My Snapchat is judy585,1
I’m interested in this item.,0
Message me at user2579@example.com,1
c o n t a c t : +1-680-795-1133,1
You can reach me at +1-539-791-4809,1
How soon can I get it?,0
How soon can I get it?,0
Nice product!,0
What are the dimensions?,0
Nice product!,0
Where do you ship from?,0
Can you show more photos?,0
Nice product!,0
Where do you ship from?,0
Where do you ship from?,0
Call me at 845-403-0014,1
Where do you ship from?,0
Nice product!,0
Does it come in other colors?,0
Can you show more photos?,0
Snapchat me @ shopper660,1
How soon can I get it?,0
How soon can I get it?,0
How soon can I get it?,0
Nice product!,0
Does it come in other colors?,0
Does it come in other colors?,0
I’m interested in this item.,0
Does it come in other colors?,0
Does it come in other colors?,0
What’s the price?,0
I’m interested in this item.,0
What’s the price?,0
My TikTok: @charlie349,1
How soon can I get it?,0
This looks good.,0
What’s the price?,0
Where do you ship from?,0
Does it come in other colors?,0
Call me at (961) 291-4639,1
What’s the price?,0
Do you have it in stock?,0
I’m interested in this item.,0
Do you have it in stock?,0
Do you have it in stock?,0
Does it come in other colors?,0
my email id is user3633@example.com,1
Do you have it in stock?,0
Does it come in other colors?,0
Can you show more photos?,0
Can you show more photos?,0
Can you show more photos?,0
Does it come in other colors?,0
This looks good.,0
Do you have it in stock?,0
How soon can I get it?,0
Do you have it in stock?,0
get in touch @ user7911@example.com,1
This looks good.,0
This looks good.,0
This looks good.,0
Nice product!,0
Can you show more photos?,0
I’m interested in this item.,0
you can DM me at fashionista402 on Insta,1
Do you have it in stock?,0
Can you show more photos?,0
Nice product!,0
Does it come in other colors?,0
Find me on Facebook: https://facebook.com/heidi839,1
Ping me on Telegram: @heidi907,1
This looks good.,0
What’s the price?,0
I’m interested in this item.,0
Do you have it in stock?,0
t e l : +1-182-397-9844,1
Does it come in other colors?,0
How soon can I get it?,0
What are the dimensions?,0
Nice product!,0
Does it come in other colors?,0
How soon can I get it?,0
I’m interested in this item.,0
This looks good.,0
What’s the price?,0
Does it come in other colors?,0
Where do you ship from?,0
Snapchat me @ fashionista141,1
Where do you ship from?,0
t e l : +1-191-330-8348,1
Can you show more photos?,0
My Snapchat is judy941,1
Does it come in other colors?,0
My TikTok: @david869,1
How soon can I get it?,0
How soon can I get it?,0
What’s the price?,0
What are the dimensions?,0
find me at user2524@example.com 😉,1
DM me on Instagram @shopper99,1
Does it come in other colors?,0
Where do you ship from?,0
Does it come in other colors?,0
t e l : +1-129-912-5908,1
I’m interested in this item.,0
What’s the price?,0
Do you have it in stock?,0
This looks good.,0
How soon can I get it?,0
What are the dimensions?,0
Can you show more photos?,0
Does it come in other colors?,0
I’m interested in this item.,0
I’m interested in this item.,0
Does it come in other colors?,0
Where do you ship from?,0
message me via g m a i l at user5529@example.com,1
I’m interested in this item.,0
I’m interested in this item.,0
This looks good.,0
Contact via email: david50@email.net,1
get in touch @ user4666@example.com,1
Do you have it in stock?,0
I’m interested in this item.,0
Can you show more photos?,0
I’m interested in this item.,0
Can you show more photos?,0
WhatsApp me at +1-555-320-9513,1
Can you show more photos?,0
How soon can I get it?,0
I’m interested in this item.,0
What are the dimensions?,0
Where do you ship from?,0
Does it come in other colors?,0
Where do you ship from?,0
I’m interested in this item.,0
Where do you ship from?,0
Nice product!,0
Connect on LinkedIn (linkedin.com/in/designer123),1
I’m interested in this item.,0
DM me on Facebook: facebook.com/devguy867,1
Can you show more photos?,0
I’m interested in this item.,0
Please email me at user8256@example.com,1
Text me at 9734930188,1
DM me on Instagram @john_doe,1
How soon can I get it?,0
Do you have it in stock?,0
Message me on Snapchat: fashionguru,1
Can you show more photos?,0
find me at user7475@example.com 😉,1
Nice product!,0
What are the dimensions?,0
Where do you ship from?,0
📱 +1-661-554-1176,1
telegram: t dot me slash devguy764,1
What are the dimensions?,0
my email id is user1970@example.com,1
Reach out on WhatsApp at +1-986-903-1359,1
Does it come in other colors?,0
Where do you ship from?,0
This looks good.,0
This looks good.,0
My number is 5037711025,1
I’m interested in this item.,0
Let's connect on LinkedIn: https://linkedin.com/in/charlie675,1
This looks good.,0
C o n t a c t :   + 1   6 2 3   3 3 3   3 8 3 0,1
Can you show more photos?,0
Email me at alice99@test.org,1
Where do you ship from?,0
My WeChat ID is john_doe,1
What are the dimensions?,0
How soon can I get it?,0
Here's my email: user7292@example.com,1
Signal me at 515-598-2486,1
my digits: +1-524-462-4698,1
get in touch @ user5740@example.com,1
What’s the price?,0
I’m interested in this item.,0
Can you show more photos?,0
Where do you ship from?,0
What are the dimensions?,0
My WeChat ID is jane.smith,1
My number is (323) 186-1754,1
Here's my email: user6538@example.com,1
c   o   n   t   a   c   t   m   e   ( 3 9 7 )   2 5 9 - 0 4 3 6,1
Do you have it in stock?,0
How soon can I get it?,0
Where do you ship from?,0
What are the dimensions?,0
How soon can I get it?,0
Can you show more photos?,0
Can you show more photos?,0
Where do you ship from?,0
What are the dimensions?,0
This looks good.,0
How soon can I get it?,0
What’s the price?,0
DM me on Instagram @shop_owner,1
How soon can I get it?,0
Find me on Facebook: https://facebook.com/eve932,1
Where do you ship from?,0
I’m interested in this item.,0
Here is my email: user7680@example.com,1
What are the dimensions?,0
Do you have it in stock?,0
How soon can I get it?,0
📧 user6882@example.com,1
Where do you ship from?,0
What are the dimensions?,0
Can you show more photos?,0
Where do you ship from?,0
Nice product!,0
Follow me on Instagram @best_pizza and DM.,1
Do you have it in stock?,0
telegram: t dot me slash shopper236,1
Nice product!,0
What’s the price?,0
Where do you ship from?,0
Does it come in other colors?,0
Do you have it in stock?,0
What are the dimensions?,0
How soon can I get it?,0
I’m interested in this item.,0
Text me at 555-674-7272 for more info.,1
What are the dimensions?,0
Does it come in other colors?,0
This looks good.,0
Where do you ship from?,0
What are the dimensions?,0
Message me on Signal: 2940369397,1
What’s the price?,0
Messenger me at 6004812594,1
I’m interested in this item.,0
What are the dimensions?,0
What’s the price?,0
How soon can I get it?,0
Text me at 689-132-4564,1
What’s the price?,0
I’m interested in this item.,0
Contact me on Skype: heidi644,1
How soon can I get it?,0
How soon can I get it?,0
Do you have it in stock?,0
You can reach me at +1-305-634-6087,1
I’m interested in this item.,0
Does it come in other colors?,0
How soon can I get it?,0
This looks good.,0
find me at user9163@example.com 😉,1
Ping me on Telegram: @david127,1
I’m interested in this item.,0
This looks good.,0
I’m interested in this item.,0
Nice product!,0
This looks good.,0
Where do you ship from?,0
Nice product!,0
How soon can I get it?,0
Can I have your email address?,1
Does it come in other colors?,0
My Snapchat is grace934,1
Do you have it in stock?,0
Contact me on Skype: heidi935,1
Can you show more photos?,0
Where do you ship from?,0
Nice product!,0
This looks good.,0
How soon can I get it?,0
What’s the price?,0
How soon can I get it?,0
What’s the price?,0
How soon can I get it?,0
How soon can I get it?,0
Nice product!,0
Contact via email: frank93@email.net,1
get in touch @ user2454@example.com,1
This looks good.,0
Where do you ship from?,0
Can you show more photos?,0
I’m interested in this item.,0
Does it come in other colors?,0
Can you show more photos?,0
telegram: t dot me slash devguy343,1
What’s the price?,0
Nice product!,0
What’s the price?,0
How soon can I get it?,0
Where do you ship from?,0
Does it come in other colors?,0
message me via g m a i l at user2217@example.com,1
This looks good.,0
Where do you ship from?,0
I’m interested in this item.,0
I’m interested in this item.,0
Can you share your phone number so I can send you details?,1
How soon can I get it?,0
Can you show more photos?,0
Where do you ship from?,0
What’s the price?,0
Does it come in other colors?,0
Can you show more photos?,0
Can you show more photos?,0
This looks good.,0
This looks good.,0
📧 user7214@example.com,1
How soon can I get it?,0
This looks good.,0
This looks good.,0
DM me on Facebook: facebook.com/coolcat12,1
Snapchat me at (688) 621-8450,1
Do you have it in stock?,0
What are the dimensions?,0
Does it come in other colors?,0
"My contact is 555-739-2245, call me.",1
What’s the price?,0
Can you show more photos?,0
Nice product!,0
Nice product!,0
Mail me: grace45@example.com,1
Follow me on Instagram @shopper99 and DM.,1
This looks good.,0
Can you show more photos?,0
Ping me on Telegram: @charlie151,1
Does it come in other colors?,0
Does it come in other colors?,0
Do you have it in stock?,0
Send me a DM on Facebook: facebook.com/best_pizza,1
Add me on WhatsApp: +1 899 244 4378,1
Do you have it in stock?,0
Let's connect on LinkedIn: linkedin.com/in/best_pizza,1
What are the dimensions?,0
Contact: +1-641-173-5969,1
What’s the price?,0
What’s the price?,0
C o n t a c t :   + 1   1 2 2   8 0 4   5 7 8 9,1
📧 user8792@example.com,1
get in touch @ user5106@example.com,1
How soon can I get it?,0
Contact via email: bob40@email.net,1
How soon can I get it?,0
I’m interested in this item.,0
Do you have it in stock?,0
DM me on Facebook: facebook.com/fashionista799,1
I’m interested in this item.,0
What’s the price?,0
I’m interested in this item.,0
What are the dimensions?,0
Can you show more photos?,0
This looks good.,0
Do you have it in stock?,0
Where do you ship from?,0
Call me at (517) 648-2187,1
What’s the price?,0
Does it come in other colors?,0
Message me on Snapchat: best_pizza,1
Nice product!,0
How soon can I get it?,0
How soon can I get it?,0
How soon can I get it?,0
This looks good.,0
Nice product!,0
Nice product!,0
Do you have it in stock?,0
Do you have it in stock?,0
What’s the price?,0
Do you have it in stock?,0
get in touch @ user6464@example.com,1
Can you show more photos?,0
What’s the price?,0
This looks good.,0
Does it come in other colors?,0
Do you have it in stock?,0
What are the dimensions?,0
Can you show more photos?,0
I’m interested in this item.,0
Where do you ship from?,0
How soon can I get it?,0
What are the dimensions?,0
What are the dimensions?,0
You can reach me at +1-658-947-6726,1
Message me on Snapchat: shopper99,1
What are the dimensions?,0
Do you have it in stock?,0
Does it come in other colors?,0
What are the dimensions?,0
Can you show more photos?,0
Contact me via Telegram: @fashionguru,1
reach at t w o o o @example.com,1
Does it come in other colors?,0
How soon can I get it?,0
What are the dimensions?,0
What’s the price?,0
What’s the price?,0
Follow me on Twitter: @judy90,1
What are the dimensions?,0
I’m interested in this item.,0
c h a r l i e 1 5 @ t e s t . o r g,1
Where do you ship from?,0
Do you have it in stock?,0
Does it come in other colors?,0
Nice product!,0
This looks good.,0
What’s the price?,0
Does it come in other colors?,0
I’m interested in this item.,0
Do you have it in stock?,0
reach at t w o o o @example.com,1
What are the dimensions?,0
Where do you ship from?,0
Can you show more photos?,0
Can you show more photos?,0
Send me a DM on Facebook: facebook.com/coolguy42,1
Follow me on Instagram @shop_owner and DM.,1
Does it come in other colors?,0
I’m interested in this item.,0
Does it come in other colors?,0
Nice product!,0
📱 +1-629-318-4691,1
How soon can I get it?,0
Email me at user3900@example.com,1
How soon can I get it?,0
My WeChat ID is shop_owner,1
I’m interested in this item.,0
Can you show more photos?,0
get in touch @ user8547@example.com,1
Does it come in other colors?,0
Text me at +1-464-906-3616,1
What’s the price?,0
Does it come in other colors?,0
What’s the price?,0
telegram: t dot me slash fashionista899,1
"My contact is 555-465-5730, call me.",1
Nice product!,0
find me at user9375@example.com 😉,1
Nice product!,0
This looks good.,0
Where do you ship from?,0
Text me at 555-725-6189 for more info.,1
What are the dimensions?,0
Please email me at user9341@example.com,1
Can you show more photos?,0
Do you have it in stock?,0
I’m interested in this item.,0
What are the dimensions?,0
you can DM me at shopper238 on Insta,1
Text me at +1-185-607-8296,1
Text me at +1-742-135-3325,1
What’s the price?,0
WhatsApp me at +1-555-699-7237,1
What’s the price?,0
c   o   n   t   a   c   t   m   e   ( 5 4 3 )   3 6 0 - 2 5 4 2,1
Can you show more photos?,0
Do you have it in stock?,0
How soon can I get it?,0
Contact me on Skype: bob503,1
I’m interested in this item.,0
I’m interested in this item.,0
Nice product!,0
Where do you ship from?,0
What are the dimensions?,0
Where do you ship from?,0
What are the dimensions?,0
How soon can I get it?,0
Nice product!,0
Can you show more photos?,0
Does it come in other colors?,0
Nice product!,0
What’s the price?,0
Can you show more photos?,0
Contact me on Skype: eve64,1
Nice product!,0
What are the dimensions?,0
Where do you ship from?,0
Call me at (690) 712-4844,1
How soon can I get it?,0
How soon can I get it?,0
What’s the price?,0
Can you show more photos?,0
I’m interested in this item.,0
What are the dimensions?,0
This looks good.,0
Do you have it in stock?,0
Email me at eve77@mail.com,1
Call me at 571-346-3151,1
Contact: +1-132-807-7183,1
Can you show more photos?,0
What’s the price?,0
Can you show more photos?,0
Does it come in other colors?,0
I’m interested in this item.,0
Can you show more photos?,0
Can you show more photos?,0
Contact me via Telegram: @best_pizza,1
Can you show more photos?,0
This looks good.,0
Here's my email: user671@example.com,1
I’m interested in this item.,0
Does it come in other colors?,0
What are the dimensions?,0
Do you have it in stock?,0
Hit me up on WhatsApp at +1-968-431-2125,1
Message via email: grace8@mail.com,1
Reach me at (364) 452-4358,1
How soon can I get it?,0
Text me at 6722195862,1
What’s the price?,0
My Snapchat is bob648,1
Where do you ship from?,0
What’s the price?,0
Snapchat me @ fashionista620,1
You can reach me at 555-561-3616,1
Does it come in other colors?,0
I’m interested in this item.,0
Where do you ship from?,0
This looks good.,0
Can you show more photos?,0
Do you have it in stock?,0
What’s the price?,0
Can you show more photos?,0
Does it come in other colors?,0
Where do you ship from?,0
Nice product!,0
Do you have it in stock?,0
Does it come in other colors?,0
Nice product!,0
What are the dimensions?,0
This looks good.,0
Hit me up on WhatsApp at +1-750-261-9804,1
How soon can I get it?,0
C a l l   m e :   9 0 4 9 7 8 2 5 9 9,1
What’s the price?,0
I’m interested in this item.,0
How soon can I get it?,0
I’m interested in this item.,0
What’s the price?,0
What are the dimensions?,0
Where do you ship from?,0
Can you show more photos?,0
"Email is user9225@example.com, reach out anytime.",1
I’m interested in this item.,0
Please email me at user9721@example.com,1
What are the dimensions?,0
WhatsApp me at +1-555-348-1173,1
Nice product!,0
Can you show more photos?,0
Can you share your phone number so I can send you details?,1
What’s the price?,0
Does it come in other colors?,0
What are the dimensions?,0
I’m interested in this item.,0
I’m interested in this item.,0
This looks good.,0
Do you have it in stock?,0
I’m interested in this item.,0
Can you show more photos?,0
Can you show more photos?,0
I’m interested in this item.,0
Can you show more photos?,0
I’m interested in this item.,0
How soon can I get it?,0
Can you show more photos?,0
This looks good.,0
What are the dimensions?,0
Does it come in other colors?,0
What’s the price?,0
Can you show more photos?,0
You can reach me at 555-984-8244,1
Nice product!,0
Do you have it in stock?,0
Nice product!,0
Does it come in other colors?,0
What are the dimensions?,0
Where do you ship from?,0
I’m interested in this item.,0
Nice product!,0
Can you show more photos?,0
What’s the price?,0
Do you have it in stock?,0
my digits: +1-234-981-3644,1
Text me at 555-671-6979 for more info.,1
Where do you ship from?,0
my digits: +1-147-314-2703,1
📱 +1-292-964-4389,1
What are the dimensions?,0
Do you have it in stock?,0
What’s the price?,0
Add me on Facebook (facebook.com/shopper99),1
I’m interested in this item.,0
How soon can I get it?,0
my digits: +1-623-557-7756,1
Call me at +1 396 299 9020,1
This looks good.,0
My WeChat ID is designer123,1
WhatsApp me at +1-555-901-7789,1
How soon can I get it?,0
Can you show more photos?,0
This looks good.,0
Where do you ship from?,0
What are the dimensions?,0
Does it come in other colors?,0
Can you show more photos?,0
📧 user5800@example.com,1
c   o   n   t   a   c   t   m   e   8 2 0 8 0 4 7 5 7 1,1
I’m interested in this item.,0
Nice product!,0
How soon can I get it?,0
How soon can I get it?,0
How soon can I get it?,0
Nice product!,0
Where do you ship from?,0
What are the dimensions?,0
What’s the price?,0
I’m interested in this item.,0
What are the dimensions?,0
DM me on Instagram: @david985,1
Where do you ship from?,0
Do you have it in stock?,0
Ping me on Telegram: @david659,1
This looks good.,0
Can you show more photos?,0
I’m interested in this item.,0
Does it come in other colors?,0
Do you have it in stock?,0
Add me on Facebook (facebook.com/fashionguru),1
You can reach me at +1-199-303-6955,1
Telegram me at (072) 101-8653,1
Where do you ship from?,0
Nice product!,0
I’m interested in this item.,0
This looks good.,0
Can you show more photos?,0
my digits: +1-594-246-4825,1
e m a i l m e @ user4407@example.com,1
Does it come in other colors?,0
Does it come in other colors?,0
You can reach me at +1-511-322-4167,1
Signal me at (624) 993-7659,1
My number is +1 470 066 8488,1
Does it come in other colors?,0
What’s the price?,0
This looks good.,0
Nice product!,0
hmu @ coolcat987,1
What’s the price?,0
How soon can I get it?,0
Nice product!,0
Nice product!,0
Call me at 6048689490,1
How soon can I get it?,0
This looks good.,0
Where do you ship from?,0
I’m interested in this item.,0
Contact me via Telegram: @fashioneer,1
Reach out on WhatsApp at +1-178-706-5111,1
Can you show more photos?,0
Follow me on Instagram @tech_lead and DM.,1
How soon can I get it?,0
This looks good.,0
Do you have it in stock?,0
WhatsApp me at +1-555-889-9026,1
📧 user7085@example.com,1
Where do you ship from?,0
What are the dimensions?,0
Can you show more photos?,0
Can you show more photos?,0
wanna chat? +1-951-909-9645,1
What’s the price?,0
What’s the price?,0
Does it come in other colors?,0
How soon can I get it?,0
This looks good.,0
My TikTok: @david119,1
How soon can I get it?,0
Connect on LinkedIn (linkedin.com/in/shopper99),1
What are the dimensions?,0
Does it come in other colors?,0
What’s the price?,0
Here is my email: user4134@example.com,1
Can you show more photos?,0
telegram: t dot me slash devguy958,1
Where do you ship from?,0
Message me on Snapchat: best_pizza,1
Where do you ship from?,0
Can you show more photos?,0
This looks good.,0
Can I have your email address?,1
Do you have it in stock?,0
Where do you ship from?,0
my email id is user2563@example.com,1
Nice product!,0
Can you show more photos?,0
Does it come in other colors?,0
What’s the price?,0
Does it come in other colors?,0
What are the dimensions?,0
Where do you ship from?,0
Can you show more photos?,0
DM me on Instagram: @charlie521,1
My number is +1 024 870 6936,1
WhatsApp me at 9662474232,1
What’s the price?,0
How soon can I get it?,0
I’m interested in this item.,0
Where do you ship from?,0
Do you have it in stock?,0
My Snapchat is ivan128,1
Let's connect on LinkedIn: https://linkedin.com/in/judy692,1
I’m interested in this item.,0
Nice product!,0
What’s the price?,0
Snapchat me @ coolcat489,1
What’s the price?,0
What are the dimensions?,0
Does it come in other colors?,0
Message me on Signal: (268) 744-2482,1
How soon can I get it?,0
telegram: t dot me slash coolcat302,1
How soon can I get it?,0
e m a i l m e @ user5300@example.com,1
What’s the price?,0
Where do you ship from?,0
I’m interested in this item.,0
What’s the price?,0
How soon can I get it?,0
Can you show more photos?,0
Can you show more photos?,0
Does it come in other colors?,0
Do you have it in stock?,0
d a v i d 9 8 @ e x a m p l e . c o m,1
DM me on Instagram: @ivan566,1
What are the dimensions?,0
I’m interested in this item.,0
Do you have it in stock?,0
Where do you ship from?,0
Nice product!,0
Do you have it in stock?,0
telegram: t dot me slash shopper569,1
Where do you ship from?,0
Do you have it in stock?,0
Can you show more photos?,0
Does it come in other colors?,0
Please email me at user8794@example.com,1
Hit me up on WhatsApp at 555-390-1347,1
Nice product!,0
Where do you ship from?,0
Where do you ship from?,0
C a l l   m e :   + 1   2 7 3   6 1 7   2 9 3 1,1
What’s the price?,0
Can you show more photos?,0
Does it come in other colors?,0
Nice product!,0
How soon can I get it?,0
get in touch @ user5834@example.com,1
Nice product!,0
Nice product!,0
What’s the price?,0
How soon can I get it?,0
Do you have it in stock?,0
Where do you ship from?,0
Nice product!,0
I’m interested in this item.,0
reach at t w o o o @example.com,1
I’m interested in this item.,0
Nice product!,0
Does it come in other colors?,0
my email id is user7096@example.com,1
Mail me: ivan77@mail.com,1
What’s the price?,0
What’s the price?,0
Nice product!,0
What are the dimensions?,0
Can you show more photos?,0
What are the dimensions?,0
get in touch @ user5586@example.com,1
Add me on WhatsApp: 555-335-9174,1
Can I have your email address?,1
Can you show more photos?,0
My TikTok: @judy762,1
How soon can I get it?,0
What are the dimensions?,0
Where do you ship from?,0
This looks good.,0
C a l l   m e :   8 7 3 - 8 9 7 - 7 9 4 1,1
What’s the price?,0
How soon can I get it?,0
message me via g m a i l at user5821@example.com,1
Does it come in other colors?,0
WhatsApp me at +1-555-312-2869,1
Where do you ship from?,0
Where do you ship from?,0
Can you show more photos?,0
Where do you ship from?,0
Skype me at 959-559-2386,1
Can you show more photos?,0
Nice product!,0
How soon can I get it?,0
This looks good.,0
Let's connect on LinkedIn: linkedin.com/in/fashionguru,1
reach at t w o o o @example.com,1
Nice product!,0
How soon can I get it?,0
Do you have it in stock?,0
What are the dimensions?,0
How soon can I get it?,0
Nice product!,0
Nice product!,0
Does it come in other colors?,0
Does it come in other colors?,0
Nice product!,0
This looks good.,0
Please email me at user3539@example.com,1
Does it come in other colors?,0
I’m interested in this item.,0
I’m interested in this item.,0
Do you have it in stock?,0
Nice product!,0
How soon can I get it?,0
What’s the price?,0
Let's connect on LinkedIn: linkedin.com/in/fashioneer,1
What are the dimensions?,0
What are the dimensions?,0
Contact me on Skype: judy20,1
What’s the price?,0
Can you show more photos?,0
Message via email: grace66@mail.com,1
Can you show more photos?,0
This looks good.,0
My TikTok: @alice93,1
Here's my email: user3695@example.com,1
Find me on Facebook: https://facebook.com/david544,1
Does it come in other colors?,0
What’s the price?,0
This looks good.,0
Can you show more photos?,0
Can you show more photos?,0
What’s the price?,0
Email me at user1796@example.com,1
Where do you ship from?,0
Does it come in other colors?,0
Here's my email: user7684@example.com,1
Do you have it in stock?,0
Please email me at user5809@example.com,1
How soon can I get it?,0
What’s the price?,0
Does it come in other colors?,0
This looks good.,0
You can reach me at 555-750-1475,1
What are the dimensions?,0
How soon can I get it?,0
Does it come in other colors?,0
This looks good.,0
Where do you ship from?,0
Nice product!,0
Nice product!,0
Does it come in other colors?,0
DM me on Instagram: @ivan279,1
Do you have it in stock?,0
Where do you ship from?,0
Let's connect on LinkedIn: linkedin.com/in/jane.smith,1
Connect on LinkedIn (linkedin.com/in/designer123),1
What are the dimensions?,0
This looks good.,0
This looks good.,0
Send me a DM on Facebook: facebook.com/fashionguru,1
How soon can I get it?,0
C o n t a c t :   ( 4 6 7 )   6 0 3 - 3 2 6 8,1
Can you show more photos?,0
"My contact is 555-842-2192, call me.",1
Nice product!,0
What are the dimensions?,0
What’s the price?,0
What’s the price?,0
Does it come in other colors?,0
Can you show more photos?,0
Nice product!,0
c o n t a c t : +1-154-524-9183,1
What are the dimensions?,0
Follow me on Instagram @shopper99 and DM.,1
What are the dimensions?,0
get in touch @ user2387@example.com,1
Message me on Snapchat: designer123,1
I’m interested in this item.,0
My WeChat ID is tech_lead,1
Where do you ship from?,0
Nice product!,0
I’m interested in this item.,0
Do you have it in stock?,0
How soon can I get it?,0
Does it come in other colors?,0
Do you have it in stock?,0
Can you show more photos?,0
Can you show more photos?,0
What’s the price?,0
What are the dimensions?,0
What’s the price?,0
My number is 1639658605,1
c o n t a c t : +1-973-612-5951,1
I’m interested in this item.,0
What are the dimensions?,0
I’m interested in this item.,0
Send me a DM on Facebook: facebook.com/coolguy42,1
Nice product!,0
I’m interested in this item.,0
"My contact is 555-916-9324, call me.",1
Do you have it in stock?,0
Can you show more photos?,0
Here is my email: user1558@example.com,1
I’m interested in this item.,0
Where do you ship from?,0
Please email me at user4241@example.com,1
Where do you ship from?,0
How soon can I get it?,0
What are the dimensions?,0
What’s the price?,0
message me via g m a i l at user2539@example.com,1
Do you have it in stock?,0
Do you have it in stock?,0
Hit me up on WhatsApp at 555-305-2399,1
I’m interested in this item.,0
Email me at eve90@mail.com,1
Do you have it in stock?,0
Do you have it in stock?,0
c o n t a c t : +1-845-307-3121,1
Do you have it in stock?,0
This looks good.,0
This looks good.,0
What’s the price?,0
Find me on Facebook: https://facebook.com/ivan196,1
This looks good.,0
Does it come in other colors?,0
📧 user5369@example.com,1
What are the dimensions?,0
C o n t a c t :   + 1   5 7 3   9 3 7   7 4 0 3,1
Where do you ship from?,0
How soon can I get it?,0
I’m interested in this item.,0
What are the dimensions?,0
Nice product!,0
Does it come in other colors?,0
What are the dimensions?,0
Do you have it in stock?,0
I’m interested in this item.,0
What are the dimensions?,0
This looks good.,0
How soon can I get it?,0
Can you show more photos?,0
Here's my email: user7596@example.com,1
How soon can I get it?,0
I’m interested in this item.,0
Let's connect on LinkedIn: linkedin.com/in/coolguy42,1
How soon can I get it?,0
Where do you ship from?,0
📧 user5709@example.com,1
How soon can I get it?,0
Can you show more photos?,0
What’s the price?,0
Do you have it in stock?,0
What’s the price?,0
Does it come in other colors?,0
This looks good.,0
Add me on WhatsApp: +1 891 053 0494,1
Does it come in other colors?,0
Where do you ship from?,0
Contact me via Telegram: @designer123,1
Nice product!,0
What are the dimensions?,0
c o n t a c t : +1-574-664-8158,1
Do you have it in stock?,0
I’m interested in this item.,0
How soon can I get it?,0
Nice product!,0
Do you have it in stock?,0
How soon can I get it?,0
I’m interested in this item.,0
Where do you ship from?,0
Can you share your phone number so I can send you details?,1
This looks good.,0
Does it come in other colors?,0
What are the dimensions?,0
Can you show more photos?,0
Connect on LinkedIn (linkedin.com/in/shop_owner),1
This looks good.,0
Can you show more photos?,0
Can you show more photos?,0
This looks good.,0
I’m interested in this item.,0
What’s the price?,0
Add me on Facebook (facebook.com/best_pizza),1
My Snapchat is alice345,1
Nice product!,0
Do you have it in stock?,0
What are the dimensions?,0
Does it come in other colors?,0
What are the dimensions?,0
What are the dimensions?,0
What’s the price?,0
What are the dimensions?,0
How soon can I get it?,0
What’s the price?,0
my digits: +1-431-152-3513,1
Contact me on Skype: charlie806,1
Where do you ship from?,0
Can you show more photos?,0
DM me on Instagram @best_pizza,1
Do you have it in stock?,0
Can you show more photos?,0
h e i d i 8 9 @ e m a i l . n e t,1
This looks good.,0
I’m interested in this item.,0
This looks good.,0
Nice product!,0
"Email is user9402@example.com, reach out anytime.",1
Nice product!,0
my digits: +1-199-105-5383,1
What are the dimensions?,0
Where do you ship from?,0
What are the dimensions?,0
I’m interested in this item.,0
What are the dimensions?,0
Can you show more photos?,0
Follow me on Instagram @tech_lead and DM.,1
Where do you ship from?,0
Email me at alice92@mail.com,1
Do you have it in stock?,0
I’m interested in this item.,0
What’s the price?,0
Do you have it in stock?,0
How soon can I get it?,0
"Email is user9705@example.com, reach out anytime.",1
Do you have it in stock?,0
What are the dimensions?,0
My WeChat ID is shop_owner,1
Where do you ship from?,0
📧 user6713@example.com,1
Can you show more photos?,0
What’s the price?,0
Where do you ship from?,0
Where do you ship from?,0
What are the dimensions?,0
Nice product!,0
How soon can I get it?,0
I’m interested in this item.,0
Contact me on Skype: david425,1
WhatsApp me at +1-555-470-1037,1
My number is 151-437-3034,1
You can reach me at 555-803-8628,1
What’s the price?,0
Where do you ship from?,0
WhatsApp me at +1-555-579-4127,1
This looks good.,0
Add me on Facebook (facebook.com/john_doe),1
Where do you ship from?,0
This looks good.,0
I’m interested in this item.,0
What’s the price?,0
Snapchat me at 287-418-2220,1
Do you have it in stock?,0
Where do you ship from?,0
Contact: +1-497-335-3249,1
What are the dimensions?,0
This looks good.,0
Where do you ship from?,0
Where do you ship from?,0
Nice product!,0
How soon can I get it?,0
What’s the price?,0
Nice product!,0
Contact: +1-437-342-6065,1
Can you show more photos?,0
Do you have it in stock?,0
This looks good.,0
Does it come in other colors?,0
What’s the price?,0
Message me on Snapchat: jane.smith,1
Do you have it in stock?,0
How soon can I get it?,0
Nice product!,0
Please email me at user2889@example.com,1
Where do you ship from?,0
What’s the price?,0
Where do you ship from?,0
Can you show more photos?,0
Where do you ship from?,0
Nice product!,0
Does it come in other colors?,0
This looks good.,0
What are the dimensions?,0
How soon can I get it?,0
Let's connect on LinkedIn: https://linkedin.com/in/eve431,1
Where do you ship from?,0
Do you have it in stock?,0
What’s the price?,0
Do you have it in stock?,0
What are the dimensions?,0
What’s the price?,0
Do you have it in stock?,0
Contact: +1-101-386-1890,1
📱 +1-347-396-4001,1
Nice product!,0
Where do you ship from?,0
What are the dimensions?,0
What are the dimensions?,0
Can you show more photos?,0
Here's my email: user874@example.com,1
How soon can I get it?,0
I’m interested in this item.,0
I’m interested in this item.,0
How soon can I get it?,0
Where do you ship from?,0
How soon can I get it?,0
Connect on LinkedIn (linkedin.com/in/fashioneer),1
Email me at charlie53@email.net,1
Can you show more photos?,0
Do you have it in stock?,0
What’s the price?,0
My Snapchat is heidi203,1
My TikTok: @grace521,1
How soon can I get it?,0
My TikTok: @judy630,1
What’s the price?,0
I’m interested in this item.,0
Text me at 555-190-7446 for more info.,1
What’s the price?,0
I’m interested in this item.,0
Send me a DM on Facebook: facebook.com/fashionguru,1
Where do you ship from?,0
What are the dimensions?,0
Where do you ship from?,0
My number is (451) 182-7794,1
Do you have it in stock?,0
What are the dimensions?,0
What’s the price?,0
Nice product!,0
What are the dimensions?,0
Nice product!,0
How soon can I get it?,0
My TikTok: @grace858,1
Send me a DM on Facebook: facebook.com/designer123,1
Find me on Facebook: https://facebook.com/bob538,1
What’s the price?,0
Follow me on Twitter: @grace17,1
Can you show more photos?,0
What’s the price?,0
I’m interested in this item.,0
Can you show more photos?,0
Contact: +1-401-618-6248,1
This looks good.,0
C o n t a c t :   + 1   7 6 4   6 1 8   3 8 2 0,1
I’m interested in this item.,0
Nice product!,0
I’m interested in this item.,0
How soon can I get it?,0
Where do you ship from?,0
📧 user7602@example.com,1
What are the dimensions?,0
Do you have it in stock?,0
Can you show more photos?,0
I’m interested in this item.,0
Can you show more photos?,0
What’s the price?,0
Where do you ship from?,0
Text me at +1-236-286-3397,1
Can you show more photos?,0
Where do you ship from?,0
This looks good.,0
my digits: +1-671-351-4122,1
My TikTok: @grace978,1
How soon can I get it?,0
What’s the price?,0
What’s the price?,0
Follow me on Twitter: @alice695,1
Does it come in other colors?,0
How soon can I get it?,0
Call me at (010) 703-3426,1
Do you have it in stock?,0
Nice product!,0
This looks good.,0
Does it come in other colors?,0
my digits: +1-207-694-6357,1
DM me on Instagram @john_doe,1
What are the dimensions?,0
Does it come in other colors?,0
I’m interested in this item.,0
Does it come in other colors?,0
My Snapchat is david995,1
find me at user1329@example.com 😉,1
How soon can I get it?,0
Where do you ship from?,0
Does it come in other colors?,0
Contact: +1-104-453-9130,1
Can you show more photos?,0
How soon can I get it?,0
How soon can I get it?,0
Where do you ship from?,0
"My contact is 555-860-8333, call me.",1
This looks good.,0
You can reach me at +1-454-261-6586,1
How soon can I get it?,0
Contact me on Skype: david991,1
Reach me at 0271956220,1
Does it come in other colors?,0
How soon can I get it?,0
fb.com/fashionista660,1
I’m interested in this item.,0
Where do you ship from?,0
This looks good.,0
Nice product!,0
Do you have it in stock?,0
Does it come in other colors?,0
Do you have it in stock?,0
Reach out on WhatsApp at +1-468-498-6741,1
Where do you ship from?,0
What are the dimensions?,0
t e l : +1-301-314-4412,1
Mail me: heidi63@example.com,1
Where do you ship from?,0
message me via g m a i l at user8521@example.com,1
Add me on Facebook (facebook.com/best_pizza),1
Where do you ship from?,0
What are the dimensions?,0
This looks good.,0
What are the dimensions?,0
you can DM me at shopper899 on Insta,1
I’m interested in this item.,0
I’m interested in this item.,0
C a l l   m e :   4 2 2 9 5 2 4 5 1 0,1
"My contact is 555-417-4829, call me.",1
"Email is user4026@example.com, reach out anytime.",1
What’s the price?,0
What are the dimensions?,0
What’s the price?,0
Contact me on Skype: david393,1
How soon can I get it?,0
I’m interested in this item.,0
Do you have it in stock?,0
What are the dimensions?,0
I’m interested in this item.,0
What’s the price?,0
Nice product!,0
Add me on Facebook (facebook.com/fashioneer),1
What’s the price?,0
Where do you ship from?,0
How soon can I get it?,0
Where do you ship from?,0
Do you have it in stock?,0
Do you have it in stock?,0
Can you show more photos?,0
This looks good.,0
Let's connect on LinkedIn: linkedin.com/in/shop_owner,1
Find me on Facebook: https://facebook.com/grace152,1
Where do you ship from?,0
This looks good.,0
Where do you ship from?,0
Can you show more photos?,0
What are the dimensions?,0
Text me at +1-232-841-2019,1
Does it come in other colors?,0
Do you have it in stock?,0
Contact me on Skype: alice158,1
Do you have it in stock?,0
Nice product!,0
Can I have your email address?,1
What are the dimensions?,0
Can you show more photos?,0
What are the dimensions?,0
Nice product!,0
Can you show more photos?,0
What’s the price?,0
Where do you ship from?,0
This looks good.,0
What are the dimensions?,0
I’m interested in this item.,0
This looks good.,0
Can you show more photos?,0
Where do you ship from?,0
What are the dimensions?,0
What are the dimensions?,0
Nice product!,0
What’s the price?,0
Message me on Snapchat: fashionguru,1
Find me on Facebook: https://facebook.com/eve282,1
Call me at 9204416820,1
What’s the price?,0
I’m interested in this item.,0
I’m interested in this item.,0
How soon can I get it?,0
This looks good.,0
Nice product!,0
What are the dimensions?,0
Can you show more photos?,0
Can you show more photos?,0
Do you have it in stock?,0
Can you show more photos?,0
Nice product!,0
Where do you ship from?,0
Can you show more photos?,0
Add me on Facebook (facebook.com/shop_owner),1
This looks good.,0
My WeChat ID is designer123,1
Can you show more photos?,0
Message via email: eve50@example.com,1
Nice product!,0
Let's connect on LinkedIn: linkedin.com/in/john_doe,1
How soon can I get it?,0
Nice product!,0
Nice product!,0
Nice product!,0
Nice product!,0
What are the dimensions?,0
What are the dimensions?,0
Does it come in other colors?,0
This looks good.,0
Where do you ship from?,0
Connect on LinkedIn (linkedin.com/in/devguy749),1
Do you have it in stock?,0
This looks good.,0
WhatsApp me at 2382160449,1
What’s the price?,0
I’m interested in this item.,0
Can you show more photos?,0
How soon can I get it?,0
This looks good.,0
This looks good.,0
message me via g m a i l at user8474@example.com,1
Can you show more photos?,0
Nice product!,0
Does it come in other colors?,0
This looks good.,0
What’s the price?,0
What’s the price?,0
This looks good.,0
Can I have your email address?,1
Can you show more photos?,0
Does it come in other colors?,0
Add me on WhatsApp: 555-454-8866,1
Text me at 234-669-4838,1
Where do you ship from?,0
Snapchat me at (620) 470-4600,1
Contact: +1-105-651-7676,1
I’m interested in this item.,0
How soon can I get it?,0
Where do you ship from?,0
Where do you ship from?,0
Reach me at 517-995-6248,1
I’m interested in this item.,0
What’s the price?,0
How soon can I get it?,0
message me via g m a i l at user4345@example.com,1
I’m interested in this item.,0
I’m interested in this item.,0
How soon can I get it?,0
Let's connect on LinkedIn: https://linkedin.com/in/judy416,1
This looks good.,0
Do you have it in stock?,0
What are the dimensions?,0
Do you have it in stock?,0
Do you have it in stock?,0
What are the dimensions?,0
c o n t a c t : +1-725-144-6003,1
What’s the price?,0
I’m interested in this item.,0
What’s the price?,0
Add me on WhatsApp: 555-422-9577,1
What’s the price?,0
Do you have it in stock?,0
I’m interested in this item.,0
DM me on Instagram @john_doe,1
Nice product!,0
What are the dimensions?,0
What are the dimensions?,0
Mail me: ivan39@email.net,1
How soon can I get it?,0
Here is my email: user5915@example.com,1
What are the dimensions?,0
Can you show more photos?,0
This looks good.,0
Can you show more photos?,0
Where do you ship from?,0
How soon can I get it?,0
reach at t w o o o @example.com,1
get in touch @ user8003@example.com,1
Where do you ship from?,0
Nice product!,0
I’m interested in this item.,0
This looks good.,0
Do you have it in stock?,0
Where do you ship from?,0
What are the dimensions?,0
This looks good.,0
Where do you ship from?,0
Text me at 555-706-5610 for more info.,1
Where do you ship from?,0
How soon can I get it?,0
What’s the price?,0
Where do you ship from?,0
Message me on Snapchat: shopper99,1
This looks good.,0
find me at user8068@example.com 😉,1
What are the dimensions?,0
Where do you ship from?,0
What are the dimensions?,0
This looks good.,0
I’m interested in this item.,0
Do you have it in stock?,0
What’s the price?,0
What are the dimensions?,0
Email me at bob2@mail.com,1
Does it come in other colors?,0
Nice product!,0
Nice product!,0
Add me on Facebook (facebook.com/tech_lead),1
Nice product!,0
📧 user4686@example.com,1
Nice product!,0
Reach out on WhatsApp at +1-366-302-8559,1
Where do you ship from?,0
Can you show more photos?,0
What are the dimensions?,0
Let's connect on LinkedIn: https://linkedin.com/in/alice752,1
Connect on LinkedIn (linkedin.com/in/jane.smith),1
What are the dimensions?,0
I’m interested in this item.,0
What are the dimensions?,0
message me via g m a i l at user9426@example.com,1
How soon can I get it?,0
Nice product!,0
DM me on Instagram @designer123,1
Let's connect on LinkedIn: https://linkedin.com/in/grace957,1
How soon can I get it?,0
Where do you ship from?,0
Message me on Signal: 4665759839,1
Where do you ship from?,0
What are the dimensions?,0
Can you show more photos?,0
Can you share your phone number so I can send you details?,1
Message me on Snapchat: john_doe,1
Can you show more photos?,0
Nice product!,0
What are the dimensions?,0
Can you show more photos?,0
DM me on Instagram: @ivan608,1
Can you show more photos?,0
Can you show more photos?,0
Contact me via Telegram: @tech_lead,1
Add me on Facebook (facebook.com/fashioneer),1
Where do you ship from?,0
Nice product!,0
What’s the price?,0
Can you show more photos?,0
I’m interested in this item.,0
Can I have your email address?,1
Nice product!,0
Does it come in other colors?,0
This looks good.,0
What are the dimensions?,0
Can you show more photos?,0
This looks good.,0
Do you have it in stock?,0
Nice product!,0
Where do you ship from?,0
Snapchat me @ devguy811,1
I’m interested in this item.,0
This looks good.,0
Here is my email: user6272@example.com,1
I’m interested in this item.,0
How soon can I get it?,0
Do you have it in stock?,0
I’m interested in this item.,0
Do you have it in stock?,0
How soon can I get it?,0
How soon can I get it?,0
Can you show more photos?,0
What’s the price?,0
Contact me via Telegram: @tech_lead,1
What’s the price?,0
Where do you ship from?,0
My WeChat ID is coolguy42,1
Nice product!,0
How soon can I get it?,0
I’m interested in this item.,0
"Email is user6858@example.com, reach out anytime.",1
What’s the price?,0
Does it come in other colors?,0
Where do you ship from?,0
Can you show more photos?,0
How soon can I get it?,0
Nice product!,0
What’s the price?,0
What’s the price?,0
C a l l   m e :   5 3 2 2 6 1 9 2 5 1,1
Does it come in other colors?,0
Does it come in other colors?,0
Nice product!,0
Contact via email: heidi78@email.net,1
Do you have it in stock?,0
I’m interested in this item.,0
WhatsApp me at +1-555-140-2593,1
How soon can I get it?,0
"Email is user7961@example.com, reach out anytime.",1
Does it come in other colors?,0
Where do you ship from?,0
Here is my email: user5239@example.com,1
Do you have it in stock?,0
What are the dimensions?,0
Does it come in other colors?,0
Can you show more photos?,0
How soon can I get it?,0
Where do you ship from?,0
find me at user7312@example.com 😉,1
This looks good.,0
Let's connect on LinkedIn: linkedin.com/in/coolguy42,1
WhatsApp me at +1-555-931-2737,1
I’m interested in this item.,0
Where do you ship from?,0
Where do you ship from?,0
Can you show more photos?,0
Do you have it in stock?,0
C o n t a c t :   6 6 6 - 4 3 0 - 8 6 7 2,1
Does it come in other colors?,0
Add me on WhatsApp: 555-831-7071,1
Where do you ship from?,0
This looks good.,0
How soon can I get it?,0
Can you show more photos?,0
How soon can I get it?,0
What’s the price?,0
Let's connect on LinkedIn: linkedin.com/in/shop_owner,1
telegram: t dot me slash shopper46,1
What’s the price?,0
How soon can I get it?,0
I’m interested in this item.,0
Text me at 555-884-4733 for more info.,1
This looks good.,0
Do you have it in stock?,0
wanna chat? +1-955-858-3883,1
What are the dimensions?,0
Add me on WhatsApp: (560) 445-1594,1
This looks good.,0
What are the dimensions?,0
Find me on Facebook: https://facebook.com/frank189,1
Nice product!,0
What are the dimensions?,0
Do you have it in stock?,0
Where do you ship from?,0
How soon can I get it?,0
Find me on Facebook: https://facebook.com/alice896,1
Does it come in other colors?,0
Does it come in other colors?,0
Nice product!,0
Can you show more photos?,0
What’s the price?,0
How soon can I get it?,0
Let's connect on LinkedIn: linkedin.com/in/best_pizza,1
Do you have it in stock?,0
What’s the price?,0
Let's connect on LinkedIn: linkedin.com/in/shop_owner,1
Can I have your email address?,1
Can you show more photos?,0
What are the dimensions?,0
Nice product!,0
hmu @ fashionista804,1
📱 +1-756-337-4077,1
I’m interested in this item.,0
What’s the price?,0
What’s the price?,0
Nice product!,0
You can reach me at +1-676-613-6810,1
I’m interested in this item.,0
This looks good.,0
Follow me on Twitter: @judy654,1
Does it come in other colors?,0
Where do you ship from?,0
This looks good.,0
Nice product!,0
Contact via email: judy42@email.net,1
a l i c e 2 6 @ e x a m p l e . c o m,1
Ping me on Telegram: @frank264,1
What are the dimensions?,0
How soon can I get it?,0
This looks good.,0
Can you show more photos?,0
Does it come in other colors?,0
Hit me up on WhatsApp at +1-525-498-1693,1
My Snapchat is bob68,1
Where do you ship from?,0
My WeChat ID is shop_owner,1
Do you have it in stock?,0
I’m interested in this item.,0
Can you show more photos?,0
What’s the price?,0
What’s the price?,0
What are the dimensions?,0
I’m interested in this item.,0
Where do you ship from?,0
Contact via email: grace29@mail.com,1
I’m interested in this item.,0
Where do you ship from?,0
Find me on Facebook: https://facebook.com/judy477,1
Let's connect on LinkedIn: https://linkedin.com/in/bob508,1
I’m interested in this item.,0
Does it come in other colors?,0
Does it come in other colors?,0
I’m interested in this item.,0
This looks good.,0
I’m interested in this item.,0
Nice product!,0
Do you have it in stock?,0
Snapchat me @ shopper676,1
a l i c e 1 3 @ m a i l . c o m,1
What’s the price?,0
Email me at ivan58@test.org,1
Let's connect on LinkedIn: https://linkedin.com/in/charlie129,1
What’s the price?,0
My WeChat ID is coolguy42,1
What’s the price?,0
Does it come in other colors?,0
Nice product!,0
How soon can I get it?,0
Where do you ship from?,0
What are the dimensions?,0
Nice product!,0
Text me at +1-770-111-5270,1
What’s the price?,0
Do you have it in stock?,0
This looks good.,0
Where do you ship from?,0
I’m interested in this item.,0
What are the dimensions?,0
Where do you ship from?,0
Does it come in other colors?,0
Please email me at user3194@example.com,1
What’s the price?,0
telegram: t dot me slash fashionista497,1
Send me a DM on Facebook: facebook.com/fashionguru,1
What’s the price?,0
What’s the price?,0
Let's connect on LinkedIn: linkedin.com/in/fashioneer,1
Send me a DM on Facebook: facebook.com/fashionguru,1
What are the dimensions?,0
This looks good.,0
Can you show more photos?,0
This looks good.,0
I’m interested in this item.,0
DM me on Facebook: facebook.com/shopper232,1
Does it come in other colors?,0
How soon can I get it?,0
Can you show more photos?,0
What’s the price?,0
Do you have it in stock?,0
Does it come in other colors?,0
How soon can I get it?,0
Email me at eve99@mail.com,1
I’m interested in this item.,0
I’m interested in this item.,0
Can I have your email address?,1
Where do you ship from?,0
Do you have it in stock?,0
Can you show more photos?,0
Hit me up on WhatsApp at +1-820-473-2039,1
This looks good.,0
reach at t w o o o @example.com,1
DM me on Instagram @jane.smith,1
Can you show more photos?,0
Do you have it in stock?,0
Does it come in other colors?,0
Does it come in other colors?,0
This looks good.,0
I’m interested in this item.,0
Find me on Facebook: https://facebook.com/bob845,1
Where do you ship from?,0
Can you show more photos?,0
This looks good.,0
What’s the price?,0
Ping me on Telegram: @alice599,1
Where do you ship from?,0
Do you have it in stock?,0
How soon can I get it?,0
What are the dimensions?,0
I’m interested in this item.,0
I’m interested in this item.,0
What’s the price?,0
I’m interested in this item.,0
What are the dimensions?,0
Do you have it in stock?,0
Nice product!,0
Nice product!,0
DM me on Instagram: @frank101,1
This looks good.,0
find me at user5919@example.com 😉,1
Does it come in other colors?,0
C o n t a c t :   + 1   8 2 8   9 5 8   1 8 0 2,1
How soon can I get it?,0
Let's connect on LinkedIn: https://linkedin.com/in/charlie411,1
Contact me via Telegram: @fashionguru,1
You can reach me at 555-948-7293,1
What are the dimensions?,0
Email me at user5155@example.com,1
You can reach me at 555-271-2514,1
What are the dimensions?,0
Add me on WhatsApp: 555-917-5513,1
What’s the price?,0
Nice product!,0
How soon can I get it?,0
Does it come in other colors?,0
How soon can I get it?,0
"My contact is 555-811-1258, call me.",1
Does it come in other colors?,0
Do you have it in stock?,0
Here's my email: user8669@example.com,1
Contact via email: heidi88@mail.com,1
Can you share your phone number so I can send you details?,1
Here is my email: user7759@example.com,1
Contact me on Skype: charlie901,1
You can reach me at +1-541-167-8732,1
Can you show more photos?,0
Does it come in other colors?,0
I’m interested in this item.,0
What’s the price?,0
What’s the price?,0
Message me on Snapchat: designer123,1
snap me at s-n-a-p coolcat238,1
What’s the price?,0
Does it come in other colors?,0
This looks good.,0
What are the dimensions?,0
Does it come in other colors?,0
Nice product!,0
My Snapchat is david169,1
Do you have it in stock?,0
What’s the price?,0
Nice product!,0
What are the dimensions?,0
Reach out on WhatsApp at +1-348-248-6833,1
Can you show more photos?,0
I’m interested in this item.,0
How soon can I get it?,0
What’s the price?,0
Where do you ship from?,0
Nice product!,0
How soon can I get it?,0
How soon can I get it?,0
What are the dimensions?,0
Nice product!,0
Connect on LinkedIn (linkedin.com/in/devguy270),1
Where do you ship from?,0
Where do you ship from?,0
Contact me on Skype: grace906,1
Nice product!,0
Where do you ship from?,0
📧 user7683@example.com,1
Do you have it in stock?,0
Where do you ship from?,0
I’m interested in this item.,0
Where do you ship from?,0
What’s the price?,0
Message via email: frank69@test.org,1
Where do you ship from?,0
I’m interested in this item.,0
Does it come in other colors?,0
Does it come in other colors?,0
Does it come in other colors?,0
What are the dimensions?,0
C a l l   m e :   3 9 0 - 2 5 6 - 2 5 4 8,1
Nice product!,0
Where do you ship from?,0
What are the dimensions?,0
What are the dimensions?,0
Can you show more photos?,0
What are the dimensions?,0
My TikTok: @grace46,1
Here's my email: user599@example.com,1
Can you show more photos?,0
This looks good.,0
What’s the price?,0
C a l l   m e :   9 4 0 1 7 7 4 1 0 6,1
How soon can I get it?,0
Where do you ship from?,0
My TikTok: @bob150,1
Send me a DM on Facebook: facebook.com/john_doe,1
I’m interested in this item.,0
Does it come in other colors?,0
"My contact is 555-691-5698, call me.",1
get in touch @ user1172@example.com,1
Do you have it in stock?,0
Can you show more photos?,0
How soon can I get it?,0
How soon can I get it?,0
Text me at +1-418-442-8036,1
I’m interested in this item.,0
Where do you ship from?,0
How soon can I get it?,0
What’s the price?,0
Snapchat me @ coolcat107,1
This looks good.,0
You can reach me at 555-537-3715,1
Does it come in other colors?,0
What are the dimensions?,0
Do you have it in stock?,0
What’s the price?,0
Where do you ship from?,0
What are the dimensions?,0
you can DM me at shopper553 on Insta,1
This looks good.,0
How soon can I get it?,0
Ping me on Telegram: @eve54,1
I’m interested in this item.,0
How soon can I get it?,0
Where do you ship from?,0
This looks good.,0
This looks good.,0
Does it come in other colors?,0
Does it come in other colors?,0
Does it come in other colors?,0
Here is my email: user5050@example.com,1
Message me on Signal: 5749042364,1
What’s the price?,0
Can you show more photos?,0
How soon can I get it?,0
You can reach me at +1-644-897-4314,1
What are the dimensions?,0
How soon can I get it?,0
I’m interested in this item.,0
Nice product!,0
Does it come in other colors?,0
Here's my email: user387@example.com,1
Ping me on Telegram: @heidi229,1
Do you have it in stock?,0
What’s the price?,0
Where do you ship from?,0
Can you show more photos?,0
What’s the price?,0
Nice product!,0
Reach me at 292-034-5557,1
📱 +1-516-205-8191,1
What are the dimensions?,0
Nice product!,0
Do you have it in stock?,0
What’s the price?,0
This looks good.,0
Connect on LinkedIn (linkedin.com/in/shopper856),1
What’s the price?,0
I’m interested in this item.,0
Can you show more photos?,0
What are the dimensions?,0
Add me on WhatsApp: 555-679-6926,1
What’s the price?,0
I’m interested in this item.,0
How soon can I get it?,0
Nice product!,0
Does it come in other colors?,0
Do you have it in stock?,0
This looks good.,0
Does it come in other colors?,0
Nice product!,0
Where do you ship from?,0
Let's connect on LinkedIn: linkedin.com/in/shopper99,1
Nice product!,0
Send me a DM on Facebook: facebook.com/shop_owner,1
Does it come in other colors?,0
I’m interested in this item.,0
Does it come in other colors?,0
Does it come in other colors?,0
How soon can I get it?,0
DM me on Instagram: @eve145,1
Contact me via Telegram: @coolguy42,1
Does it come in other colors?,0
Can you show more photos?,0
Message me on Signal: +1 760 523 7883,1
Does it come in other colors?,0
Do you have it in stock?,0
Where do you ship from?,0
What are the dimensions?,0
Contact me on Skype: heidi592,1
This looks good.,0
Does it come in other colors?,0
Do you have it in stock?,0
fb.com/devguy983,1
This looks good.,0
Can you show more photos?,0
This looks good.,0
What’s the price?,0
Does it come in other colors?,0
What’s the price?,0
What’s the price?,0
Nice product!,0
Nice product!,0
What are the dimensions?,0
This looks good.,0
Nice product!,0
Here is my email: user2660@example.com,1
Where do you ship from?,0
Email me at charlie66@email.net,1
Nice product!,0
You can reach me at +1-924-923-7255,1
Mail me: judy49@test.org,1
Connect on LinkedIn (linkedin.com/in/coolcat605),1
How soon can I get it?,0
What are the dimensions?,0
I’m interested in this item.,0
Can you show more photos?,0
What are the dimensions?,0
Does it come in other colors?,0
Nice product!,0
Do you have it in stock?,0
What’s the price?,0
I’m interested in this item.,0
Do you have it in stock?,0
Can I have your email address?,1
Can you show more photos?,0
I’m interested in this item.,0
What’s the price?,0
Does it come in other colors?,0
Contact via email: heidi47@email.net,1
What’s the price?,0
Nice product!,0
Does it come in other colors?,0
Message me on Snapchat: shopper99,1
Does it come in other colors?,0
Do you have it in stock?,0
j u d y 7 @ e m a i l . n e t,1
What’s the price?,0
I’m interested in this item.,0
WhatsApp me at 0749139082,1
This looks good.,0
This looks good.,0
Can you share your phone number so I can send you details?,1
This looks good.,0
I’m interested in this item.,0
What’s the price?,0
What are the dimensions?,0
Nice product!,0
Does it come in other colors?,0
Add me on WhatsApp: 555-544-3512,1
How soon can I get it?,0
Hit me up on WhatsApp at 555-301-4150,1
Do you have it in stock?,0
What are the dimensions?,0
Here is my email: user1491@example.com,1
Here's my email: user9755@example.com,1
This looks good.,0
Can you show more photos?,0
Can you show more photos?,0
Do you have it in stock?,0
What are the dimensions?,0
Can you show more photos?,0
Does it come in other colors?,0
What are the dimensions?,0
This looks good.,0
Let's connect on LinkedIn: linkedin.com/in/shop_owner,1
I’m interested in this item.,0
You can reach me at 555-364-2127,1
You can reach me at 555-910-8489,1
This looks good.,0
What are the dimensions?,0
I’m interested in this item.,0
How soon can I get it?,0
What are the dimensions?,0
Nice product!,0
Where do you ship from?,0
Can you show more photos?,0
Email me at ivan55@example.com,1
C o n t a c t :   4 5 1 8 4 7 5 5 0 1,1
Can you show more photos?,0
Do you have it in stock?,0
Can you show more photos?,0
Here's my email: user9604@example.com,1
This looks good.,0
Can you show more photos?,0
How soon can I get it?,0
Where do you ship from?,0
How soon can I get it?,0
I’m interested in this item.,0
Message via email: judy24@test.org,1
Nice product!,0
Does it come in other colors?,0
Can you show more photos?,0
I’m interested in this item.,0
Where do you ship from?,0
This looks good.,0
Nice product!,0
Can you show more photos?,0
Does it come in other colors?,0
How soon can I get it?,0
Does it come in other colors?,0
My WeChat ID is best_pizza,1
What’s the price?,0
Where do you ship from?,0
my email id is user1347@example.com,1
Where do you ship from?,0
You can reach me at 555-723-4586,1
Nice product!,0
Where do you ship from?,0
Find me on Facebook: https://facebook.com/eve660,1
Nice product!,0
Can you show more photos?,0
📱 +1-301-357-4597,1
Email me at heidi55@example.com,1
What are the dimensions?,0
Text me at +1 849 173 0275,1
What’s the price?,0
My TikTok: @ivan807,1
Does it come in other colors?,0
c o n t a c t : +1-188-522-2013,1
Can you show more photos?,0
I’m interested in this item.,0
Does it come in other colors?,0
How soon can I get it?,0
How soon can I get it?,0
My Snapchat is frank516,1
Where do you ship from?,0
Where do you ship from?,0
This looks good.,0
How soon can I get it?,0
Where do you ship from?,0
I’m interested in this item.,0
What are the dimensions?,0
My Snapchat is alice433,1
I’m interested in this item.,0
Where do you ship from?,0
Add me on WhatsApp: 555-235-4536,1
This looks good.,0
This looks good.,0
Where do you ship from?,0
Do you have it in stock?,0
Where do you ship from?,0
What’s the price?,0
This looks good.,0
Can you show more photos?,0
Where do you ship from?,0
Message me on Snapchat: shop_owner,1
You can reach me at 555-735-5867,1
Here is my email: user6082@example.com,1
Nice product!,0
Do you have it in stock?,0
Connect on LinkedIn (linkedin.com/in/tech_lead),1
Nice product!,0
What’s the price?,0
What are the dimensions?,0
This looks good.,0
Can you show more photos?,0
Do you have it in stock?,0
Message via email: david9@mail.com,1
What are the dimensions?,0
How soon can I get it?,0
Where do you ship from?,0
Here's my email: user4219@example.com,1
Please email me at user2189@example.com,1
Can you show more photos?,0
Nice product!,0
How soon can I get it?,0
Can you show more photos?,0
Where do you ship from?,0
Do you have it in stock?,0
What are the dimensions?,0
How soon can I get it?,0
My WeChat ID is john_doe,1
My number is (144) 983-2125,1
Does it come in other colors?,0
Can you show more photos?,0
Can you show more photos?,0
Where do you ship from?,0
Find me on Facebook: https://facebook.com/eve568,1
How soon can I get it?,0
Do you have it in stock?,0
What are the dimensions?,0
Does it come in other colors?,0
my digits: +1-522-761-5683,1
I’m interested in this item.,0
DM me on Instagram: @alice860,1
Do you have it in stock?,0
Do you have it in stock?,0
How soon can I get it?,0
Text me at 053-018-5165,1
What’s the price?,0
Hit me up on WhatsApp at +1-380-819-6422,1
Let's connect on LinkedIn: linkedin.com/in/best_pizza,1
I’m interested in this item.,0
Where do you ship from?,0
Do you have it in stock?,0
How soon can I get it?,0
Do you have it in stock?,0
I’m interested in this item.,0
What are the dimensions?,0
I’m interested in this item.,0
Let's connect on LinkedIn: https://linkedin.com/in/grace365,1
Can you show more photos?,0
What are the dimensions?,0
Email me at ivan81@mail.com,1
I’m interested in this item.,0
This looks good.,0
Can you show more photos?,0
Email me at judy63@test.org,1
Do you have it in stock?,0
Where do you ship from?,0
Where do you ship from?,0
This looks good.,0
Contact via email: grace95@email.net,1
Do you have it in stock?,0
Can you show more photos?,0
Snapchat me @ devguy7,1
Does it come in other colors?,0
Do you have it in stock?,0
This looks good.,0
C a l l   m e :   6 9 9 - 6 7 7 - 0 1 2 3,1
Where do you ship from?,0
Email me at eve67@email.net,1
Hit me up on WhatsApp at +1-777-302-1551,1
I’m interested in this item.,0
Add me on Facebook (facebook.com/jane.smith),1
Do you have it in stock?,0
I’m interested in this item.,0
Call me at +1 559 366 5075,1
Do you have it in stock?,0
Do you have it in stock?,0
Do you have it in stock?,0
Where do you ship from?,0
Nice product!,0
Can you show more photos?,0
I’m interested in this item.,0
This looks good.,0
Where do you ship from?,0
What’s the price?,0
f r a n k 8 7 @ t e s t . o r g,1
I’m interested in this item.,0
I’m interested in this item.,0
How soon can I get it?,0
you can DM me at coolcat12 on Insta,1
Nice product!,0
Does it come in other colors?,0
This looks good.,0
Nice product!,0
This looks good.,0
Text me at 555-435-2219 for more info.,1
DM me on Instagram @best_pizza,1
Reach me at 7706767911,1
Let's connect on LinkedIn: linkedin.com/in/shop_owner,1
Does it come in other colors?,0
I’m interested in this item.,0
This looks good.,0
Add me on WhatsApp: (502) 026-8299,1
What’s the price?,0
Where do you ship from?,0
Does it come in other colors?,0
This looks good.,0
Follow me on Twitter: @bob312,1
How soon can I get it?,0
This looks good.,0
My TikTok: @charlie424,1
Where do you ship from?,0
Do you have it in stock?,0
Do you have it in stock?,0
Does it come in other colors?,0
get in touch @ user8175@example.com,1
Send me a DM on Facebook: facebook.com/tech_lead,1
find me at user1308@example.com 😉,1
I’m interested in this item.,0
Where do you ship from?,0
What’s the price?,0
Nice product!,0
This looks good.,0
Reach out on WhatsApp at +1-553-432-9223,1
I’m interested in this item.,0
Message me at user1729@example.com,1
What are the dimensions?,0
my digits: +1-757-777-3105,1
What’s the price?,0
Can you show more photos?,0
How soon can I get it?,0
What’s the price?,0
Can you show more photos?,0
h e i d i 8 @ t e s t . o r g,1
Follow me on Twitter: @alice110,1
Add me on WhatsApp: 735-937-5465,1
Reach out on WhatsApp at +1-763-225-9754,1
Nice product!,0
reach at t w o o o @example.com,1
What’s the price?,0
Can you show more photos?,0
my email id is user7891@example.com,1
Contact me via Telegram: @shopper99,1
Nice product!,0
I’m interested in this item.,0
This looks good.,0
What’s the price?,0
How soon can I get it?,0
find me at user8230@example.com 😉,1
I’m interested in this item.,0
Snapchat me @ devguy82,1
Contact via email: ivan49@mail.com,1
What’s the price?,0
Do you have it in stock?,0
How soon can I get it?,0
Do you have it in stock?,0
Where do you ship from?,0
Reach out on WhatsApp at +1-657-281-7168,1
Do you have it in stock?,0
Does it come in other colors?,0
Message me at user4508@example.com,1
Do you have it in stock?,0
Nice product!,0
How soon can I get it?,0
What are the dimensions?,0
Where do you ship from?,0
What’s the price?,0
Can you show more photos?,0
I’m interested in this item.,0
This looks good.,0
What’s the price?,0
Do you have it in stock?,0
Do you have it in stock?,0
How soon can I get it?,0
What are the dimensions?,0
Does it come in other colors?,0
Can you show more photos?,0
What’s the price?,0
I’m interested in this item.,0
Connect on LinkedIn (linkedin.com/in/fashionguru),1
What are the dimensions?,0
📱 +1-858-991-7993,1
Does it come in other colors?,0
What are the dimensions?,0
Can you show more photos?,0
Does it come in other colors?,0
Can you show more photos?,0
Where do you ship from?,0
What’s the price?,0
Please email me at user9047@example.com,1
I’m interested in this item.,0
I’m interested in this item.,0
Contact: +1-479-237-6846,1
What’s the price?,0
What are the dimensions?,0
Add me on WhatsApp: 0223761577,1
Nice product!,0
Can you show more photos?,0
C a l l   m e :   4 9 6 - 7 7 2 - 5 1 0 2,1
Hit me up on WhatsApp at 555-800-5133,1
What are the dimensions?,0
What are the dimensions?,0
Where do you ship from?,0
Where do you ship from?,0
Here is my email: user8034@example.com,1
Do you have it in stock?,0
I’m interested in this item.,0
I’m interested in this item.,0
Where do you ship from?,0
Do you have it in stock?,0
Does it come in other colors?,0
How soon can I get it?,0
Does it come in other colors?,0
Ping me on Telegram: @ivan656,1
Nice product!,0
Does it come in other colors?,0
Connect on LinkedIn (linkedin.com/in/shopper657),1
Do you have it in stock?,0
Do you have it in stock?,0
Nice product!,0
This looks good.,0
Contact via email: alice6@email.net,1
"Email is user6661@example.com, reach out anytime.",1
Nice product!,0
find me at user5321@example.com 😉,1
Let's connect on LinkedIn: linkedin.com/in/jane.smith,1
Add me on WhatsApp: 555-914-3562,1
Mail me: judy8@example.com,1
I’m interested in this item.,0
This looks good.,0
This looks good.,0
Can you show more photos?,0
This looks good.,0
Can you show more photos?,0
Does it come in other colors?,0
Text me at 923-590-5826,1
This looks good.,0
This looks good.,0
Nice product!,0
Mail me: alice31@example.com,1
Does it come in other colors?,0
my digits: +1-958-284-1754,1
This looks good.,0
Where do you ship from?,0
Please email me at user6830@example.com,1
What’s the price?,0
What’s the price?,0
How soon can I get it?,0
Can you show more photos?,0
What’s the price?,0
What are the dimensions?,0
What’s the price?,0
wanna chat? +1-602-422-8887,1
Where do you ship from?,0
This looks good.,0
This looks good.,0
Can you show more photos?,0
DM me on Instagram: @alice604,1
Can you show more photos?,0
Do you have it in stock?,0
Does it come in other colors?,0
Does it come in other colors?,0
I’m interested in this item.,0
Can you show more photos?,0
Call me at 8118619267,1
This looks good.,0
Do you have it in stock?,0
Do you have it in stock?,0
Do you have it in stock?,0
My number is 0215944322,1
Does it come in other colors?,0
Does it come in other colors?,0
Do you have it in stock?,0
This looks good.,0
Can you show more photos?,0
Nice product!,0
you can DM me at coolcat517 on Insta,1
Message me on Signal: +1 712 578 4461,1
c   o   n   t   a   c   t   m   e   ( 0 9 1 )   8 5 7 - 6 9 0 2,1
hmu @ shopper870,1
What are the dimensions?,0
I’m interested in this item.,0
DM me on Instagram @designer123,1
What’s the price?,0
Let's connect on LinkedIn: https://linkedin.com/in/bob920,1
Can you show more photos?,0
Connect on LinkedIn (linkedin.com/in/shop_owner),1
Can you show more photos?,0
Can you show more photos?,0
Reach out on WhatsApp at +1-831-316-8840,1
Does it come in other colors?,0
Do you have it in stock?,0
My TikTok: @judy189,1
📱 +1-304-363-8629,1
wanna chat? +1-475-822-1501,1
Where do you ship from?,0
Does it come in other colors?,0
"My contact is 555-732-1650, call me.",1
Does it come in other colors?,0
Nice product!,0
my digits: +1-199-944-3952,1
I’m interested in this item.,0
Where do you ship from?,0
I’m interested in this item.,0
Does it come in other colors?,0
How soon can I get it?,0
What’s the price?,0
my email id is user513@example.com,1
This looks good.,0
What are the dimensions?,0
Text me at 555-439-9603 for more info.,1
Nice product!,0
Does it come in other colors?,0
Can you show more photos?,0
What’s the price?,0
How soon can I get it?,0
Can you show more photos?,0
How soon can I get it?,0
I’m interested in this item.,0
Do you have it in stock?,0
Nice product!,0
I’m interested in this item.,0
I’m interested in this item.,0
"Email is user9635@example.com, reach out anytime.",1
Where do you ship from?,0
Ping me on Telegram: @david178,1
Do you have it in stock?,0
What are the dimensions?,0
Where do you ship from?,0
Can you show more photos?,0
I’m interested in this item.,0
How soon can I get it?,0
How soon can I get it?,0
wanna chat? +1-141-354-3573,1
Can you show more photos?,0
Does it come in other colors?,0
This looks good.,0
My WeChat ID is jane.smith,1
What’s the price?,0
Please email me at user6419@example.com,1
Can you show more photos?,0
Hit me up on WhatsApp at +1-170-934-3507,1
Do you have it in stock?,0
Nice product!,0
This looks good.,0
Does it come in other colors?,0
This looks good.,0
Follow me on Instagram @tech_lead and DM.,1
This looks good.,0
This looks good.,0
This looks good.,0
Text me at 949-762-4420,1
How soon can I get it?,0
"My contact is 555-155-6353, call me.",1
C a l l   m e :   ( 3 0 9 )   9 3 3 - 0 5 0 4,1
I’m interested in this item.,0
Where do you ship from?,0
Can you show more photos?,0
This looks good.,0
Where do you ship from?,0
I’m interested in this item.,0
What are the dimensions?,0
Ping me on Telegram: @frank23,1
What’s the price?,0
I’m interested in this item.,0
Can you show more photos?,0
I’m interested in this item.,0
Contact me on Skype: bob389,1
C a l l   m e :   4 9 2 0 6 2 1 5 8 3,1
What’s the price?,0
Do you have it in stock?,0
What are the dimensions?,0
What’s the price?,0
telegram: t dot me slash shopper314,1
Where do you ship from?,0
Does it come in other colors?,0
I’m interested in this item.,0
Does it come in other colors?,0
How soon can I get it?,0
Can you show more photos?,0
Nice product!,0
Do you have it in stock?,0
What’s the price?,0
What are the dimensions?,0
This looks good.,0
Nice product!,0
Can you show more photos?,0
Nice product!,0
What are the dimensions?,0
📱 +1-909-867-9622,1
Can you show more photos?,0
What are the dimensions?,0
Can you show more photos?,0
You can reach me at 555-459-9414,1
Follow me on Instagram @fashionguru and DM.,1
Can you show more photos?,0
Do you have it in stock?,0
Do you have it in stock?,0
What are the dimensions?,0
I’m interested in this item.,0
What are the dimensions?,0
What’s the price?,0
Nice product!,0
Does it come in other colors?,0
my digits: +1-328-970-6510,1
t e l : +1-430-731-6941,1
Does it come in other colors?,0
Nice product!,0
Where do you ship from?,0
Can you show more photos?,0
Do you have it in stock?,0
Where do you ship from?,0
Do you have it in stock?,0
Does it come in other colors?,0
This looks good.,0
Nice product!,0
Where do you ship from?,0
What are the dimensions?,0
You can reach me at 555-726-5200,1
I’m interested in this item.,0
f r a n k 7 7 @ t e s t . o r g,1
message me via g m a i l at user4523@example.com,1
Where do you ship from?,0
What’s the price?,0
Find me on Facebook: https://facebook.com/ivan911,1
Please email me at user9704@example.com,1
What are the dimensions?,0
What’s the price?,0
Can you show more photos?,0
My number is 1802760639,1
Where do you ship from?,0
Nice product!,0
I’m interested in this item.,0
How soon can I get it?,0
Does it come in other colors?,0
"My contact is 555-571-7710, call me.",1
This looks good.,0
Where do you ship from?,0
Do you have it in stock?,0
Where do you ship from?,0
WhatsApp me at +1-555-723-5922,1
Nice product!,0
Can you show more photos?,0
I’m interested in this item.,0
DM me on Instagram: @heidi147,1
Send me a DM on Facebook: facebook.com/shopper99,1
How soon can I get it?,0
I’m interested in this item.,0
Do you have it in stock?,0
What’s the price?,0
Message me on Snapchat: fashionguru,1
Do you have it in stock?,0
This looks good.,0
Does it come in other colors?,0
My WeChat ID is john_doe,1
📱 +1-551-727-3383,1
Where do you ship from?,0
How soon can I get it?,0
How soon can I get it?,0
fb.com/shopper846,1
Connect on LinkedIn (linkedin.com/in/fashionista615),1
How soon can I get it?,0
This looks good.,0
Can you show more photos?,0
This looks good.,0
Nice product!,0
You can reach me at 555-390-4746,1
I’m interested in this item.,0
How soon can I get it?,0
Can you show more photos?,0
Nice product!,0
📧 user7739@example.com,1
Do you have it in stock?,0
This looks good.,0
This looks good.,0
Nice product!,0
Where do you ship from?,0
Nice product!,0
Nice product!,0
reach at t w o o o @example.com,1
This looks good.,0
I’m interested in this item.,0
What’s the price?,0
This looks good.,0
Follow me on Instagram @jane.smith and DM.,1
What are the dimensions?,0
I’m interested in this item.,0
Where do you ship from?,0
You can reach me at +1-943-899-4452,1
Can you show more photos?,0
What’s the price?,0
snap me at s-n-a-p shopper223,1
This looks good.,0
How soon can I get it?,0
How soon can I get it?,0
Add me on WhatsApp: 5748021392,1
This looks good.,0
How soon can I get it?,0
Please email me at user7502@example.com,1
You can reach me at +1-731-688-8209,1
Can you show more photos?,0
Email me at frank34@test.org,1
Where do you ship from?,0
This looks good.,0
Do you have it in stock?,0
Does it come in other colors?,0
What’s the price?,0
How soon can I get it?,0
DM me on Instagram @fashioneer,1
reach at t w o o o @example.com,1
"Email is user4970@example.com, reach out anytime.",1
Can you show more photos?,0
What’s the price?,0
Add me on Facebook (facebook.com/best_pizza),1
WhatsApp me at 2959030335,1
How soon can I get it?,0
This looks good.,0
How soon can I get it?,0
Nice product!,0
Here is my email: user2157@example.com,1
Do you have it in stock?,0
My TikTok: @david138,1
Does it come in other colors?,0
Contact me via Telegram: @shop_owner,1
Nice product!,0
Does it come in other colors?,0
What are the dimensions?,0
Nice product!,0
What’s the price?,0
Can you show more photos?,0
What’s the price?,0
Do you have it in stock?,0
How soon can I get it?,0
This looks good.,0
This looks good.,0
I’m interested in this item.,0
📧 user3579@example.com,1
Nice product!,0
How soon can I get it?,0
Do you have it in stock?,0
Do you have it in stock?,0
Where do you ship from?,0
Where do you ship from?,0
DM me on Instagram @shop_owner,1
my email id is user560@example.com,1
wanna chat? +1-785-502-4142,1
Do you have it in stock?,0
Nice product!,0
t e l : +1-110-348-1608,1
Reach me at (138) 294-4426,1
What are the dimensions?,0
Connect on LinkedIn (linkedin.com/in/shop_owner),1
Can you show more photos?,0
I’m interested in this item.,0
What are the dimensions?,0
f r a n k 4 1 @ t e s t . o r g,1
I’m interested in this item.,0
Where do you ship from?,0
I’m interested in this item.,0
This looks good.,0
📱 +1-828-228-6035,1
Can you show more photos?,0
How soon can I get it?,0
Where do you ship from?,0
Can you show more photos?,0
My TikTok: @alice551,1
This looks good.,0
What are the dimensions?,0
Connect on LinkedIn (linkedin.com/in/fashionguru),1
This looks good.,0
What’s the price?,0
Does it come in other colors?,0
How soon can I get it?,0
Does it come in other colors?,0
I’m interested in this item.,0
wanna chat? +1-236-949-3967,1
I’m interested in this item.,0
How soon can I get it?,0
I’m interested in this item.,0
Reach out on WhatsApp at +1-508-734-2999,1
Let's connect on LinkedIn: https://linkedin.com/in/judy984,1
This looks good.,0
Where do you ship from?,0
How soon can I get it?,0
This looks good.,0
What are the dimensions?,0
Text me at +1-355-907-2492,1
What’s the price?,0
What are the dimensions?,0
What’s the price?,0
You can reach me at 555-780-9653,1
Do you have it in stock?,0
Do you have it in stock?,0
Nice product!,0
Call me at +1 313 660 4022,1
I’m interested in this item.,0
Nice product!,0
I’m interested in this item.,0
Message me at user3489@example.com,1
What’s the price?,0
Does it come in other colors?,0
What are the dimensions?,0
This looks good.,0
Can you show more photos?,0
Snapchat me @ shopper221,1
DM me on Instagram @john_doe,1
Does it come in other colors?,0
Mail me: bob79@test.org,1
Does it come in other colors?,0
Does it come in other colors?,0
My TikTok: @heidi145,1
I’m interested in this item.,0
How soon can I get it?,0
Nice product!,0
This looks good.,0
What are the dimensions?,0
DM me on Instagram @fashionguru,1
What’s the price?,0
Does it come in other colors?,0
This looks good.,0
Do you have it in stock?,0
I’m interested in this item.,0
Do you have it in stock?,0
What’s the price?,0
What’s the price?,0
Nice product!,0
Nice product!,0
What are the dimensions?,0
Do you have it in stock?,0
Does it come in other colors?,0
I’m interested in this item.,0
This looks good.,0
How soon can I get it?,0
Does it come in other colors?,0
Do you have it in stock?,0
Reach out on WhatsApp at +1-520-772-1621,1
Please email me at user5739@example.com,1
My Snapchat is grace679,1
What’s the price?,0
Can you show more photos?,0
I’m interested in this item.,0
This looks good.,0
Message me at user8923@example.com,1
This looks good.,0
This looks good.,0
Does it come in other colors?,0
How soon can I get it?,0
What are the dimensions?,0
Do you have it in stock?,0
Do you have it in stock?,0
Does it come in other colors?,0
Let's connect on LinkedIn: https://linkedin.com/in/ivan840,1
message me via g m a i l at user8172@example.com,1
Does it come in other colors?,0
What are the dimensions?,0
Can you show more photos?,0
How soon can I get it?,0
Can you show more photos?,0
What’s the price?,0
I’m interested in this item.,0
Does it come in other colors?,0
This looks good.,0
Do you have it in stock?,0
What’s the price?,0
Does it come in other colors?,0
How soon can I get it?,0
I’m interested in this item.,0
I’m interested in this item.,0
What are the dimensions?,0
Can you show more photos?,0
How soon can I get it?,0
Contact me on Skype: ivan948,1
How soon can I get it?,0
Does it come in other colors?,0
Does it come in other colors?,0
Nice product!,0
Nice product!,0
C o n t a c t :   + 1   3 1 6   6 7 5   9 5 1 6,1
What’s the price?,0
Do you have it in stock?,0
This looks good.,0
Where do you ship from?,0
Contact me via Telegram: @tech_lead,1
What are the dimensions?,0
What are the dimensions?,0
Reach me at 3568497617,1
Find me on Facebook: https://facebook.com/ivan863,1
get in touch @ user1049@example.com,1
Reach me at 094-547-3901,1
What’s the price?,0
Connect on LinkedIn (linkedin.com/in/fashionista502),1
Do you have it in stock?,0
DM me on Instagram: @frank381,1
Can you show more photos?,0
c   o   n   t   a   c   t   m   e   2 2 2 - 5 5 7 - 9 0 4 2,1
Nice product!,0
Can I have your email address?,1
I’m interested in this item.,0
Do you have it in stock?,0
Does it come in other colors?,0
Nice product!,0
Does it come in other colors?,0
hmu @ fashionista180,1
Nice product!,0
Mail me: alice12@email.net,1
Where do you ship from?,0
What’s the price?,0
Snapchat me @ shopper794,1
Where do you ship from?,0
I’m interested in this item.,0
How soon can I get it?,0
What are the dimensions?,0
Let's connect on LinkedIn: https://linkedin.com/in/judy90,1
Nice product!,0
What’s the price?,0
Does it come in other colors?,0
How soon can I get it?,0
How soon can I get it?,0
Message me at user7955@example.com,1
I’m interested in this item.,0
Do you have it in stock?,0
What are the dimensions?,0
"My contact is 555-420-3964, call me.",1
I’m interested in this item.,0
What’s the price?,0
Do you have it in stock?,0
What’s the price?,0
Where do you ship from?,0
Where do you ship from?,0
Where do you ship from?,0
Does it come in other colors?,0
I’m interested in this item.,0
What’s the price?,0
How soon can I get it?,0
How soon can I get it?,0
Nice product!,0
What are the dimensions?,0
Hit me up on WhatsApp at 555-318-4766,1
hmu @ fashionista789,1
What are the dimensions?,0
Do you have it in stock?,0
Do you have it in stock?,0
How soon can I get it?,0
Does it come in other colors?,0
Do you have it in stock?,0
C o n t a c t :   1 8 8 - 9 2 5 - 5 5 6 8,1
Nice product!,0
What are the dimensions?,0
How soon can I get it?,0
Where do you ship from?,0
What’s the price?,0
Where do you ship from?,0
Where do you ship from?,0
What’s the price?,0
Contact: +1-801-414-6596,1
Where do you ship from?,0
Where do you ship from?,0
Can you show more photos?,0
How soon can I get it?,0
Where do you ship from?,0
This looks good.,0
This looks good.,0
Do you have it in stock?,0
Can you show more photos?,0
How soon can I get it?,0
Where do you ship from?,0
This looks good.,0
Let's connect on LinkedIn: https://linkedin.com/in/frank14,1
Email me at user6466@example.com,1
Where do you ship from?,0
Contact via email: grace48@email.net,1
How soon can I get it?,0
Does it come in other colors?,0
I’m interested in this item.,0
DM me on Facebook: facebook.com/devguy573,1
What are the dimensions?,0
I’m interested in this item.,0
How soon can I get it?,0
How soon can I get it?,0
What’s the price?,0
Does it come in other colors?,0
Does it come in other colors?,0
Do you have it in stock?,0
Nice product!,0
📧 user4101@example.com,1
Does it come in other colors?,0
"Email is user5062@example.com, reach out anytime.",1
t e l : +1-785-365-4196,1
Nice product!,0
Message via email: grace11@email.net,1
WhatsApp me at +1-555-586-3151,1
Does it come in other colors?,0
Does it come in other colors?,0
What’s the price?,0
📧 user5008@example.com,1
e m a i l m e @ user8113@example.com,1
Twitter me at +1 970 721 0202,1
I’m interested in this item.,0
What’s the price?,0
How soon can I get it?,0
Can you show more photos?,0
What’s the price?,0
Nice product!,0
Email me at grace76@mail.com,1
How soon can I get it?,0
Message via email: grace75@example.com,1
Can you show more photos?,0
Email me at user7398@example.com,1
Nice product!,0
I’m interested in this item.,0
How soon can I get it?,0
my digits: +1-799-644-1817,1
Contact me on Skype: charlie790,1
I’m interested in this item.,0
What are the dimensions?,0
What’s the price?,0
Nice product!,0
How soon can I get it?,0
e m a i l m e @ user8213@example.com,1
Does it come in other colors?,0
What’s the price?,0
This looks good.,0
Can you show more photos?,0
What are the dimensions?,0
Where do you ship from?,0
This looks good.,0
What are the dimensions?,0
What are the dimensions?,0
What are the dimensions?,0
This looks good.,0
What’s the price?,0
What’s the price?,0
Does it come in other colors?,0
Nice product!,0
Text me at +1-440-647-8432,1
This looks good.,0
Can you show more photos?,0
Can you show more photos?,0
Do you have it in stock?,0
Please email me at user8123@example.com,1
DM me on Instagram @shopper99,1
This looks good.,0
How soon can I get it?,0
Message me on Signal: 7968814334,1
What are the dimensions?,0
Can you show more photos?,0
Can you show more photos?,0
Contact me on Skype: frank560,1
Do you have it in stock?,0
Does it come in other colors?,0
Do you have it in stock?,0
This looks good.,0
What are the dimensions?,0
What are the dimensions?,0
What are the dimensions?,0
Where do you ship from?,0
I’m interested in this item.,0
What are the dimensions?,0
Where do you ship from?,0
Snapchat me @ shopper525,1
snap me at s-n-a-p fashionista632,1
Can you show more photos?,0
Connect on LinkedIn (linkedin.com/in/designer123),1
Contact me via Telegram: @shop_owner,1
Nice product!,0
I’m interested in this item.,0
My Snapchat is david775,1
Can you show more photos?,0
Can you show more photos?,0
What are the dimensions?,0
Where do you ship from?,0
Do you have it in stock?,0
What are the dimensions?,0
Nice product!,0
This looks good.,0
C a l l   m e :   3 3 0 - 7 2 0 - 4 3 3 7,1
Find me on Facebook: https://facebook.com/charlie41,1
e m a i l m e @ user7737@example.com,1
Reach out on WhatsApp at +1-943-422-3045,1
Where do you ship from?,0
What’s the price?,0
You can reach me at +1-998-764-1190,1
Where do you ship from?,0
This looks good.,0
Do you have it in stock?,0
How soon can I get it?,0
What are the dimensions?,0
Can you show more photos?,0
This looks good.,0
Does it come in other colors?,0
What’s the price?,0
Nice product!,0
How soon can I get it?,0
How soon can I get it?,0
Here is my email: user5770@example.com,1
Can you show more photos?,0
I’m interested in this item.,0
Can you show more photos?,0
Do you have it in stock?,0
Text me at 013-417-4977,1
Nice product!,0
This looks good.,0
Message me on Signal: 0902978040,1
DM me on Instagram @john_doe,1
I’m interested in this item.,0
I’m interested in this item.,0
I’m interested in this item.,0
Do you have it in stock?,0
Can you show more photos?,0
This looks good.,0
How soon can I get it?,0
What are the dimensions?,0
Nice product!,0
Nice product!,0
Where do you ship from?,0
Can you show more photos?,0
Where do you ship from?,0
Where do you ship from?,0
I’m interested in this item.,0
Can you show more photos?,0
Nice product!,0
Do you have it in stock?,0
My number is +1 535 785 7111,1
Hit me up on WhatsApp at +1-177-370-2088,1
Nice product!,0
Can you show more photos?,0
Does it come in other colors?,0
Find me on Facebook: https://facebook.com/david367,1
Does it come in other colors?,0
Do you have it in stock?,0
What’s the price?,0
"My contact is 555-209-9229, call me.",1
How soon can I get it?,0
Does it come in other colors?,0
Nice product!,0
Nice product!,0
What are the dimensions?,0
Add me on Facebook (facebook.com/designer123),1
What’s the price?,0
How soon can I get it?,0
Can I have your email address?,1
This looks good.,0
Does it come in other colors?,0
What’s the price?,0
Where do you ship from?,0
Add me on Facebook (facebook.com/fashionguru),1
Do you have it in stock?,0
This looks good.,0
Where do you ship from?,0
Nice product!,0
Nice product!,0
This looks good.,0
My WeChat ID is best_pizza,1
I’m interested in this item.,0
Nice product!,0
Message via email: grace96@mail.com,1
What are the dimensions?,0
How soon can I get it?,0
Text me at (528) 345-3916,1
Do you have it in stock?,0
Where do you ship from?,0
Where do you ship from?,0
I’m interested in this item.,0
Does it come in other colors?,0
Contact me via Telegram: @shopper99,1
Can you show more photos?,0
Nice product!,0
Can you show more photos?,0
Can you show more photos?,0
This looks good.,0
What are the dimensions?,0
What are the dimensions?,0
Can you show more photos?,0
Do you have it in stock?,0
I’m interested in this item.,0
Reach out on WhatsApp at +1-759-485-1323,1
Nice product!,0
Where do you ship from?,0
This looks good.,0
What are the dimensions?,0
Nice product!,0
What’s the price?,0
I’m interested in this item.,0
Can you show more photos?,0
Please email me at user7167@example.com,1
I’m interested in this item.,0
Do you have it in stock?,0
What’s the price?,0
fb.com/shopper877,1
Where do you ship from?,0
Can you show more photos?,0
Do you have it in stock?,0
"Email is user3161@example.com, reach out anytime.",1
Can you show more photos?,0
Can you show more photos?,0
How soon can I get it?,0
Where do you ship from?,0
Mail me: david16@test.org,1
Can you show more photos?,0
I’m interested in this item.,0
c o n t a c t : +1-128-421-1139,1
My number is 4078572830,1
I’m interested in this item.,0
What are the dimensions?,0
This looks good.,0
Reach out on WhatsApp at +1-404-262-1510,1
What’s the price?,0
Nice product!,0
Do you have it in stock?,0
Do you have it in stock?,0
I’m interested in this item.,0
Where do you ship from?,0
Can you show more photos?,0
Where do you ship from?,0
I’m interested in this item.,0
What are the dimensions?,0
Nice product!,0
What’s the price?,0
Nice product!,0
Can you show more photos?,0
Do you have it in stock?,0
Where do you ship from?,0
Add me on WhatsApp: 555-713-9411,1
What are the dimensions?,0
DM me on Facebook: facebook.com/fashionista466,1
Does it come in other colors?,0
How soon can I get it?,0
I’m interested in this item.,0
Does it come in other colors?,0
My TikTok: @ivan577,1
Nice product!,0
Can you show more photos?,0
Nice product!,0
Do you have it in stock?,0
Nice product!,0
What’s the price?,0
Does it come in other colors?,0
This looks good.,0
Can you show more photos?,0
Contact via email: frank57@mail.com,1
How soon can I get it?,0
Nice product!,0
You can reach me at 555-485-6561,1
This looks good.,0
Where do you ship from?,0
I’m interested in this item.,0
Where do you ship from?,0
Do you have it in stock?,0
Do you have it in stock?,0
Does it come in other colors?,0
Where do you ship from?,0
Nice product!,0
What are the dimensions?,0
Does it come in other colors?,0
Contact me via Telegram: @designer123,1
What’s the price?,0
Where do you ship from?,0
Where do you ship from?,0
Contact: +1-320-904-7813,1
"My contact is 555-982-2439, call me.",1
wanna chat? +1-378-992-5546,1
This looks good.,0
This looks good.,0
Can you show more photos?,0
Do you have it in stock?,0
What’s the price?,0
I’m interested in this item.,0
t e l : +1-337-167-8000,1
I’m interested in this item.,0
Does it come in other colors?,0
Can you show more photos?,0
Does it come in other colors?,0
Text me at +1-574-437-3962,1
Where do you ship from?,0
Call me at 3994163453,1
What’s the price?,0
How soon can I get it?,0
Do you have it in stock?,0
Message me on Snapchat: shop_owner,1
Where do you ship from?,0
Nice product!,0
Add me on WhatsApp: 555-563-3754,1
Can you show more photos?,0
Does it come in other colors?,0
Where do you ship from?,0
Does it come in other colors?,0
What are the dimensions?,0
This looks good.,0
Nice product!,0
hmu @ shopper349,1
Contact me on Skype: alice579,1
Where do you ship from?,0
Do you have it in stock?,0
This looks good.,0
Can you show more photos?,0
What are the dimensions?,0
I’m interested in this item.,0
Can you show more photos?,0
Let's connect on LinkedIn: linkedin.com/in/fashioneer,1
This looks good.,0
Does it come in other colors?,0
Follow me on Twitter: @bob143,1
Nice product!,0
Do you have it in stock?,0
Do you have it in stock?,0
How soon can I get it?,0
This looks good.,0
Can I have your email address?,1
How soon can I get it?,0
Can you show more photos?,0
Where do you ship from?,0
Does it come in other colors?,0
Can you show more photos?,0
How soon can I get it?,0
How soon can I get it?,0
How soon can I get it?,0
Where do you ship from?,0
Nice product!,0
Nice product!,0
I’m interested in this item.,0
"My contact is 555-208-8675, call me.",1
How soon can I get it?,0
This looks good.,0
DM me on Instagram: @charlie105,1
I’m interested in this item.,0
Can you show more photos?,0
Do you have it in stock?,0
How soon can I get it?,0
Do you have it in stock?,0
Reach me at (507) 383-2806,1
Nice product!,0
This looks good.,0
What’s the price?,0
What are the dimensions?,0
Does it come in other colors?,0
Nice product!,0
What’s the price?,0
How soon can I get it?,0
What’s the price?,0
My number is +1 127 319 7930,1
Does it come in other colors?,0
Contact: +1-639-462-4243,1
This looks good.,0
How soon can I get it?,0
Can you show more photos?,0
Where do you ship from?,0
I’m interested in this item.,0
📧 user4015@example.com,1
What are the dimensions?,0
What’s the price?,0
📧 user7919@example.com,1
DM me on Instagram: @bob183,1
Do you have it in stock?,0
Message me at user753@example.com,1
Do you have it in stock?,0
Where do you ship from?,0
Nice product!,0
What are the dimensions?,0
I’m interested in this item.,0
Nice product!,0
t e l : +1-583-812-7514,1
Nice product!,0
c   o   n   t   a   c   t   m   e   4 2 0 - 7 8 4 - 1 2 1 2,1
Do you have it in stock?,0
Does it come in other colors?,0
hmu @ fashionista54,1
Connect on LinkedIn (linkedin.com/in/shop_owner),1
📱 +1-884-681-5355,1
Can you show more photos?,0
Nice product!,0
Do you have it in stock?,0
This looks good.,0
Where do you ship from?,0
Nice product!,0
Does it come in other colors?,0
What’s the price?,0
How soon can I get it?,0
How soon can I get it?,0
I’m interested in this item.,0
What are the dimensions?,0
Where do you ship from?,0
What’s the price?,0
snap me at s-n-a-p shopper55,1
Hit me up on WhatsApp at 555-231-3979,1
What are the dimensions?,0
This looks good.,0
I’m interested in this item.,0
Contact me on Skype: ivan721,1
h e i d i 8 6 @ m a i l . c o m,1
Nice product!,0
What’s the price?,0
Here is my email: user4690@example.com,1
Where do you ship from?,0
Does it come in other colors?,0
Where do you ship from?,0
This looks good.,0
Where do you ship from?,0
I’m interested in this item.,0
Does it come in other colors?,0
What are the dimensions?,0
What are the dimensions?,0
wanna chat? +1-568-597-1785,1
Messenger me at 8086856170,1
Does it come in other colors?,0
Nice product!,0
Contact me via Telegram: @tech_lead,1
Do you have it in stock?,0
Follow me on Instagram @best_pizza and DM.,1
Follow me on Twitter: @heidi771,1
This looks good.,0
Do you have it in stock?,0
I’m interested in this item.,0
This looks good.,0
I’m interested in this item.,0
What’s the price?,0
My number is (225) 183-2298,1
Do you have it in stock?,0
Message via email: alice59@test.org,1
Signal me at 703-229-8276,1
my email id is user7583@example.com,1
What’s the price?,0
Hit me up on WhatsApp at 555-621-9309,1
Can you show more photos?,0
How soon can I get it?,0
Does it come in other colors?,0
Contact via email: charlie89@mail.com,1
Signal me at +1 795 857 1979,1
Follow me on Twitter: @charlie163,1
Nice product!,0
Does it come in other colors?,0
My WeChat ID is coolguy42,1
My TikTok: @david964,1
Do you have it in stock?,0
What’s the price?,0
I’m interested in this item.,0
Nice product!,0
What’s the price?,0
Can you show more photos?,0
"Email is user5592@example.com, reach out anytime.",1
I’m interested in this item.,0
I’m interested in this item.,0
C a l l   m e :   ( 5 8 3 )   2 8 8 - 9 8 9 4,1
Call me at +1 498 033 8519,1
Where do you ship from?,0
Add me on WhatsApp: (157) 987-3891,1
What’s the price?,0
Please email me at user4409@example.com,1
What’s the price?,0
Text me at (888) 075-2643,1
Does it come in other colors?,0
Nice product!,0
I’m interested in this item.,0
What’s the price?,0
Mail me: ivan46@test.org,1
What’s the price?,0
Do you have it in stock?,0
I’m interested in this item.,0
Can you show more photos?,0
Contact me via Telegram: @best_pizza,1
What are the dimensions?,0
Where do you ship from?,0
Nice product!,0
What are the dimensions?,0
Do you have it in stock?,0
I’m interested in this item.,0
What’s the price?,0
Can you show more photos?,0
This looks good.,0
find me at user7897@example.com 😉,1
Nice product!,0
Does it come in other colors?,0
message me via g m a i l at user2487@example.com,1
I’m interested in this item.,0
Hit me up on WhatsApp at +1-887-821-1030,1
Nice product!,0
Nice product!,0
Reach me at 852-594-5166,1
I’m interested in this item.,0
Do you have it in stock?,0
What are the dimensions?,0
Nice product!,0
What are the dimensions?,0
This looks good.,0
t e l : +1-748-736-5746,1
Where do you ship from?,0
This looks good.,0
Twitter me at +1 192 662 1177,1
Do you have it in stock?,0
What are the dimensions?,0
Do you have it in stock?,0
How soon can I get it?,0
Does it come in other colors?,0
What’s the price?,0
Can you show more photos?,0
Follow me on Twitter: @judy821,1
Do you have it in stock?,0
Hit me up on WhatsApp at 555-965-7905,1
Can you show more photos?,0
I’m interested in this item.,0
Does it come in other colors?,0
you can DM me at coolcat472 on Insta,1
How soon can I get it?,0
Where do you ship from?,0
Nice product!,0
Add me on Facebook (facebook.com/best_pizza),1
I’m interested in this item.,0
"My contact is 555-766-1310, call me.",1
Where do you ship from?,0
"My contact is 555-534-8657, call me.",1
Do you have it in stock?,0
How soon can I get it?,0
Can you show more photos?,0
Message via email: david16@example.com,1
Does it come in other colors?,0
How soon can I get it?,0
Nice product!,0
find me at user1255@example.com 😉,1
How soon can I get it?,0
This looks good.,0
Where do you ship from?,0
Nice product!,0
I’m interested in this item.,0
What are the dimensions?,0
Hit me up on WhatsApp at +1-850-656-7429,1
wanna chat? +1-238-883-2459,1
Where do you ship from?,0
I’m interested in this item.,0
Follow me on Instagram @fashionguru and DM.,1
What are the dimensions?,0
Does it come in other colors?,0
Does it come in other colors?,0
snap me at s-n-a-p devguy363,1
Do you have it in stock?,0
What are the dimensions?,0
Does it come in other colors?,0
c   o   n   t   a   c   t   m   e   9 9 5 2 9 2 1 1 7 6,1
How soon can I get it?,0
Nice product!,0
What’s the price?,0
Does it come in other colors?,0
Where do you ship from?,0
My Snapchat is alice213,1
e m a i l m e @ user7277@example.com,1
How soon can I get it?,0
Nice product!,0
get in touch @ user5036@example.com,1
Where do you ship from?,0
Where do you ship from?,0
I’m interested in this item.,0
Does it come in other colors?,0
I’m interested in this item.,0
This looks good.,0
How soon can I get it?,0
Does it come in other colors?,0
Reach me at (566) 496-2714,1
Can you show more photos?,0
Mail me: bob42@test.org,1
I’m interested in this item.,0
What’s the price?,0
Can you show more photos?,0
How soon can I get it?,0
Do you have it in stock?,0
Does it come in other colors?,0
How soon can I get it?,0
What are the dimensions?,0
What’s the price?,0
This looks good.,0
This looks good.,0
What’s the price?,0
This looks good.,0
Does it come in other colors?,0
Reach me at 026-005-5541,1
I’m interested in this item.,0
Where do you ship from?,0
Add me on WhatsApp: 555-293-1468,1
Follow me on Twitter: @heidi378,1
Where do you ship from?,0
I’m interested in this item.,0
My Snapchat is frank982,1
What are the dimensions?,0
What’s the price?,0
Can you show more photos?,0
How soon can I get it?,0
This looks good.,0
Find me on Facebook: https://facebook.com/frank10,1
📧 user504@example.com,1
I’m interested in this item.,0
Do you have it in stock?,0
Can you show more photos?,0
Can you show more photos?,0
Nice product!,0
What are the dimensions?,0
Can you show more photos?,0
Message via email: ivan52@email.net,1
Does it come in other colors?,0
Contact via email: bob72@email.net,1
I’m interested in this item.,0
My TikTok: @david420,1
Can you show more photos?,0
Where do you ship from?,0
You can reach me at 555-402-1313,1
Where do you ship from?,0
Email me at user9781@example.com,1
Do you have it in stock?,0
I’m interested in this item.,0
DM me on Facebook: facebook.com/shopper618,1
Do you have it in stock?,0
Do you have it in stock?,0
Can you show more photos?,0
Text me at 555-677-8794 for more info.,1
WhatsApp me at 405-308-1925,1
What are the dimensions?,0
Does it come in other colors?,0
Send me a DM on Facebook: facebook.com/john_doe,1
How soon can I get it?,0
What are the dimensions?,0
What are the dimensions?,0
This looks good.,0
Find me on Facebook: https://facebook.com/alice389,1
Nice product!,0
Do you have it in stock?,0
Where do you ship from?,0
This looks good.,0
c o n t a c t : +1-588-299-8869,1
How soon can I get it?,0
Does it come in other colors?,0
Does it come in other colors?,0
What are the dimensions?,0
How soon can I get it?,0
e m a i l m e @ user3245@example.com,1
What’s the price?,0
Nice product!,0
Do you have it in stock?,0
find me at user938@example.com 😉,1
Follow me on Twitter: @frank13,1
Let's connect on LinkedIn: linkedin.com/in/fashioneer,1
Can you show more photos?,0
What’s the price?,0
This looks good.,0
Where do you ship from?,0
Contact via email: heidi11@test.org,1
Nice product!,0
What are the dimensions?,0
you can DM me at coolcat398 on Insta,1
Follow me on Twitter: @david72,1
What are the dimensions?,0
"My contact is 555-470-8530, call me.",1
What are the dimensions?,0
Where do you ship from?,0
Nice product!,0
Does it come in other colors?,0
Where do you ship from?,0
Can you show more photos?,0
What are the dimensions?,0
Can you show more photos?,0
I’m interested in this item.,0
Can you show more photos?,0
Do you have it in stock?,0
My TikTok: @eve706,1
What are the dimensions?,0
Contact me via Telegram: @john_doe,1
Do you have it in stock?,0
Message me on Snapchat: designer123,1
Can you show more photos?,0
my email id is user8414@example.com,1
Where do you ship from?,0
I’m interested in this item.,0
Do you have it in stock?,0
What are the dimensions?,0
Where do you ship from?,0
I’m interested in this item.,0
How soon can I get it?,0
Can you show more photos?,0
C a l l   m e :   9 4 0 7 3 4 9 5 8 1,1
Where do you ship from?,0
Text me at +1-374-843-6957,1
What are the dimensions?,0
What’s the price?,0
Follow me on Twitter: @bob449,1
I’m interested in this item.,0
Text me at +1-793-929-4445,1
Nice product!,0
I’m interested in this item.,0
What are the dimensions?,0
Where do you ship from?,0
What are the dimensions?,0
Nice product!,0
Does it come in other colors?,0
Nice product!,0
Do you have it in stock?,0
What’s the price?,0
Does it come in other colors?,0
What’s the price?,0
This looks good.,0
Can you show more photos?,0
Nice product!,0
Can you show more photos?,0
This looks good.,0
Do you have it in stock?,0
I’m interested in this item.,0
Where do you ship from?,0
I’m interested in this item.,0
Nice product!,0
This looks good.,0
How soon can I get it?,0
Find me on Facebook: https://facebook.com/eve41,1
Do you have it in stock?,0
I’m interested in this item.,0
Can you show more photos?,0
What are the dimensions?,0
Contact me on Skype: alice113,1
WhatsApp me at +1-555-617-7365,1
How soon can I get it?,0
How soon can I get it?,0
DM me on Instagram: @grace683,1
I’m interested in this item.,0
I’m interested in this item.,0
Can you show more photos?,0
Follow me on Twitter: @david865,1
message me via g m a i l at user5764@example.com,1
This looks good.,0
Nice product!,0
Can you show more photos?,0
get in touch @ user7452@example.com,1
What are the dimensions?,0
Where do you ship from?,0
Nice product!,0
What are the dimensions?,0
I’m interested in this item.,0
Nice product!,0
This looks good.,0
Let's connect on LinkedIn: https://linkedin.com/in/bob181,1
Nice product!,0
I’m interested in this item.,0
Can you show more photos?,0
I’m interested in this item.,0
What are the dimensions?,0
How soon can I get it?,0
Do you have it in stock?,0
Does it come in other colors?,0
I’m interested in this item.,0
I’m interested in this item.,0
Nice product!,0
How soon can I get it?,0
Mail me: charlie87@mail.com,1
This looks good.,0
I’m interested in this item.,0
Where do you ship from?,0
This looks good.,0
Can you show more photos?,0
Does it come in other colors?,0
What are the dimensions?,0
Let's connect on LinkedIn: https://linkedin.com/in/bob751,1
What are the dimensions?,0
Do you have it in stock?,0
How soon can I get it?,0
I’m interested in this item.,0
Does it come in other colors?,0
I’m interested in this item.,0
Where do you ship from?,0
Does it come in other colors?,0
Call me at 5637587323,1
Send me a DM on Facebook: facebook.com/coolguy42,1
How soon can I get it?,0
Where do you ship from?,0
DM me on Instagram: @bob572,1
What’s the price?,0
What’s the price?,0
What are the dimensions?,0
Nice product!,0
Can you show more photos?,0
How soon can I get it?,0
Does it come in other colors?,0
Where do you ship from?,0
Follow me on Twitter: @bob264,1
This looks good.,0
Where do you ship from?,0
Can you show more photos?,0
Where do you ship from?,0
Where do you ship from?,0
Does it come in other colors?,0
What’s the price?,0
C o n t a c t :   + 1   8 0 4   7 3 8   3 1 6 4,1
Nice product!,0
I’m interested in this item.,0
Hit me up on WhatsApp at 555-996-1130,1
Do you have it in stock?,0
Where do you ship from?,0
How soon can I get it?,0
I’m interested in this item.,0
What’s the price?,0
Where do you ship from?,0
What are the dimensions?,0
I’m interested in this item.,0
Nice product!,0
WhatsApp me at +1-555-993-1007,1
Where do you ship from?,0
What are the dimensions?,0
Do you have it in stock?,0
Message via email: judy62@example.com,1
Message me at user2098@example.com,1
"Email is user4259@example.com, reach out anytime.",1
Hit me up on WhatsApp at 555-912-5042,1
Does it come in other colors?,0
Nice product!,0
I’m interested in this item.,0
C a l l   m e :   ( 7 9 3 )   3 7 9 - 7 0 8 8,1
What’s the price?,0
Where do you ship from?,0
Where do you ship from?,0
Can you share your phone number so I can send you details?,1
What’s the price?,0
Contact via email: grace58@test.org,1
I’m interested in this item.,0
This looks good.,0
Does it come in other colors?,0
Do you have it in stock?,0
I’m interested in this item.,0
my digits: +1-437-658-4494,1
Ping me on Telegram: @heidi332,1
Hit me up on WhatsApp at 555-290-2580,1
How soon can I get it?,0
This looks good.,0
How soon can I get it?,0
Here is my email: user2189@example.com,1
You can reach me at +1-261-399-3426,1
What are the dimensions?,0
I’m interested in this item.,0
Can I have your email address?,1
Where do you ship from?,0
Does it come in other colors?,0
Message me on Snapchat: shop_owner,1
Do you have it in stock?,0
Add me on WhatsApp: 555-160-9432,1
Does it come in other colors?,0
How soon can I get it?,0
How soon can I get it?,0
How soon can I get it?,0
Snapchat me @ coolcat617,1
What’s the price?,0
Add me on WhatsApp: 3900716733,1
What’s the price?,0
How soon can I get it?,0
c o n t a c t : +1-794-803-9824,1
Nice product!,0
How soon can I get it?,0
What are the dimensions?,0
Do you have it in stock?,0
Can you show more photos?,0
Message me on Snapchat: designer123,1
Does it come in other colors?,0
Send me a DM on Facebook: facebook.com/shop_owner,1
What are the dimensions?,0
This looks good.,0
My WeChat ID is coolguy42,1
Do you have it in stock?,0
Nice product!,0
What are the dimensions?,0
How soon can I get it?,0
Do you have it in stock?,0
Do you have it in stock?,0
Can you show more photos?,0
This looks good.,0
Where do you ship from?,0
Message via email: eve12@example.com,1
Where do you ship from?,0
This looks good.,0
Can you show more photos?,0
I’m interested in this item.,0
What’s the price?,0
Nice product!,0
Email me at user1445@example.com,1
Can I have your email address?,1
What are the dimensions?,0
How soon can I get it?,0
What are the dimensions?,0
Do you have it in stock?,0
How soon can I get it?,0
What’s the price?,0
What’s the price?,0
This looks good.,0
Where do you ship from?,0
I’m interested in this item.,0
Find me on Facebook: https://facebook.com/eve489,1
Please email me at user3375@example.com,1
What’s the price?,0
Contact via email: grace24@example.com,1
Can you show more photos?,0
t e l : +1-187-370-5625,1
Where do you ship from?,0
Nice product!,0
This looks good.,0
Where do you ship from?,0
You can reach me at 555-601-6159,1
This looks good.,0
a l i c e 7 6 @ e x a m p l e . c o m,1
Do you have it in stock?,0
What are the dimensions?,0
What’s the price?,0
C o n t a c t :   4 5 0 - 0 7 8 - 0 4 4 7,1
Nice product!,0
Text me at +1 927 663 4236,1
Nice product!,0
What’s the price?,0
What are the dimensions?,0
This looks good.,0
Does it come in other colors?,0
Can you show more photos?,0
Nice product!,0
I’m interested in this item.,0
This looks good.,0
Does it come in other colors?,0
Ping me on Telegram: @judy325,1
How soon can I get it?,0
This looks good.,0
I’m interested in this item.,0
I’m interested in this item.,0
Do you have it in stock?,0
Do you have it in stock?,0
This looks good.,0
How soon can I get it?,0
My number is 9210198677,1
I’m interested in this item.,0
Nice product!,0
Do you have it in stock?,0
This looks good.,0
Add me on Facebook (facebook.com/fashioneer),1
Can you show more photos?,0
What are the dimensions?,0
What’s the price?,0
t e l : +1-796-777-2652,1
📱 +1-692-875-5414,1
Can you show more photos?,0
This looks good.,0
Can you show more photos?,0
Does it come in other colors?,0
My WeChat ID is fashioneer,1
Does it come in other colors?,0
Reach out on WhatsApp at +1-563-737-7481,1
Nice product!,0
"Email is user5078@example.com, reach out anytime.",1
What’s the price?,0
reach at t w o o o @example.com,1
telegram: t dot me slash devguy884,1
Where do you ship from?,0
This looks good.,0
I’m interested in this item.,0
Do you have it in stock?,0
How soon can I get it?,0
Call me at (039) 239-7841,1
This looks good.,0
Can you show more photos?,0
Do you have it in stock?,0
This looks good.,0
Nice product!,0
What’s the price?,0
What are the dimensions?,0
Does it come in other colors?,0
Nice product!,0
my digits: +1-343-426-7373,1
Do you have it in stock?,0
What’s the price?,0
This looks good.,0
This looks good.,0
What are the dimensions?,0
Can you show more photos?,0
Does it come in other colors?,0
What’s the price?,0
I’m interested in this item.,0
Can you show more photos?,0
How soon can I get it?,0
Where do you ship from?,0
my email id is user1100@example.com,1
snap me at s-n-a-p devguy477,1
Do you have it in stock?,0
What are the dimensions?,0
reach at t w o o o @example.com,1
How soon can I get it?,0
Let's connect on LinkedIn: linkedin.com/in/john_doe,1
How soon can I get it?,0
This looks good.,0
Nice product!,0
Where do you ship from?,0
Here is my email: user9810@example.com,1
What’s the price?,0
I’m interested in this item.,0
Message via email: eve44@example.com,1
Where do you ship from?,0
Call me at 7229383062,1
What are the dimensions?,0
I’m interested in this item.,0
telegram: t dot me slash coolcat384,1
This looks good.,0
This looks good.,0
Add me on Facebook (facebook.com/shop_owner),1
LinkedIn me at +1 647 047 9623,1
Please email me at user3971@example.com,1
Nice product!,0
How soon can I get it?,0
DM me on Instagram: @alice854,1
What’s the price?,0
I’m interested in this item.,0
Can you share your phone number so I can send you details?,1
I’m interested in this item.,0
Do you have it in stock?,0
I’m interested in this item.,0
I’m interested in this item.,0
Can you share your phone number so I can send you details?,1
What’s the price?,0
I’m interested in this item.,0
Where do you ship from?,0
What’s the price?,0
What are the dimensions?,0
How soon can I get it?,0
Nice product!,0
Connect on LinkedIn (linkedin.com/in/designer123),1
Does it come in other colors?,0
Does it come in other colors?,0
What are the dimensions?,0
What’s the price?,0
How soon can I get it?,0
e m a i l m e @ user1182@example.com,1
I’m interested in this item.,0
Do you have it in stock?,0
What’s the price?,0
Reach me at (143) 600-8447,1
Does it come in other colors?,0
How soon can I get it?,0
What are the dimensions?,0
Where do you ship from?,0
Do you have it in stock?,0
Do you have it in stock?,0
Nice product!,0
This looks good.,0
Ping me on Telegram: @alice962,1
Nice product!,0
What are the dimensions?,0
Does it come in other colors?,0
Hit me up on WhatsApp at 555-618-5166,1
Nice product!,0
I’m interested in this item.,0
How soon can I get it?,0
Do you have it in stock?,0
What are the dimensions?,0
I’m interested in this item.,0
Can you show more photos?,0
Where do you ship from?,0
What’s the price?,0
Where do you ship from?,0
What’s the price?,0
Where do you ship from?,0
This looks good.,0
What’s the price?,0
Follow me on Instagram @shopper99 and DM.,1
Do you have it in stock?,0
Connect on LinkedIn (linkedin.com/in/shop_owner),1
What are the dimensions?,0
What are the dimensions?,0
Where do you ship from?,0
Can you share your phone number so I can send you details?,1
Can you show more photos?,0
This looks good.,0
Does it come in other colors?,0
Where do you ship from?,0
telegram: t dot me slash fashionista80,1
What are the dimensions?,0
Do you have it in stock?,0
Where do you ship from?,0
Can you show more photos?,0
Let's connect on LinkedIn: https://linkedin.com/in/alice94,1
What are the dimensions?,0
What’s the price?,0
snap me at s-n-a-p coolcat126,1
Message me on Snapchat: shopper99,1
What are the dimensions?,0
telegram: t dot me slash coolcat744,1
Do you have it in stock?,0
What’s the price?,0
What are the dimensions?,0
What’s the price?,0
What’s the price?,0
What’s the price?,0
This looks good.,0
Where do you ship from?,0
This looks good.,0
This looks good.,0
Do you have it in stock?,0
Follow me on Twitter: @ivan150,1
Where do you ship from?,0
Do you have it in stock?,0
message me via g m a i l at user926@example.com,1
Nice product!,0
Does it come in other colors?,0
Reach out on WhatsApp at +1-661-518-2820,1
Where do you ship from?,0
Do you have it in stock?,0
"Email is user4113@example.com, reach out anytime.",1
Where do you ship from?,0
I’m interested in this item.,0
How soon can I get it?,0
This looks good.,0
I’m interested in this item.,0
you can DM me at fashionista571 on Insta,1
Can you share your phone number so I can send you details?,1
How soon can I get it?,0
What are the dimensions?,0
Let's connect on LinkedIn: linkedin.com/in/coolguy42,1
Text me at +1-860-640-3689,1
How soon can I get it?,0
This looks good.,0
Send me a DM on Facebook: facebook.com/shopper99,1
Nice product!,0
"Email is user4113@example.com, reach out anytime.",1
Does it come in other colors?,0
Does it come in other colors?,0
Nice product!,0
What’s the price?,0
Contact me on Skype: heidi25,1
What’s the price?,0
Where do you ship from?,0
Can you show more photos?,0
DM me on Instagram @designer123,1
How soon can I get it?,0
What’s the price?,0
This looks good.,0
Send me a DM on Facebook: facebook.com/coolguy42,1
Nice product!,0
Does it come in other colors?,0
Can you show more photos?,0
What are the dimensions?,0
What are the dimensions?,0
Where do you ship from?,0
Can you show more photos?,0
Nice product!,0
Ping me on Telegram: @frank563,1
Where do you ship from?,0
Nice product!,0
Does it come in other colors?,0
This looks good.,0
I’m interested in this item.,0
What are the dimensions?,0
How soon can I get it?,0
Reach me at 464-160-7588,1
Where do you ship from?,0
This looks good.,0
This looks good.,0
How soon can I get it?,0
Does it come in other colors?,0
Add me on Facebook (facebook.com/best_pizza),1
What’s the price?,0
Where do you ship from?,0
Does it come in other colors?,0
Hit me up on WhatsApp at +1-542-738-8835,1
Nice product!,0
I’m interested in this item.,0
Nice product!,0
I’m interested in this item.,0
I’m interested in this item.,0
I’m interested in this item.,0
Follow me on Instagram @designer123 and DM.,1
Nice product!,0
Hit me up on WhatsApp at 555-453-6136,1
Can you show more photos?,0
Can you show more photos?,0
What are the dimensions?,0
This looks good.,0
Where do you ship from?,0
find me at user2184@example.com 😉,1
Do you have it in stock?,0
Do you have it in stock?,0
What’s the price?,0
Find me on Facebook: https://facebook.com/heidi732,1
Where do you ship from?,0
What are the dimensions?,0
I’m interested in this item.,0
Does it come in other colors?,0
you can DM me at devguy960 on Insta,1
Can you show more photos?,0
This looks good.,0
Email me at user9071@example.com,1
Does it come in other colors?,0
This looks good.,0
Does it come in other colors?,0
Let's connect on LinkedIn: https://linkedin.com/in/grace168,1
How soon can I get it?,0
What are the dimensions?,0
Can you show more photos?,0
Here's my email: user1987@example.com,1
What are the dimensions?,0
Add me on Facebook (facebook.com/fashionguru),1
Where do you ship from?,0
Connect on LinkedIn (linkedin.com/in/best_pizza),1
Nice product!,0
Can you show more photos?,0
What’s the price?,0
Connect on LinkedIn (linkedin.com/in/jane.smith),1
I’m interested in this item.,0
I’m interested in this item.,0
Nice product!,0
Can you share your phone number so I can send you details?,1
I’m interested in this item.,0
Can you show more photos?,0
Nice product!,0
Does it come in other colors?,0
Can you show more photos?,0
How soon can I get it?,0
What’s the price?,0
Where do you ship from?,0
Nice product!,0
I’m interested in this item.,0
I’m interested in this item.,0
Do you have it in stock?,0
Connect on LinkedIn (linkedin.com/in/shop_owner),1
Nice product!,0
Contact me on Skype: charlie582,1
This looks good.,0
Nice product!,0
Can you show more photos?,0
This looks good.,0
I’m interested in this item.,0
What are the dimensions?,0
Can you show more photos?,0
Nice product!,0
Does it come in other colors?,0
What’s the price?,0
Nice product!,0
This looks good.,0
What are the dimensions?,0
Add me on WhatsApp: 8928888450,1
Here is my email: user5668@example.com,1
I’m interested in this item.,0
Where do you ship from?,0
Nice product!,0
Does it come in other colors?,0
WhatsApp me at +1-555-301-1928,1
How soon can I get it?,0
I’m interested in this item.,0
What are the dimensions?,0
What are the dimensions?,0
This looks good.,0
What are the dimensions?,0
find me at user7194@example.com 😉,1
What’s the price?,0
What’s the price?,0
Can you show more photos?,0
Let's connect on LinkedIn: https://linkedin.com/in/grace817,1
I’m interested in this item.,0
Nice product!,0
Nice product!,0
Can you show more photos?,0
Where do you ship from?,0
Nice product!,0
Where do you ship from?,0
Does it come in other colors?,0
This looks good.,0
Where do you ship from?,0
What’s the price?,0
What’s the price?,0
You can reach me at +1-196-347-9280,1
What are the dimensions?,0
This looks good.,0
Where do you ship from?,0
Does it come in other colors?,0
Nice product!,0
This looks good.,0
How soon can I get it?,0
Does it come in other colors?,0
Where do you ship from?,0
I’m interested in this item.,0
e m a i l m e @ user7300@example.com,1
I’m interested in this item.,0
c o n t a c t : +1-962-592-2859,1
Connect on LinkedIn (linkedin.com/in/fashionguru),1
This looks good.,0
Where do you ship from?,0
This looks good.,0
Where do you ship from?,0
Can you show more photos?,0
Nice product!,0
This looks good.,0
How soon can I get it?,0
Message me at user2074@example.com,1
This looks good.,0
Does it come in other colors?,0
How soon can I get it?,0
Does it come in other colors?,0
Can you show more photos?,0
Text me at +1-110-219-8301,1
What are the dimensions?,0
Do you have it in stock?,0
What’s the price?,0
This looks good.,0
How soon can I get it?,0
message me via g m a i l at user7675@example.com,1
What’s the price?,0
Nice product!,0
Can you show more photos?,0
Can you show more photos?,0
Contact via email: alice90@email.net,1
Nice product!,0
What are the dimensions?,0
Can you show more photos?,0
What are the dimensions?,0
Where do you ship from?,0
What’s the price?,0
message me via g m a i l at user1299@example.com,1
What are the dimensions?,0
Does it come in other colors?,0
I’m interested in this item.,0
This looks good.,0
What are the dimensions?,0
What are the dimensions?,0
j u d y 1 @ m a i l . c o m,1
What are the dimensions?,0
What are the dimensions?,0
What’s the price?,0
Can you show more photos?,0
Text me at +1 654 974 3570,1
Does it come in other colors?,0
Do you have it in stock?,0
Hit me up on WhatsApp at 555-523-9380,1
How soon can I get it?,0
I’m interested in this item.,0
Nice product!,0
Message via email: frank28@example.com,1
How soon can I get it?,0
Nice product!,0
How soon can I get it?,0
Can you show more photos?,0
Ping me on Telegram: @ivan437,1
Do you have it in stock?,0
Does it come in other colors?,0
How soon can I get it?,0
Reach out on WhatsApp at +1-173-625-3892,1
This looks good.,0
Do you have it in stock?,0
My number is 789-816-9741,1
How soon can I get it?,0
What are the dimensions?,0
Do you have it in stock?,0
Where do you ship from?,0
Nice product!,0
Do you have it in stock?,0
Do you have it in stock?,0
What are the dimensions?,0
My number is 3363359999,1
What are the dimensions?,0
What are the dimensions?,0
Does it come in other colors?,0
e m a i l m e @ user7424@example.com,1
Where do you ship from?,0
What’s the price?,0
Nice product!,0
Does it come in other colors?,0
What’s the price?,0
Does it come in other colors?,0
What are the dimensions?,0
Can you show more photos?,0
Reach out on WhatsApp at +1-291-216-7826,1
Can you show more photos?,0
I’m interested in this item.,0
This looks good.,0
Nice product!,0
Nice product!,0
What are the dimensions?,0
This looks good.,0
Nice product!,0
I’m interested in this item.,0
I’m interested in this item.,0
This looks good.,0
I’m interested in this item.,0
What’s the price?,0
How soon can I get it?,0
I’m interested in this item.,0
This looks good.,0
Telegram me at 741-746-7311,1
Where do you ship from?,0
I’m interested in this item.,0
Where do you ship from?,0
Does it come in other colors?,0
Message me at user3258@example.com,1
Can you show more photos?,0
How soon can I get it?,0
wanna chat? +1-292-439-9143,1
Can you show more photos?,0
DM me on Instagram: @eve753,1
This looks good.,0
What are the dimensions?,0
What’s the price?,0
Can you show more photos?,0
Do you have it in stock?,0
I’m interested in this item.,0
e m a i l m e @ user2071@example.com,1
Can you show more photos?,0
What’s the price?,0
Nice product!,0
Nice product!,0
Text me at 555-140-8211 for more info.,1
Do you have it in stock?,0
Does it come in other colors?,0
Do you have it in stock?,0
Does it come in other colors?,0
Can you show more photos?,0
Where do you ship from?,0
DM me on Instagram @shopper99,1
What’s the price?,0
Hit me up on WhatsApp at 555-124-6535,1
What’s the price?,0
Email me at user8207@example.com,1
I’m interested in this item.,0
What’s the price?,0
DM me on Instagram @john_doe,1
Reach me at +1 232 829 2243,1
Send me a DM on Facebook: facebook.com/shop_owner,1
DM me on Instagram: @charlie991,1
Nice product!,0
How soon can I get it?,0
Reach out on WhatsApp at +1-507-145-8372,1
What’s the price?,0
Where do you ship from?,0
I’m interested in this item.,0
Where do you ship from?,0
My TikTok: @grace849,1
Can you show more photos?,0
Nice product!,0
find me at user7369@example.com 😉,1
I’m interested in this item.,0
Contact via email: frank89@test.org,1
This looks good.,0
Can you show more photos?,0
wanna chat? +1-175-428-4328,1
Nice product!,0
Here is my email: user5620@example.com,1
Nice product!,0
Do you have it in stock?,0
Can you show more photos?,0
Can you show more photos?,0
How soon can I get it?,0
Can you show more photos?,0
How soon can I get it?,0
This looks good.,0
Find me on Facebook: https://facebook.com/grace648,1
This looks good.,0
How soon can I get it?,0
I’m interested in this item.,0
Text me at 464-824-9796,1
What’s the price?,0
How soon can I get it?,0
Nice product!,0
This looks good.,0
Can you show more photos?,0
Do you have it in stock?,0
Nice product!,0
Nice product!,0
Do you have it in stock?,0
Where do you ship from?,0
My number is 905-220-0992,1
Text me at 555-735-7287 for more info.,1
Can you show more photos?,0
Can you show more photos?,0
What’s the price?,0
Does it come in other colors?,0
Do you have it in stock?,0
This looks good.,0
Where do you ship from?,0
Nice product!,0
Add me on Facebook (facebook.com/shopper99),1
Contact via email: grace41@email.net,1
I’m interested in this item.,0
Does it come in other colors?,0
Where do you ship from?,0
Nice product!,0
How soon can I get it?,0
get in touch @ user2062@example.com,1
I’m interested in this item.,0
I’m interested in this item.,0
Do you have it in stock?,0
Does it come in other colors?,0
Can you show more photos?,0
This looks good.,0
Mail me: bob48@email.net,1
Does it come in other colors?,0
How soon can I get it?,0
What are the dimensions?,0
Can you show more photos?,0
What are the dimensions?,0
Does it come in other colors?,0
Do you have it in stock?,0
I’m interested in this item.,0
I’m interested in this item.,0
I’m interested in this item.,0
Can you show more photos?,0
This looks good.,0
Can you show more photos?,0
Do you have it in stock?,0
How soon can I get it?,0
My number is 298-795-8633,1
I’m interested in this item.,0
This looks good.,0
Do you have it in stock?,0
How soon can I get it?,0
How soon can I get it?,0
Does it come in other colors?,0
Contact me via Telegram: @shop_owner,1
I’m interested in this item.,0
Can you show more photos?,0
Nice product!,0
I’m interested in this item.,0
Reach me at (342) 933-0505,1
What’s the price?,0
Can you show more photos?,0
Does it come in other colors?,0
Where do you ship from?,0
Nice product!,0
Does it come in other colors?,0
How soon can I get it?,0
I’m interested in this item.,0
I’m interested in this item.,0
What are the dimensions?,0
j u d y 6 @ m a i l . c o m,1
wanna chat? +1-364-893-6432,1
I’m interested in this item.,0
Does it come in other colors?,0
What’s the price?,0
Do you have it in stock?,0
How soon can I get it?,0
This looks good.,0
What are the dimensions?,0
Hit me up on WhatsApp at +1-690-913-7897,1
Follow me on Instagram @jane.smith and DM.,1
fb.com/devguy240,1
Where do you ship from?,0
What are the dimensions?,0
This looks good.,0
Add me on WhatsApp: 555-296-7538,1
What’s the price?,0
How soon can I get it?,0
Twitter me at 9563390914,1
Ping me on Telegram: @eve950,1
Where do you ship from?,0
What’s the price?,0
What are the dimensions?,0
What’s the price?,0
I’m interested in this item.,0
telegram: t dot me slash coolcat746,1
Does it come in other colors?,0
Nice product!,0
What’s the price?,0
How soon can I get it?,0
I’m interested in this item.,0
Can you show more photos?,0
Here's my email: user5567@example.com,1
How soon can I get it?,0
find me at user5988@example.com 😉,1
DM me on Instagram @best_pizza,1
How soon can I get it?,0
What’s the price?,0
What are the dimensions?,0
Do you have it in stock?,0
How soon can I get it?,0
Where do you ship from?,0
How soon can I get it?,0
Do you have it in stock?,0
Does it come in other colors?,0
C o n t a c t :   1 1 1 2 9 7 0 5 6 3,1
Do you have it in stock?,0
Nice product!,0
What are the dimensions?,0
I’m interested in this item.,0
Nice product!,0
What are the dimensions?,0
Nice product!,0
Nice product!,0
What’s the price?,0
Nice product!,0
I’m interested in this item.,0
This looks good.,0
Where do you ship from?,0
What are the dimensions?,0
Where do you ship from?,0
LinkedIn me at 6519614136,1
This looks good.,0
Do you have it in stock?,0
Do you have it in stock?,0
Does it come in other colors?,0
This looks good.,0
Where do you ship from?,0
Do you have it in stock?,0
What are the dimensions?,0
telegram: t dot me slash devguy9,1
"Email is user3304@example.com, reach out anytime.",1
I’m interested in this item.,0
DM me on Facebook: facebook.com/fashionista733,1
What’s the price?,0
Does it come in other colors?,0
Let's connect on LinkedIn: https://linkedin.com/in/heidi909,1
Do you have it in stock?,0
Where do you ship from?,0
What are the dimensions?,0
Ping me on Telegram: @heidi899,1
You can reach me at +1-259-639-4411,1
What’s the price?,0
Where do you ship from?,0
Can you show more photos?,0
fb.com/devguy68,1
Does it come in other colors?,0
telegram: t dot me slash shopper652,1
I’m interested in this item.,0
Nice product!,0
Can you show more photos?,0
Nice product!,0
What are the dimensions?,0
Send me a DM on Facebook: facebook.com/jane.smith,1
Can you show more photos?,0
How soon can I get it?,0
How soon can I get it?,0
This looks good.,0
Does it come in other colors?,0
Do you have it in stock?,0
Nice product!,0
Does it come in other colors?,0
How soon can I get it?,0
Nice product!,0
I’m interested in this item.,0
How soon can I get it?,0
Do you have it in stock?,0
I’m interested in this item.,0
What are the dimensions?,0
This looks good.,0
What are the dimensions?,0
DM me on Instagram @shopper99,1
My WeChat ID is best_pizza,1
Where do you ship from?,0
Ping me on Telegram: @alice196,1
What are the dimensions?,0
This looks good.,0
How soon can I get it?,0
DM me on Instagram @designer123,1
What are the dimensions?,0
Nice product!,0
What’s the price?,0
Do you have it in stock?,0
I’m interested in this item.,0
How soon can I get it?,0
Reach me at 1960484504,1
Let's connect on LinkedIn: linkedin.com/in/john_doe,1
This looks good.,0
How soon can I get it?,0
Nice product!,0
Does it come in other colors?,0
Call me at (818) 389-5476,1
What are the dimensions?,0
Text me at 555-688-9429 for more info.,1
What are the dimensions?,0
Does it come in other colors?,0
DM me on Instagram: @ivan26,1
Does it come in other colors?,0
How soon can I get it?,0
Can you show more photos?,0
Can you show more photos?,0
Nice product!,0
This looks good.,0
Do you have it in stock?,0
Does it come in other colors?,0
What are the dimensions?,0
What’s the price?,0
Does it come in other colors?,0
Where do you ship from?,0
Add me on Facebook (facebook.com/shop_owner),1
Do you have it in stock?,0
What’s the price?,0
Do you have it in stock?,0
Does it come in other colors?,0
Where do you ship from?,0
Can you show more photos?,0
Can you show more photos?,0
What’s the price?,0
you can DM me at fashionista121 on Insta,1
wanna chat? +1-946-284-7720,1
How soon can I get it?,0
Can you show more photos?,0
I’m interested in this item.,0
This looks good.,0
Can I have your email address?,1
What are the dimensions?,0
Nice product!,0
Follow me on Twitter: @frank862,1
I’m interested in this item.,0
Do you have it in stock?,0
fb.com/coolcat570,1
Where do you ship from?,0
Message me on Signal: 1741430165,1
Does it come in other colors?,0
Nice product!,0
Where do you ship from?,0
Where do you ship from?,0
Can you show more photos?,0
Do you have it in stock?,0
Where do you ship from?,0
"My contact is 555-199-1637, call me.",1
Can you show more photos?,0
f r a n k 1 3 @ t e s t . o r g,1
c o n t a c t : +1-396-524-8714,1
I’m interested in this item.,0
Can you show more photos?,0
Do you have it in stock?,0
DM me on Facebook: facebook.com/coolcat389,1
This looks good.,0
📧 user43@example.com,1
Send me a DM on Facebook: facebook.com/coolguy42,1
What’s the price?,0
Nice product!,0
I’m interested in this item.,0
Call me at +1 440 588 3334,1
Do you have it in stock?,0
Follow me on Instagram @tech_lead and DM.,1
What’s the price?,0
Nice product!,0
This looks good.,0
This looks good.,0
What’s the price?,0
This looks good.,0
How soon can I get it?,0
I’m interested in this item.,0
Add me on Facebook (facebook.com/tech_lead),1
Does it come in other colors?,0
Nice product!,0
Can you show more photos?,0
I’m interested in this item.,0
Can you show more photos?,0
Can you show more photos?,0
Where do you ship from?,0
What are the dimensions?,0
my email id is user4740@example.com,1
What’s the price?,0
This looks good.,0
My Snapchat is frank213,1
How soon can I get it?,0
My Snapchat is alice455,1
g r a c e 4 @ e x a m p l e . c o m,1
How soon can I get it?,0
Does it come in other colors?,0
How soon can I get it?,0
Nice product!,0
This looks good.,0
t e l : +1-521-191-7201,1
What are the dimensions?,0
This looks good.,0
you can DM me at fashionista16 on Insta,1
d a v i d 8 3 @ t e s t . o r g,1
What are the dimensions?,0
WhatsApp me at +1-555-972-4724,1
I’m interested in this item.,0
Here is my email: user8289@example.com,1
What’s the price?,0
Let's connect on LinkedIn: https://linkedin.com/in/alice735,1
What’s the price?,0
Does it come in other colors?,0
Message me on Signal: (139) 163-1398,1
What’s the price?,0
What’s the price?,0
This looks good.,0
I’m interested in this item.,0
Can you show more photos?,0
e m a i l m e @ user896@example.com,1
Do you have it in stock?,0
my digits: +1-318-483-2440,1
This looks good.,0
Can you show more photos?,0
find me at user3085@example.com 😉,1
What are the dimensions?,0
Where do you ship from?,0
How soon can I get it?,0
What’s the price?,0
How soon can I get it?,0
What are the dimensions?,0
What are the dimensions?,0
Nice product!,0
Nice product!,0
I’m interested in this item.,0
Do you have it in stock?,0
Do you have it in stock?,0
Where do you ship from?,0
This looks good.,0
This looks good.,0
Message me on Snapchat: coolguy42,1
What are the dimensions?,0
This looks good.,0
📱 +1-520-851-2644,1
Nice product!,0
What’s the price?,0
How soon can I get it?,0
Where do you ship from?,0
This looks good.,0
This looks good.,0
This looks good.,0
Let's connect on LinkedIn: linkedin.com/in/jane.smith,1
get in touch @ user3948@example.com,1
Nice product!,0
What’s the price?,0
You can reach me at 555-803-1795,1
Nice product!,0
What’s the price?,0
Can you share your phone number so I can send you details?,1
What are the dimensions?,0
my digits: +1-725-277-5544,1
What’s the price?,0
c o n t a c t : +1-414-147-2557,1
Can you show more photos?,0
How soon can I get it?,0
What are the dimensions?,0
You can reach me at +1-522-558-6743,1
How soon can I get it?,0
Can you show more photos?,0
Where do you ship from?,0
What’s the price?,0
Nice product!,0
How soon can I get it?,0
This looks good.,0
I’m interested in this item.,0
Does it come in other colors?,0
Does it come in other colors?,0
How soon can I get it?,0
Reach out on WhatsApp at +1-267-158-9743,1
What’s the price?,0
Can you show more photos?,0
Where do you ship from?,0
Nice product!,0
How soon can I get it?,0
Let's connect on LinkedIn: linkedin.com/in/coolguy42,1
Nice product!,0
What’s the price?,0
How soon can I get it?,0
What’s the price?,0
How soon can I get it?,0
This looks good.,0
How soon can I get it?,0
Ping me on Telegram: @heidi147,1
Where do you ship from?,0
This looks good.,0
Do you have it in stock?,0
"My contact is 555-886-9758, call me.",1
Nice product!,0
Does it come in other colors?,0
How soon can I get it?,0
Here is my email: user7459@example.com,1
What are the dimensions?,0
Mail me: ivan83@test.org,1
Do you have it in stock?,0
Can you show more photos?,0
my email id is user6469@example.com,1
What are the dimensions?,0
This looks good.,0
Message me at user9872@example.com,1
Does it come in other colors?,0
Do you have it in stock?,0
Does it come in other colors?,0
Does it come in other colors?,0
This looks good.,0
Do you have it in stock?,0
Where do you ship from?,0
Can you show more photos?,0
Instagram me at 151-813-0119,1
get in touch @ user4150@example.com,1
What’s the price?,0
What’s the price?,0
Connect on LinkedIn (linkedin.com/in/fashioneer),1
Message me on Snapchat: john_doe,1
Nice product!,0
Can you show more photos?,0
Where do you ship from?,0
📧 user8554@example.com,1
Nice product!,0
What are the dimensions?,0
What’s the price?,0
This looks good.,0
Do you have it in stock?,0
Snapchat me @ shopper340,1
Can you show more photos?,0
Contact me via Telegram: @tech_lead,1
I’m interested in this item.,0
Can you show more photos?,0
Where do you ship from?,0
How soon can I get it?,0
Email me at user9959@example.com,1
This looks good.,0
Where do you ship from?,0
t e l : +1-983-736-5615,1
What’s the price?,0
Let's connect on LinkedIn: linkedin.com/in/fashionguru,1
This looks good.,0
I’m interested in this item.,0
Nice product!,0
LinkedIn me at (923) 423-5974,1
This looks good.,0
I’m interested in this item.,0
Can you show more photos?,0
What’s the price?,0
Where do you ship from?,0
Message via email: bob9@test.org,1
Email me at user421@example.com,1
How soon can I get it?,0
Does it come in other colors?,0
What’s the price?,0
Nice product!,0
How soon can I get it?,0
Nice product!,0
This looks good.,0
How soon can I get it?,0
What are the dimensions?,0
DM me on Instagram @designer123,1
Does it come in other colors?,0
I’m interested in this item.,0
Please email me at user6987@example.com,1
I’m interested in this item.,0
Where do you ship from?,0
How soon can I get it?,0
Where do you ship from?,0
This looks good.,0
Can you show more photos?,0
What’s the price?,0
Does it come in other colors?,0
Nice product!,0
Message via email: frank33@test.org,1
Do you have it in stock?,0
What’s the price?,0
Can you show more photos?,0
I’m interested in this item.,0
Can you show more photos?,0
Do you have it in stock?,0
How soon can I get it?,0
How soon can I get it?,0
Can you show more photos?,0
How soon can I get it?,0
Does it come in other colors?,0
I’m interested in this item.,0
What’s the price?,0
Nice product!,0
What are the dimensions?,0
Can you show more photos?,0
hmu @ shopper534,1
How soon can I get it?,0
I’m interested in this item.,0
What are the dimensions?,0
How soon can I get it?,0
What’s the price?,0
I’m interested in this item.,0
Send me a DM on Facebook: facebook.com/coolguy42,1
You can reach me at 555-240-7136,1
Nice product!,0
WhatsApp me at +1-555-875-8460,1
t e l : +1-181-507-4223,1
What’s the price?,0
I’m interested in this item.,0
Hit me up on WhatsApp at 555-207-6816,1
Text me at +1-634-448-3650,1
"Email is user7516@example.com, reach out anytime.",1
How soon can I get it?,0
How soon can I get it?,0
Do you have it in stock?,0
This looks good.,0
Where do you ship from?,0
Does it come in other colors?,0
Can you show more photos?,0
Can you show more photos?,0
Nice product!,0
Nice product!,0
What are the dimensions?,0
Send me a DM on Facebook: facebook.com/coolguy42,1
DM me on Instagram: @grace596,1
How soon can I get it?,0
What’s the price?,0
I’m interested in this item.,0
This looks good.,0
What’s the price?,0
Can you show more photos?,0
Nice product!,0
What are the dimensions?,0
📧 user8756@example.com,1
What’s the price?,0
What’s the price?,0
Do you have it in stock?,0
Nice product!,0
I’m interested in this item.,0
How soon can I get it?,0
Does it come in other colors?,0
I’m interested in this item.,0
What’s the price?,0
This looks good.,0
What are the dimensions?,0
What’s the price?,0
j u d y 5 9 @ m a i l . c o m,1
What’s the price?,0
Message me on Snapchat: fashioneer,1
What’s the price?,0
Add me on Facebook (facebook.com/tech_lead),1
Nice product!,0
Can you show more photos?,0
Nice product!,0
Does it come in other colors?,0
Can you show more photos?,0
Can you show more photos?,0
Can you show more photos?,0
This looks good.,0
Hit me up on WhatsApp at +1-831-887-9042,1
Nice product!,0
Do you have it in stock?,0
Follow me on Instagram @designer123 and DM.,1
Does it come in other colors?,0
find me at user8286@example.com 😉,1
Do you have it in stock?,0
Message via email: charlie96@email.net,1
What are the dimensions?,0
Can you share your phone number so I can send you details?,1
Hit me up on WhatsApp at 555-644-2746,1
I’m interested in this item.,0
I’m interested in this item.,0
Where do you ship from?,0
Does it come in other colors?,0
Does it come in other colors?,0
Where do you ship from?,0
How soon can I get it?,0
What’s the price?,0
How soon can I get it?,0
You can reach me at 555-877-6004,1
find me at user1380@example.com 😉,1
📱 +1-326-704-2694,1
Where do you ship from?,0
Does it come in other colors?,0
Let's connect on LinkedIn: linkedin.com/in/john_doe,1
Follow me on Twitter: @david678,1
Contact me via Telegram: @fashionguru,1
What are the dimensions?,0
Do you have it in stock?,0
Nice product!,0
Can you show more photos?,0
Can you show more photos?,0
What are the dimensions?,0
I’m interested in this item.,0
my digits: +1-318-347-2923,1
c   o   n   t   a   c   t   m   e   5 8 3 9 1 9 0 2 4 1,1
How soon can I get it?,0
Where do you ship from?,0
Does it come in other colors?,0
This looks good.,0
How soon can I get it?,0
What’s the price?,0
Can you show more photos?,0
How soon can I get it?,0
What’s the price?,0
How soon can I get it?,0
Do you have it in stock?,0
What are the dimensions?,0
Do you have it in stock?,0
Where do you ship from?,0
Skype me at 260-548-7255,1
Nice product!,0
Where do you ship from?,0
Nice product!,0
c o n t a c t : +1-499-822-8955,1
I’m interested in this item.,0
Can you show more photos?,0
I’m interested in this item.,0
e m a i l m e @ user950@example.com,1
I’m interested in this item.,0
I’m interested in this item.,0
I’m interested in this item.,0
Follow me on Instagram @john_doe and DM.,1
What are the dimensions?,0
wanna chat? +1-140-871-9708,1
Contact via email: david34@email.net,1
Does it come in other colors?,0
Does it come in other colors?,0
What are the dimensions?,0
Can I have your email address?,1
Can you show more photos?,0
Do you have it in stock?,0
What are the dimensions?,0
Does it come in other colors?,0
Does it come in other colors?,0
Reach me at 670-070-6155,1
Please email me at user2986@example.com,1
This looks good.,0
Nice product!,0
Can you show more photos?,0
Where do you ship from?,0
Does it come in other colors?,0
Reach me at 330-962-2018,1
Message me on Snapchat: designer123,1
How soon can I get it?,0
I’m interested in this item.,0
hmu @ shopper146,1
Do you have it in stock?,0
What are the dimensions?,0
What’s the price?,0
What’s the price?,0
Text me at 555-730-3406 for more info.,1
What are the dimensions?,0
Can you show more photos?,0
What are the dimensions?,0
my email id is user1060@example.com,1
Do you have it in stock?,0
Can you show more photos?,0
Connect on LinkedIn (linkedin.com/in/tech_lead),1
📧 user7745@example.com,1
Email me at user7314@example.com,1
DM me on Facebook: facebook.com/devguy11,1
What are the dimensions?,0
I’m interested in this item.,0
Can you show more photos?,0
Where do you ship from?,0
Where do you ship from?,0
What’s the price?,0
How soon can I get it?,0
Can you show more photos?,0
Can you show more photos?,0
What are the dimensions?,0
Contact: +1-779-771-8903,1
Where do you ship from?,0
Where do you ship from?,0
This looks good.,0
This looks good.,0
Call me at 413-724-7521,1
Where do you ship from?,0
Can you show more photos?,0
Email me at user9316@example.com,1
What’s the price?,0
I’m interested in this item.,0
Do you have it in stock?,0
you can DM me at coolcat98 on Insta,1
Mail me: alice41@email.net,1
You can reach me at +1-336-568-5185,1
Does it come in other colors?,0
You can reach me at 555-987-5810,1
How soon can I get it?,0
"Email is user7894@example.com, reach out anytime.",1
How soon can I get it?,0
"Email is user8315@example.com, reach out anytime.",1
I’m interested in this item.,0
Text me at 555-303-9087 for more info.,1
Can you show more photos?,0
I’m interested in this item.,0
Does it come in other colors?,0
Nice product!,0
Can you show more photos?,0
What’s the price?,0
Does it come in other colors?,0
What’s the price?,0
How soon can I get it?,0
Email me at user2114@example.com,1
This looks good.,0
Where do you ship from?,0
What’s the price?,0
Text me at +1-359-914-3618,1
Do you have it in stock?,0
"My contact is 555-576-9697, call me.",1
Contact: +1-678-599-2584,1
My TikTok: @alice345,1
Let's connect on LinkedIn: linkedin.com/in/jane.smith,1
Where do you ship from?,0
What’s the price?,0
Does it come in other colors?,0
Does it come in other colors?,0
What’s the price?,0
Does it come in other colors?,0
Nice product!,0
Can you show more photos?,0
Where do you ship from?,0
Do you have it in stock?,0
What’s the price?,0
What are the dimensions?,0
This looks good.,0
This looks good.,0
Can you show more photos?,0
How soon can I get it?,0
Connect on LinkedIn (linkedin.com/in/tech_lead),1
Nice product!,0
Email me at charlie73@example.com,1
Do you have it in stock?,0
What are the dimensions?,0
Where do you ship from?,0
This looks good.,0
Where do you ship from?,0
I’m interested in this item.,0
I’m interested in this item.,0
Nice product!,0
How soon can I get it?,0
What are the dimensions?,0
Do you have it in stock?,0
Does it come in other colors?,0
Do you have it in stock?,0
Where do you ship from?,0
Nice product!,0
I’m interested in this item.,0
This looks good.,0
Nice product!,0
Do you have it in stock?,0
Where do you ship from?,0
What’s the price?,0
Send me a DM on Facebook: facebook.com/shop_owner,1
Hit me up on WhatsApp at +1-419-781-7946,1
hmu @ devguy996,1
How soon can I get it?,0
Do you have it in stock?,0
Can I have your email address?,1
What’s the price?,0
This looks good.,0
Ping me on Telegram: @alice693,1
Can you show more photos?,0
Nice product!,0
What are the dimensions?,0
Do you have it in stock?,0
Contact me via Telegram: @fashionguru,1
Follow me on Twitter: @ivan586,1
How soon can I get it?,0
Can you show more photos?,0
I’m interested in this item.,0
What are the dimensions?,0
"Email is user6892@example.com, reach out anytime.",1
Can you show more photos?,0
Do you have it in stock?,0
You can reach me at 555-273-9546,1
My WeChat ID is designer123,1
You can reach me at 555-560-3625,1
Can you show more photos?,0
How soon can I get it?,0
Nice product!,0
Contact: +1-918-464-2970,1
What are the dimensions?,0
Does it come in other colors?,0
What are the dimensions?,0
DM me on Instagram: @david784,1
What are the dimensions?,0
Message via email: charlie97@example.com,1
Does it come in other colors?,0
Does it come in other colors?,0
Does it come in other colors?,0
My WeChat ID is shopper99,1
Where do you ship from?,0
Can you show more photos?,0
This looks good.,0
What are the dimensions?,0
I’m interested in this item.,0
Reach me at 4451829960,1
Can you show more photos?,0
Where do you ship from?,0
Does it come in other colors?,0
DM me on Instagram: @grace583,1
Where do you ship from?,0
Does it come in other colors?,0
Do you have it in stock?,0
Does it come in other colors?,0
Where do you ship from?,0
How soon can I get it?,0
WhatsApp me at +1-555-840-1794,1
Do you have it in stock?,0
Find me on Facebook: https://facebook.com/ivan484,1
Does it come in other colors?,0
Can you show more photos?,0
Nice product!,0
Does it come in other colors?,0
Nice product!,0
Where do you ship from?,0
What are the dimensions?,0
Does it come in other colors?,0
Please email me at user8796@example.com,1
Can you show more photos?,0
Can you show more photos?,0
Can you show more photos?,0
Does it come in other colors?,0
Can you show more photos?,0
Do you have it in stock?,0
Where do you ship from?,0
Can you show more photos?,0
This looks good.,0
I’m interested in this item.,0
Contact via email: judy41@example.com,1
How soon can I get it?,0
How soon can I get it?,0
Where do you ship from?,0
What are the dimensions?,0
Do you have it in stock?,0
What are the dimensions?,0
Can you show more photos?,0
My Snapchat is alice464,1
What’s the price?,0
Nice product!,0
Text me at 555-790-8220 for more info.,1
Does it come in other colors?,0
What are the dimensions?,0
What’s the price?,0
Nice product!,0
This looks good.,0
Does it come in other colors?,0
Can you show more photos?,0
What are the dimensions?,0
Here is my email: user5705@example.com,1
Here's my email: user8899@example.com,1
I’m interested in this item.,0
Where do you ship from?,0
Do you have it in stock?,0
Does it come in other colors?,0
What are the dimensions?,0
This looks good.,0
I’m interested in this item.,0
Can you show more photos?,0
Do you have it in stock?,0
g r a c e 2 6 @ e x a m p l e . c o m,1
Send me a DM on Facebook: facebook.com/fashioneer,1
fb.com/shopper158,1
Does it come in other colors?,0
This looks good.,0
Where do you ship from?,0
c h a r l i e 9 9 @ e x a m p l e . c o m,1
Can you show more photos?,0
Does it come in other colors?,0
I’m interested in this item.,0
How soon can I get it?,0
Where do you ship from?,0
Nice product!,0
Let's connect on LinkedIn: linkedin.com/in/best_pizza,1
reach at t w o o o @example.com,1
Do you have it in stock?,0
Text me at +1 765 769 3942,1
reach at t w o o o @example.com,1
What’s the price?,0
I’m interested in this item.,0
What’s the price?,0
Message me on Signal: 789-103-4672,1
Do you have it in stock?,0
This looks good.,0
reach at t w o o o @example.com,1
I’m interested in this item.,0
This looks good.,0
Nice product!,0
Where do you ship from?,0
What’s the price?,0
Does it come in other colors?,0
my digits: +1-837-963-1368,1
What are the dimensions?,0
Message me at user7413@example.com,1
Hit me up on WhatsApp at +1-642-906-5004,1
Does it come in other colors?,0
How soon can I get it?,0
Can you show more photos?,0
Can you show more photos?,0
How soon can I get it?,0
Where do you ship from?,0
I’m interested in this item.,0
Nice product!,0
Does it come in other colors?,0
Do you have it in stock?,0
Do you have it in stock?,0
What’s the price?,0
I’m interested in this item.,0
you can DM me at shopper495 on Insta,1
This looks good.,0
Does it come in other colors?,0
Connect on LinkedIn (linkedin.com/in/designer123),1
Where do you ship from?,0
Do you have it in stock?,0
This looks good.,0
Do you have it in stock?,0
Do you have it in stock?,0
Hit me up on WhatsApp at 555-453-6136,1
Do you have it in stock?,0
What are the dimensions?,0
Nice product!,0
Can you show more photos?,0
Where do you ship from?,0
This looks good.,0
Does it come in other colors?,0
What are the dimensions?,0
Do you have it in stock?,0
I’m interested in this item.,0
Do you have it in stock?,0
Can you show more photos?,0
I’m interested in this item.,0
Nice product!,0
My Snapchat is eve843,1
This looks good.,0
What’s the price?,0
What are the dimensions?,0
Nice product!,0
This looks good.,0
What are the dimensions?,0
Email me at bob48@example.com,1
This looks good.,0
Ping me on Telegram: @grace310,1
My Snapchat is bob922,1
I’m interested in this item.,0
Nice product!,0
How soon can I get it?,0
Can you share your phone number so I can send you details?,1
Does it come in other colors?,0
Where do you ship from?,0
Do you have it in stock?,0
What are the dimensions?,0
What’s the price?,0
This looks good.,0
What are the dimensions?,0
What’s the price?,0
Do you have it in stock?,0
telegram: t dot me slash fashionista449,1
How soon can I get it?,0
Does it come in other colors?,0
How soon can I get it?,0
I’m interested in this item.,0
I’m interested in this item.,0
Where do you ship from?,0
Can you show more photos?,0
I’m interested in this item.,0
What are the dimensions?,0
My Snapchat is eve167,1
Nice product!,0
This looks good.,0
Can you share your phone number so I can send you details?,1
C a l l   m e :   + 1   1 0 7   2 1 7   1 1 1 8,1
Mail me: heidi86@test.org,1
Nice product!,0
Send me a DM on Facebook: facebook.com/shopper99,1
I’m interested in this item.,0
How soon can I get it?,0
How soon can I get it?,0
Nice product!,0
get in touch @ user9404@example.com,1
This looks good.,0
This looks good.,0
Do you have it in stock?,0
How soon can I get it?,0
Do you have it in stock?,0
What are the dimensions?,0
e m a i l m e @ user9180@example.com,1
What are the dimensions?,0
t e l : +1-234-837-7073,1
Nice product!,0
find me at user6410@example.com 😉,1
Does it come in other colors?,0
This looks good.,0
What’s the price?,0
Let's connect on LinkedIn: https://linkedin.com/in/bob937,1
I’m interested in this item.,0
Nice product!,0
I’m interested in this item.,0
Follow me on Instagram @tech_lead and DM.,1
📧 user3237@example.com,1
h e i d i 6 @ t e s t . o r g,1
What’s the price?,0
I’m interested in this item.,0
How soon can I get it?,0
This looks good.,0
Email me at david99@test.org,1
I’m interested in this item.,0
Message me at user7072@example.com,1
What’s the price?,0
Nice product!,0
Can you show more photos?,0
my digits: +1-252-620-7602,1
Do you have it in stock?,0
Send me a DM on Facebook: facebook.com/best_pizza,1
Do you have it in stock?,0
Text me at (063) 767-9675,1
I’m interested in this item.,0
Can you show more photos?,0
C a l l   m e :   + 1   9 3 2   7 6 3   8 1 7 6,1
What’s the price?,0
This looks good.,0
Where do you ship from?,0
Reach out on WhatsApp at +1-141-852-1448,1
Connect on LinkedIn (linkedin.com/in/fashionista68),1
What’s the price?,0
j u d y 4 1 @ e m a i l . n e t,1
How soon can I get it?,0
Does it come in other colors?,0
Message via email: charlie92@mail.com,1
Where do you ship from?,0
Where do you ship from?,0
Where do you ship from?,0
Does it come in other colors?,0
I’m interested in this item.,0
Do you have it in stock?,0
Nice product!,0
This looks good.,0
Does it come in other colors?,0
Do you have it in stock?,0
Can you show more photos?,0
Does it come in other colors?,0
Does it come in other colors?,0
My TikTok: @grace817,1
What’s the price?,0
Does it come in other colors?,0
fb.com/devguy169,1
Can you show more photos?,0
I’m interested in this item.,0
Where do you ship from?,0
Do you have it in stock?,0
What’s the price?,0
What’s the price?,0
Where do you ship from?,0
I’m interested in this item.,0
Reach me at +1 551 367 0465,1
Let's connect on LinkedIn: linkedin.com/in/shop_owner,1
Where do you ship from?,0
What’s the price?,0
Do you have it in stock?,0
Can you show more photos?,0
Do you have it in stock?,0
Does it come in other colors?,0
Do you have it in stock?,0
How soon can I get it?,0
Here's my email: user2922@example.com,1
Do you have it in stock?,0
What’s the price?,0
How soon can I get it?,0
What are the dimensions?,0
Can you show more photos?,0
How soon can I get it?,0
What are the dimensions?,0
Where do you ship from?,0
I’m interested in this item.,0
Can you show more photos?,0
Does it come in other colors?,0
Nice product!,0
Can you show more photos?,0
Can you show more photos?,0
Nice product!,0
Can you show more photos?,0
Does it come in other colors?,0
Nice product!,0
Do you have it in stock?,0
Text me at +1-801-592-6355,1
Where do you ship from?,0
Does it come in other colors?,0
Does it come in other colors?,0
How soon can I get it?,0
t e l : +1-347-366-1284,1
How soon can I get it?,0
What are the dimensions?,0
Where do you ship from?,0
Can you show more photos?,0
Nice product!,0
What’s the price?,0
Call me at +1 335 835 2915,1
How soon can I get it?,0
Do you have it in stock?,0
Where do you ship from?,0
What’s the price?,0
Does it come in other colors?,0
Here is my email: user3729@example.com,1
Nice product!,0
Connect on LinkedIn (linkedin.com/in/coolguy42),1
c o n t a c t : +1-674-369-5879,1
c   o   n   t   a   c   t   m   e   1 3 9 3 2 6 2 6 0 6,1
e m a i l m e @ user7527@example.com,1
Can you show more photos?,0
Where do you ship from?,0
Nice product!,0
How soon can I get it?,0
Where do you ship from?,0
How soon can I get it?,0
How soon can I get it?,0
Contact: +1-540-678-2187,1
Text me at +1-143-746-1336,1
What are the dimensions?,0
Nice product!,0
What are the dimensions?,0
Does it come in other colors?,0
What’s the price?,0
This looks good.,0
Can you show more photos?,0
Nice product!,0
Text me at 106-103-0431,1
What are the dimensions?,0
Text me at 234-613-0363,1
How soon can I get it?,0
Where do you ship from?,0
Does it come in other colors?,0
Nice product!,0
d a v i d 5 7 @ e x a m p l e . c o m,1
This looks good.,0
Call me at 1866541164,1
Does it come in other colors?,0
What’s the price?,0
Contact me on Skype: charlie743,1
Hit me up on WhatsApp at 555-276-1164,1
Where do you ship from?,0
Connect on LinkedIn (linkedin.com/in/devguy768),1
What are the dimensions?,0
My WeChat ID is john_doe,1
you can DM me at devguy777 on Insta,1
Do you have it in stock?,0
Where do you ship from?,0
Do you have it in stock?,0
I’m interested in this item.,0
Can you show more photos?,0
Does it come in other colors?,0
Nice product!,0
Nice product!,0
reach at t w o o o @example.com,1
Connect on LinkedIn (linkedin.com/in/designer123),1
What’s the price?,0
Nice product!,0
telegram: t dot me slash shopper571,1
Connect on LinkedIn (linkedin.com/in/fashionguru),1
Call me at 885-564-4814,1
I’m interested in this item.,0
Do you have it in stock?,0
Contact me on Skype: bob815,1
Where do you ship from?,0
How soon can I get it?,0
Reach me at (671) 588-4360,1
I’m interested in this item.,0
Nice product!,0
What are the dimensions?,0
Where do you ship from?,0
How soon can I get it?,0
Message me on Snapchat: shop_owner,1
I’m interested in this item.,0
Contact me via Telegram: @shopper99,1
Message me at user7113@example.com,1
How soon can I get it?,0
Where do you ship from?,0
Where do you ship from?,0
This looks good.,0
c   o   n   t   a   c   t   m   e   1 8 1 4 5 2 1 9 9 3,1
I’m interested in this item.,0
What are the dimensions?,0
This looks good.,0
Does it come in other colors?,0
Contact via email: eve1@mail.com,1
DM me on Facebook: facebook.com/shopper896,1
Can you share your phone number so I can send you details?,1
Do you have it in stock?,0
Does it come in other colors?,0
Do you have it in stock?,0
Can you show more photos?,0
Does it come in other colors?,0
get in touch @ user8459@example.com,1
Where do you ship from?,0
Nice product!,0
What are the dimensions?,0
Can you show more photos?,0
Where do you ship from?,0
What are the dimensions?,0
I’m interested in this item.,0
Do you have it in stock?,0
C a l l   m e :   7 1 5 2 0 1 9 3 0 5,1
Where do you ship from?,0
Can you show more photos?,0
Does it come in other colors?,0
Nice product!,0
Can you show more photos?,0
Where do you ship from?,0
What are the dimensions?,0
What’s the price?,0
Can you show more photos?,0
How soon can I get it?,0
Where do you ship from?,0
Where do you ship from?,0
"Email is user1384@example.com, reach out anytime.",1
Can you show more photos?,0
Do you have it in stock?,0
Let's connect on LinkedIn: linkedin.com/in/best_pizza,1
Does it come in other colors?,0
Where do you ship from?,0
This looks good.,0
t e l : +1-289-236-1335,1
What are the dimensions?,0
I’m interested in this item.,0
Can you show more photos?,0
Do you have it in stock?,0
My number is 0240543032,1
Do you have it in stock?,0
I’m interested in this item.,0
Text me at 555-132-7291 for more info.,1
Does it come in other colors?,0
What’s the price?,0
Can you share your phone number so I can send you details?,1
Nice product!,0
C o n t a c t :   ( 1 8 3 )   0 3 8 - 6 5 4 1,1
What are the dimensions?,0
I’m interested in this item.,0
Where do you ship from?,0
Let's connect on LinkedIn: https://linkedin.com/in/frank861,1
What are the dimensions?,0
Nice product!,0
Does it come in other colors?,0
Where do you ship from?,0
You can reach me at 555-118-4382,1
Where do you ship from?,0
What are the dimensions?,0
Can you show more photos?,0
Where do you ship from?,0
Email me at user9753@example.com,1
I’m interested in this item.,0
What’s the price?,0
Can you show more photos?,0
This looks good.,0
Reach me at 1316532721,1
This looks good.,0
How soon can I get it?,0
Can you show more photos?,0
I’m interested in this item.,0
DM me on Facebook: facebook.com/shopper760,1
What’s the price?,0
How soon can I get it?,0
How soon can I get it?,0
What are the dimensions?,0
Where do you ship from?,0
Does it come in other colors?,0
Add me on Facebook (facebook.com/tech_lead),1
Contact: +1-549-760-9678,1
Can you show more photos?,0
What are the dimensions?,0
Does it come in other colors?,0
What’s the price?,0
I’m interested in this item.,0
📱 +1-287-153-3914,1
Text me at +1-430-569-6354,1
Do you have it in stock?,0
Does it come in other colors?,0
Can you show more photos?,0
Can you show more photos?,0
I’m interested in this item.,0
Connect on LinkedIn (linkedin.com/in/devguy546),1
Nice product!,0
Does it come in other colors?,0
Do you have it in stock?,0
What are the dimensions?,0
Does it come in other colors?,0
Nice product!,0
What are the dimensions?,0
Can you show more photos?,0
Message me on Snapchat: designer123,1
Do you have it in stock?,0
I’m interested in this item.,0
Nice product!,0
This looks good.,0
This looks good.,0
Follow me on Instagram @tech_lead and DM.,1
my digits: +1-163-819-7106,1
Does it come in other colors?,0
How soon can I get it?,0
I’m interested in this item.,0
How soon can I get it?,0
This looks good.,0
What’s the price?,0
This looks good.,0
This looks good.,0
Do you have it in stock?,0
Can you show more photos?,0
How soon can I get it?,0
What’s the price?,0
Nice product!,0
Where do you ship from?,0
I’m interested in this item.,0
What’s the price?,0
Do you have it in stock?,0
Call me at +1 407 542 9914,1
Where do you ship from?,0
I’m interested in this item.,0
Where do you ship from?,0
Email me at user1603@example.com,1
What are the dimensions?,0
You can reach me at +1-318-616-3519,1
Can you show more photos?,0
Nice product!,0
Do you have it in stock?,0
What are the dimensions?,0
Hit me up on WhatsApp at +1-256-541-8226,1
Do you have it in stock?,0
What are the dimensions?,0
Reach out on WhatsApp at +1-225-184-2518,1
Does it come in other colors?,0
Do you have it in stock?,0
Where do you ship from?,0
This looks good.,0
Can you show more photos?,0
Does it come in other colors?,0
How soon can I get it?,0
You can reach me at 555-706-8311,1
I’m interested in this item.,0
g r a c e 2 7 @ m a i l . c o m,1
Contact: +1-630-749-6287,1
Please email me at user3281@example.com,1
This looks good.,0
Connect on LinkedIn (linkedin.com/in/best_pizza),1
What’s the price?,0
Can you show more photos?,0
Where do you ship from?,0
Where do you ship from?,0
Do you have it in stock?,0
How soon can I get it?,0
📧 user1572@example.com,1
This looks good.,0
Add me on WhatsApp: 555-699-6392,1
Does it come in other colors?,0
This looks good.,0
Connect on LinkedIn (linkedin.com/in/fashionista909),1
Nice product!,0
Do you have it in stock?,0
I’m interested in this item.,0
You can reach me at 555-402-2257,1
t e l : +1-681-381-9775,1
What’s the price?,0
Does it come in other colors?,0
Does it come in other colors?,0
Do you have it in stock?,0
How soon can I get it?,0
How soon can I get it?,0
What are the dimensions?,0
Find me on Facebook: https://facebook.com/judy837,1
C o n t a c t :   5 3 4 - 5 8 2 - 0 5 6 9,1
Does it come in other colors?,0
Does it come in other colors?,0
Can you show more photos?,0
Can you share your phone number so I can send you details?,1
What’s the price?,0
Nice product!,0
This looks good.,0
Where do you ship from?,0
Where do you ship from?,0
Can you show more photos?,0
Where do you ship from?,0
Nice product!,0
Follow me on Instagram @fashionguru and DM.,1
This looks good.,0
This looks good.,0
Do you have it in stock?,0
My number is 2661625540,1
Can you show more photos?,0
I’m interested in this item.,0
DM me on Instagram @tech_lead,1
This looks good.,0
Contact me via Telegram: @shop_owner,1
Nice product!,0
This looks good.,0
Does it come in other colors?,0
Can you show more photos?,0
Nice product!,0
Ping me on Telegram: @heidi627,1
Does it come in other colors?,0
Where do you ship from?,0
Where do you ship from?,0
Does it come in other colors?,0
Do you have it in stock?,0
What are the dimensions?,0
This looks good.,0
Nice product!,0
Where do you ship from?,0
Nice product!,0
What are the dimensions?,0
Nice product!,0
Where do you ship from?,0
Can you show more photos?,0
telegram: t dot me slash devguy85,1
I’m interested in this item.,0
Does it come in other colors?,0
This looks good.,0
What’s the price?,0
Does it come in other colors?,0
I’m interested in this item.,0
Please email me at user9983@example.com,1
I’m interested in this item.,0
Nice product!,0
Hit me up on WhatsApp at +1-726-454-6647,1
Can you show more photos?,0
What are the dimensions?,0
How soon can I get it?,0
e m a i l m e @ user9764@example.com,1
I’m interested in this item.,0
Where do you ship from?,0
Do you have it in stock?,0
Does it come in other colors?,0
Can you show more photos?,0
What are the dimensions?,0
I’m interested in this item.,0
I’m interested in this item.,0
What are the dimensions?,0
Can you show more photos?,0
I’m interested in this item.,0
Connect on LinkedIn (linkedin.com/in/tech_lead),1
What’s the price?,0
What are the dimensions?,0
Does it come in other colors?,0
This looks good.,0
Can you show more photos?,0
I’m interested in this item.,0
Do you have it in stock?,0
Does it come in other colors?,0
I’m interested in this item.,0
"My contact is 555-947-3250, call me.",1
DM me on Instagram @jane.smith,1
fb.com/shopper604,1
Hit me up on WhatsApp at +1-658-691-1211,1
I’m interested in this item.,0
I’m interested in this item.,0
How soon can I get it?,0
Can you show more photos?,0
Connect on LinkedIn (linkedin.com/in/devguy574),1
DM me on Instagram: @ivan454,1
Nice product!,0
I’m interested in this item.,0
Can you show more photos?,0
Can you show more photos?,0
c   o   n   t   a   c   t   m   e   + 1   8 2 2   9 7 6   4 6 2 8,1
Do you have it in stock?,0
Nice product!,0
Does it come in other colors?,0
What’s the price?,0
Does it come in other colors?,0
Can you show more photos?,0
Nice product!,0
Text me at 1373403479,1
I’m interested in this item.,0
Message me on Signal: 3061949216,1
Mail me: bob61@example.com,1
This looks good.,0
How soon can I get it?,0
Where do you ship from?,0
C a l l   m e :   + 1   1 3 3   5 1 3   7 8 8 5,1
What’s the price?,0
What’s the price?,0
📱 +1-721-434-7879,1
Message via email: ivan7@mail.com,1
What are the dimensions?,0
Please email me at user6786@example.com,1
I’m interested in this item.,0
What are the dimensions?,0
This looks good.,0
Contact me on Skype: david605,1
Do you have it in stock?,0
Nice product!,0
What’s the price?,0
What are the dimensions?,0
Can you show more photos?,0
Please email me at user8049@example.com,1
How soon can I get it?,0
What are the dimensions?,0
I’m interested in this item.,0
C a l l   m e :   ( 9 9 8 )   8 0 8 - 0 1 8 9,1
Can you show more photos?,0
Find me on Facebook: https://facebook.com/heidi629,1
Can you show more photos?,0
How soon can I get it?,0
Can you show more photos?,0
What’s the price?,0
Where do you ship from?,0
This looks good.,0
"My contact is 555-616-2453, call me.",1
How soon can I get it?,0
I’m interested in this item.,0
This looks good.,0
How soon can I get it?,0
How soon can I get it?,0
Does it come in other colors?,0
I’m interested in this item.,0
What are the dimensions?,0
How soon can I get it?,0
C o n t a c t :   2 1 7 5 2 4 7 8 6 3,1
I’m interested in this item.,0
Can you show more photos?,0
How soon can I get it?,0
Text me at 096-524-7997,1
Does it come in other colors?,0
What’s the price?,0
Can you show more photos?,0
c   o   n   t   a   c   t   m   e   + 1   2 5 9   1 0 9   9 7 5 9,1
Add me on Facebook (facebook.com/john_doe),1
Nice product!,0
Can I have your email address?,1
Can you show more photos?,0
Can you share your phone number so I can send you details?,1
Where do you ship from?,0
How soon can I get it?,0
Does it come in other colors?,0
Message via email: alice60@email.net,1
This looks good.,0
"My contact is 555-526-3319, call me.",1
Does it come in other colors?,0
My WeChat ID is shopper99,1
Where do you ship from?,0
Do you have it in stock?,0
Where do you ship from?,0
Can you show more photos?,0
What are the dimensions?,0
Reach me at (566) 005-2939,1
Nice product!,0
What’s the price?,0
This looks good.,0
What are the dimensions?,0
What’s the price?,0
Do you have it in stock?,0
Do you have it in stock?,0
Please email me at user2986@example.com,1
Contact me on Skype: bob909,1
Connect on LinkedIn (linkedin.com/in/coolcat887),1
Where do you ship from?,0
What’s the price?,0
Do you have it in stock?,0
What are the dimensions?,0
Where do you ship from?,0
What’s the price?,0
I’m interested in this item.,0
Connect on LinkedIn (linkedin.com/in/fashionista204),1
What’s the price?,0
What are the dimensions?,0
Do you have it in stock?,0
What’s the price?,0
How soon can I get it?,0
Can you show more photos?,0
I’m interested in this item.,0
Does it come in other colors?,0
c o n t a c t : +1-128-337-6989,1
What are the dimensions?,0
Does it come in other colors?,0
What are the dimensions?,0
Let's connect on LinkedIn: linkedin.com/in/fashioneer,1
Nice product!,0
Do you have it in stock?,0
What are the dimensions?,0
Do you have it in stock?,0
Nice product!,0
Where do you ship from?,0
How soon can I get it?,0
find me at user9047@example.com 😉,1
Where do you ship from?,0
This looks good.,0
What’s the price?,0
How soon can I get it?,0
Here's my email: user6371@example.com,1
How soon can I get it?,0
reach at t w o o o @example.com,1
Nice product!,0
What are the dimensions?,0
How soon can I get it?,0
DM me on Instagram @fashionguru,1
Where do you ship from?,0
Can you show more photos?,0
Can you show more photos?,0
Does it come in other colors?,0
Nice product!,0
What are the dimensions?,0
Does it come in other colors?,0
Can you show more photos?,0
Do you have it in stock?,0
Nice product!,0
Does it come in other colors?,0
Does it come in other colors?,0
Can you show more photos?,0
What’s the price?,0
Do you have it in stock?,0
How soon can I get it?,0
Nice product!,0
What’s the price?,0
snap me at s-n-a-p fashionista760,1
Do you have it in stock?,0
I’m interested in this item.,0
This looks good.,0
What’s the price?,0
Where do you ship from?,0
How soon can I get it?,0
How soon can I get it?,0
Do you have it in stock?,0
What’s the price?,0
Does it come in other colors?,0
What are the dimensions?,0
I’m interested in this item.,0
What’s the price?,0
How soon can I get it?,0
Where do you ship from?,0
Does it come in other colors?,0
c   o   n   t   a   c   t   m   e   + 1   4 8 4   8 8 8   0 0 0 4,1
What’s the price?,0
Do you have it in stock?,0
How soon can I get it?,0
This looks good.,0
Do you have it in stock?,0
Message me on Snapchat: best_pizza,1
What are the dimensions?,0
What’s the price?,0
Nice product!,0
Where do you ship from?,0
Contact me on Skype: frank83,1
Where do you ship from?,0
Does it come in other colors?,0
Does it come in other colors?,0
How soon can I get it?,0
Where do you ship from?,0
What’s the price?,0
find me at user4782@example.com 😉,1
Follow me on Instagram @best_pizza and DM.,1
What are the dimensions?,0
Connect on LinkedIn (linkedin.com/in/best_pizza),1
Can you show more photos?,0
My number is 2038711242,1
What’s the price?,0
Please email me at user8988@example.com,1
What are the dimensions?,0
Can you show more photos?,0
This looks good.,0
This looks good.,0
I’m interested in this item.,0
What’s the price?,0
How soon can I get it?,0
Does it come in other colors?,0
get in touch @ user7049@example.com,1
Mail me: david34@mail.com,1
Can you show more photos?,0
This looks good.,0
What’s the price?,0
What’s the price?,0
Where do you ship from?,0
What are the dimensions?,0
Connect on LinkedIn (linkedin.com/in/fashionista901),1
message me via g m a i l at user7656@example.com,1
Where do you ship from?,0
Text me at (722) 767-7189,1
Add me on Facebook (facebook.com/best_pizza),1
I’m interested in this item.,0
Where do you ship from?,0
"My contact is 555-672-4768, call me.",1
What are the dimensions?,0
Nice product!,0
How soon can I get it?,0
I’m interested in this item.,0
What’s the price?,0
I’m interested in this item.,0
What are the dimensions?,0
What’s the price?,0
What’s the price?,0
Where do you ship from?,0
my email id is user255@example.com,1
telegram: t dot me slash fashionista359,1
Nice product!,0
What’s the price?,0
Follow me on Instagram @fashioneer and DM.,1
wanna chat? +1-711-597-7137,1
I’m interested in this item.,0
What’s the price?,0
Do you have it in stock?,0
What’s the price?,0
Nice product!,0
Do you have it in stock?,0
I’m interested in this item.,0
WhatsApp me at +1-555-916-4528,1
Contact me via Telegram: @fashionguru,1
This looks good.,0
Where do you ship from?,0
I’m interested in this item.,0
Do you have it in stock?,0
What’s the price?,0
Can you show more photos?,0
How soon can I get it?,0
Contact via email: judy75@test.org,1
Does it come in other colors?,0
Nice product!,0
Nice product!,0
How soon can I get it?,0
Where do you ship from?,0
Do you have it in stock?,0
This looks good.,0
What are the dimensions?,0
Nice product!,0
Can you show more photos?,0
Where do you ship from?,0
This looks good.,0
Can you show more photos?,0
Contact via email: grace99@example.com,1
Where do you ship from?,0
Where do you ship from?,0
What are the dimensions?,0
What are the dimensions?,0
How soon can I get it?,0
What’s the price?,0
Nice product!,0
Can you show more photos?,0
Reach out on WhatsApp at +1-594-620-4740,1
This looks good.,0
Does it come in other colors?,0
I’m interested in this item.,0
What’s the price?,0
c o n t a c t : +1-186-257-8768,1
This looks good.,0
Do you have it in stock?,0
I’m interested in this item.,0
Nice product!,0
Do you have it in stock?,0
Where do you ship from?,0
How soon can I get it?,0
Message me on Snapchat: jane.smith,1
How soon can I get it?,0
my digits: +1-550-439-2034,1
What are the dimensions?,0
How soon can I get it?,0
Does it come in other colors?,0
How soon can I get it?,0
Nice product!,0
Where do you ship from?,0
How soon can I get it?,0
How soon can I get it?,0
I’m interested in this item.,0
my email id is user5824@example.com,1
Does it come in other colors?,0
This looks good.,0
Where do you ship from?,0
What are the dimensions?,0
Contact: +1-343-396-9608,1
Do you have it in stock?,0
Do you have it in stock?,0
What’s the price?,0
I’m interested in this item.,0
What’s the price?,0
Can you show more photos?,0
This looks good.,0
Do you have it in stock?,0
What’s the price?,0
This looks good.,0
Where do you ship from?,0
What are the dimensions?,0
Call me at (184) 235-6087,1
Do you have it in stock?,0
Can I have your email address?,1
I’m interested in this item.,0
How soon can I get it?,0
Does it come in other colors?,0
Follow me on Twitter: @judy697,1
Follow me on Instagram @jane.smith and DM.,1
Where do you ship from?,0
Can you show more photos?,0
How soon can I get it?,0
Snapchat me @ shopper558,1
Nice product!,0
Does it come in other colors?,0
Does it come in other colors?,0
"My contact is 555-988-6188, call me.",1
Can you show more photos?,0
Where do you ship from?,0
Contact me on Skype: frank750,1
How soon can I get it?,0
I’m interested in this item.,0
How soon can I get it?,0
What are the dimensions?,0
Can you share your phone number so I can send you details?,1
Message me on Signal: +1 363 041 8903,1
Does it come in other colors?,0
Does it come in other colors?,0
wanna chat? +1-650-205-4364,1
Can you show more photos?,0
How soon can I get it?,0
my email id is user7587@example.com,1
I’m interested in this item.,0
"Email is user3365@example.com, reach out anytime.",1
How soon can I get it?,0
Can you show more photos?,0
I’m interested in this item.,0
This looks good.,0
Follow me on Twitter: @frank196,1
Can you show more photos?,0
How soon can I get it?,0
Nice product!,0
What’s the price?,0
What are the dimensions?,0
Nice product!,0
This looks good.,0
Nice product!,0
Add me on Facebook (facebook.com/tech_lead),1
hmu @ shopper711,1
Can you show more photos?,0
Nice product!,0
Nice product!,0
Where do you ship from?,0
Do you have it in stock?,0
This looks good.,0
Can you show more photos?,0
Text me at +1-756-281-7727,1
What’s the price?,0
Where do you ship from?,0
Let's connect on LinkedIn: https://linkedin.com/in/charlie274,1
Does it come in other colors?,0
How soon can I get it?,0
h e i d i 2 5 @ t e s t . o r g,1
Can you show more photos?,0
This looks good.,0
Ping me on Telegram: @bob494,1
What are the dimensions?,0
Does it come in other colors?,0
Where do you ship from?,0
Do you have it in stock?,0
Contact: +1-490-145-1744,1
Where do you ship from?,0
What are the dimensions?,0
Can you show more photos?,0
Where do you ship from?,0
Where do you ship from?,0
Can you show more photos?,0
Message me on Snapchat: fashionguru,1
Where do you ship from?,0
Hit me up on WhatsApp at 555-774-9725,1
Contact me via Telegram: @tech_lead,1
e m a i l m e @ user6015@example.com,1
Where do you ship from?,0
You can reach me at 555-733-4882,1
Does it come in other colors?,0
Nice product!,0
Does it come in other colors?,0
Text me at +1-436-428-3067,1
How soon can I get it?,0
Does it come in other colors?,0
This looks good.,0
I’m interested in this item.,0
Where do you ship from?,0
What’s the price?,0
I’m interested in this item.,0
Contact me on Skype: bob477,1
Nice product!,0
Nice product!,0
How soon can I get it?,0
Do you have it in stock?,0
How soon can I get it?,0
I’m interested in this item.,0
Does it come in other colors?,0
telegram: t dot me slash devguy529,1
What’s the price?,0
My WeChat ID is designer123,1
What are the dimensions?,0
How soon can I get it?,0
Reach me at 3071765486,1
Do you have it in stock?,0
Where do you ship from?,0
g r a c e 6 1 @ e x a m p l e . c o m,1
Can you show more photos?,0
DM me on Instagram @jane.smith,1
My WeChat ID is shopper99,1
This looks good.,0
Contact me on Skype: david584,1
What are the dimensions?,0
Where do you ship from?,0
This looks good.,0
I’m interested in this item.,0
How soon can I get it?,0
How soon can I get it?,0
My number is 0044449542,1
Can you show more photos?,0
Can you show more photos?,0
Do you have it in stock?,0
Does it come in other colors?,0
Where do you ship from?,0
Does it come in other colors?,0
Do you have it in stock?,0
My WeChat ID is best_pizza,1
What are the dimensions?,0
How soon can I get it?,0
What’s the price?,0
How soon can I get it?,0
What are the dimensions?,0
C a l l   m e :   ( 7 9 0 )   7 9 7 - 1 4 6 4,1
Do you have it in stock?,0
I’m interested in this item.,0
Nice product!,0
Nice product!,0
e m a i l m e @ user7114@example.com,1
Where do you ship from?,0
Where do you ship from?,0
Does it come in other colors?,0
Where do you ship from?,0
Nice product!,0
What are the dimensions?,0
Do you have it in stock?,0
Nice product!,0
What are the dimensions?,0
I’m interested in this item.,0
Do you have it in stock?,0
Do you have it in stock?,0
How soon can I get it?,0
Add me on WhatsApp: 555-898-2404,1
What’s the price?,0
C a l l   m e :   ( 0 8 6 )   3 5 1 - 2 1 4 5,1
Do you have it in stock?,0
Reach me at 473-968-0243,1
What’s the price?,0
Add me on WhatsApp: 555-448-3569,1
Can you show more photos?,0
What’s the price?,0
I’m interested in this item.,0
📱 +1-661-847-3633,1
What are the dimensions?,0
What’s the price?,0
What’s the price?,0
Contact me via Telegram: @fashioneer,1
Can you show more photos?,0
This looks good.,0
WhatsApp me at +1-555-944-6006,1
This looks good.,0
C a l l   m e :   5 2 9 7 8 7 4 6 6 5,1
This looks good.,0
Does it come in other colors?,0
Where do you ship from?,0
Contact via email: judy48@email.net,1
Where do you ship from?,0
Do you have it in stock?,0
My WeChat ID is best_pizza,1
Ping me on Telegram: @charlie463,1
Does it come in other colors?,0
How soon can I get it?,0
This looks good.,0
Nice product!,0
What’s the price?,0
My Snapchat is grace913,1
Does it come in other colors?,0
Nice product!,0
Where do you ship from?,0
Does it come in other colors?,0
What are the dimensions?,0
Can you show more photos?,0
This looks good.,0
Where do you ship from?,0
I’m interested in this item.,0
What are the dimensions?,0
Messenger me at +1 386 487 0206,1
DM me on Instagram @best_pizza,1
Does it come in other colors?,0
What’s the price?,0
Ping me on Telegram: @charlie605,1
How soon can I get it?,0
h e i d i 8 @ e m a i l . n e t,1
How soon can I get it?,0
What are the dimensions?,0
What’s the price?,0
Where do you ship from?,0
Nice product!,0
What are the dimensions?,0
What’s the price?,0
Contact: +1-761-182-3740,1
This looks good.,0
Where do you ship from?,0
Does it come in other colors?,0
What are the dimensions?,0
What’s the price?,0
Can I have your email address?,1
Where do you ship from?,0
I’m interested in this item.,0
What’s the price?,0
Do you have it in stock?,0
Ping me on Telegram: @eve190,1
You can reach me at 555-122-1591,1
Do you have it in stock?,0
What’s the price?,0
Where do you ship from?,0
How soon can I get it?,0
Where do you ship from?,0
Can you show more photos?,0
Does it come in other colors?,0
Where do you ship from?,0
Do you have it in stock?,0
My Snapchat is heidi259,1
How soon can I get it?,0
Where do you ship from?,0
What are the dimensions?,0
Where do you ship from?,0
Do you have it in stock?,0
What are the dimensions?,0
Can you show more photos?,0
This looks good.,0
Connect on LinkedIn (linkedin.com/in/fashionguru),1
How soon can I get it?,0
Does it come in other colors?,0
Text me at +1-215-980-5539,1
You can reach me at 555-209-3892,1
This looks good.,0
Nice product!,0
How soon can I get it?,0
What’s the price?,0
I’m interested in this item.,0
Do you have it in stock?,0
I’m interested in this item.,0
This looks good.,0
I’m interested in this item.,0
Nice product!,0
I’m interested in this item.,0
How soon can I get it?,0
I’m interested in this item.,0
What’s the price?,0
"My contact is 555-660-7874, call me.",1
I’m interested in this item.,0
Does it come in other colors?,0
Ping me on Telegram: @ivan832,1
How soon can I get it?,0
What are the dimensions?,0
This looks good.,0
Can you show more photos?,0
Nice product!,0
What’s the price?,0
Does it come in other colors?,0
Where do you ship from?,0
Where do you ship from?,0
I’m interested in this item.,0
Add me on Facebook (facebook.com/shopper99),1
How soon can I get it?,0
DM me on Facebook: facebook.com/coolcat579,1
What are the dimensions?,0
Email me at user343@example.com,1
Nice product!,0
Where do you ship from?,0
Let's connect on LinkedIn: https://linkedin.com/in/eve53,1
Do you have it in stock?,0
This looks good.,0
What’s the price?,0
Text me at +1-640-568-7614,1
This looks good.,0
What’s the price?,0
Does it come in other colors?,0
This looks good.,0
Can you show more photos?,0
Mail me: grace7@example.com,1
Do you have it in stock?,0
This looks good.,0
What’s the price?,0
WhatsApp me at +1-555-160-6575,1
Do you have it in stock?,0
What’s the price?,0
What’s the price?,0
Nice product!,0
What are the dimensions?,0
find me at user7938@example.com 😉,1
How soon can I get it?,0
I’m interested in this item.,0
Does it come in other colors?,0
How soon can I get it?,0
Can you show more photos?,0
my email id is user7609@example.com,1
This looks good.,0
You can reach me at +1-831-240-2389,1
What’s the price?,0
Can you show more photos?,0
Text me at 555-128-6599 for more info.,1
Do you have it in stock?,0
This looks good.,0
DM me on Instagram @coolguy42,1
How soon can I get it?,0
Do you have it in stock?,0
Send me a DM on Facebook: facebook.com/jane.smith,1
Does it come in other colors?,0
wanna chat? +1-846-406-5456,1
What’s the price?,0
This looks good.,0
Do you have it in stock?,0
How soon can I get it?,0
Mail me: heidi96@example.com,1
What are the dimensions?,0
Please email me at user7954@example.com,1
Message me on Snapchat: fashionguru,1
What are the dimensions?,0
Nice product!,0
What’s the price?,0
What’s the price?,0
Does it come in other colors?,0
What are the dimensions?,0
This looks good.,0
How soon can I get it?,0
How soon can I get it?,0
Message me on Snapchat: fashionguru,1
What’s the price?,0
Does it come in other colors?,0
Do you have it in stock?,0
I’m interested in this item.,0
Nice product!,0
What’s the price?,0
Ping me on Telegram: @charlie782,1
What are the dimensions?,0
Add me on Facebook (facebook.com/tech_lead),1
Text me at +1-902-702-3615,1
Message via email: frank67@email.net,1
Where do you ship from?,0
I’m interested in this item.,0
Can you show more photos?,0
This looks good.,0
What are the dimensions?,0
How soon can I get it?,0
Can you show more photos?,0
Does it come in other colors?,0
"Email is user9290@example.com, reach out anytime.",1
What’s the price?,0
Ping me on Telegram: @alice328,1
This looks good.,0
Nice product!,0
Where do you ship from?,0
hmu @ coolcat21,1
This looks good.,0
Do you have it in stock?,0
Where do you ship from?,0
What’s the price?,0
Where do you ship from?,0
What’s the price?,0
What are the dimensions?,0
This looks good.,0
Nice product!,0
I’m interested in this item.,0
What are the dimensions?,0
Do you have it in stock?,0
This looks good.,0
I’m interested in this item.,0
I’m interested in this item.,0
Nice product!,0
Can you show more photos?,0
How soon can I get it?,0
Can you show more photos?,0
How soon can I get it?,0
What’s the price?,0
Where do you ship from?,0
This looks good.,0
What’s the price?,0
What are the dimensions?,0
Does it come in other colors?,0
What are the dimensions?,0
This looks good.,0
C o n t a c t :   9 3 7 - 8 5 5 - 7 9 3 3,1
Call me at +1 024 609 3813,1
Can you show more photos?,0
Does it come in other colors?,0
How soon can I get it?,0
What’s the price?,0
This looks good.,0
What’s the price?,0
Can you show more photos?,0
Where do you ship from?,0
What’s the price?,0
This looks good.,0
Reach me at 328-429-8963,1
Can you show more photos?,0
Does it come in other colors?,0
This looks good.,0
I’m interested in this item.,0
What’s the price?,0
Can you show more photos?,0
message me via g m a i l at user371@example.com,1
"Email is user4927@example.com, reach out anytime.",1
This looks good.,0
How soon can I get it?,0
What’s the price?,0
My number is (084) 336-5973,1
What are the dimensions?,0
I’m interested in this item.,0
Does it come in other colors?,0
What’s the price?,0
I’m interested in this item.,0
What’s the price?,0
I’m interested in this item.,0
Connect on LinkedIn (linkedin.com/in/shopper99),1
Nice product!,0
I’m interested in this item.,0
Can you show more photos?,0
What’s the price?,0
What’s the price?,0
telegram: t dot me slash fashionista594,1
Can you show more photos?,0
I’m interested in this item.,0
Add me on Facebook (facebook.com/best_pizza),1
This looks good.,0
What’s the price?,0
Where do you ship from?,0
Can you show more photos?,0
Email me at user683@example.com,1
I’m interested in this item.,0
Does it come in other colors?,0
What’s the price?,0
Can you show more photos?,0
DM me on Instagram @jane.smith,1
Text me at +1-513-914-6951,1
What are the dimensions?,0
Do you have it in stock?,0
What are the dimensions?,0
telegram: t dot me slash coolcat261,1
Nice product!,0
What are the dimensions?,0
c   o   n   t   a   c   t   m   e   ( 8 4 0 )   3 4 8 - 7 7 8 4,1
Contact me via Telegram: @shopper99,1
C o n t a c t :   ( 5 3 2 )   1 5 7 - 8 3 6 6,1
This looks good.,0
Does it come in other colors?,0
DM me on Facebook: facebook.com/fashionista682,1
Where do you ship from?,0
What are the dimensions?,0
This looks good.,0
Nice product!,0
WhatsApp me at +1-555-666-4744,1
Here's my email: user4311@example.com,1
Facebook me at (042) 061-0577,1
Can you show more photos?,0
my digits: +1-430-365-6087,1
Does it come in other colors?,0
Message me on Signal: 173-381-7594,1
Does it come in other colors?,0
wanna chat? +1-618-827-6661,1
You can reach me at 555-734-3027,1
Follow me on Instagram @best_pizza and DM.,1
Does it come in other colors?,0
📧 user8438@example.com,1
Where do you ship from?,0
Add me on WhatsApp: (884) 930-4575,1
Nice product!,0
How soon can I get it?,0
WhatsApp me at +1-555-634-8351,1
Do you have it in stock?,0
Text me at +1 206 502 0229,1
Hit me up on WhatsApp at 555-540-3876,1
What are the dimensions?,0
t e l : +1-648-649-3721,1
This looks good.,0
Do you have it in stock?,0
Nice product!,0
C o n t a c t :   2 3 5 - 2 0 2 - 0 3 3 8,1
Does it come in other colors?,0
Can you show more photos?,0
Nice product!,0
You can reach me at 555-393-4296,1
Can you show more photos?,0
This looks good.,0
Nice product!,0
How soon can I get it?,0
How soon can I get it?,0
How soon can I get it?,0
Text me at 555-603-9149 for more info.,1
Nice product!,0
Add me on Facebook (facebook.com/fashionguru),1
Can you show more photos?,0
What’s the price?,0
Email me at ivan32@email.net,1
Send me a DM on Facebook: facebook.com/jane.smith,1
Where do you ship from?,0
I’m interested in this item.,0
Do you have it in stock?,0
Can you show more photos?,0
You can reach me at 555-398-6950,1
What’s the price?,0
Does it come in other colors?,0
What are the dimensions?,0
You can reach me at 555-130-5171,1
This looks good.,0
Nice product!,0
Message me at user4141@example.com,1
Ping me on Telegram: @heidi675,1
What’s the price?,0
Nice product!,0
What are the dimensions?,0
How soon can I get it?,0
Do you have it in stock?,0
Does it come in other colors?,0
Does it come in other colors?,0
What’s the price?,0
Where do you ship from?,0
Does it come in other colors?,0
I’m interested in this item.,0
Can you show more photos?,0
Nice product!,0
Does it come in other colors?,0
Can you show more photos?,0
Where do you ship from?,0
Can you show more photos?,0
This looks good.,0
Do you have it in stock?,0
I’m interested in this item.,0
Does it come in other colors?,0
How soon can I get it?,0
My TikTok: @david900,1
Nice product!,0
Nice product!,0
How soon can I get it?,0
get in touch @ user2116@example.com,1
Nice product!,0
This looks good.,0
What’s the price?,0
What’s the price?,0
What’s the price?,0
Does it come in other colors?,0
I’m interested in this item.,0
What are the dimensions?,0
Can you show more photos?,0
Nice product!,0
📱 +1-991-294-3157,1
Text me at +1-722-758-8220,1
I’m interested in this item.,0
What’s the price?,0
What are the dimensions?,0
This looks good.,0
What’s the price?,0
How soon can I get it?,0
What are the dimensions?,0
How soon can I get it?,0
Can you show more photos?,0
What’s the price?,0
Where do you ship from?,0
Reach out on WhatsApp at +1-994-825-9870,1
Hit me up on WhatsApp at +1-137-106-7894,1
Nice product!,0
You can reach me at 555-257-6007,1
What are the dimensions?,0
Contact me via Telegram: @shop_owner,1
How soon can I get it?,0
Where do you ship from?,0
What are the dimensions?,0
DM me on Instagram @shopper99,1
I’m interested in this item.,0
I’m interested in this item.,0
Do you have it in stock?,0
Can you show more photos?,0
How soon can I get it?,0
This looks good.,0
Where do you ship from?,0
C a l l   m e :   7 1 2 - 5 8 2 - 8 7 7 9,1
Where do you ship from?,0
Do you have it in stock?,0
Can you show more photos?,0
What’s the price?,0
Does it come in other colors?,0
Nice product!,0
Does it come in other colors?,0
What’s the price?,0
hmu @ shopper901,1
What are the dimensions?,0
Does it come in other colors?,0
What are the dimensions?,0
Do you have it in stock?,0
My number is (414) 221-3972,1
Contact me on Skype: bob774,1
Do you have it in stock?,0
What’s the price?,0
Does it come in other colors?,0
I’m interested in this item.,0
Does it come in other colors?,0
Nice product!,0
Does it come in other colors?,0
How soon can I get it?,0
What are the dimensions?,0
What’s the price?,0
Reach me at (862) 654-2930,1
I’m interested in this item.,0
Email me at user8342@example.com,1
Where do you ship from?,0
Where do you ship from?,0
My TikTok: @david634,1
Call me at (800) 475-6921,1
I’m interested in this item.,0
Does it come in other colors?,0
Nice product!,0
This looks good.,0
Nice product!,0
Does it come in other colors?,0
Here is my email: user3126@example.com,1
Add me on WhatsApp: +1 465 186 0499,1
Here is my email: user3613@example.com,1
my email id is user3395@example.com,1
This looks good.,0
Where do you ship from?,0
Does it come in other colors?,0
Contact via email: bob56@email.net,1
This looks good.,0
Nice product!,0
Nice product!,0
Can you show more photos?,0
Text me at 555-227-8621 for more info.,1
Does it come in other colors?,0
Do you have it in stock?,0
Nice product!,0
Find me on Facebook: https://facebook.com/heidi135,1
Nice product!,0
I’m interested in this item.,0
Can you show more photos?,0
How soon can I get it?,0
What are the dimensions?,0
Do you have it in stock?,0
Do you have it in stock?,0
How soon can I get it?,0
My WeChat ID is designer123,1
What are the dimensions?,0
This looks good.,0
I’m interested in this item.,0
Do you have it in stock?,0
Contact me via Telegram: @shop_owner,1
What’s the price?,0
Can you show more photos?,0
telegram: t dot me slash devguy151,1
This looks good.,0
Hit me up on WhatsApp at +1-202-139-1939,1
Do you have it in stock?,0
C o n t a c t :   + 1   0 0 8   8 8 3   7 5 5 0,1
Can you show more photos?,0
Does it come in other colors?,0
This looks good.,0
Can you show more photos?,0
DM me on Instagram: @david802,1
Let's connect on LinkedIn: linkedin.com/in/fashioneer,1
Here is my email: user5736@example.com,1
I’m interested in this item.,0
Can you show more photos?,0
Do you have it in stock?,0
How soon can I get it?,0
What’s the price?,0
Can you show more photos?,0
Nice product!,0
Does it come in other colors?,0
Nice product!,0
C o n t a c t :   + 1   4 0 9   9 4 0   7 4 2 5,1
Nice product!,0
Do you have it in stock?,0
I’m interested in this item.,0
I’m interested in this item.,0
This looks good.,0
Text me at 555-863-8117 for more info.,1
This looks good.,0
you can DM me at shopper147 on Insta,1
Nice product!,0
Contact via email: eve84@test.org,1
wanna chat? +1-681-647-3313,1
I’m interested in this item.,0
Contact me via Telegram: @jane.smith,1
What’s the price?,0
This looks good.,0
Does it come in other colors?,0
What’s the price?,0
What’s the price?,0
Nice product!,0
Where do you ship from?,0
What’s the price?,0
Do you have it in stock?,0
What’s the price?,0
Nice product!,0
Text me at 555-306-6362 for more info.,1
What are the dimensions?,0
Where do you ship from?,0
My number is (059) 092-6005,1
"My contact is 555-729-9901, call me.",1
Where do you ship from?,0
t e l : +1-227-888-9687,1
Can you show more photos?,0
What’s the price?,0
Does it come in other colors?,0
How soon can I get it?,0
Do you have it in stock?,0
Nice product!,0
What are the dimensions?,0
What are the dimensions?,0
Does it come in other colors?,0
What are the dimensions?,0
What are the dimensions?,0
Follow me on Twitter: @ivan758,1
Can you show more photos?,0
What are the dimensions?,0
Nice product!,0
This looks good.,0
Hit me up on WhatsApp at +1-514-680-8269,1
What’s the price?,0
What’s the price?,0
Where do you ship from?,0
Can you show more photos?,0
DM me on Instagram @jane.smith,1
Where do you ship from?,0
Does it come in other colors?,0
Does it come in other colors?,0
How soon can I get it?,0
Where do you ship from?,0
Does it come in other colors?,0
This looks good.,0
Connect on LinkedIn (linkedin.com/in/designer123),1
My Snapchat is grace502,1
What are the dimensions?,0
Can you show more photos?,0
"Email is user6012@example.com, reach out anytime.",1
Nice product!,0
Where do you ship from?,0
How soon can I get it?,0
Nice product!,0
Text me at +1-981-282-3363,1
How soon can I get it?,0
I’m interested in this item.,0
Do you have it in stock?,0
How soon can I get it?,0
What’s the price?,0
C a l l   m e :   ( 7 2 1 )   0 8 7 - 8 5 5 7,1
Can you show more photos?,0
Can you show more photos?,0
How soon can I get it?,0
Please email me at user1502@example.com,1
What are the dimensions?,0
Can you show more photos?,0
Does it come in other colors?,0
Contact me on Skype: judy379,1
Where do you ship from?,0
This looks good.,0
Nice product!,0
Does it come in other colors?,0
DM me on Instagram: @grace442,1
What are the dimensions?,0
Can you show more photos?,0
This looks good.,0
Where do you ship from?,0
What are the dimensions?,0
How soon can I get it?,0
Does it come in other colors?,0
Text me at +1 962 680 2941,1
What are the dimensions?,0
This looks good.,0
Contact: +1-476-471-3069,1
This looks good.,0
Where do you ship from?,0
My Snapchat is alice285,1
Message me on Snapchat: jane.smith,1
hmu @ devguy795,1
What are the dimensions?,0
Does it come in other colors?,0
How soon can I get it?,0
Nice product!,0
Contact via email: eve33@email.net,1
This looks good.,0
Where do you ship from?,0
Do you have it in stock?,0
How soon can I get it?,0
t e l : +1-167-887-2193,1
What are the dimensions?,0
What are the dimensions?,0
wanna chat? +1-227-467-3159,1
What are the dimensions?,0
WhatsApp me at +1-555-338-9652,1
I’m interested in this item.,0
Where do you ship from?,0
Add me on WhatsApp: (903) 919-5204,1
Nice product!,0
my digits: +1-438-367-5285,1
This looks good.,0
You can reach me at 555-410-2128,1
Where do you ship from?,0
What are the dimensions?,0
How soon can I get it?,0
Can you share your phone number so I can send you details?,1
Where do you ship from?,0
Does it come in other colors?,0
What’s the price?,0
Nice product!,0
I’m interested in this item.,0
Does it come in other colors?,0
Contact me on Skype: bob638,1
Message me on Signal: 9362722751,1
you can DM me at coolcat64 on Insta,1
c o n t a c t : +1-150-666-9067,1
Does it come in other colors?,0
I’m interested in this item.,0
Nice product!,0
Does it come in other colors?,0
How soon can I get it?,0
Where do you ship from?,0
Nice product!,0
Let's connect on LinkedIn: linkedin.com/in/coolguy42,1
Where do you ship from?,0
Follow me on Twitter: @judy624,1
How soon can I get it?,0
DM me on Instagram: @heidi687,1
Nice product!,0
📱 +1-776-986-1719,1
This looks good.,0
This looks good.,0
message me via g m a i l at user1513@example.com,1
Follow me on Twitter: @charlie761,1
Nice product!,0
📧 user4842@example.com,1
What are the dimensions?,0
This looks good.,0
My WeChat ID is tech_lead,1
Do you have it in stock?,0
What are the dimensions?,0
Where do you ship from?,0
What are the dimensions?,0
What are the dimensions?,0
Does it come in other colors?,0
What’s the price?,0
Can you show more photos?,0
Where do you ship from?,0
Reach me at (834) 098-6120,1
How soon can I get it?,0
Can you show more photos?,0
I’m interested in this item.,0
Can you show more photos?,0
my email id is user8066@example.com,1
What’s the price?,0
Can I have your email address?,1
Do you have it in stock?,0
WhatsApp me at +1-555-540-6924,1
Where do you ship from?,0
What’s the price?,0
Nice product!,0
Where do you ship from?,0
Where do you ship from?,0
This looks good.,0
Do you have it in stock?,0
What are the dimensions?,0
Email me at ivan28@test.org,1
What’s the price?,0
Mail me: grace29@mail.com,1
Can you show more photos?,0
Nice product!,0
Text me at 555-715-8150 for more info.,1
What’s the price?,0
This looks good.,0
Do you have it in stock?,0
Nice product!,0
What’s the price?,0
Mail me: grace5@test.org,1
How soon can I get it?,0
This looks good.,0
I’m interested in this item.,0
Here is my email: user3271@example.com,1
I’m interested in this item.,0
What’s the price?,0
Nice product!,0
Can you show more photos?,0
What’s the price?,0
Can you show more photos?,0
Where do you ship from?,0
Hit me up on WhatsApp at 555-959-5394,1
Does it come in other colors?,0
I’m interested in this item.,0
Does it come in other colors?,0
Can you show more photos?,0
What are the dimensions?,0
You can reach me at +1-398-419-8091,1
Where do you ship from?,0
What’s the price?,0
Does it come in other colors?,0
Do you have it in stock?,0
Do you have it in stock?,0
wanna chat? +1-317-690-6132,1
Can you share your phone number so I can send you details?,1
Nice product!,0
Nice product!,0
What are the dimensions?,0
Does it come in other colors?,0
I’m interested in this item.,0
Nice product!,0
I’m interested in this item.,0
I’m interested in this item.,0
How soon can I get it?,0
Nice product!,0
How soon can I get it?,0
Can you show more photos?,0
What are the dimensions?,0
hmu @ devguy340,1
I’m interested in this item.,0
t e l : +1-829-389-7904,1
Can you show more photos?,0
How soon can I get it?,0
Can you share your phone number so I can send you details?,1
snap me at s-n-a-p coolcat477,1
My TikTok: @frank717,1
Can you show more photos?,0
What’s the price?,0
You can reach me at 555-897-7156,1
Hit me up on WhatsApp at 555-182-6806,1
Where do you ship from?,0
Do you have it in stock?,0
What’s the price?,0
Email me at user2368@example.com,1
This looks good.,0
This looks good.,0
Where do you ship from?,0
Do you have it in stock?,0
How soon can I get it?,0
Where do you ship from?,0
Reach out on WhatsApp at +1-689-888-9737,1
This looks good.,0
How soon can I get it?,0
Can you show more photos?,0
Contact me via Telegram: @coolguy42,1
What’s the price?,0
Can you show more photos?,0
Do you have it in stock?,0
Do you have it in stock?,0
Where do you ship from?,0
Can I have your email address?,1
Nice product!,0
This looks good.,0
Can you show more photos?,0
How soon can I get it?,0
Nice product!,0
Do you have it in stock?,0
Ping me on Telegram: @david287,1
What are the dimensions?,0
This looks good.,0
How soon can I get it?,0
Nice product!,0
What’s the price?,0
I’m interested in this item.,0
Where do you ship from?,0
How soon can I get it?,0
What are the dimensions?,0
What are the dimensions?,0
This looks good.,0
DM me on Facebook: facebook.com/shopper836,1
Where do you ship from?,0
Contact me via Telegram: @coolguy42,1
DM me on Instagram @jane.smith,1
Follow me on Twitter: @eve803,1
Can you show more photos?,0
Mail me: judy58@mail.com,1
Does it come in other colors?,0
I’m interested in this item.,0
This looks good.,0
What’s the price?,0
Where do you ship from?,0
What’s the price?,0
Does it come in other colors?,0
My number is 4701923318,1
Snapchat me at +1 932 861 8294,1
This looks good.,0
Where do you ship from?,0
This looks good.,0
I’m interested in this item.,0
Do you have it in stock?,0
Can you show more photos?,0
What’s the price?,0
Nice product!,0
How soon can I get it?,0
How soon can I get it?,0
What’s the price?,0
Let's connect on LinkedIn: linkedin.com/in/tech_lead,1
Can you show more photos?,0
Text me at 555-389-8115 for more info.,1
What are the dimensions?,0
I’m interested in this item.,0
What are the dimensions?,0
c   o   n   t   a   c   t   m   e   1 2 1 4 8 6 1 0 7 6,1
What’s the price?,0
Message me on Snapchat: designer123,1
What are the dimensions?,0
What’s the price?,0
Do you have it in stock?,0
How soon can I get it?,0
Nice product!,0
telegram: t dot me slash fashionista532,1
Where do you ship from?,0
How soon can I get it?,0
How soon can I get it?,0
What’s the price?,0
DM me on Instagram @best_pizza,1
Can you show more photos?,0
Does it come in other colors?,0
Do you have it in stock?,0
Does it come in other colors?,0
Contact me on Skype: david774,1
Do you have it in stock?,0
What are the dimensions?,0
Can you show more photos?,0
Does it come in other colors?,0
What are the dimensions?,0
c o n t a c t : +1-314-668-9261,1
I’m interested in this item.,0
I’m interested in this item.,0
Does it come in other colors?,0
Does it come in other colors?,0
Add me on WhatsApp: 555-426-3631,1
Do you have it in stock?,0
This looks good.,0
find me at user8875@example.com 😉,1
What are the dimensions?,0
Does it come in other colors?,0
I’m interested in this item.,0
Signal me at +1 022 226 1514,1
Do you have it in stock?,0
Does it come in other colors?,0
Nice product!,0
Instagram me at 9221868234,1
What are the dimensions?,0
Nice product!,0
I’m interested in this item.,0
I’m interested in this item.,0
What’s the price?,0
What are the dimensions?,0
Do you have it in stock?,0
find me at user8313@example.com 😉,1
How soon can I get it?,0
My TikTok: @frank240,1
Does it come in other colors?,0
Does it come in other colors?,0
Do you have it in stock?,0
What’s the price?,0
Message me on Snapchat: best_pizza,1
How soon can I get it?,0
What’s the price?,0
I’m interested in this item.,0
I’m interested in this item.,0
This looks good.,0
Nice product!,0
What are the dimensions?,0
What are the dimensions?,0
Where do you ship from?,0
Do you have it in stock?,0
reach at t w o o o @example.com,1
Can you show more photos?,0
Where do you ship from?,0
Does it come in other colors?,0
Contact via email: judy70@example.com,1
Text me at 555-115-6578 for more info.,1
This looks good.,0
Can you show more photos?,0
What’s the price?,0
Nice product!,0
This looks good.,0
I’m interested in this item.,0
My TikTok: @frank123,1
Do you have it in stock?,0
Can you show more photos?,0
Can you show more photos?,0
This looks good.,0
you can DM me at coolcat229 on Insta,1
Send me a DM on Facebook: facebook.com/best_pizza,1
Do you have it in stock?,0
Add me on WhatsApp: 555-112-3775,1
Nice product!,0
Where do you ship from?,0
Where do you ship from?,0
Nice product!,0
Follow me on Instagram @coolguy42 and DM.,1
Contact me on Skype: heidi235,1
Do you have it in stock?,0
This looks good.,0
message me via g m a i l at user5024@example.com,1
How soon can I get it?,0
What are the dimensions?,0
Send me a DM on Facebook: facebook.com/fashionguru,1
This looks good.,0
Does it come in other colors?,0
Does it come in other colors?,0
Does it come in other colors?,0
Message me on Signal: 2603257463,1
What’s the price?,0
Can you show more photos?,0
Here is my email: user5736@example.com,1
Where do you ship from?,0
Add me on WhatsApp: (251) 973-1515,1
This looks good.,0
I’m interested in this item.,0
What are the dimensions?,0
Nice product!,0
fb.com/shopper663,1
I’m interested in this item.,0
What are the dimensions?,0
This looks good.,0
Let's connect on LinkedIn: linkedin.com/in/fashionguru,1
"Email is user5078@example.com, reach out anytime.",1
Can you share your phone number so I can send you details?,1
This looks good.,0
Does it come in other colors?,0
Where do you ship from?,0
Do you have it in stock?,0
Where do you ship from?,0
"Email is user9463@example.com, reach out anytime.",1
Do you have it in stock?,0
Nice product!,0
This looks good.,0
Does it come in other colors?,0
Email me at eve73@mail.com,1
What are the dimensions?,0
I’m interested in this item.,0
Ping me on Telegram: @judy298,1
I’m interested in this item.,0
This looks good.,0
Can you show more photos?,0
This looks good.,0
Can you show more photos?,0
Nice product!,0
Does it come in other colors?,0
Text me at +1-755-976-8937,1
This looks good.,0
Nice product!,0
You can reach me at 555-987-5810,1
How soon can I get it?,0
Do you have it in stock?,0
This looks good.,0
Can you show more photos?,0
Do you have it in stock?,0
What’s the price?,0
I’m interested in this item.,0
Nice product!,0
Nice product!,0
e m a i l m e @ user430@example.com,1
Can you show more photos?,0
What are the dimensions?,0
This looks good.,0
I’m interested in this item.,0
This looks good.,0
I’m interested in this item.,0
Add me on WhatsApp: 555-514-7638,1
Where do you ship from?,0
This looks good.,0
Message me on Snapchat: coolguy42,1
Send me a DM on Facebook: facebook.com/jane.smith,1
I’m interested in this item.,0
t e l : +1-775-168-9700,1
What’s the price?,0
What are the dimensions?,0
Do you have it in stock?,0
Call me at 656-722-8939,1
Nice product!,0
Nice product!,0
Can you show more photos?,0
Can you show more photos?,0
Nice product!,0
Does it come in other colors?,0
What are the dimensions?,0
How soon can I get it?,0
DM me on Instagram: @ivan722,1
Where do you ship from?,0
How soon can I get it?,0
Does it come in other colors?,0
What are the dimensions?,0
Add me on Facebook (facebook.com/fashioneer),1
Follow me on Instagram @john_doe and DM.,1
This looks good.,0
Do you have it in stock?,0
wanna chat? +1-211-266-9697,1
How soon can I get it?,0
How soon can I get it?,0
Follow me on Instagram @designer123 and DM.,1
What’s the price?,0
How soon can I get it?,0
Send me a DM on Facebook: facebook.com/john_doe,1
What’s the price?,0
Do you have it in stock?,0
Nice product!,0
What’s the price?,0
Nice product!,0
How soon can I get it?,0
What are the dimensions?,0
Message via email: grace30@email.net,1
What are the dimensions?,0
Message me at user8362@example.com,1
I’m interested in this item.,0
e m a i l m e @ user5704@example.com,1
I’m interested in this item.,0
What’s the price?,0
Nice product!,0
Does it come in other colors?,0
Can you show more photos?,0
Do you have it in stock?,0
What’s the price?,0
What are the dimensions?,0
Where do you ship from?,0
Reach me at 8420700146,1
How soon can I get it?,0
Can you show more photos?,0
Nice product!,0
What’s the price?,0
Does it come in other colors?,0
Here's my email: user5367@example.com,1
Do you have it in stock?,0
Nice product!,0
Can you show more photos?,0
What’s the price?,0
Nice product!,0
How soon can I get it?,0
This looks good.,0
Contact me via Telegram: @fashioneer,1
Where do you ship from?,0
Nice product!,0
I’m interested in this item.,0
"Email is user2330@example.com, reach out anytime.",1
Nice product!,0
What are the dimensions?,0
Find me on Facebook: https://facebook.com/charlie228,1
This looks good.,0
Call me at +1 060 923 1919,1
I’m interested in this item.,0
This looks good.,0
How soon can I get it?,0
What are the dimensions?,0
I’m interested in this item.,0
Connect on LinkedIn (linkedin.com/in/shopper99),1
This looks good.,0
Do you have it in stock?,0
I’m interested in this item.,0
Can you show more photos?,0
How soon can I get it?,0
Do you have it in stock?,0
How soon can I get it?,0
Does it come in other colors?,0
Nice product!,0
My number is 931-815-0716,1
f r a n k 7 3 @ e x a m p l e . c o m,1
Does it come in other colors?,0
What’s the price?,0
This looks good.,0
I’m interested in this item.,0
Nice product!,0
Does it come in other colors?,0
My WeChat ID is designer123,1
This looks good.,0
Does it come in other colors?,0
Can you show more photos?,0
WhatsApp me at +1-555-744-2089,1
This looks good.,0
How soon can I get it?,0
Where do you ship from?,0
How soon can I get it?,0
Reach out on WhatsApp at +1-105-119-1020,1
This looks good.,0
Does it come in other colors?,0
Where do you ship from?,0
This looks good.,0
What’s the price?,0
Nice product!,0
Hit me up on WhatsApp at 555-788-8699,1
I’m interested in this item.,0
Where do you ship from?,0
Where do you ship from?,0
Can you show more photos?,0
Where do you ship from?,0
How soon can I get it?,0
Nice product!,0
📧 user6381@example.com,1
How soon can I get it?,0
What are the dimensions?,0
reach at t w o o o @example.com,1
Please email me at user3866@example.com,1
Do you have it in stock?,0
Does it come in other colors?,0
How soon can I get it?,0
Can you show more photos?,0
Where do you ship from?,0
Nice product!,0
Nice product!,0
What are the dimensions?,0
What are the dimensions?,0
Nice product!,0
Nice product!,0
Does it come in other colors?,0
Where do you ship from?,0
How soon can I get it?,0
What are the dimensions?,0
What are the dimensions?,0
This looks good.,0
What’s the price?,0
How soon can I get it?,0
Nice product!,0
Do you have it in stock?,0
My WeChat ID is fashioneer,1
How soon can I get it?,0
Can you show more photos?,0
Where do you ship from?,0
Does it come in other colors?,0
Can you show more photos?,0
This looks good.,0
Nice product!,0
Text me at 093-332-0982,1
What are the dimensions?,0
Does it come in other colors?,0
What are the dimensions?,0
This looks good.,0
What’s the price?,0
What’s the price?,0
Nice product!,0
you can DM me at fashionista830 on Insta,1
I’m interested in this item.,0
message me via g m a i l at user8548@example.com,1
Can you show more photos?,0
What are the dimensions?,0
Contact via email: frank55@email.net,1
Can you show more photos?,0
How soon can I get it?,0
Contact via email: eve38@email.net,1
t e l : +1-244-468-4849,1
Do you have it in stock?,0
Can you show more photos?,0
How soon can I get it?,0
Does it come in other colors?,0
Does it come in other colors?,0
What are the dimensions?,0
Do you have it in stock?,0
This looks good.,0
WhatsApp me at +1-555-544-1713,1
How soon can I get it?,0
What are the dimensions?,0
This looks good.,0
My WeChat ID is designer123,1
"Email is user2662@example.com, reach out anytime.",1
What are the dimensions?,0
This looks good.,0
How soon can I get it?,0
How soon can I get it?,0
What are the dimensions?,0
I’m interested in this item.,0
Text me at 555-622-5986 for more info.,1
This looks good.,0
C a l l   m e :   ( 3 3 1 )   2 8 5 - 3 9 4 9,1
Can you show more photos?,0
Where do you ship from?,0
This looks good.,0
Do you have it in stock?,0
Nice product!,0
What are the dimensions?,0
This looks good.,0
Do you have it in stock?,0
I’m interested in this item.,0
Can you show more photos?,0
Nice product!,0
This looks good.,0
I’m interested in this item.,0
Where do you ship from?,0
c   o   n   t   a   c   t   m   e   ( 6 4 8 )   3 7 9 - 7 0 9 0,1
How soon can I get it?,0
What are the dimensions?,0
How soon can I get it?,0
This looks good.,0
Connect on LinkedIn (linkedin.com/in/devguy510),1
I’m interested in this item.,0
Ping me on Telegram: @bob568,1
I’m interested in this item.,0
Can you show more photos?,0
What’s the price?,0
I’m interested in this item.,0
Do you have it in stock?,0
What’s the price?,0
Email me at judy49@test.org,1
Does it come in other colors?,0
hmu @ shopper764,1
Do you have it in stock?,0
Contact via email: grace99@example.com,1
What are the dimensions?,0
C a l l   m e :   ( 7 7 2 )   5 5 2 - 7 4 9 1,1
What’s the price?,0
Nice product!,0
Can you share your phone number so I can send you details?,1
How soon can I get it?,0
Does it come in other colors?,0
How soon can I get it?,0
Can I have your email address?,1
Does it come in other colors?,0
Ping me on Telegram: @bob920,1
What are the dimensions?,0
Send me a DM on Facebook: facebook.com/john_doe,1
Send me a DM on Facebook: facebook.com/best_pizza,1
What’s the price?,0
Nice product!,0
Where do you ship from?,0
Do you have it in stock?,0
Do you have it in stock?,0
What’s the price?,0
📧 user4002@example.com,1
WhatsApp me at +1-555-833-6523,1
What’s the price?,0
Nice product!,0
"Email is user1554@example.com, reach out anytime.",1
Can you show more photos?,0
This looks good.,0
How soon can I get it?,0
What’s the price?,0
C o n t a c t :   6 9 1 - 4 8 0 - 8 0 9 9,1
Can I have your email address?,1
Do you have it in stock?,0
Add me on WhatsApp: 555-968-2336,1
Hit me up on WhatsApp at 555-146-1679,1
Here is my email: user7182@example.com,1
What are the dimensions?,0
This looks good.,0
Text me at +1-245-699-8809,1
This looks good.,0
Does it come in other colors?,0
Nice product!,0
Can you show more photos?,0
Nice product!,0
This looks good.,0
This looks good.,0
Do you have it in stock?,0
Where do you ship from?,0
Can you show more photos?,0
I’m interested in this item.,0
Do you have it in stock?,0
What’s the price?,0
Let's connect on LinkedIn: linkedin.com/in/shopper99,1
How soon can I get it?,0
Can you show more photos?,0
find me at user2957@example.com 😉,1
Do you have it in stock?,0
What are the dimensions?,0
Reach me at 0550130937,1
Can you show more photos?,0
Can you show more photos?,0
Does it come in other colors?,0
Nice product!,0
reach at t w o o o @example.com,1
Please email me at user8191@example.com,1
Can you show more photos?,0
Reach me at +1 704 820 9249,1
Nice product!,0
Nice product!,0
Nice product!,0
Contact: +1-823-560-8852,1
Can you show more photos?,0
What’s the price?,0
Follow me on Instagram @tech_lead and DM.,1
Nice product!,0
Does it come in other colors?,0
Does it come in other colors?,0
wanna chat? +1-283-505-6173,1
Does it come in other colors?,0
Where do you ship from?,0
Nice product!,0
How soon can I get it?,0
This looks good.,0
Can you show more photos?,0
Does it come in other colors?,0
Do you have it in stock?,0
I’m interested in this item.,0
How soon can I get it?,0
I’m interested in this item.,0
Nice product!,0
Can you show more photos?,0
Let's connect on LinkedIn: linkedin.com/in/tech_lead,1
How soon can I get it?,0
Does it come in other colors?,0
Hit me up on WhatsApp at 555-911-1711,1
Can you show more photos?,0
I’m interested in this item.,0
Do you have it in stock?,0
Do you have it in stock?,0
DM me on Instagram: @charlie417,1
Where do you ship from?,0
my digits: +1-190-506-3084,1
I’m interested in this item.,0
What’s the price?,0
What’s the price?,0
What are the dimensions?,0
Nice product!,0
Does it come in other colors?,0
Where do you ship from?,0
Please email me at user4960@example.com,1
Nice product!,0
Where do you ship from?,0
Can you show more photos?,0
Ping me on Telegram: @frank730,1
Do you have it in stock?,0
Can you show more photos?,0
I’m interested in this item.,0
Nice product!,0
How soon can I get it?,0
Does it come in other colors?,0
Where do you ship from?,0
Message me on Snapchat: fashionguru,1
wanna chat? +1-579-946-4350,1
get in touch @ user1389@example.com,1
Contact me via Telegram: @fashionguru,1
Follow me on Twitter: @charlie764,1
Do you have it in stock?,0
How soon can I get it?,0
What’s the price?,0
I’m interested in this item.,0
Where do you ship from?,0
Where do you ship from?,0
What are the dimensions?,0
Where do you ship from?,0
c   o   n   t   a   c   t   m   e   ( 7 7 7 )   9 9 5 - 6 1 5 8,1
I’m interested in this item.,0
Add me on Facebook (facebook.com/shopper99),1
Can you show more photos?,0
fb.com/coolcat252,1
This looks good.,0
Does it come in other colors?,0
How soon can I get it?,0
get in touch @ user3226@example.com,1
WhatsApp me at +1-555-927-4105,1
Does it come in other colors?,0
How soon can I get it?,0
What are the dimensions?,0
telegram: t dot me slash coolcat763,1
Where do you ship from?,0
What are the dimensions?,0
Contact via email: judy86@mail.com,1
Nice product!,0
Does it come in other colors?,0
This looks good.,0
Can you show more photos?,0
Does it come in other colors?,0
Can you show more photos?,0
I’m interested in this item.,0
Twitter me at +1 631 697 1698,1
Message me on Snapchat: john_doe,1
This looks good.,0
Does it come in other colors?,0
What’s the price?,0
I’m interested in this item.,0
How soon can I get it?,0
Do you have it in stock?,0
What are the dimensions?,0
How soon can I get it?,0
Message via email: alice8@example.com,1
Contact me on Skype: judy99,1
What’s the price?,0
What’s the price?,0
How soon can I get it?,0
Nice product!,0
Does it come in other colors?,0
How soon can I get it?,0
What are the dimensions?,0
I’m interested in this item.,0
What are the dimensions?,0
My WeChat ID is shopper99,1
What’s the price?,0
Do you have it in stock?,0
How soon can I get it?,0
Does it come in other colors?,0
Where do you ship from?,0
This looks good.,0
This looks good.,0
What are the dimensions?,0
What are the dimensions?,0
Text me at +1-111-616-4614,1
This looks good.,0
Does it come in other colors?,0
How soon can I get it?,0
e m a i l m e @ user6871@example.com,1
How soon can I get it?,0
Nice product!,0
Can I have your email address?,1
Does it come in other colors?,0
"My contact is 555-319-5345, call me.",1
Nice product!,0
Where do you ship from?,0
Contact me via Telegram: @fashioneer,1
How soon can I get it?,0
I’m interested in this item.,0
Contact: +1-832-693-5120,1
Text me at 659-226-1389,1
How soon can I get it?,0
How soon can I get it?,0
My Snapchat is david155,1
This looks good.,0
What are the dimensions?,0
My number is 425-598-0667,1
my digits: +1-352-997-6743,1
I’m interested in this item.,0
My Snapchat is alice494,1
Hit me up on WhatsApp at 555-483-2917,1
Let's connect on LinkedIn: linkedin.com/in/coolguy42,1
What are the dimensions?,0
Nice product!,0
I’m interested in this item.,0
Connect on LinkedIn (linkedin.com/in/fashionguru),1
Where do you ship from?,0
What are the dimensions?,0
Does it come in other colors?,0
get in touch @ user1181@example.com,1
Does it come in other colors?,0
DM me on Facebook: facebook.com/coolcat91,1
my email id is user6204@example.com,1
What are the dimensions?,0
Nice product!,0
What’s the price?,0
Does it come in other colors?,0
I’m interested in this item.,0
Where do you ship from?,0
This looks good.,0
What are the dimensions?,0
Do you have it in stock?,0
Where do you ship from?,0
Where do you ship from?,0
How soon can I get it?,0
What are the dimensions?,0
Can you show more photos?,0
Do you have it in stock?,0
This looks good.,0
What’s the price?,0
My TikTok: @alice346,1
Find me on Facebook: https://facebook.com/alice17,1
Do you have it in stock?,0
"Email is user1212@example.com, reach out anytime.",1
Do you have it in stock?,0
What are the dimensions?,0
Where do you ship from?,0
Where do you ship from?,0
How soon can I get it?,0
How soon can I get it?,0
How soon can I get it?,0
How soon can I get it?,0
Do you have it in stock?,0
Can you show more photos?,0
Can you show more photos?,0
Nice product!,0
This looks good.,0
My TikTok: @eve939,1
Does it come in other colors?,0
How soon can I get it?,0
Can you show more photos?,0
Hit me up on WhatsApp at +1-455-395-2713,1
Where do you ship from?,0
Can you show more photos?,0
Where do you ship from?,0
What are the dimensions?,0
How soon can I get it?,0
What’s the price?,0
How soon can I get it?,0
What’s the price?,0
Do you have it in stock?,0
Can you show more photos?,0
What’s the price?,0
I’m interested in this item.,0
Where do you ship from?,0
How soon can I get it?,0
Do you have it in stock?,0
What are the dimensions?,0
I’m interested in this item.,0
Message me at user3703@example.com,1
Where do you ship from?,0
What’s the price?,0
This looks good.,0
What’s the price?,0
c   o   n   t   a   c   t   m   e   ( 7 5 7 )   3 2 0 - 1 1 8 6,1
How soon can I get it?,0
How soon can I get it?,0
Where do you ship from?,0
Do you have it in stock?,0
Does it come in other colors?,0
Can you show more photos?,0
Nice product!,0
I’m interested in this item.,0
Call me at 648-529-5060,1
Does it come in other colors?,0
Do you have it in stock?,0
Where do you ship from?,0
This looks good.,0
How soon can I get it?,0
This looks good.,0
Does it come in other colors?,0
Where do you ship from?,0
I’m interested in this item.,0
How soon can I get it?,0
Nice product!,0
Can you show more photos?,0
my email id is user7249@example.com,1
How soon can I get it?,0
Do you have it in stock?,0
Nice product!,0
Where do you ship from?,0
Do you have it in stock?,0
How soon can I get it?,0
How soon can I get it?,0
What are the dimensions?,0
What are the dimensions?,0
Nice product!,0
t e l : +1-433-479-1463,1
Add me on Facebook (facebook.com/coolguy42),1
How soon can I get it?,0
Where do you ship from?,0
Can you show more photos?,0
Nice product!,0
Add me on Facebook (facebook.com/fashioneer),1
How soon can I get it?,0
This looks good.,0
Can you show more photos?,0
Do you have it in stock?,0
Nice product!,0
"My contact is 555-386-7127, call me.",1
Do you have it in stock?,0
"Email is user4318@example.com, reach out anytime.",1
Nice product!,0
Do you have it in stock?,0
Where do you ship from?,0
Do you have it in stock?,0
I’m interested in this item.,0
DM me on Instagram: @alice884,1
My TikTok: @heidi715,1
Nice product!,0
Reach me at 9198117541,1
Do you have it in stock?,0
Does it come in other colors?,0
DM me on Facebook: facebook.com/devguy992,1
Contact me via Telegram: @best_pizza,1
Can you show more photos?,0
hmu @ devguy866,1
This looks good.,0
How soon can I get it?,0
Do you have it in stock?,0
Email me at user5595@example.com,1
What are the dimensions?,0
find me at user6441@example.com 😉,1
What are the dimensions?,0
I’m interested in this item.,0
find me at user6144@example.com 😉,1
This looks good.,0
You can reach me at 555-739-9680,1
What are the dimensions?,0
Reach out on WhatsApp at +1-655-390-1588,1
I’m interested in this item.,0
Can you show more photos?,0
Nice product!,0
Find me on Facebook: https://facebook.com/frank977,1
Does it come in other colors?,0
I’m interested in this item.,0
I’m interested in this item.,0
How soon can I get it?,0
c   o   n   t   a   c   t   m   e   + 1   9 1 2   3 0 6   1 6 6 0,1
Where do you ship from?,0
Can you show more photos?,0
This looks good.,0
Does it come in other colors?,0
This looks good.,0
What are the dimensions?,0
How soon can I get it?,0
Does it come in other colors?,0
Nice product!,0
Where do you ship from?,0
Does it come in other colors?,0
What are the dimensions?,0
This looks good.,0
Do you have it in stock?,0
What’s the price?,0
I’m interested in this item.,0
Where do you ship from?,0
Can you show more photos?,0
What’s the price?,0
What’s the price?,0
Where do you ship from?,0
Nice product!,0
What’s the price?,0
What’s the price?,0
Can I have your email address?,1
e m a i l m e @ user7227@example.com,1
Can you show more photos?,0
I’m interested in this item.,0
Nice product!,0
Nice product!,0
This looks good.,0
Do you have it in stock?,0
Does it come in other colors?,0
How soon can I get it?,0
Can you show more photos?,0
Message me at user7411@example.com,1
This looks good.,0
DM me on Instagram @coolguy42,1
I’m interested in this item.,0
Nice product!,0
What’s the price?,0
This looks good.,0
telegram: t dot me slash fashionista733,1
My TikTok: @eve369,1
Please email me at user9687@example.com,1
Nice product!,0
reach at t w o o o @example.com,1
Do you have it in stock?,0
Where do you ship from?,0
Add me on WhatsApp: 555-540-6620,1
My TikTok: @alice263,1
Follow me on Instagram @fashionguru and DM.,1
Do you have it in stock?,0
Can you show more photos?,0
Can you show more photos?,0
Do you have it in stock?,0
Connect on LinkedIn (linkedin.com/in/fashionista196),1
What are the dimensions?,0
Where do you ship from?,0
How soon can I get it?,0
Can you show more photos?,0
I’m interested in this item.,0
Nice product!,0
This looks good.,0
Can you show more photos?,0
Does it come in other colors?,0
What are the dimensions?,0
What’s the price?,0
Does it come in other colors?,0
What’s the price?,0
my email id is user7936@example.com,1
I’m interested in this item.,0
hmu @ devguy432,1
Does it come in other colors?,0
Can I have your email address?,1
Does it come in other colors?,0
What are the dimensions?,0
I’m interested in this item.,0
How soon can I get it?,0
I’m interested in this item.,0
Do you have it in stock?,0
Text me at 555-127-3276 for more info.,1
I’m interested in this item.,0
I’m interested in this item.,0
I’m interested in this item.,0
What are the dimensions?,0
Can I have your email address?,1
Does it come in other colors?,0
Ping me on Telegram: @alice686,1
How soon can I get it?,0
Do you have it in stock?,0
Do you have it in stock?,0
Does it come in other colors?,0
Nice product!,0
Where do you ship from?,0
Can you show more photos?,0
Snapchat me @ devguy857,1
c   o   n   t   a   c   t   m   e   ( 7 3 8 )   6 5 1 - 9 2 9 9,1
Can you show more photos?,0
What are the dimensions?,0
wanna chat? +1-760-764-6292,1
I’m interested in this item.,0
I’m interested in this item.,0
My WeChat ID is tech_lead,1
Nice product!,0
This looks good.,0
Do you have it in stock?,0
Nice product!,0
📱 +1-418-666-1933,1
This looks good.,0
Can you show more photos?,0
Do you have it in stock?,0
What’s the price?,0
Where do you ship from?,0
What’s the price?,0
Hit me up on WhatsApp at 555-386-3740,1
Contact via email: frank83@test.org,1
Do you have it in stock?,0
What are the dimensions?,0
Nice product!,0
Add me on Facebook (facebook.com/jane.smith),1
Nice product!,0
How soon can I get it?,0
Message me on Signal: 868-109-7304,1
Contact me via Telegram: @shop_owner,1
Does it come in other colors?,0
Do you have it in stock?,0
Does it come in other colors?,0
Call me at +1 390 064 7602,1
I’m interested in this item.,0
This looks good.,0
How soon can I get it?,0
I’m interested in this item.,0
I’m interested in this item.,0
Follow me on Twitter: @ivan494,1
Where do you ship from?,0
What’s the price?,0
This looks good.,0
Can you show more photos?,0
I’m interested in this item.,0
Where do you ship from?,0
How soon can I get it?,0
Reach me at (556) 871-7812,1
What’s the price?,0
I’m interested in this item.,0
Can you show more photos?,0
Nice product!,0
Let's connect on LinkedIn: https://linkedin.com/in/judy725,1
I’m interested in this item.,0
I’m interested in this item.,0
Where do you ship from?,0
How soon can I get it?,0
Do you have it in stock?,0
Do you have it in stock?,0
This looks good.,0
I’m interested in this item.,0
This looks good.,0
You can reach me at +1-265-405-3628,1
I’m interested in this item.,0
Where do you ship from?,0
Follow me on Instagram @shop_owner and DM.,1
I’m interested in this item.,0
Nice product!,0
This looks good.,0
message me via g m a i l at user660@example.com,1
What’s the price?,0
my digits: +1-160-962-6995,1
Nice product!,0
Do you have it in stock?,0
t e l : +1-696-747-5848,1
Message me at user8073@example.com,1
Do you have it in stock?,0
What’s the price?,0
This looks good.,0
Here is my email: user5582@example.com,1
b o b 5 8 @ m a i l . c o m,1
What are the dimensions?,0
Do you have it in stock?,0
Nice product!,0
Nice product!,0
Where do you ship from?,0
Do you have it in stock?,0
Message me on Snapchat: jane.smith,1
t e l : +1-926-184-7702,1
Message me at user981@example.com,1
Text me at 555-229-7935 for more info.,1
How soon can I get it?,0
This looks good.,0
Do you have it in stock?,0
I’m interested in this item.,0
This looks good.,0
Does it come in other colors?,0
What’s the price?,0
Do you have it in stock?,0
Mail me: frank11@email.net,1
My WeChat ID is designer123,1
"My contact is 555-669-1134, call me.",1
How soon can I get it?,0
How soon can I get it?,0
I’m interested in this item.,0
Can you show more photos?,0
Where do you ship from?,0
Nice product!,0
Where do you ship from?,0
Nice product!,0
Does it come in other colors?,0
Reach out on WhatsApp at +1-764-356-6478,1
t e l : +1-517-351-4691,1
What are the dimensions?,0
Where do you ship from?,0
Can you show more photos?,0
I’m interested in this item.,0
My number is +1 575 464 4486,1
What are the dimensions?,0
Nice product!,0
my digits: +1-371-665-3658,1
Can you show more photos?,0
Nice product!,0
Add me on Facebook (facebook.com/jane.smith),1
What’s the price?,0
Does it come in other colors?,0
Does it come in other colors?,0
Let's connect on LinkedIn: linkedin.com/in/john_doe,1
Do you have it in stock?,0
What are the dimensions?,0
Follow me on Twitter: @charlie412,1
What’s the price?,0
Email me at frank8@test.org,1
Do you have it in stock?,0
Can you show more photos?,0
How soon can I get it?,0
Nice product!,0
C o n t a c t :   ( 3 2 6 )   0 7 4 - 4 6 8 5,1
What are the dimensions?,0
How soon can I get it?,0
Do you have it in stock?,0
Nice product!,0
What are the dimensions?,0
How soon can I get it?,0
What are the dimensions?,0
Where do you ship from?,0
Do you have it in stock?,0
Nice product!,0
Can you show more photos?,0
my digits: +1-750-273-8570,1
Does it come in other colors?,0
I’m interested in this item.,0
I’m interested in this item.,0
Message me on Snapchat: shopper99,1
fb.com/shopper1,1
Do you have it in stock?,0
What’s the price?,0
Can you show more photos?,0
Send me a DM on Facebook: facebook.com/shop_owner,1
fb.com/shopper976,1
C a l l   m e :   ( 3 2 3 )   4 4 9 - 5 6 8 2,1
Snapchat me @ devguy219,1
"Email is user7127@example.com, reach out anytime.",1
Does it come in other colors?,0
"My contact is 555-386-2854, call me.",1
This looks good.,0
Do you have it in stock?,0
My WeChat ID is designer123,1
What are the dimensions?,0
Does it come in other colors?,0
Can I have your email address?,1
Nice product!,0
I’m interested in this item.,0
What are the dimensions?,0
Does it come in other colors?,0
What are the dimensions?,0
What are the dimensions?,0
What’s the price?,0
How soon can I get it?,0
Follow me on Twitter: @judy591,1
I’m interested in this item.,0
I’m interested in this item.,0
How soon can I get it?,0
My number is +1 241 937 5119,1
How soon can I get it?,0
What are the dimensions?,0
Do you have it in stock?,0
Nice product!,0
This looks good.,0
How soon can I get it?,0
This looks good.,0
Do you have it in stock?,0
What’s the price?,0
I’m interested in this item.,0
find me at user718@example.com 😉,1
Nice product!,0
Can you show more photos?,0
Do you have it in stock?,0
What’s the price?,0
fb.com/devguy554,1
What are the dimensions?,0
What are the dimensions?,0
Where do you ship from?,0
Does it come in other colors?,0
Hit me up on WhatsApp at 555-708-6109,1
I’m interested in this item.,0
What are the dimensions?,0
Mail me: eve32@email.net,1
reach at t w o o o @example.com,1
Nice product!,0
What’s the price?,0
Does it come in other colors?,0
Do you have it in stock?,0
How soon can I get it?,0
What’s the price?,0
Can you show more photos?,0
How soon can I get it?,0
Does it come in other colors?,0
I’m interested in this item.,0
I’m interested in this item.,0
Reach me at +1 178 069 2796,1
How soon can I get it?,0
Follow me on Instagram @john_doe and DM.,1
Do you have it in stock?,0
This looks good.,0
How soon can I get it?,0
What’s the price?,0
Can you show more photos?,0
I’m interested in this item.,0
I’m interested in this item.,0
Do you have it in stock?,0
hmu @ shopper990,1
Does it come in other colors?,0
Can I have your email address?,1
What are the dimensions?,0
What are the dimensions?,0
"My contact is 555-331-8583, call me.",1
Does it come in other colors?,0
Does it come in other colors?,0
Nice product!,0
Do you have it in stock?,0
Does it come in other colors?,0
Can you show more photos?,0
you can DM me at coolcat927 on Insta,1
What are the dimensions?,0
This looks good.,0
What are the dimensions?,0
I’m interested in this item.,0
Follow me on Twitter: @david141,1
Signal me at 1983338423,1
Where do you ship from?,0
I’m interested in this item.,0
Nice product!,0
What are the dimensions?,0
Email me at alice3@test.org,1
Follow me on Instagram @john_doe and DM.,1
Nice product!,0
This looks good.,0
Nice product!,0
How soon can I get it?,0
Can you share your phone number so I can send you details?,1
Nice product!,0
Does it come in other colors?,0
Nice product!,0
How soon can I get it?,0
What are the dimensions?,0
I’m interested in this item.,0
Text me at 555-916-4503 for more info.,1
Where do you ship from?,0
Can you show more photos?,0
How soon can I get it?,0
Do you have it in stock?,0
This looks good.,0
Does it come in other colors?,0
Message via email: alice89@email.net,1
Can you show more photos?,0
Can I have your email address?,1
How soon can I get it?,0
Nice product!,0
Hit me up on WhatsApp at +1-539-337-7463,1
This looks good.,0
a l i c e 9 0 @ m a i l . c o m,1
What’s the price?,0
Reach me at (136) 489-7939,1
What are the dimensions?,0
Nice product!,0
This looks good.,0
What’s the price?,0
I’m interested in this item.,0
This looks good.,0
What are the dimensions?,0
You can reach me at +1-987-563-2598,1
Call me at 541-659-7059,1
What’s the price?,0
I’m interested in this item.,0
How soon can I get it?,0
I’m interested in this item.,0
What are the dimensions?,0
Where do you ship from?,0
What are the dimensions?,0
What’s the price?,0
What’s the price?,0
Contact via email: grace33@example.com,1
This looks good.,0
Send me a DM on Facebook: facebook.com/tech_lead,1
This looks good.,0
Where do you ship from?,0
Can you show more photos?,0
How soon can I get it?,0
Does it come in other colors?,0
I’m interested in this item.,0
Does it come in other colors?,0
fb.com/shopper895,1
How soon can I get it?,0
Hit me up on WhatsApp at 555-613-8214,1
What are the dimensions?,0
Where do you ship from?,0
Where do you ship from?,0
Where do you ship from?,0
What’s the price?,0
Where do you ship from?,0
I’m interested in this item.,0
e m a i l m e @ user3026@example.com,1
What’s the price?,0
Reach out on WhatsApp at +1-449-818-8359,1
How soon can I get it?,0
Connect on LinkedIn (linkedin.com/in/best_pizza),1
Let's connect on LinkedIn: linkedin.com/in/john_doe,1
This looks good.,0
Where do you ship from?,0
my email id is user1629@example.com,1
I’m interested in this item.,0
How soon can I get it?,0
Does it come in other colors?,0
What’s the price?,0
Can you share your phone number so I can send you details?,1
What are the dimensions?,0
This looks good.,0
I’m interested in this item.,0
Nice product!,0
Let's connect on LinkedIn: linkedin.com/in/john_doe,1
This looks good.,0
You can reach me at 555-846-9450,1
What are the dimensions?,0
Where do you ship from?,0
I’m interested in this item.,0
How soon can I get it?,0
Reach me at 8712248131,1
Does it come in other colors?,0
Do you have it in stock?,0
This looks good.,0
Can you show more photos?,0
message me via g m a i l at user3289@example.com,1
This looks good.,0
Let's connect on LinkedIn: https://linkedin.com/in/grace227,1
my email id is user8468@example.com,1
Do you have it in stock?,0
How soon can I get it?,0
What are the dimensions?,0
Where do you ship from?,0
Can I have your email address?,1
How soon can I get it?,0
Does it come in other colors?,0
I’m interested in this item.,0
Message me at user2300@example.com,1
Does it come in other colors?,0
Does it come in other colors?,0
Nice product!,0
Does it come in other colors?,0
Do you have it in stock?,0
Can you show more photos?,0
How soon can I get it?,0
Nice product!,0
How soon can I get it?,0
Where do you ship from?,0
DM me on Instagram: @eve893,1
telegram: t dot me slash coolcat325,1
Do you have it in stock?,0
I’m interested in this item.,0
Nice product!,0
This looks good.,0
Nice product!,0
Where do you ship from?,0
Text me at 555-926-3007 for more info.,1
This looks good.,0
Where do you ship from?,0
Does it come in other colors?,0
I’m interested in this item.,0
Nice product!,0
This looks good.,0
How soon can I get it?,0
This looks good.,0
How soon can I get it?,0
Does it come in other colors?,0
Nice product!,0
Does it come in other colors?,0
Instagram me at 984-921-2803,1
This looks good.,0
Contact me on Skype: alice500,1
C o n t a c t :   1 7 2 1 7 9 4 0 4 6,1
What’s the price?,0
What’s the price?,0
I’m interested in this item.,0
Mail me: grace21@example.com,1
Can you show more photos?,0
I’m interested in this item.,0
Nice product!,0
Contact: +1-905-206-1051,1
Message me on Snapchat: best_pizza,1
Where do you ship from?,0
What’s the price?,0
DM me on Instagram @fashionguru,1
This looks good.,0
I’m interested in this item.,0
Can you show more photos?,0
Do you have it in stock?,0
Do you have it in stock?,0
You can reach me at +1-767-538-2801,1
What are the dimensions?,0
What’s the price?,0
Do you have it in stock?,0
Email me at grace23@test.org,1
Send me a DM on Facebook: facebook.com/shop_owner,1
My TikTok: @david4,1
"My contact is 555-924-6905, call me.",1
Nice product!,0
d a v i d 7 3 @ e m a i l . n e t,1
What are the dimensions?,0
DM me on Instagram: @frank660,1
Does it come in other colors?,0
Where do you ship from?,0
Where do you ship from?,0
Do you have it in stock?,0
How soon can I get it?,0
Does it come in other colors?,0
My WeChat ID is jane.smith,1
Does it come in other colors?,0
How soon can I get it?,0
Where do you ship from?,0
Can you show more photos?,0
Add me on WhatsApp: (892) 867-9338,1
This looks good.,0
Contact me via Telegram: @fashioneer,1
I’m interested in this item.,0
DM me on Instagram: @grace734,1
Do you have it in stock?,0
Can you show more photos?,0
Can you show more photos?,0
Nice product!,0
Find me on Facebook: https://facebook.com/ivan128,1
Nice product!,0
What are the dimensions?,0
How soon can I get it?,0
How soon can I get it?,0
What’s the price?,0
Do you have it in stock?,0
📱 +1-849-729-1049,1
I’m interested in this item.,0
Contact me on Skype: charlie345,1
How soon can I get it?,0
Nice product!,0
Nice product!,0
I’m interested in this item.,0
fb.com/shopper562,1
Can you show more photos?,0
Do you have it in stock?,0
This looks good.,0
What are the dimensions?,0
Nice product!,0
What’s the price?,0
Do you have it in stock?,0
Here is my email: user2189@example.com,1
What are the dimensions?,0
How soon can I get it?,0
What are the dimensions?,0
Do you have it in stock?,0
message me via g m a i l at user1322@example.com,1
Find me on Facebook: https://facebook.com/charlie651,1
You can reach me at 555-843-9155,1
Please email me at user4437@example.com,1
Can you show more photos?,0
WhatsApp me at (646) 564-1125,1
C a l l   m e :   8 3 8 - 2 4 0 - 0 1 2 5,1
I’m interested in this item.,0
I’m interested in this item.,0
Find me on Facebook: https://facebook.com/bob115,1
Contact me on Skype: judy275,1
📧 user6468@example.com,1
I’m interested in this item.,0
Where do you ship from?,0
Do you have it in stock?,0
This looks good.,0
Where do you ship from?,0
hmu @ coolcat949,1
What are the dimensions?,0
Can I have your email address?,1
Can you show more photos?,0
What’s the price?,0
I’m interested in this item.,0
I’m interested in this item.,0
Snapchat me @ coolcat501,1
What’s the price?,0
How soon can I get it?,0
This looks good.,0
You can reach me at 555-718-2532,1
How soon can I get it?,0
Follow me on Instagram @coolguy42 and DM.,1
Reach me at (260) 765-5023,1
Do you have it in stock?,0
Connect on LinkedIn (linkedin.com/in/shopper99),1
Where do you ship from?,0
This looks good.,0
What are the dimensions?,0
get in touch @ user9282@example.com,1
This looks good.,0
How soon can I get it?,0
My number is 3291933379,1
Text me at (546) 073-1196,1
You can reach me at +1-182-281-4634,1
Do you have it in stock?,0
Do you have it in stock?,0
find me at user7471@example.com 😉,1
reach at t w o o o @example.com,1
Nice product!,0
Can you show more photos?,0
What are the dimensions?,0
Where do you ship from?,0
Text me at +1-711-245-6794,1
Where do you ship from?,0
What’s the price?,0
What’s the price?,0
What are the dimensions?,0
I’m interested in this item.,0
Where do you ship from?,0
Nice product!,0
Do you have it in stock?,0
Do you have it in stock?,0
What’s the price?,0
Do you have it in stock?,0
DM me on Instagram: @frank40,1
Can you show more photos?,0
I’m interested in this item.,0
Call me at (720) 888-5277,1
Can you show more photos?,0
This looks good.,0
WhatsApp me at +1-555-904-7842,1
Where do you ship from?,0
Where do you ship from?,0
I’m interested in this item.,0
c   o   n   t   a   c   t   m   e   8 9 4 1 0 0 2 6 8 9,1
What’s the price?,0
This looks good.,0
Can you show more photos?,0
Can you show more photos?,0
I’m interested in this item.,0
What’s the price?,0
hmu @ fashionista877,1
Can you show more photos?,0
Do you have it in stock?,0
This looks good.,0
C o n t a c t :   7 5 7 4 8 6 8 8 8 9,1
I’m interested in this item.,0
get in touch @ user364@example.com,1
Nice product!,0
Here is my email: user3732@example.com,1
Does it come in other colors?,0
Nice product!,0
How soon can I get it?,0
This looks good.,0
What are the dimensions?,0
How soon can I get it?,0
DM me on Instagram: @judy312,1
Can you show more photos?,0
My Snapchat is alice869,1
What are the dimensions?,0
📱 +1-391-102-7432,1
How soon can I get it?,0
Do you have it in stock?,0
Can you show more photos?,0
I’m interested in this item.,0
Do you have it in stock?,0
Can you show more photos?,0
Does it come in other colors?,0
DM me on Facebook: facebook.com/shopper789,1
Can you show more photos?,0
my digits: +1-542-939-8294,1
This looks good.,0
Can you show more photos?,0
Mail me: frank49@email.net,1
Does it come in other colors?,0
What’s the price?,0
Do you have it in stock?,0
What’s the price?,0
Follow me on Instagram @tech_lead and DM.,1
This looks good.,0
How soon can I get it?,0
Do you have it in stock?,0
Can you show more photos?,0
Can you show more photos?,0
Nice product!,0
How soon can I get it?,0
How soon can I get it?,0
Can you share your phone number so I can send you details?,1
How soon can I get it?,0
This looks good.,0
Nice product!,0
This looks good.,0
How soon can I get it?,0
Do you have it in stock?,0
Does it come in other colors?,0
Follow me on Twitter: @ivan147,1
My TikTok: @frank215,1
Where do you ship from?,0
What are the dimensions?,0
What are the dimensions?,0
I’m interested in this item.,0
How soon can I get it?,0
Here's my email: user6392@example.com,1
What’s the price?,0
Does it come in other colors?,0
Can you show more photos?,0
Where do you ship from?,0
I’m interested in this item.,0
This looks good.,0
Where do you ship from?,0
Where do you ship from?,0
I’m interested in this item.,0
"Email is user9651@example.com, reach out anytime.",1
I’m interested in this item.,0
Email me at bob96@email.net,1
Does it come in other colors?,0
What’s the price?,0
Can you show more photos?,0
What are the dimensions?,0
What are the dimensions?,0
What’s the price?,0
Do you have it in stock?,0
Can you show more photos?,0
This looks good.,0
I’m interested in this item.,0
Does it come in other colors?,0
What are the dimensions?,0
Ping me on Telegram: @david674,1
Can you show more photos?,0
Do you have it in stock?,0
How soon can I get it?,0
Follow me on Twitter: @ivan437,1
Let's connect on LinkedIn: linkedin.com/in/fashionguru,1
Do you have it in stock?,0
My WeChat ID is shopper99,1
Where do you ship from?,0
This looks good.,0
I’m interested in this item.,0
Do you have it in stock?,0
Can you show more photos?,0
This looks good.,0
What are the dimensions?,0
Does it come in other colors?,0
What are the dimensions?,0
What’s the price?,0
I’m interested in this item.,0
Does it come in other colors?,0
I’m interested in this item.,0
My TikTok: @bob889,1
My TikTok: @heidi892,1
Does it come in other colors?,0
Where do you ship from?,0
I’m interested in this item.,0
What’s the price?,0
Nice product!,0
C a l l   m e :   ( 0 2 3 )   9 5 9 - 3 1 2 8,1
What are the dimensions?,0
Do you have it in stock?,0
Do you have it in stock?,0
t e l : +1-180-724-6384,1
Where do you ship from?,0
Contact me via Telegram: @designer123,1
Contact: +1-198-738-7637,1
Text me at (134) 875-2915,1
Do you have it in stock?,0
I’m interested in this item.,0
I’m interested in this item.,0
What’s the price?,0
Nice product!,0
This looks good.,0
What’s the price?,0
Do you have it in stock?,0
My WeChat ID is fashioneer,1
Where do you ship from?,0
What’s the price?,0
How soon can I get it?,0
Where do you ship from?,0
DM me on Facebook: facebook.com/devguy938,1
my email id is user3768@example.com,1
This looks good.,0
This looks good.,0
Hit me up on WhatsApp at 555-866-3761,1
Text me at 5623396996,1
Reach out on WhatsApp at +1-924-187-8349,1
I’m interested in this item.,0
How soon can I get it?,0
This looks good.,0
Contact me on Skype: grace12,1
I’m interested in this item.,0
Reach me at 3455008939,1
Where do you ship from?,0
This looks good.,0
I’m interested in this item.,0
How soon can I get it?,0
Does it come in other colors?,0
Where do you ship from?,0
Where do you ship from?,0
How soon can I get it?,0
My number is +1 505 205 7336,1
How soon can I get it?,0
What’s the price?,0
Can you show more photos?,0
What are the dimensions?,0
LinkedIn me at (054) 363-0112,1
What’s the price?,0
Nice product!,0
This looks good.,0
Does it come in other colors?,0
Nice product!,0
How soon can I get it?,0
Do you have it in stock?,0
My Snapchat is judy534,1
I’m interested in this item.,0
Can you show more photos?,0
Nice product!,0
i v a n 2 7 @ e x a m p l e . c o m,1
I’m interested in this item.,0
Nice product!,0
Do you have it in stock?,0
Message me at user7625@example.com,1
Do you have it in stock?,0
telegram: t dot me slash devguy230,1
What are the dimensions?,0
Does it come in other colors?,0
What are the dimensions?,0
📱 +1-730-509-4260,1
This looks good.,0
This looks good.,0
What’s the price?,0
This looks good.,0
What are the dimensions?,0
What’s the price?,0
My number is 948-512-9561,1
I’m interested in this item.,0
This looks good.,0
What’s the price?,0
Connect on LinkedIn (linkedin.com/in/coolcat175),1
This looks good.,0
Where do you ship from?,0
fb.com/coolcat158,1
Where do you ship from?,0
reach at t w o o o @example.com,1
Message via email: david63@email.net,1
Can you share your phone number so I can send you details?,1
Do you have it in stock?,0
This looks good.,0
my email id is user8839@example.com,1
Where do you ship from?,0
What are the dimensions?,0
Do you have it in stock?,0
How soon can I get it?,0
What are the dimensions?,0
I’m interested in this item.,0
What are the dimensions?,0
Here is my email: user2688@example.com,1
Reach out on WhatsApp at +1-984-370-8067,1
Where do you ship from?,0
Nice product!,0
Can you share your phone number so I can send you details?,1
I’m interested in this item.,0
I’m interested in this item.,0
Nice product!,0
What’s the price?,0
Do you have it in stock?,0
What are the dimensions?,0
snap me at s-n-a-p shopper351,1
Mail me: heidi55@test.org,1
Nice product!,0
Where do you ship from?,0
WhatsApp me at +1-555-570-7459,1
Where do you ship from?,0
Do you have it in stock?,0
I’m interested in this item.,0
Does it come in other colors?,0
Do you have it in stock?,0
Nice product!,0
What are the dimensions?,0
Where do you ship from?,0
What’s the price?,0
Do you have it in stock?,0
Where do you ship from?,0
How soon can I get it?,0
I’m interested in this item.,0
How soon can I get it?,0
What are the dimensions?,0
What are the dimensions?,0
Do you have it in stock?,0
What are the dimensions?,0
Message me on Signal: +1 717 435 1014,1
This looks good.,0
What are the dimensions?,0
Connect on LinkedIn (linkedin.com/in/designer123),1
Can you share your phone number so I can send you details?,1
Where do you ship from?,0
How soon can I get it?,0
"Email is user7092@example.com, reach out anytime.",1
How soon can I get it?,0
Let's connect on LinkedIn: https://linkedin.com/in/bob857,1
What are the dimensions?,0
What are the dimensions?,0
c   o   n   t   a   c   t   m   e   ( 7 4 3 )   3 3 4 - 8 9 3 9,1
DM me on Instagram: @eve230,1
What are the dimensions?,0
This looks good.,0
This looks good.,0
Where do you ship from?,0
Do you have it in stock?,0
This looks good.,0
How soon can I get it?,0
This looks good.,0
Can you show more photos?,0
This looks good.,0
How soon can I get it?,0
Do you have it in stock?,0
What are the dimensions?,0
Do you have it in stock?,0
Text me at 555-705-1637 for more info.,1
Do you have it in stock?,0
This looks good.,0
Reach me at (024) 738-2009,1
How soon can I get it?,0
Nice product!,0
How soon can I get it?,0
I’m interested in this item.,0
This looks good.,0
What are the dimensions?,0
Can you share your phone number so I can send you details?,1
Nice product!,0
e m a i l m e @ user3805@example.com,1
What are the dimensions?,0
Nice product!,0
How soon can I get it?,0
How soon can I get it?,0
e m a i l m e @ user5987@example.com,1
What’s the price?,0
I’m interested in this item.,0
Does it come in other colors?,0
Does it come in other colors?,0
Does it come in other colors?,0
What’s the price?,0
Can you show more photos?,0
reach at t w o o o @example.com,1
Can you show more photos?,0
What are the dimensions?,0
You can reach me at +1-657-322-9173,1
My Snapchat is heidi463,1
TikTok me at (569) 058-8895,1
What’s the price?,0
Nice product!,0
My number is +1 689 756 3319,1
How soon can I get it?,0
Where do you ship from?,0
What are the dimensions?,0
Do you have it in stock?,0
How soon can I get it?,0
Where do you ship from?,0
reach at t w o o o @example.com,1
This looks good.,0
Message via email: ivan28@mail.com,1
Can you show more photos?,0
Nice product!,0
Can you show more photos?,0
Can you show more photos?,0
Can you share your phone number so I can send you details?,1
Can you show more photos?,0
Send me a DM on Facebook: facebook.com/designer123,1
Connect on LinkedIn (linkedin.com/in/designer123),1
Do you have it in stock?,0
Follow me on Twitter: @alice399,1
Do you have it in stock?,0
What’s the price?,0
What are the dimensions?,0
You can reach me at 555-649-2732,1
DM me on Instagram: @judy562,1
Do you have it in stock?,0
Does it come in other colors?,0
Do you have it in stock?,0
Does it come in other colors?,0
How soon can I get it?,0
What’s the price?,0
What’s the price?,0
Do you have it in stock?,0
Add me on WhatsApp: 555-914-3562,1
Do you have it in stock?,0
Nice product!,0
Nice product!,0
Can you show more photos?,0
Can you show more photos?,0
fb.com/shopper28,1
What are the dimensions?,0
What are the dimensions?,0
Where do you ship from?,0
Nice product!,0
This looks good.,0
Text me at +1-857-811-8341,1
This looks good.,0
This looks good.,0
What are the dimensions?,0
What’s the price?,0
Nice product!,0
Nice product!,0
What are the dimensions?,0
Do you have it in stock?,0
DM me on Instagram: @eve332,1
Nice product!,0
Call me at (041) 034-3680,1
Where do you ship from?,0
Does it come in other colors?,0
Does it come in other colors?,0
Does it come in other colors?,0
Do you have it in stock?,0
wanna chat? +1-650-796-6656,1
Does it come in other colors?,0
Do you have it in stock?,0
Can you show more photos?,0
Text me at 555-296-8617 for more info.,1
Where do you ship from?,0
What’s the price?,0
Do you have it in stock?,0
Nice product!,0
I’m interested in this item.,0
Do you have it in stock?,0
Hit me up on WhatsApp at 555-788-8699,1
Can you show more photos?,0
This looks good.,0
My TikTok: @bob653,1
This looks good.,0
Message me on Signal: (885) 179-6825,1
Do you have it in stock?,0
I’m interested in this item.,0
What’s the price?,0
How soon can I get it?,0
What are the dimensions?,0
Do you have it in stock?,0
This looks good.,0
How soon can I get it?,0
I’m interested in this item.,0
This looks good.,0
Can you share your phone number so I can send you details?,1
What are the dimensions?,0
Does it come in other colors?,0
Does it come in other colors?,0
What’s the price?,0
Nice product!,0
What are the dimensions?,0
Hit me up on WhatsApp at +1-109-318-2537,1
What are the dimensions?,0
Where do you ship from?,0
f r a n k 1 2 @ t e s t . o r g,1
This looks good.,0
Call me at 404-810-3662,1
Can you show more photos?,0
Can you show more photos?,0
Do you have it in stock?,0
What’s the price?,0
How soon can I get it?,0
Can you show more photos?,0
Add me on WhatsApp: 555-894-2729,1
How soon can I get it?,0
What are the dimensions?,0
How soon can I get it?,0
Can you show more photos?,0
Can you share your phone number so I can send you details?,1
I’m interested in this item.,0
Where do you ship from?,0
Can you show more photos?,0
Do you have it in stock?,0
Can you show more photos?,0
Here is my email: user9334@example.com,1
I’m interested in this item.,0
I’m interested in this item.,0
Does it come in other colors?,0
Please email me at user8309@example.com,1
What are the dimensions?,0
Nice product!,0
What are the dimensions?,0
What’s the price?,0
Nice product!,0
Do you have it in stock?,0
Does it come in other colors?,0
Where do you ship from?,0
Can you show more photos?,0
Nice product!,0
Do you have it in stock?,0
You can reach me at +1-270-424-4952,1
Do you have it in stock?,0
Do you have it in stock?,0
Do you have it in stock?,0
This looks good.,0
Where do you ship from?,0
Do you have it in stock?,0
What’s the price?,0
h e i d i 9 2 @ t e s t . o r g,1
Message via email: bob90@email.net,1
I’m interested in this item.,0
Where do you ship from?,0
hmu @ fashionista781,1
What are the dimensions?,0
How soon can I get it?,0
Please email me at user6367@example.com,1
What’s the price?,0
Does it come in other colors?,0
Can you share your phone number so I can send you details?,1
Do you have it in stock?,0
How soon can I get it?,0
What are the dimensions?,0
This looks good.,0
Can I have your email address?,1
Does it come in other colors?,0
C o n t a c t :   + 1   1 0 3   2 2 3   1 5 8 9,1
Do you have it in stock?,0
What are the dimensions?,0
What’s the price?,0
What’s the price?,0
What are the dimensions?,0
Send me a DM on Facebook: facebook.com/designer123,1
t e l : +1-628-149-7955,1
Contact via email: judy88@test.org,1
Do you have it in stock?,0
I’m interested in this item.,0
What are the dimensions?,0
How soon can I get it?,0
This looks good.,0
Here's my email: user6286@example.com,1
I’m interested in this item.,0
You can reach me at 555-648-9424,1
Can you show more photos?,0
Do you have it in stock?,0
Does it come in other colors?,0
This looks good.,0
C o n t a c t :   + 1   0 7 6   0 7 9   9 7 2 2,1
My WeChat ID is shopper99,1
Find me on Facebook: https://facebook.com/charlie250,1
Message me on Snapchat: shop_owner,1
Do you have it in stock?,0
This looks good.,0
What are the dimensions?,0
Nice product!,0
Do you have it in stock?,0
Does it come in other colors?,0
Can you show more photos?,0
Where do you ship from?,0
📧 user8803@example.com,1
Nice product!,0
Call me at 722-742-2398,1
Do you have it in stock?,0
Can you share your phone number so I can send you details?,1
Do you have it in stock?,0
How soon can I get it?,0
What are the dimensions?,0
Hit me up on WhatsApp at +1-621-264-6834,1
This looks good.,0
What are the dimensions?,0
This looks good.,0
How soon can I get it?,0
How soon can I get it?,0
I’m interested in this item.,0
Does it come in other colors?,0
Can you show more photos?,0
Nice product!,0
Message me at user4529@example.com,1
I’m interested in this item.,0
Can you show more photos?,0
This looks good.,0
What’s the price?,0
I’m interested in this item.,0
Where do you ship from?,0
Can you show more photos?,0
What are the dimensions?,0
Can you show more photos?,0
Nice product!,0
What are the dimensions?,0
Can you show more photos?,0
Where do you ship from?,0
Does it come in other colors?,0
I’m interested in this item.,0
Message me on Snapchat: fashionguru,1
Do you have it in stock?,0
This looks good.,0
c   o   n   t   a   c   t   m   e   ( 4 3 4 )   0 2 2 - 2 9 4 4,1
Where do you ship from?,0
Contact: +1-161-577-9443,1
Contact via email: grace90@mail.com,1
This looks good.,0
What’s the price?,0
Where do you ship from?,0
Can you show more photos?,0
This looks good.,0
c o n t a c t : +1-468-774-9312,1
Can you show more photos?,0
C o n t a c t :   8 2 7 - 8 0 2 - 8 5 8 1,1
DM me on Instagram: @alice271,1
What are the dimensions?,0
This looks good.,0
What are the dimensions?,0
What are the dimensions?,0
Nice product!,0
Message via email: alice53@example.com,1
Can you show more photos?,0
Where do you ship from?,0
Nice product!,0
Can you show more photos?,0
What’s the price?,0
Do you have it in stock?,0
Email me at alice4@test.org,1
Does it come in other colors?,0
I’m interested in this item.,0
What’s the price?,0
Where do you ship from?,0
This looks good.,0
This looks good.,0
Does it come in other colors?,0
This looks good.,0
Where do you ship from?,0
Where do you ship from?,0
snap me at s-n-a-p coolcat498,1
My WeChat ID is shop_owner,1
Does it come in other colors?,0
Nice product!,0
I’m interested in this item.,0
Where do you ship from?,0
I’m interested in this item.,0
I’m interested in this item.,0
Do you have it in stock?,0
What’s the price?,0
Do you have it in stock?,0
Do you have it in stock?,0
Add me on WhatsApp: 555-811-9024,1
Does it come in other colors?,0
Text me at 555-631-5084 for more info.,1
Let's connect on LinkedIn: linkedin.com/in/shopper99,1
I’m interested in this item.,0
What are the dimensions?,0
This looks good.,0
How soon can I get it?,0
C a l l   m e :   9 9 7 6 8 8 0 8 4 8,1
Mail me: alice22@mail.com,1
How soon can I get it?,0
Where do you ship from?,0
Can you show more photos?,0
How soon can I get it?,0
Can you show more photos?,0
Where do you ship from?,0
Where do you ship from?,0
Nice product!,0
Can you show more photos?,0
I’m interested in this item.,0
You can reach me at +1-588-341-2369,1
Nice product!,0
What are the dimensions?,0
Can you show more photos?,0
What are the dimensions?,0
Connect on LinkedIn (linkedin.com/in/coolcat751),1
C a l l   m e :   ( 2 6 3 )   3 4 6 - 9 4 1 0,1
Can you show more photos?,0
Where do you ship from?,0
Nice product!,0
Do you have it in stock?,0
Do you have it in stock?,0
Mail me: heidi99@mail.com,1
How soon can I get it?,0
Add me on WhatsApp: 555-221-9068,1
How soon can I get it?,0
Nice product!,0
get in touch @ user1058@example.com,1
Do you have it in stock?,0
How soon can I get it?,0
What’s the price?,0
My Snapchat is eve359,1
Can you show more photos?,0
Where do you ship from?,0
What’s the price?,0
This looks good.,0
Where do you ship from?,0
What’s the price?,0
What are the dimensions?,0
What’s the price?,0
Where do you ship from?,0
c o n t a c t : +1-411-587-8133,1
I’m interested in this item.,0
you can DM me at shopper602 on Insta,1
My number is (405) 056-6580,1
What’s the price?,0
Do you have it in stock?,0
Nice product!,0
How soon can I get it?,0
"My contact is 555-102-3356, call me.",1
Nice product!,0
Email me at user2762@example.com,1
e v e 3 2 @ e m a i l . n e t,1
wanna chat? +1-648-254-2365,1
What’s the price?,0
Where do you ship from?,0
Where do you ship from?,0
Nice product!,0
What’s the price?,0
This looks good.,0
Nice product!,0
Can I have your email address?,1
What are the dimensions?,0
t e l : +1-105-363-3632,1
Where do you ship from?,0
I’m interested in this item.,0
I’m interested in this item.,0
DM me on Facebook: facebook.com/shopper308,1
What’s the price?,0
How soon can I get it?,0
What’s the price?,0
Where do you ship from?,0
c o n t a c t : +1-905-745-6680,1
Here's my email: user6027@example.com,1
Do you have it in stock?,0
Nice product!,0
telegram: t dot me slash shopper476,1
I’m interested in this item.,0
Nice product!,0
Text me at +1-760-288-5713,1
My number is 5025011137,1
Can you show more photos?,0
Can you show more photos?,0
You can reach me at +1-480-662-8793,1
Nice product!,0
How soon can I get it?,0
Do you have it in stock?,0
Nice product!,0
Where do you ship from?,0
What’s the price?,0
Where do you ship from?,0
I’m interested in this item.,0
I’m interested in this item.,0
Can you show more photos?,0
What’s the price?,0
📱 +1-598-272-1889,1
Do you have it in stock?,0
This looks good.,0
What’s the price?,0
Nice product!,0
What are the dimensions?,0
What are the dimensions?,0
How soon can I get it?,0
What are the dimensions?,0
I’m interested in this item.,0
Contact: +1-843-500-1520,1
Can you show more photos?,0
Where do you ship from?,0
This looks good.,0
What’s the price?,0
reach at t w o o o @example.com,1
Do you have it in stock?,0
Do you have it in stock?,0
Do you have it in stock?,0
Where do you ship from?,0
Nice product!,0
Nice product!,0
This looks good.,0
Where do you ship from?,0
Does it come in other colors?,0
📧 user4844@example.com,1
Do you have it in stock?,0
Do you have it in stock?,0
Does it come in other colors?,0
What’s the price?,0
What’s the price?,0
What are the dimensions?,0
I’m interested in this item.,0
Add me on Facebook (facebook.com/best_pizza),1
My TikTok: @charlie992,1
Connect on LinkedIn (linkedin.com/in/fashionguru),1
What are the dimensions?,0
Where do you ship from?,0
Mail me: charlie31@mail.com,1
Please email me at user8050@example.com,1
This looks good.,0
my email id is user1601@example.com,1
Do you have it in stock?,0
Here's my email: user3609@example.com,1
This looks good.,0
Can you show more photos?,0
wanna chat? +1-195-491-3662,1
Contact: +1-275-748-7204,1
What are the dimensions?,0
Nice product!,0
Can you show more photos?,0
What’s the price?,0
Can you show more photos?,0
Does it come in other colors?,0
Do you have it in stock?,0
Nice product!,0
Nice product!,0
Nice product!,0
Ping me on Telegram: @ivan121,1
This looks good.,0
Snapchat me @ devguy918,1
Can you show more photos?,0
How soon can I get it?,0
c   o   n   t   a   c   t   m   e   ( 3 5 7 )   6 8 4 - 0 1 4 7,1
Do you have it in stock?,0
find me at user4362@example.com 😉,1
What are the dimensions?,0
Where do you ship from?,0
Reach me at 2068417818,1
Can you show more photos?,0
I’m interested in this item.,0
Can you show more photos?,0
How soon can I get it?,0
Where do you ship from?,0
Connect on LinkedIn (linkedin.com/in/designer123),1
Does it come in other colors?,0
Can you show more photos?,0
What are the dimensions?,0
Does it come in other colors?,0
What’s the price?,0
What’s the price?,0
LinkedIn me at 4038178183,1
Nice product!,0
Contact: +1-740-905-8581,1
Do you have it in stock?,0
Where do you ship from?,0
Do you have it in stock?,0
Nice product!,0
This looks good.,0
Where do you ship from?,0
C o n t a c t :   ( 7 9 3 )   7 9 7 - 3 0 6 3,1
Can you show more photos?,0
What’s the price?,0
I’m interested in this item.,0
This looks good.,0
Can you show more photos?,0
Do you have it in stock?,0
Nice product!,0
What’s the price?,0
"Email is user1163@example.com, reach out anytime.",1
Do you have it in stock?,0
Does it come in other colors?,0
C a l l   m e :   ( 2 8 0 )   2 4 6 - 8 2 2 0,1
This looks good.,0
Email me at user5250@example.com,1
Can you show more photos?,0
Message me on Snapchat: shopper99,1
Where do you ship from?,0
Send me a DM on Facebook: facebook.com/shopper99,1
My WeChat ID is shop_owner,1
I’m interested in this item.,0
e m a i l m e @ user2397@example.com,1
"My contact is 555-473-3080, call me.",1
What’s the price?,0
Where do you ship from?,0
Message me on Snapchat: shopper99,1
What’s the price?,0
Do you have it in stock?,0
You can reach me at 555-612-2976,1
What’s the price?,0
I’m interested in this item.,0
Text me at +1-762-882-6432,1
Where do you ship from?,0
Connect on LinkedIn (linkedin.com/in/fashionguru),1
What are the dimensions?,0
What are the dimensions?,0
What’s the price?,0
Does it come in other colors?,0
Does it come in other colors?,0
Nice product!,0
Nice product!,0
How soon can I get it?,0
Do you have it in stock?,0
Does it come in other colors?,0
Does it come in other colors?,0
Does it come in other colors?,0
hmu @ devguy786,1
Send me a DM on Facebook: facebook.com/john_doe,1
What are the dimensions?,0
Does it come in other colors?,0
Contact: +1-531-610-9362,1
What’s the price?,0
Where do you ship from?,0
What’s the price?,0
How soon can I get it?,0
Nice product!,0
Can you show more photos?,0
Do you have it in stock?,0
Nice product!,0
This looks good.,0
Do you have it in stock?,0
Does it come in other colors?,0
Connect on LinkedIn (linkedin.com/in/coolcat219),1
Can you show more photos?,0
What are the dimensions?,0
Nice product!,0
Do you have it in stock?,0
You can reach me at +1-988-581-3692,1
My TikTok: @eve365,1
Do you have it in stock?,0
What are the dimensions?,0
Do you have it in stock?,0
Nice product!,0
Where do you ship from?,0
What are the dimensions?,0
Nice product!,0
Follow me on Twitter: @bob608,1
Do you have it in stock?,0
What’s the price?,0
snap me at s-n-a-p fashionista676,1
c   o   n   t   a   c   t   m   e   4 2 4 - 4 2 4 - 6 3 9 6,1
Does it come in other colors?,0
Can you show more photos?,0
Can you show more photos?,0
I’m interested in this item.,0
How soon can I get it?,0
Can you show more photos?,0
I’m interested in this item.,0
How soon can I get it?,0
Does it come in other colors?,0
WhatsApp me at +1-555-964-4234,1
message me via g m a i l at user3103@example.com,1
What are the dimensions?,0
Let's connect on LinkedIn: https://linkedin.com/in/frank172,1
How soon can I get it?,0
Can you show more photos?,0
my digits: +1-976-326-9390,1
I’m interested in this item.,0
I’m interested in this item.,0
Ping me on Telegram: @judy318,1
Can you show more photos?,0
Nice product!,0
I’m interested in this item.,0
I’m interested in this item.,0
Do you have it in stock?,0
Do you have it in stock?,0
Does it come in other colors?,0
How soon can I get it?,0
Nice product!,0
This looks good.,0
Do you have it in stock?,0
Can you show more photos?,0
How soon can I get it?,0
Can you show more photos?,0
How soon can I get it?,0
How soon can I get it?,0
Where do you ship from?,0
What are the dimensions?,0
Does it come in other colors?,0
This looks good.,0
Snapchat me @ shopper649,1
What are the dimensions?,0
What are the dimensions?,0
What are the dimensions?,0
Add me on Facebook (facebook.com/fashionguru),1
What’s the price?,0
Can you show more photos?,0
Nice product!,0
How soon can I get it?,0
This looks good.,0
What are the dimensions?,0
get in touch @ user7866@example.com,1
I’m interested in this item.,0
Where do you ship from?,0
Do you have it in stock?,0
Can you share your phone number so I can send you details?,1
Does it come in other colors?,0
Message me at user6571@example.com,1
How soon can I get it?,0
What are the dimensions?,0
Can you share your phone number so I can send you details?,1
Message via email: frank24@mail.com,1
Connect on LinkedIn (linkedin.com/in/devguy475),1
Where do you ship from?,0
I’m interested in this item.,0
Does it come in other colors?,0
What’s the price?,0
Can I have your email address?,1
How soon can I get it?,0
Where do you ship from?,0
What’s the price?,0
How soon can I get it?,0
Nice product!,0
I’m interested in this item.,0
Nice product!,0
Can you show more photos?,0
What are the dimensions?,0
Does it come in other colors?,0
This looks good.,0
Do you have it in stock?,0
Do you have it in stock?,0
Does it come in other colors?,0
you can DM me at coolcat391 on Insta,1
hmu @ fashionista340,1
How soon can I get it?,0
hmu @ fashionista419,1
What are the dimensions?,0
Where do you ship from?,0
Do you have it in stock?,0
How soon can I get it?,0
Does it come in other colors?,0
Does it come in other colors?,0
What are the dimensions?,0
Can you show more photos?,0
Where do you ship from?,0
How soon can I get it?,0
Does it come in other colors?,0
This looks good.,0
Where do you ship from?,0
Does it come in other colors?,0
How soon can I get it?,0
find me at user9684@example.com 😉,1
Can you show more photos?,0
Does it come in other colors?,0
This looks good.,0
What are the dimensions?,0
Nice product!,0
Text me at 555-481-9529 for more info.,1
Where do you ship from?,0
What’s the price?,0
Follow me on Twitter: @judy305,1
This looks good.,0
What are the dimensions?,0
Please email me at user3634@example.com,1
Can you show more photos?,0
📧 user4569@example.com,1
Hit me up on WhatsApp at +1-857-548-9886,1
Do you have it in stock?,0
Follow me on Instagram @fashioneer and DM.,1
DM me on Instagram: @grace780,1
I’m interested in this item.,0
Do you have it in stock?,0
You can reach me at 555-864-1723,1
This looks good.,0
Nice product!,0
Find me on Facebook: https://facebook.com/bob122,1
My TikTok: @frank458,1
This looks good.,0
What are the dimensions?,0
This looks good.,0
reach at t w o o o @example.com,1
Nice product!,0
What are the dimensions?,0
What’s the price?,0
C o n t a c t :   2 1 1 - 7 8 6 - 4 0 7 1,1
This looks good.,0
How soon can I get it?,0
wanna chat? +1-423-360-1067,1
I’m interested in this item.,0
DM me on Instagram @john_doe,1
What are the dimensions?,0
What are the dimensions?,0
What are the dimensions?,0
Nice product!,0
Where do you ship from?,0
Nice product!,0
Mail me: grace84@test.org,1
Let's connect on LinkedIn: linkedin.com/in/fashionguru,1
This looks good.,0
Can you show more photos?,0
hmu @ shopper841,1
Nice product!,0
How soon can I get it?,0
What’s the price?,0
I’m interested in this item.,0
Let's connect on LinkedIn: linkedin.com/in/john_doe,1
"My contact is 555-627-9616, call me.",1
Can you show more photos?,0
Do you have it in stock?,0
What’s the price?,0
Does it come in other colors?,0
Nice product!,0
I’m interested in this item.,0
Can you share your phone number so I can send you details?,1
How soon can I get it?,0
What are the dimensions?,0
Contact me on Skype: ivan438,1
My number is 844-617-7249,1
What are the dimensions?,0
Can you show more photos?,0
I’m interested in this item.,0
Where do you ship from?,0
Can you show more photos?,0
Where do you ship from?,0
Where do you ship from?,0
telegram: t dot me slash devguy669,1
This looks good.,0
Nice product!,0
Where do you ship from?,0
Message via email: eve91@test.org,1
Where do you ship from?,0
Do you have it in stock?,0
This looks good.,0
Does it come in other colors?,0
Where do you ship from?,0
Does it come in other colors?,0
Where do you ship from?,0
reach at t w o o o @example.com,1
I’m interested in this item.,0
📱 +1-744-364-5375,1
Connect on LinkedIn (linkedin.com/in/designer123),1
How soon can I get it?,0
Does it come in other colors?,0
What’s the price?,0
Where do you ship from?,0
What are the dimensions?,0
This looks good.,0
This looks good.,0
Let's connect on LinkedIn: linkedin.com/in/tech_lead,1
How soon can I get it?,0
Nice product!,0
How soon can I get it?,0
Nice product!,0
This looks good.,0
Send me a DM on Facebook: facebook.com/tech_lead,1
How soon can I get it?,0
How soon can I get it?,0
This looks good.,0
Do you have it in stock?,0
Do you have it in stock?,0
Does it come in other colors?,0
DM me on Instagram @fashionguru,1
C a l l   m e :   + 1   8 4 0   5 0 4   4 9 4 6,1
What’s the price?,0
Can you show more photos?,0
Does it come in other colors?,0
Where do you ship from?,0
Where do you ship from?,0
Nice product!,0
Do you have it in stock?,0
Do you have it in stock?,0
wanna chat? +1-250-968-2445,1
How soon can I get it?,0
Does it come in other colors?,0
Can you show more photos?,0
Does it come in other colors?,0
How soon can I get it?,0
Where do you ship from?,0
Where do you ship from?,0
Can you show more photos?,0
DM me on Facebook: facebook.com/fashionista760,1
What are the dimensions?,0
Do you have it in stock?,0
Can you show more photos?,0
This looks good.,0
Can you show more photos?,0
I’m interested in this item.,0
What are the dimensions?,0
Text me at 555-679-5525 for more info.,1
I’m interested in this item.,0
Do you have it in stock?,0
Contact me on Skype: eve35,1
What’s the price?,0
What are the dimensions?,0
What are the dimensions?,0
How soon can I get it?,0
Does it come in other colors?,0
Where do you ship from?,0
Can you show more photos?,0
Do you have it in stock?,0
Do you have it in stock?,0
How soon can I get it?,0
How soon can I get it?,0
This looks good.,0
📧 user7303@example.com,1
Can I have your email address?,1
What’s the price?,0
Do you have it in stock?,0
I’m interested in this item.,0
What’s the price?,0
Can you show more photos?,0
What are the dimensions?,0
Here is my email: user7106@example.com,1
Connect on LinkedIn (linkedin.com/in/fashionista67),1
How soon can I get it?,0
This looks good.,0
This looks good.,0
This looks good.,0
Let's connect on LinkedIn: linkedin.com/in/best_pizza,1
Nice product!,0
Do you have it in stock?,0
Do you have it in stock?,0
Can you show more photos?,0
Do you have it in stock?,0
What are the dimensions?,0
Add me on Facebook (facebook.com/shopper99),1
What are the dimensions?,0
Let's connect on LinkedIn: https://linkedin.com/in/judy185,1
Do you have it in stock?,0
This looks good.,0
Nice product!,0
c o n t a c t : +1-182-418-6927,1
Where do you ship from?,0
I’m interested in this item.,0
Does it come in other colors?,0
Can you show more photos?,0
What’s the price?,0
📧 user4623@example.com,1
Nice product!,0
What’s the price?,0
This looks good.,0
What’s the price?,0
I’m interested in this item.,0
Where do you ship from?,0
Nice product!,0
Follow me on Instagram @tech_lead and DM.,1
Where do you ship from?,0
WhatsApp me at +1-555-774-9461,1
This looks good.,0
Does it come in other colors?,0
Where do you ship from?,0
This looks good.,0
This looks good.,0
Does it come in other colors?,0
Do you have it in stock?,0
Does it come in other colors?,0
What’s the price?,0
What are the dimensions?,0
How soon can I get it?,0
What are the dimensions?,0
My WeChat ID is designer123,1
How soon can I get it?,0
Do you have it in stock?,0
This looks good.,0
How soon can I get it?,0
What’s the price?,0
Nice product!,0
C a l l   m e :   4 0 0 - 1 2 7 - 5 6 1 0,1
Can you show more photos?,0
What’s the price?,0
What’s the price?,0
I’m interested in this item.,0
This looks good.,0
Do you have it in stock?,0
Does it come in other colors?,0
Does it come in other colors?,0
Where do you ship from?,0
How soon can I get it?,0
Does it come in other colors?,0
Reach out on WhatsApp at +1-230-380-6675,1
Can you show more photos?,0
Do you have it in stock?,0
Does it come in other colors?,0
Email me at user5091@example.com,1
Do you have it in stock?,0
Does it come in other colors?,0
Ping me on Telegram: @alice827,1
What’s the price?,0
Can you show more photos?,0
Ping me on Telegram: @ivan920,1
How soon can I get it?,0
What are the dimensions?,0
What are the dimensions?,0
Where do you ship from?,0
Email me at bob54@example.com,1
I’m interested in this item.,0
How soon can I get it?,0
I’m interested in this item.,0
Text me at 555-373-8061 for more info.,1
What are the dimensions?,0
My WeChat ID is fashioneer,1
Do you have it in stock?,0
I’m interested in this item.,0
What are the dimensions?,0
What are the dimensions?,0
You can reach me at +1-229-745-4627,1
Do you have it in stock?,0
My TikTok: @charlie160,1
How soon can I get it?,0
Where do you ship from?,0
Do you have it in stock?,0
What’s the price?,0
Can you show more photos?,0
Can you show more photos?,0
Follow me on Instagram @tech_lead and DM.,1
This looks good.,0
Message me on Snapchat: shopper99,1
Can you show more photos?,0
Do you have it in stock?,0
Where do you ship from?,0
Does it come in other colors?,0
Can you show more photos?,0
Nice product!,0
What are the dimensions?,0
Can you share your phone number so I can send you details?,1
What are the dimensions?,0
Where do you ship from?,0
How soon can I get it?,0
Nice product!,0
How soon can I get it?,0
Where do you ship from?,0
What’s the price?,0
Do you have it in stock?,0
I’m interested in this item.,0
Nice product!,0
reach at t w o o o @example.com,1
c   o   n   t   a   c   t   m   e   1 7 7 - 8 9 4 - 6 5 6 1,1
Do you have it in stock?,0
What’s the price?,0
What are the dimensions?,0
What are the dimensions?,0
Does it come in other colors?,0
Does it come in other colors?,0
This looks good.,0
Do you have it in stock?,0
This looks good.,0
"My contact is 555-721-6117, call me.",1
What are the dimensions?,0
Can you show more photos?,0
How soon can I get it?,0
Here's my email: user8947@example.com,1
Does it come in other colors?,0
Can you show more photos?,0
This looks good.,0
DM me on Facebook: facebook.com/shopper912,1
Does it come in other colors?,0
How soon can I get it?,0
Where do you ship from?,0
What’s the price?,0
What are the dimensions?,0
Do you have it in stock?,0
DM me on Instagram: @judy147,1
This looks good.,0
This looks good.,0
Send me a DM on Facebook: facebook.com/shop_owner,1
you can DM me at shopper573 on Insta,1
Mail me: eve19@email.net,1
This looks good.,0
This looks good.,0
Can you show more photos?,0
What’s the price?,0
Nice product!,0
Can you show more photos?,0
DM me on Instagram @jane.smith,1
Contact me via Telegram: @shop_owner,1
Where do you ship from?,0
Do you have it in stock?,0
Can you show more photos?,0
What’s the price?,0
Ping me on Telegram: @charlie600,1
Contact me via Telegram: @coolguy42,1
C a l l   m e :   + 1   5 6 3   3 6 5   9 7 0 9,1
Hit me up on WhatsApp at +1-628-173-4103,1
Nice product!,0
Nice product!,0
Do you have it in stock?,0
Follow me on Twitter: @david146,1
C a l l   m e :   + 1   7 9 0   8 1 1   3 4 5 9,1
What’s the price?,0
I’m interested in this item.,0
c o n t a c t : +1-512-692-1412,1
Do you have it in stock?,0
What’s the price?,0
Do you have it in stock?,0
Nice product!,0
Where do you ship from?,0
What are the dimensions?,0
Nice product!,0
Mail me: alice47@email.net,1
Nice product!,0
My Snapchat is bob176,1
Where do you ship from?,0
Nice product!,0
Where do you ship from?,0
Nice product!,0
Nice product!,0
Do you have it in stock?,0
Contact me via Telegram: @best_pizza,1
Connect on LinkedIn (linkedin.com/in/john_doe),1
message me via g m a i l at user9660@example.com,1
fb.com/fashionista505,1
Nice product!,0
I’m interested in this item.,0
This looks good.,0
Nice product!,0
What’s the price?,0
c   o   n   t   a   c   t   m   e   + 1   5 3 9   3 9 0   0 3 8 2,1
What are the dimensions?,0
Do you have it in stock?,0
How soon can I get it?,0
Does it come in other colors?,0
This looks good.,0
Message me on Snapchat: john_doe,1
How soon can I get it?,0
Contact via email: frank58@test.org,1
Where do you ship from?,0
Nice product!,0
What’s the price?,0
Do you have it in stock?,0
Where do you ship from?,0
hmu @ fashionista746,1
Does it come in other colors?,0
What’s the price?,0
Does it come in other colors?,0
Can you share your phone number so I can send you details?,1
This looks good.,0
What are the dimensions?,0
Hit me up on WhatsApp at +1-492-817-3984,1
What’s the price?,0
This looks good.,0
What’s the price?,0
c   o   n   t   a   c   t   m   e   3 3 8 - 4 8 4 - 3 6 3 7,1
Where do you ship from?,0
What’s the price?,0
Add me on WhatsApp: 555-669-2277,1
What are the dimensions?,0
What are the dimensions?,0
Does it come in other colors?,0
Can you show more photos?,0
Where do you ship from?,0
This looks good.,0
Nice product!,0
What are the dimensions?,0
Does it come in other colors?,0
Where do you ship from?,0
Add me on WhatsApp: 7573624572,1
This looks good.,0
Nice product!,0
Does it come in other colors?,0
This looks good.,0
Add me on WhatsApp: 555-591-8105,1
Do you have it in stock?,0
Let's connect on LinkedIn: linkedin.com/in/tech_lead,1
This looks good.,0
you can DM me at coolcat198 on Insta,1
Add me on Facebook (facebook.com/designer123),1
Can you show more photos?,0
What’s the price?,0
What’s the price?,0
Here's my email: user7444@example.com,1
Connect on LinkedIn (linkedin.com/in/fashionista445),1
c o n t a c t : +1-951-706-7816,1
What’s the price?,0
This looks good.,0
Do you have it in stock?,0
How soon can I get it?,0
What are the dimensions?,0
j u d y 8 7 @ e m a i l . n e t,1
Can you show more photos?,0
Where do you ship from?,0
Does it come in other colors?,0
Where do you ship from?,0
Where do you ship from?,0
Can you show more photos?,0
What are the dimensions?,0
This looks good.,0
How soon can I get it?,0
I’m interested in this item.,0
Do you have it in stock?,0
What are the dimensions?,0
Connect on LinkedIn (linkedin.com/in/tech_lead),1
What are the dimensions?,0
What are the dimensions?,0
Nice product!,0
Text me at 555-321-4312 for more info.,1
This looks good.,0
Can you show more photos?,0
What’s the price?,0
Do you have it in stock?,0
Nice product!,0
How soon can I get it?,0
Can you show more photos?,0
Do you have it in stock?,0
Nice product!,0
Do you have it in stock?,0
This looks good.,0
Do you have it in stock?,0
Nice product!,0
Contact me via Telegram: @fashioneer,1
📧 user1119@example.com,1
This looks good.,0
What are the dimensions?,0
Does it come in other colors?,0
What’s the price?,0
What are the dimensions?,0
Do you have it in stock?,0
c   o   n   t   a   c   t   m   e   + 1   4 4 6   8 1 1   1 7 7 4,1
What are the dimensions?,0
Where do you ship from?,0
Hit me up on WhatsApp at 555-648-2059,1
Nice product!,0
Where do you ship from?,0
Can you show more photos?,0
How soon can I get it?,0
What are the dimensions?,0
Where do you ship from?,0
Do you have it in stock?,0
Does it come in other colors?,0
Please email me at user8188@example.com,1
How soon can I get it?,0
Can you show more photos?,0
Contact me on Skype: heidi27,1
Do you have it in stock?,0
This looks good.,0
Where do you ship from?,0
What’s the price?,0
You can reach me at 555-723-9883,1
Can you show more photos?,0
hmu @ devguy916,1
Do you have it in stock?,0
This looks good.,0
What’s the price?,0
My Snapchat is david244,1
find me at user1875@example.com 😉,1
This looks good.,0
Does it come in other colors?,0
you can DM me at shopper821 on Insta,1
What’s the price?,0
I’m interested in this item.,0
Can you show more photos?,0
Does it come in other colors?,0
What are the dimensions?,0
DM me on Instagram @shop_owner,1
Nice product!,0
wanna chat? +1-934-944-7755,1
This looks good.,0
My WeChat ID is tech_lead,1
What are the dimensions?,0
Nice product!,0
Where do you ship from?,0
This looks good.,0
Where do you ship from?,0
What’s the price?,0
Nice product!,0
Reach out on WhatsApp at +1-794-570-6432,1
Do you have it in stock?,0
Can you show more photos?,0
DM me on Instagram @john_doe,1
I’m interested in this item.,0
What’s the price?,0
Where do you ship from?,0
Can you show more photos?,0
This looks good.,0
This looks good.,0
What’s the price?,0
Do you have it in stock?,0
snap me at s-n-a-p fashionista571,1
Does it come in other colors?,0
Here's my email: user4501@example.com,1
What’s the price?,0
This looks good.,0
I’m interested in this item.,0
You can reach me at +1-936-119-4076,1
Where do you ship from?,0
I’m interested in this item.,0
Can you share your phone number so I can send you details?,1
This looks good.,0
Nice product!,0
What’s the price?,0
Where do you ship from?,0
I’m interested in this item.,0
Can you show more photos?,0
I’m interested in this item.,0
Where do you ship from?,0
Does it come in other colors?,0
Where do you ship from?,0
Hit me up on WhatsApp at 555-591-1201,1
Please email me at user3591@example.com,1
What’s the price?,0
Nice product!,0
Nice product!,0
C a l l   m e :   ( 9 7 4 )   6 4 2 - 6 7 0 6,1
Message me at user8689@example.com,1
How soon can I get it?,0
Where do you ship from?,0
Can you show more photos?,0
What’s the price?,0
Nice product!,0
Can you show more photos?,0
What’s the price?,0
I’m interested in this item.,0
This looks good.,0
Do you have it in stock?,0
Let's connect on LinkedIn: linkedin.com/in/designer123,1
c o n t a c t : +1-351-488-5824,1
My number is +1 948 529 9066,1
Nice product!,0
Where do you ship from?,0
What’s the price?,0
Nice product!,0
What’s the price?,0
Nice product!,0
My TikTok: @judy669,1
Here is my email: user9091@example.com,1
What are the dimensions?,0
What are the dimensions?,0
My WeChat ID is fashioneer,1
What are the dimensions?,0
Do you have it in stock?,0
Can you show more photos?,0
What’s the price?,0
Do you have it in stock?,0
Do you have it in stock?,0
Mail me: ivan40@example.com,1
How soon can I get it?,0
This looks good.,0
Does it come in other colors?,0
Do you have it in stock?,0
What are the dimensions?,0
Nice product!,0
Can you show more photos?,0
This looks good.,0
What are the dimensions?,0
You can reach me at 555-610-3223,1
Can you show more photos?,0
Nice product!,0
"My contact is 555-346-4173, call me.",1
Contact me on Skype: alice359,1
Nice product!,0
This looks good.,0
I’m interested in this item.,0
Here is my email: user2655@example.com,1
Does it come in other colors?,0
Does it come in other colors?,0
Message via email: grace19@email.net,1
What are the dimensions?,0
What’s the price?,0
This looks good.,0
fb.com/coolcat906,1
Where do you ship from?,0
Nice product!,0
This looks good.,0
This looks good.,0
Where do you ship from?,0
Reach out on WhatsApp at +1-950-896-2136,1
"My contact is 555-656-2207, call me.",1
Where do you ship from?,0
This looks good.,0
What’s the price?,0
Does it come in other colors?,0
This looks good.,0
Where do you ship from?,0
I’m interested in this item.,0
What are the dimensions?,0
What are the dimensions?,0
snap me at s-n-a-p coolcat642,1
C o n t a c t :   + 1   8 1 4   8 7 0   1 0 3 0,1
"Email is user9095@example.com, reach out anytime.",1
I’m interested in this item.,0
My number is +1 188 093 4251,1
Can you show more photos?,0
I’m interested in this item.,0
Can you show more photos?,0
Does it come in other colors?,0
Does it come in other colors?,0
Nice product!,0
Can you show more photos?,0
Here is my email: user3134@example.com,1
I’m interested in this item.,0
Where do you ship from?,0
Can you show more photos?,0
What’s the price?,0
Nice product!,0
Can you show more photos?,0
📧 user7042@example.com,1
I’m interested in this item.,0
Where do you ship from?,0
Do you have it in stock?,0
Nice product!,0
Nice product!,0
I’m interested in this item.,0
Do you have it in stock?,0
What are the dimensions?,0
Does it come in other colors?,0
Here is my email: user1007@example.com,1
What are the dimensions?,0
Do you have it in stock?,0
What are the dimensions?,0
Where do you ship from?,0
What are the dimensions?,0
Can you show more photos?,0
Does it come in other colors?,0
What’s the price?,0
This looks good.,0
Find me on Facebook: https://facebook.com/alice762,1
Can you show more photos?,0
Does it come in other colors?,0
Does it come in other colors?,0
This looks good.,0
You can reach me at 555-132-1547,1
Do you have it in stock?,0
Where do you ship from?,0
Nice product!,0
Contact me via Telegram: @john_doe,1
📧 user5162@example.com,1
I’m interested in this item.,0
I’m interested in this item.,0
This looks good.,0
Nice product!,0
Message me on Signal: 2073264513,1
Contact me via Telegram: @designer123,1
Where do you ship from?,0
Find me on Facebook: https://facebook.com/judy324,1
Reach me at 0610352496,1
WhatsApp me at +1-555-435-5215,1
What’s the price?,0
Do you have it in stock?,0
Follow me on Instagram @jane.smith and DM.,1
This looks good.,0
Do you have it in stock?,0
Nice product!,0
I’m interested in this item.,0
How soon can I get it?,0
I’m interested in this item.,0
I’m interested in this item.,0
Can you show more photos?,0
What’s the price?,0
I’m interested in this item.,0
This looks good.,0
Do you have it in stock?,0
Nice product!,0
How soon can I get it?,0
I’m interested in this item.,0
Does it come in other colors?,0
How soon can I get it?,0
Does it come in other colors?,0
How soon can I get it?,0
This looks good.,0
Mail me: bob21@example.com,1
Does it come in other colors?,0
How soon can I get it?,0
Where do you ship from?,0
What’s the price?,0
You can reach me at 555-655-8988,1
Find me on Facebook: https://facebook.com/ivan708,1
Does it come in other colors?,0
I’m interested in this item.,0
Can you show more photos?,0
Does it come in other colors?,0
wanna chat? +1-353-930-5369,1
reach at t w o o o @example.com,1
Nice product!,0
What’s the price?,0
Do you have it in stock?,0
Hit me up on WhatsApp at +1-549-874-9341,1
Text me at +1-586-784-7850,1
Does it come in other colors?,0
C a l l   m e :   + 1   0 8 9   7 3 7   5 5 6 5,1
Does it come in other colors?,0
What are the dimensions?,0
This looks good.,0
I’m interested in this item.,0
What are the dimensions?,0
This looks good.,0
Follow me on Instagram @designer123 and DM.,1
Message me on Snapchat: tech_lead,1
Where do you ship from?,0
This looks good.,0
Nice product!,0
find me at user7674@example.com 😉,1
How soon can I get it?,0
Where do you ship from?,0
Nice product!,0
This looks good.,0
Does it come in other colors?,0
Can you show more photos?,0
Where do you ship from?,0
Message via email: ivan2@test.org,1
Do you have it in stock?,0
What’s the price?,0
This looks good.,0
Contact me on Skype: judy740,1
Can you show more photos?,0
What’s the price?,0
What are the dimensions?,0
What are the dimensions?,0
What are the dimensions?,0
Does it come in other colors?,0
I’m interested in this item.,0
Does it come in other colors?,0
Follow me on Twitter: @eve337,1
My WeChat ID is shopper99,1
What’s the price?,0
I’m interested in this item.,0
c o n t a c t : +1-424-522-2166,1
Does it come in other colors?,0
Do you have it in stock?,0
I’m interested in this item.,0
Add me on WhatsApp: 555-489-4220,1
Can you show more photos?,0
Nice product!,0
Nice product!,0
Can you show more photos?,0
Do you have it in stock?,0
What are the dimensions?,0
Do you have it in stock?,0
Can you show more photos?,0
Can you show more photos?,0
You can reach me at 555-610-2231,1
Can you show more photos?,0
I’m interested in this item.,0
Where do you ship from?,0
Do you have it in stock?,0
What’s the price?,0
Do you have it in stock?,0
How soon can I get it?,0
How soon can I get it?,0
Do you have it in stock?,0
Send me a DM on Facebook: facebook.com/designer123,1
Connect on LinkedIn (linkedin.com/in/devguy119),1
Do you have it in stock?,0
Do you have it in stock?,0
Can you show more photos?,0
What are the dimensions?,0
How soon can I get it?,0
How soon can I get it?,0
Contact me on Skype: heidi134,1
Do you have it in stock?,0
What are the dimensions?,0
Where do you ship from?,0
Do you have it in stock?,0
Can you show more photos?,0
How soon can I get it?,0
This looks good.,0
Mail me: frank64@example.com,1
Message me at user7104@example.com,1
Does it come in other colors?,0
Hit me up on WhatsApp at +1-758-521-6823,1
My number is (549) 709-6844,1
Let's connect on LinkedIn: linkedin.com/in/fashionguru,1
Connect on LinkedIn (linkedin.com/in/fashioneer),1
Do you have it in stock?,0
How soon can I get it?,0
Send me a DM on Facebook: facebook.com/best_pizza,1
Do you have it in stock?,0
📧 user6330@example.com,1
Do you have it in stock?,0
What’s the price?,0
I’m interested in this item.,0
e m a i l m e @ user835@example.com,1
What’s the price?,0
This looks good.,0
How soon can I get it?,0
Do you have it in stock?,0
Send me a DM on Facebook: facebook.com/tech_lead,1
How soon can I get it?,0
Nice product!,0
I’m interested in this item.,0
How soon can I get it?,0
What are the dimensions?,0
Does it come in other colors?,0
Do you have it in stock?,0
Where do you ship from?,0
This looks good.,0
How soon can I get it?,0
Does it come in other colors?,0
How soon can I get it?,0
What’s the price?,0
Email me at user697@example.com,1
Where do you ship from?,0
What’s the price?,0
What are the dimensions?,0
Can you show more photos?,0
Do you have it in stock?,0
Nice product!,0
I’m interested in this item.,0
I’m interested in this item.,0
Can you show more photos?,0
This looks good.,0
Can you show more photos?,0
What’s the price?,0
snap me at s-n-a-p coolcat182,1
Does it come in other colors?,0
What are the dimensions?,0
Where do you ship from?,0
What’s the price?,0
Where do you ship from?,0
My TikTok: @frank749,1
Does it come in other colors?,0
Contact: +1-429-169-3906,1
What are the dimensions?,0
Where do you ship from?,0
I’m interested in this item.,0
Can I have your email address?,1
What’s the price?,0
DM me on Instagram: @bob127,1
Do you have it in stock?,0
Message via email: heidi11@email.net,1
find me at user1671@example.com 😉,1
Ping me on Telegram: @judy706,1
Can you show more photos?,0
What are the dimensions?,0
Ping me on Telegram: @judy17,1
This looks good.,0
Can you show more photos?,0
This looks good.,0
What are the dimensions?,0
Reach out on WhatsApp at +1-209-313-7229,1
What’s the price?,0
What are the dimensions?,0
Where do you ship from?,0
Where do you ship from?,0
Please email me at user4878@example.com,1
What’s the price?,0
How soon can I get it?,0
How soon can I get it?,0
What are the dimensions?,0
This looks good.,0
Add me on WhatsApp: 555-982-9148,1
Add me on WhatsApp: 555-525-9643,1
Contact me via Telegram: @john_doe,1
How soon can I get it?,0
My WeChat ID is tech_lead,1
Does it come in other colors?,0
Let's connect on LinkedIn: https://linkedin.com/in/eve903,1
I’m interested in this item.,0
wanna chat? +1-324-736-5341,1
Nice product!,0
My number is 502-012-8084,1
a l i c e 7 5 @ m a i l . c o m,1
Follow me on Twitter: @david871,1
Can you show more photos?,0
Can you show more photos?,0
What’s the price?,0
I’m interested in this item.,0
Can you show more photos?,0
hmu @ fashionista587,1
This looks good.,0
my email id is user7828@example.com,1
Do you have it in stock?,0
Where do you ship from?,0
Do you have it in stock?,0
Does it come in other colors?,0
Do you have it in stock?,0
Where do you ship from?,0
How soon can I get it?,0
How soon can I get it?,0
Do you have it in stock?,0
Where do you ship from?,0
This looks good.,0
Where do you ship from?,0
What are the dimensions?,0
Where do you ship from?,0
Where do you ship from?,0
Can you show more photos?,0
How soon can I get it?,0
Can you show more photos?,0
reach at t w o o o @example.com,1
This looks good.,0
What are the dimensions?,0
You can reach me at 555-448-7112,1
wanna chat? +1-621-842-9368,1
I’m interested in this item.,0
Can you show more photos?,0
Where do you ship from?,0
What’s the price?,0
Do you have it in stock?,0
I’m interested in this item.,0
What’s the price?,0
What are the dimensions?,0
How soon can I get it?,0
What are the dimensions?,0
This looks good.,0
You can reach me at +1-723-120-7206,1
This looks good.,0
Send me a DM on Facebook: facebook.com/best_pizza,1
What are the dimensions?,0
Do you have it in stock?,0
What’s the price?,0
Telegram me at (244) 773-7924,1
Does it come in other colors?,0
What are the dimensions?,0
How soon can I get it?,0
Does it come in other colors?,0
Reach out on WhatsApp at +1-166-785-6404,1
You can reach me at +1-503-221-2718,1
Do you have it in stock?,0
Nice product!,0
How soon can I get it?,0
📱 +1-819-687-8667,1
Does it come in other colors?,0
Do you have it in stock?,0
Nice product!,0
Do you have it in stock?,0
This looks good.,0
Where do you ship from?,0
Here is my email: user6232@example.com,1
Reach me at (263) 987-0811,1
Where do you ship from?,0
Nice product!,0
Do you have it in stock?,0
Does it come in other colors?,0
Where do you ship from?,0
What’s the price?,0
This looks good.,0
Does it come in other colors?,0
Do you have it in stock?,0
Text me at 555-805-6579 for more info.,1
Can you show more photos?,0
snap me at s-n-a-p shopper617,1
What are the dimensions?,0
Do you have it in stock?,0
How soon can I get it?,0
Can you share your phone number so I can send you details?,1
Nice product!,0
Please email me at user2730@example.com,1
Do you have it in stock?,0
Do you have it in stock?,0
I’m interested in this item.,0
This looks good.,0
How soon can I get it?,0
Nice product!,0
Reach me at +1 369 292 2973,1
Where do you ship from?,0
Call me at +1 378 286 4426,1
my digits: +1-410-308-6427,1
What are the dimensions?,0
Can you show more photos?,0
Nice product!,0
This looks good.,0
Nice product!,0
Does it come in other colors?,0
What are the dimensions?,0
Where do you ship from?,0
You can reach me at 555-160-9357,1
Text me at +1-413-120-2123,1
What are the dimensions?,0
What are the dimensions?,0
How soon can I get it?,0
I’m interested in this item.,0
I’m interested in this item.,0
I’m interested in this item.,0
What are the dimensions?,0
Ping me on Telegram: @frank556,1
Do you have it in stock?,0
How soon can I get it?,0
Do you have it in stock?,0
What’s the price?,0
What are the dimensions?,0
Can you share your phone number so I can send you details?,1
Where do you ship from?,0
Where do you ship from?,0
Do you have it in stock?,0
What are the dimensions?,0
e v e 7 5 @ t e s t . o r g,1
Message via email: bob72@mail.com,1
How soon can I get it?,0
I’m interested in this item.,0
What’s the price?,0
You can reach me at 555-613-4126,1
What are the dimensions?,0
This looks good.,0
Nice product!,0
Does it come in other colors?,0
Send me a DM on Facebook: facebook.com/shopper99,1
my digits: +1-752-950-9152,1
Does it come in other colors?,0
How soon can I get it?,0
DM me on Instagram @jane.smith,1
my digits: +1-976-335-9820,1
Message me on Signal: 781-988-7835,1
I’m interested in this item.,0
This looks good.,0
Add me on WhatsApp: 555-605-3116,1
Can you show more photos?,0
Do you have it in stock?,0
This looks good.,0
Nice product!,0
Nice product!,0
Snapchat me @ devguy334,1
Reach out on WhatsApp at +1-890-563-1315,1
Do you have it in stock?,0
Contact me on Skype: eve759,1
snap me at s-n-a-p shopper685,1
Nice product!,0
Can you show more photos?,0
Where do you ship from?,0
What are the dimensions?,0
Let's connect on LinkedIn: https://linkedin.com/in/alice979,1
Here is my email: user1277@example.com,1
e v e 2 0 @ e x a m p l e . c o m,1
Nice product!,0
Do you have it in stock?,0
Does it come in other colors?,0
What’s the price?,0
Do you have it in stock?,0
Does it come in other colors?,0
Where do you ship from?,0
This looks good.,0
Where do you ship from?,0
Does it come in other colors?,0
Call me at +1 813 536 7144,1
snap me at s-n-a-p shopper255,1
How soon can I get it?,0
Can you show more photos?,0
This looks good.,0
DM me on Instagram: @eve620,1
What’s the price?,0
My Snapchat is judy57,1
Can you show more photos?,0
Message me at user8884@example.com,1
Does it come in other colors?,0
Nice product!,0
I’m interested in this item.,0
Where do you ship from?,0
I’m interested in this item.,0
my digits: +1-721-246-9155,1
Contact me on Skype: grace491,1
What are the dimensions?,0
Where do you ship from?,0
I’m interested in this item.,0
I’m interested in this item.,0
My number is 3439231532,1
Nice product!,0
Nice product!,0
DM me on Instagram: @charlie448,1
Do you have it in stock?,0
I’m interested in this item.,0
Here is my email: user6766@example.com,1
Email me at bob82@test.org,1
What’s the price?,0
Does it come in other colors?,0
Where do you ship from?,0
hmu @ coolcat587,1
Where do you ship from?,0
I’m interested in this item.,0
Text me at +1 278 532 4529,1
Let's connect on LinkedIn: linkedin.com/in/fashioneer,1
Where do you ship from?,0
What are the dimensions?,0
How soon can I get it?,0
What’s the price?,0
How soon can I get it?,0
This looks good.,0
Does it come in other colors?,0
Can you show more photos?,0
What’s the price?,0
How soon can I get it?,0
you can DM me at coolcat350 on Insta,1
This looks good.,0
What’s the price?,0
How soon can I get it?,0
What are the dimensions?,0
Where do you ship from?,0
Does it come in other colors?,0
My Snapchat is frank191,1
Please email me at user5557@example.com,1
What’s the price?,0
What’s the price?,0
I’m interested in this item.,0
I’m interested in this item.,0
How soon can I get it?,0
Do you have it in stock?,0
Can you show more photos?,0
WhatsApp me at +1-555-630-2923,1
Text me at +1-398-236-2758,1
Can you show more photos?,0
This looks good.,0
Does it come in other colors?,0
What are the dimensions?,0
Does it come in other colors?,0
Where do you ship from?,0
Do you have it in stock?,0
What’s the price?,0
What’s the price?,0
Can you show more photos?,0
This looks good.,0
How soon can I get it?,0
Do you have it in stock?,0
Does it come in other colors?,0
e m a i l m e @ user658@example.com,1
What are the dimensions?,0
Call me at (297) 275-2346,1
What are the dimensions?,0
Nice product!,0
Where do you ship from?,0
Contact me on Skype: eve62,1
I’m interested in this item.,0
Nice product!,0
What are the dimensions?,0
Where do you ship from?,0
How soon can I get it?,0
Where do you ship from?,0
Nice product!,0
What are the dimensions?,0
Where do you ship from?,0
What’s the price?,0
Contact me on Skype: heidi491,1
Do you have it in stock?,0
This looks good.,0
How soon can I get it?,0
This looks good.,0
Reach me at 3164529670,1
What’s the price?,0
What are the dimensions?,0
Contact me on Skype: eve607,1
DM me on Instagram: @bob634,1
Can you show more photos?,0
I’m interested in this item.,0
What are the dimensions?,0
Do you have it in stock?,0
Nice product!,0
Nice product!,0
Where do you ship from?,0
What’s the price?,0
Where do you ship from?,0
Nice product!,0
What are the dimensions?,0
Can you show more photos?,0
Can you show more photos?,0
wanna chat? +1-620-978-4598,1
This looks good.,0
Can you show more photos?,0
Where do you ship from?,0
snap me at s-n-a-p shopper202,1
reach at t w o o o @example.com,1
"My contact is 555-254-5614, call me.",1
What are the dimensions?,0
What’s the price?,0
get in touch @ user1208@example.com,1
wanna chat? +1-946-564-6831,1
What are the dimensions?,0
You can reach me at 555-595-6086,1
Does it come in other colors?,0
What are the dimensions?,0
Can you show more photos?,0
Where do you ship from?,0
Email me at user8411@example.com,1
Where do you ship from?,0
How soon can I get it?,0
What’s the price?,0
Nice product!,0
Nice product!,0
How soon can I get it?,0
Does it come in other colors?,0
Can you show more photos?,0
How soon can I get it?,0
What’s the price?,0
Can you show more photos?,0
Does it come in other colors?,0
Do you have it in stock?,0
This looks good.,0
I’m interested in this item.,0
What are the dimensions?,0
What’s the price?,0
How soon can I get it?,0
What’s the price?,0
Can I have your email address?,1
What’s the price?,0
Call me at (727) 566-1454,1
C a l l   m e :   + 1   7 3 3   6 5 2   0 7 6 6,1
Nice product!,0
Add me on WhatsApp: 555-399-6400,1
Do you have it in stock?,0
I’m interested in this item.,0
You can reach me at +1-520-483-4718,1
I’m interested in this item.,0
This looks good.,0
What’s the price?,0
My TikTok: @frank849,1
You can reach me at 555-345-7064,1
How soon can I get it?,0
Do you have it in stock?,0
How soon can I get it?,0
Do you have it in stock?,0
This looks good.,0
How soon can I get it?,0
This looks good.,0
What are the dimensions?,0
Here's my email: user84@example.com,1
Nice product!,0
This looks good.,0
I’m interested in this item.,0
This looks good.,0
Nice product!,0
Nice product!,0
I’m interested in this item.,0
you can DM me at fashionista47 on Insta,1
Where do you ship from?,0
Can you show more photos?,0
I’m interested in this item.,0
I’m interested in this item.,0
I’m interested in this item.,0
Can you show more photos?,0
What’s the price?,0
Does it come in other colors?,0
Mail me: judy78@test.org,1
Can I have your email address?,1
Does it come in other colors?,0
What’s the price?,0
My WeChat ID is jane.smith,1
This looks good.,0
Here is my email: user9441@example.com,1
WhatsApp me at +1-555-627-4242,1
Mail me: frank31@test.org,1
Message via email: charlie3@example.com,1
I’m interested in this item.,0
Please email me at user5567@example.com,1
How soon can I get it?,0
What’s the price?,0
This looks good.,0
I’m interested in this item.,0
Contact: +1-605-298-1738,1
What are the dimensions?,0
What are the dimensions?,0
How soon can I get it?,0
Do you have it in stock?,0
Where do you ship from?,0
How soon can I get it?,0
Does it come in other colors?,0
What are the dimensions?,0
my digits: +1-551-297-6467,1
Does it come in other colors?,0
This looks good.,0
I’m interested in this item.,0
What are the dimensions?,0
📧 user3888@example.com,1
How soon can I get it?,0
Nice product!,0
Where do you ship from?,0
Do you have it in stock?,0
Where do you ship from?,0
This looks good.,0
C a l l   m e :   7 9 3 0 8 9 6 7 0 8,1
Can you show more photos?,0
Nice product!,0
Can you show more photos?,0
Nice product!,0
Contact via email: frank78@mail.com,1
What are the dimensions?,0
Where do you ship from?,0
This looks good.,0
This looks good.,0
How soon can I get it?,0
Does it come in other colors?,0
What’s the price?,0
What’s the price?,0
Can you show more photos?,0
How soon can I get it?,0
Does it come in other colors?,0
Can you show more photos?,0
Send me a DM on Facebook: facebook.com/designer123,1
What are the dimensions?,0
Does it come in other colors?,0
Where do you ship from?,0
Hit me up on WhatsApp at +1-141-781-5081,1
What are the dimensions?,0
You can reach me at +1-385-146-6683,1
My WeChat ID is tech_lead,1
Follow me on Instagram @jane.smith and DM.,1
DM me on Instagram: @eve6,1
Where do you ship from?,0
This looks good.,0
Message me at user6618@example.com,1
You can reach me at 555-360-8082,1
How soon can I get it?,0
Can you share your phone number so I can send you details?,1
I’m interested in this item.,0
Ping me on Telegram: @heidi268,1
This looks good.,0
Does it come in other colors?,0
Please email me at user1415@example.com,1
Nice product!,0
What’s the price?,0
Can you show more photos?,0
Does it come in other colors?,0
Let's connect on LinkedIn: https://linkedin.com/in/frank295,1
What’s the price?,0
Send me a DM on Facebook: facebook.com/fashionguru,1
What are the dimensions?,0
What’s the price?,0
What’s the price?,0
📧 user7159@example.com,1
How soon can I get it?,0
Do you have it in stock?,0
Text me at +1 725 809 9891,1
Can you show more photos?,0
Can you show more photos?,0
Does it come in other colors?,0
What’s the price?,0
This looks good.,0
Add me on WhatsApp: +1 523 933 7689,1
Can you show more photos?,0
You can reach me at 555-382-6988,1
Where do you ship from?,0
Does it come in other colors?,0
This looks good.,0
Nice product!,0
What are the dimensions?,0
Do you have it in stock?,0
message me via g m a i l at user976@example.com,1
What’s the price?,0
This looks good.,0
What are the dimensions?,0
Can you show more photos?,0
Do you have it in stock?,0
What’s the price?,0
Send me a DM on Facebook: facebook.com/john_doe,1
What are the dimensions?,0
How soon can I get it?,0
WhatsApp me at +1-555-368-4947,1
This looks good.,0
I’m interested in this item.,0
WhatsApp me at +1-555-573-2394,1
"My contact is 555-669-7956, call me.",1
Connect on LinkedIn (linkedin.com/in/coolguy42),1
Where do you ship from?,0
Can you show more photos?,0
I’m interested in this item.,0
Please email me at user7979@example.com,1
Contact me via Telegram: @shop_owner,1
fb.com/coolcat239,1
Nice product!,0
Can you show more photos?,0
Where do you ship from?,0
I’m interested in this item.,0
Follow me on Twitter: @david571,1
What are the dimensions?,0
Where do you ship from?,0
Does it come in other colors?,0
Find me on Facebook: https://facebook.com/ivan369,1
What are the dimensions?,0
Nice product!,0
Nice product!,0
Does it come in other colors?,0
get in touch @ user27@example.com,1
Where do you ship from?,0
Where do you ship from?,0
message me via g m a i l at user6501@example.com,1
Let's connect on LinkedIn: https://linkedin.com/in/alice859,1
Does it come in other colors?,0
Email me at user6654@example.com,1
Do you have it in stock?,0
How soon can I get it?,0
Nice product!,0
I’m interested in this item.,0
Do you have it in stock?,0
This looks good.,0
This looks good.,0
Nice product!,0
How soon can I get it?,0
What are the dimensions?,0
Do you have it in stock?,0
Nice product!,0
Contact me on Skype: heidi303,1
Does it come in other colors?,0
How soon can I get it?,0
Nice product!,0
What are the dimensions?,0
Find me on Facebook: https://facebook.com/grace157,1
Do you have it in stock?,0
What are the dimensions?,0
What’s the price?,0
Where do you ship from?,0
Nice product!,0
What’s the price?,0
What are the dimensions?,0
This looks good.,0
Nice product!,0
Where do you ship from?,0
Do you have it in stock?,0
Can you show more photos?,0
Where do you ship from?,0
How soon can I get it?,0
I’m interested in this item.,0
My TikTok: @bob752,1
Can you show more photos?,0
Where do you ship from?,0
Does it come in other colors?,0
Can you show more photos?,0
Let's connect on LinkedIn: https://linkedin.com/in/heidi989,1
Can you show more photos?,0
Can you show more photos?,0
Nice product!,0
Text me at 555-982-1361 for more info.,1
What are the dimensions?,0
Nice product!,0
How soon can I get it?,0
I’m interested in this item.,0
How soon can I get it?,0
Does it come in other colors?,0
What are the dimensions?,0
I’m interested in this item.,0
My number is 022-286-2822,1
How soon can I get it?,0
This looks good.,0
i v a n 4 5 @ e m a i l . n e t,1
Can you show more photos?,0
Do you have it in stock?,0
Do you have it in stock?,0
Where do you ship from?,0
you can DM me at coolcat332 on Insta,1
Nice product!,0
I’m interested in this item.,0
What are the dimensions?,0
I’m interested in this item.,0
Do you have it in stock?,0
What’s the price?,0
Can you show more photos?,0
My Snapchat is frank177,1
Can you show more photos?,0
Does it come in other colors?,0
Can you show more photos?,0
Contact me via Telegram: @tech_lead,1
My number is (787) 254-7799,1
Nice product!,0
How soon can I get it?,0
Hit me up on WhatsApp at 555-975-6831,1
Does it come in other colors?,0
What’s the price?,0
Does it come in other colors?,0
This looks good.,0
How soon can I get it?,0
Nice product!,0
Contact me via Telegram: @fashioneer,1
Does it come in other colors?,0
Email me at frank60@test.org,1
c o n t a c t : +1-149-704-9222,1
Does it come in other colors?,0
Message via email: judy18@example.com,1
Where do you ship from?,0
How soon can I get it?,0
Nice product!,0
Can you show more photos?,0
This looks good.,0
Where do you ship from?,0
What’s the price?,0
What are the dimensions?,0
My WeChat ID is fashionguru,1
Email me at heidi41@mail.com,1
my email id is user6531@example.com,1
This looks good.,0
Nice product!,0
Can you show more photos?,0
What are the dimensions?,0
Contact me via Telegram: @fashionguru,1
Where do you ship from?,0
What are the dimensions?,0
find me at user6080@example.com 😉,1
This looks good.,0
Can you show more photos?,0
How soon can I get it?,0
Can you show more photos?,0
Where do you ship from?,0
e m a i l m e @ user8609@example.com,1
Email me at bob89@email.net,1
my digits: +1-799-587-6131,1
This looks good.,0
Can you show more photos?,0
Nice product!,0
📧 user7093@example.com,1
I’m interested in this item.,0
Nice product!,0
DM me on Instagram: @frank150,1
How soon can I get it?,0
Can you show more photos?,0
telegram: t dot me slash fashionista661,1
Nice product!,0
DM me on Instagram @tech_lead,1
Message me on Signal: (518) 048-6666,1
Nice product!,0
This looks good.,0
This looks good.,0
Does it come in other colors?,0
Hit me up on WhatsApp at +1-409-993-6471,1
"My contact is 555-772-2015, call me.",1
Does it come in other colors?,0
Nice product!,0
Nice product!,0
What are the dimensions?,0
message me via g m a i l at user2812@example.com,1
Can you show more photos?,0
Message me at user5185@example.com,1
Do you have it in stock?,0
This looks good.,0
Does it come in other colors?,0
I’m interested in this item.,0
What are the dimensions?,0
I’m interested in this item.,0
Where do you ship from?,0
I’m interested in this item.,0
How soon can I get it?,0
I’m interested in this item.,0
How soon can I get it?,0
Can you show more photos?,0
How soon can I get it?,0
Does it come in other colors?,0
Text me at +1-341-228-6207,1
What are the dimensions?,0
What are the dimensions?,0
Nice product!,0
This looks good.,0
Do you have it in stock?,0
What’s the price?,0
I’m interested in this item.,0
How soon can I get it?,0
Does it come in other colors?,0
My number is +1 549 326 7708,1
Nice product!,0
This looks good.,0
What are the dimensions?,0
What’s the price?,0
Where do you ship from?,0
Nice product!,0
I’m interested in this item.,0
How soon can I get it?,0
Do you have it in stock?,0
What’s the price?,0
How soon can I get it?,0
How soon can I get it?,0
What are the dimensions?,0
Message me on Snapchat: tech_lead,1
I’m interested in this item.,0
Does it come in other colors?,0
This looks good.,0
Does it come in other colors?,0
I’m interested in this item.,0
How soon can I get it?,0
What are the dimensions?,0
Do you have it in stock?,0
Nice product!,0
Nice product!,0
Where do you ship from?,0
Where do you ship from?,0
Text me at 989-279-2198,1
What are the dimensions?,0
How soon can I get it?,0
What’s the price?,0
Nice product!,0
I’m interested in this item.,0
Nice product!,0
This looks good.,0
How soon can I get it?,0
Nice product!,0
What’s the price?,0
Can you show more photos?,0
Find me on Facebook: https://facebook.com/frank585,1
Where do you ship from?,0
Does it come in other colors?,0
Do you have it in stock?,0
WhatsApp me at +1-555-207-3867,1
How soon can I get it?,0
I’m interested in this item.,0
What are the dimensions?,0
Do you have it in stock?,0
What’s the price?,0
Nice product!,0
What are the dimensions?,0
My Snapchat is eve451,1
Email me at ivan99@mail.com,1
Does it come in other colors?,0
Snapchat me @ shopper994,1
How soon can I get it?,0
Text me at +1-888-118-2921,1
I’m interested in this item.,0
How soon can I get it?,0
Can you show more photos?,0
Can I have your email address?,1
Do you have it in stock?,0
What are the dimensions?,0
Does it come in other colors?,0
telegram: t dot me slash coolcat463,1
I’m interested in this item.,0
What’s the price?,0
You can reach me at 555-239-1063,1
What’s the price?,0
Call me at 6595034199,1
What’s the price?,0
Where do you ship from?,0
fb.com/fashionista313,1
Reach out on WhatsApp at +1-875-179-1485,1
Ping me on Telegram: @charlie896,1
I’m interested in this item.,0
Can you show more photos?,0
My number is 0557112386,1
How soon can I get it?,0
How soon can I get it?,0
Where do you ship from?,0
Does it come in other colors?,0
How soon can I get it?,0
What’s the price?,0
Do you have it in stock?,0
I’m interested in this item.,0
How soon can I get it?,0
What’s the price?,0
Can you show more photos?,0
Does it come in other colors?,0
Message me at user6311@example.com,1
What are the dimensions?,0
Can you show more photos?,0
What’s the price?,0
What’s the price?,0
This looks good.,0
What’s the price?,0
my digits: +1-611-323-7253,1
This looks good.,0
What’s the price?,0
Does it come in other colors?,0
Connect on LinkedIn (linkedin.com/in/shopper72),1
This looks good.,0
How soon can I get it?,0
How soon can I get it?,0
Nice product!,0
Email me at heidi11@test.org,1
Where do you ship from?,0
What’s the price?,0
What’s the price?,0
Where do you ship from?,0
Where do you ship from?,0
Nice product!,0
Where do you ship from?,0
Instagram me at (483) 582-6632,1
This looks good.,0
This looks good.,0
This looks good.,0
Find me on Facebook: https://facebook.com/frank559,1
Let's connect on LinkedIn: https://linkedin.com/in/frank715,1
my email id is user8131@example.com,1
Send me a DM on Facebook: facebook.com/designer123,1
This looks good.,0
Text me at 555-355-4151 for more info.,1
Nice product!,0
Nice product!,0
Where do you ship from?,0
"My contact is 555-885-2469, call me.",1
Where do you ship from?,0
Connect on LinkedIn (linkedin.com/in/designer123),1
I’m interested in this item.,0
DM me on Instagram @best_pizza,1
What’s the price?,0
How soon can I get it?,0
Where do you ship from?,0
Contact: +1-411-666-2564,1
Reach out on WhatsApp at +1-391-900-9270,1
Reach me at 357-321-5924,1
This looks good.,0
You can reach me at 555-705-1863,1
My TikTok: @eve570,1
Nice product!,0
How soon can I get it?,0
Nice product!,0
my email id is user3648@example.com,1
What are the dimensions?,0
What are the dimensions?,0
wanna chat? +1-914-554-6351,1
Do you have it in stock?,0
Can you show more photos?,0
Does it come in other colors?,0
What’s the price?,0
Do you have it in stock?,0
Where do you ship from?,0
get in touch @ user9423@example.com,1
What are the dimensions?,0
"Email is user2219@example.com, reach out anytime.",1
What are the dimensions?,0
My WeChat ID is jane.smith,1
Nice product!,0
How soon can I get it?,0
This looks good.,0
Nice product!,0
What are the dimensions?,0
Nice product!,0
Where do you ship from?,0
I’m interested in this item.,0
This looks good.,0
I’m interested in this item.,0
Can you show more photos?,0
Nice product!,0
Where do you ship from?,0
This looks good.,0
Can you show more photos?,0
You can reach me at 555-610-3223,1
I’m interested in this item.,0
Do you have it in stock?,0
How soon can I get it?,0
Where do you ship from?,0
I’m interested in this item.,0
Does it come in other colors?,0
My number is +1 260 852 2450,1
How soon can I get it?,0
Where do you ship from?,0
Nice product!,0
What are the dimensions?,0
Do you have it in stock?,0
Do you have it in stock?,0
Hit me up on WhatsApp at +1-272-172-2925,1
Do you have it in stock?,0
WhatsApp me at +1-555-213-4748,1
This looks good.,0
Do you have it in stock?,0
Where do you ship from?,0
Can you show more photos?,0
d a v i d 1 4 @ e m a i l . n e t,1
This looks good.,0
Do you have it in stock?,0
I’m interested in this item.,0
How soon can I get it?,0
Please email me at user8116@example.com,1
Do you have it in stock?,0
Connect on LinkedIn (linkedin.com/in/designer123),1
Please email me at user1980@example.com,1
How soon can I get it?,0
What’s the price?,0
Text me at 555-597-8901 for more info.,1
Can you show more photos?,0
fb.com/devguy964,1
How soon can I get it?,0
This looks good.,0
What are the dimensions?,0
What’s the price?,0
Nice product!,0
Does it come in other colors?,0
I’m interested in this item.,0
Hit me up on WhatsApp at +1-772-567-1794,1
How soon can I get it?,0
DM me on Facebook: facebook.com/coolcat478,1
What are the dimensions?,0
What’s the price?,0
Let's connect on LinkedIn: https://linkedin.com/in/charlie398,1
What’s the price?,0
What’s the price?,0
Does it come in other colors?,0
Nice product!,0
hmu @ shopper207,1
Can you show more photos?,0
I’m interested in this item.,0
Do you have it in stock?,0
Can you show more photos?,0
This looks good.,0
I’m interested in this item.,0
What are the dimensions?,0
Please email me at user6431@example.com,1
Message me on Signal: 9797110190,1
Does it come in other colors?,0
How soon can I get it?,0
Add me on Facebook (facebook.com/best_pizza),1
Does it come in other colors?,0
What are the dimensions?,0
Where do you ship from?,0
Do you have it in stock?,0
How soon can I get it?,0
This looks good.,0
telegram: t dot me slash shopper256,1
Does it come in other colors?,0
Can you show more photos?,0
I’m interested in this item.,0
Nice product!,0
I’m interested in this item.,0
message me via g m a i l at user1044@example.com,1
Nice product!,0
Does it come in other colors?,0
How soon can I get it?,0
📧 user3473@example.com,1
Contact via email: charlie14@email.net,1
I’m interested in this item.,0
Connect on LinkedIn (linkedin.com/in/fashionguru),1
How soon can I get it?,0
This looks good.,0
How soon can I get it?,0
What’s the price?,0
Where do you ship from?,0
How soon can I get it?,0
This looks good.,0
This looks good.,0
"Email is user6867@example.com, reach out anytime.",1
Does it come in other colors?,0
What’s the price?,0
I’m interested in this item.,0
I’m interested in this item.,0
Does it come in other colors?,0
What’s the price?,0
Does it come in other colors?,0
Nice product!,0
How soon can I get it?,0
Where do you ship from?,0
What are the dimensions?,0
Nice product!,0
You can reach me at 555-247-1789,1
Where do you ship from?,0
Does it come in other colors?,0
How soon can I get it?,0
Nice product!,0
What are the dimensions?,0
Reach out on WhatsApp at +1-899-298-4405,1
How soon can I get it?,0
Let's connect on LinkedIn: https://linkedin.com/in/judy760,1
What are the dimensions?,0
What’s the price?,0
I’m interested in this item.,0
What are the dimensions?,0
I’m interested in this item.,0
my email id is user38@example.com,1
Where do you ship from?,0
reach at t w o o o @example.com,1
Do you have it in stock?,0
This looks good.,0
Nice product!,0
Where do you ship from?,0
What are the dimensions?,0
Does it come in other colors?,0
Where do you ship from?,0
Do you have it in stock?,0
Follow me on Twitter: @eve775,1
What’s the price?,0
You can reach me at 555-959-7619,1
Nice product!,0
Nice product!,0
What’s the price?,0
Snapchat me at (909) 471-2656,1
What’s the price?,0
This looks good.,0
Nice product!,0
Do you have it in stock?,0
I’m interested in this item.,0
telegram: t dot me slash coolcat820,1
Reach me at 3100516975,1
Message me on Snapchat: tech_lead,1
What are the dimensions?,0
C o n t a c t :   3 9 9 2 5 1 3 8 0 4,1
I’m interested in this item.,0
Does it come in other colors?,0
Can you show more photos?,0
How soon can I get it?,0
I’m interested in this item.,0
What’s the price?,0
snap me at s-n-a-p devguy457,1
My WeChat ID is john_doe,1
Where do you ship from?,0
I’m interested in this item.,0
Email me at user9264@example.com,1
Can you show more photos?,0
I’m interested in this item.,0
This looks good.,0
I’m interested in this item.,0
You can reach me at +1-140-816-7080,1
Follow me on Twitter: @david620,1
Mail me: ivan90@email.net,1
What’s the price?,0
This looks good.,0
C o n t a c t :   9 2 4 1 0 7 3 8 5 9,1
This looks good.,0
This looks good.,0
What’s the price?,0
What are the dimensions?,0
Find me on Facebook: https://facebook.com/david568,1
Connect on LinkedIn (linkedin.com/in/coolcat669),1
Find me on Facebook: https://facebook.com/charlie639,1
Message via email: grace73@example.com,1
get in touch @ user2615@example.com,1
WhatsApp me at +1-555-840-1794,1
What’s the price?,0
This looks good.,0
Text me at 9794122409,1
What are the dimensions?,0
How soon can I get it?,0
Does it come in other colors?,0
Hit me up on WhatsApp at 555-584-1188,1
This looks good.,0
DM me on Instagram @best_pizza,1
Does it come in other colors?,0
What are the dimensions?,0
Add me on Facebook (facebook.com/jane.smith),1
What are the dimensions?,0
Can you show more photos?,0
📧 user7776@example.com,1
Does it come in other colors?,0
Where do you ship from?,0
Contact: +1-561-265-3702,1
How soon can I get it?,0
Nice product!,0
What’s the price?,0
"My contact is 555-158-6354, call me.",1
How soon can I get it?,0
Add me on WhatsApp: 555-365-2380,1
I’m interested in this item.,0
Can you show more photos?,0
How soon can I get it?,0
Where do you ship from?,0
Can you share your phone number so I can send you details?,1
Does it come in other colors?,0
How soon can I get it?,0
What’s the price?,0
What’s the price?,0
Can you show more photos?,0
Can you show more photos?,0
What are the dimensions?,0
Message via email: grace75@test.org,1
Nice product!,0
Nice product!,0
Message me on Signal: 078-276-2018,1
What are the dimensions?,0
Does it come in other colors?,0
Does it come in other colors?,0
What are the dimensions?,0
Text me at 555-232-3569 for more info.,1
What’s the price?,0
j u d y 7 2 @ e x a m p l e . c o m,1
Do you have it in stock?,0
I’m interested in this item.,0
What are the dimensions?,0
Can you show more photos?,0
What’s the price?,0
Follow me on Twitter: @eve334,1
What are the dimensions?,0
Where do you ship from?,0
Text me at 517-548-9034,1
Where do you ship from?,0
Where do you ship from?,0
Email me at heidi27@email.net,1
Mail me: ivan88@email.net,1
message me via g m a i l at user4161@example.com,1
I’m interested in this item.,0
This looks good.,0
Can you show more photos?,0
What’s the price?,0
This looks good.,0
Where do you ship from?,0
Do you have it in stock?,0
Where do you ship from?,0
Can you show more photos?,0
Can you show more photos?,0
d a v i d 3 8 @ t e s t . o r g,1
Where do you ship from?,0
What are the dimensions?,0
What are the dimensions?,0
Does it come in other colors?,0
Can you show more photos?,0
What are the dimensions?,0
Can you show more photos?,0
t e l : +1-871-231-2363,1
Can you show more photos?,0
Can you show more photos?,0
I’m interested in this item.,0
Can you show more photos?,0
Does it come in other colors?,0
I’m interested in this item.,0
Can you show more photos?,0
Let's connect on LinkedIn: https://linkedin.com/in/frank6,1
"My contact is 555-535-8124, call me.",1
Nice product!,0
I’m interested in this item.,0
What’s the price?,0
What’s the price?,0
Do you have it in stock?,0
Does it come in other colors?,0
How soon can I get it?,0
What’s the price?,0
Nice product!,0
Let's connect on LinkedIn: https://linkedin.com/in/heidi61,1
Does it come in other colors?,0
my digits: +1-747-864-9198,1
Nice product!,0
How soon can I get it?,0
Does it come in other colors?,0
fb.com/shopper836,1
I’m interested in this item.,0
Message via email: bob70@mail.com,1
I’m interested in this item.,0
How soon can I get it?,0
Does it come in other colors?,0
This looks good.,0
I’m interested in this item.,0
I’m interested in this item.,0
What are the dimensions?,0
Does it come in other colors?,0
Add me on Facebook (facebook.com/fashioneer),1
How soon can I get it?,0
Where do you ship from?,0
My number is (707) 196-0780,1
I’m interested in this item.,0
How soon can I get it?,0
Do you have it in stock?,0
e m a i l m e @ user2498@example.com,1
Does it come in other colors?,0
I’m interested in this item.,0
Where do you ship from?,0
Does it come in other colors?,0
How soon can I get it?,0
Where do you ship from?,0
Do you have it in stock?,0
Can you show more photos?,0
How soon can I get it?,0
Do you have it in stock?,0
How soon can I get it?,0
Do you have it in stock?,0
My number is 4686042087,1
My Snapchat is frank427,1
Nice product!,0
Snapchat me @ shopper312,1
Contact me on Skype: frank553,1
Can you show more photos?,0
This looks good.,0
Do you have it in stock?,0
WhatsApp me at (490) 654-4388,1
I’m interested in this item.,0
What are the dimensions?,0
I’m interested in this item.,0
Does it come in other colors?,0
What are the dimensions?,0
What’s the price?,0
How soon can I get it?,0
Does it come in other colors?,0
What are the dimensions?,0
Nice product!,0
wanna chat? +1-629-210-5345,1
Do you have it in stock?,0
This looks good.,0
Does it come in other colors?,0
Let's connect on LinkedIn: https://linkedin.com/in/heidi590,1
Text me at 555-153-5340 for more info.,1
I’m interested in this item.,0
Nice product!,0
Contact me via Telegram: @john_doe,1
How soon can I get it?,0
Do you have it in stock?,0
Do you have it in stock?,0
Reach me at (287) 095-9758,1
This looks good.,0
How soon can I get it?,0
Nice product!,0
Where do you ship from?,0
Can you show more photos?,0
Do you have it in stock?,0
What are the dimensions?,0
I’m interested in this item.,0
What are the dimensions?,0
Where do you ship from?,0
I’m interested in this item.,0
Do you have it in stock?,0
Reach me at 130-858-2340,1
find me at user1637@example.com 😉,1
Connect on LinkedIn (linkedin.com/in/shop_owner),1
What’s the price?,0
Where do you ship from?,0
I’m interested in this item.,0
Do you have it in stock?,0
Add me on WhatsApp: +1 154 816 3797,1
Can you show more photos?,0
Nice product!,0
Reach out on WhatsApp at +1-320-740-9081,1
I’m interested in this item.,0
snap me at s-n-a-p devguy114,1
Does it come in other colors?,0
Do you have it in stock?,0
I’m interested in this item.,0
What are the dimensions?,0
f r a n k 1 6 @ m a i l . c o m,1
Message via email: alice11@example.com,1
Message me on Signal: 0836367026,1
DM me on Facebook: facebook.com/devguy369,1
Nice product!,0
Email me at ivan81@test.org,1
How soon can I get it?,0
Do you have it in stock?,0
What’s the price?,0
Nice product!,0
"My contact is 555-299-8293, call me.",1
My number is 6260846666,1
Where do you ship from?,0
Connect on LinkedIn (linkedin.com/in/jane.smith),1
I’m interested in this item.,0
Where do you ship from?,0
telegram: t dot me slash fashionista729,1
Find me on Facebook: https://facebook.com/judy8,1
This looks good.,0
Does it come in other colors?,0
How soon can I get it?,0
Can you show more photos?,0
Where do you ship from?,0
Mail me: frank40@mail.com,1
What are the dimensions?,0
Message me on Signal: 566-489-9174,1
find me at user922@example.com 😉,1
How soon can I get it?,0
What’s the price?,0
I’m interested in this item.,0
Add me on Facebook (facebook.com/best_pizza),1
Hit me up on WhatsApp at +1-684-506-9363,1
I’m interested in this item.,0
Can you show more photos?,0
What are the dimensions?,0
Where do you ship from?,0
Hit me up on WhatsApp at 555-784-9253,1
Nice product!,0
This looks good.,0
How soon can I get it?,0
WhatsApp me at +1-555-946-7935,1
Email me at eve44@mail.com,1
Follow me on Instagram @best_pizza and DM.,1
Nice product!,0
Does it come in other colors?,0
Can you show more photos?,0
Nice product!,0
Do you have it in stock?,0
Let's connect on LinkedIn: linkedin.com/in/fashioneer,1
My number is (822) 545-3429,1
What are the dimensions?,0
What are the dimensions?,0
How soon can I get it?,0
Nice product!,0
my digits: +1-459-140-8693,1
Here's my email: user917@example.com,1
I’m interested in this item.,0
How soon can I get it?,0
This looks good.,0
Do you have it in stock?,0
Can you show more photos?,0
Nice product!,0
j u d y 8 @ m a i l . c o m,1
Can you show more photos?,0
Reach out on WhatsApp at +1-177-252-2017,1
What are the dimensions?,0
I’m interested in this item.,0
Telegram me at 8587824357,1
Nice product!,0
Do you have it in stock?,0
I’m interested in this item.,0
t e l : +1-476-831-5733,1
This looks good.,0
What’s the price?,0
Nice product!,0
Contact via email: frank20@test.org,1
Where do you ship from?,0
e m a i l m e @ user1649@example.com,1
What’s the price?,0
This looks good.,0
How soon can I get it?,0
How soon can I get it?,0
Does it come in other colors?,0
What’s the price?,0
What are the dimensions?,0
Where do you ship from?,0
I’m interested in this item.,0
Do you have it in stock?,0
What are the dimensions?,0
What are the dimensions?,0
How soon can I get it?,0
Do you have it in stock?,0
Nice product!,0
I’m interested in this item.,0
I’m interested in this item.,0
How soon can I get it?,0
What’s the price?,0
Where do you ship from?,0
What are the dimensions?,0
Can you show more photos?,0
Do you have it in stock?,0
Does it come in other colors?,0
Where do you ship from?,0
Does it come in other colors?,0
Does it come in other colors?,0
I’m interested in this item.,0
Where do you ship from?,0
hmu @ shopper4,1
This looks good.,0
Nice product!,0
My TikTok: @judy520,1
What’s the price?,0
Can you show more photos?,0
How soon can I get it?,0
Nice product!,0
Where do you ship from?,0
Does it come in other colors?,0
What’s the price?,0
This looks good.,0
Add me on WhatsApp: (674) 485-5355,1
Message me on Snapchat: coolguy42,1
I’m interested in this item.,0
Nice product!,0
What are the dimensions?,0
Text me at +1-191-335-1353,1
What’s the price?,0
📧 user7280@example.com,1
Do you have it in stock?,0
Nice product!,0
Where do you ship from?,0
This looks good.,0
Do you have it in stock?,0
Email me at user7671@example.com,1
Message me at user6025@example.com,1
Do you have it in stock?,0
Where do you ship from?,0
Nice product!,0
Here is my email: user6875@example.com,1
Do you have it in stock?,0
Where do you ship from?,0
Do you have it in stock?,0
How soon can I get it?,0
This looks good.,0
What’s the price?,0
Message me at user6298@example.com,1
Does it come in other colors?,0
This looks good.,0
What’s the price?,0
Can you show more photos?,0
What’s the price?,0
This looks good.,0
Nice product!,0
What are the dimensions?,0
Mail me: alice22@example.com,1
I’m interested in this item.,0
What’s the price?,0
What’s the price?,0
Do you have it in stock?,0
I’m interested in this item.,0
Can I have your email address?,1
Can you show more photos?,0
I’m interested in this item.,0
Does it come in other colors?,0
Follow me on Instagram @shop_owner and DM.,1
Does it come in other colors?,0
I’m interested in this item.,0
Does it come in other colors?,0
Email me at alice18@test.org,1
Where do you ship from?,0
How soon can I get it?,0
I’m interested in this item.,0
What’s the price?,0
Do you have it in stock?,0
This looks good.,0
What are the dimensions?,0
Can you show more photos?,0
You can reach me at 555-317-6809,1
What are the dimensions?,0
Connect on LinkedIn (linkedin.com/in/devguy618),1
What are the dimensions?,0
Can you show more photos?,0
What’s the price?,0
Where do you ship from?,0
What are the dimensions?,0
c   o   n   t   a   c   t   m   e   ( 1 6 8 )   7 3 5 - 4 2 2 5,1
This looks good.,0
my email id is user469@example.com,1
This looks good.,0
Message me on Signal: 1693957698,1
This looks good.,0
This looks good.,0
What are the dimensions?,0
What’s the price?,0
Where do you ship from?,0
I’m interested in this item.,0
j u d y 6 0 @ m a i l . c o m,1
My WeChat ID is tech_lead,1
Where do you ship from?,0
Nice product!,0
Does it come in other colors?,0
How soon can I get it?,0
What are the dimensions?,0
I’m interested in this item.,0
Nice product!,0
Here's my email: user6477@example.com,1
Where do you ship from?,0
Let's connect on LinkedIn: https://linkedin.com/in/charlie104,1
Can you show more photos?,0
Do you have it in stock?,0
Nice product!,0
How soon can I get it?,0
Does it come in other colors?,0
Can you show more photos?,0
How soon can I get it?,0
What’s the price?,0
How soon can I get it?,0
This looks good.,0
Can you show more photos?,0
What’s the price?,0
What’s the price?,0
How soon can I get it?,0
What are the dimensions?,0
Contact me via Telegram: @coolguy42,1
I’m interested in this item.,0
Do you have it in stock?,0
Do you have it in stock?,0
Does it come in other colors?,0
Can you show more photos?,0
Text me at +1-903-314-5816,1
Do you have it in stock?,0
Nice product!,0
I’m interested in this item.,0
Nice product!,0
How soon can I get it?,0
Nice product!,0
Where do you ship from?,0
How soon can I get it?,0
Do you have it in stock?,0
Can you show more photos?,0
WhatsApp me at +1-555-856-4300,1
Follow me on Instagram @fashioneer and DM.,1
Does it come in other colors?,0
Does it come in other colors?,0
Contact: +1-622-626-6928,1
Does it come in other colors?,0
📱 +1-804-406-3696,1
I’m interested in this item.,0
Does it come in other colors?,0
What are the dimensions?,0
What’s the price?,0
What’s the price?,0
Nice product!,0
What’s the price?,0
I’m interested in this item.,0
What’s the price?,0
Do you have it in stock?,0
How soon can I get it?,0
Where do you ship from?,0
📧 user6346@example.com,1
What are the dimensions?,0
Do you have it in stock?,0
Add me on Facebook (facebook.com/fashionguru),1
Can you show more photos?,0
Hit me up on WhatsApp at 555-323-7642,1
Ping me on Telegram: @heidi321,1
c h a r l i e 8 3 @ t e s t . o r g,1
You can reach me at +1-631-198-1737,1
Can you show more photos?,0
Connect on LinkedIn (linkedin.com/in/coolcat201),1
What are the dimensions?,0
Nice product!,0
My TikTok: @ivan373,1
Contact: +1-485-358-3235,1
Does it come in other colors?,0
I’m interested in this item.,0
Can you show more photos?,0
Do you have it in stock?,0
Do you have it in stock?,0
C o n t a c t :   ( 1 8 9 )   2 0 3 - 1 5 8 4,1
What’s the price?,0
c   o   n   t   a   c   t   m   e   + 1   9 5 4   9 5 0   5 1 0 8,1
e m a i l m e @ user6122@example.com,1
Do you have it in stock?,0
Reach me at +1 270 624 8197,1
Do you have it in stock?,0
I’m interested in this item.,0
Nice product!,0
What are the dimensions?,0
What are the dimensions?,0
My number is (536) 866-8497,1
Can you show more photos?,0
This looks good.,0
This looks good.,0
get in touch @ user4593@example.com,1
Do you have it in stock?,0
Can you show more photos?,0
C o n t a c t :   + 1   2 1 4   3 5 2   1 0 5 9,1
C a l l   m e :   2 4 3 7 4 5 0 2 8 9,1
Do you have it in stock?,0
Ping me on Telegram: @alice612,1
Find me on Facebook: https://facebook.com/david351,1
What’s the price?,0
Where do you ship from?,0
Does it come in other colors?,0
How soon can I get it?,0
How soon can I get it?,0
What’s the price?,0
Nice product!,0
you can DM me at devguy129 on Insta,1
Follow me on Twitter: @bob298,1
Nice product!,0
How soon can I get it?,0
Does it come in other colors?,0
What are the dimensions?,0
This looks good.,0
Can you show more photos?,0
Nice product!,0
Call me at (948) 748-7068,1
What are the dimensions?,0
I’m interested in this item.,0
Can you show more photos?,0
Nice product!,0
What’s the price?,0
This looks good.,0
Text me at +1-891-933-2908,1
e m a i l m e @ user8632@example.com,1
Mail me: bob47@example.com,1
What are the dimensions?,0
Can you show more photos?,0
Does it come in other colors?,0
Do you have it in stock?,0
Do you have it in stock?,0
Nice product!,0
Reach me at (927) 624-1572,1
DM me on Instagram @fashionguru,1
I’m interested in this item.,0
Let's connect on LinkedIn: linkedin.com/in/designer123,1
my email id is user7150@example.com,1
Where do you ship from?,0
Find me on Facebook: https://facebook.com/frank430,1
What are the dimensions?,0
What are the dimensions?,0
Nice product!,0
Nice product!,0
I’m interested in this item.,0
Does it come in other colors?,0
What’s the price?,0
Find me on Facebook: https://facebook.com/ivan748,1
Can you show more photos?,0
Can you show more photos?,0
Follow me on Instagram @john_doe and DM.,1
Can you show more photos?,0
I’m interested in this item.,0
This looks good.,0
Does it come in other colors?,0
Does it come in other colors?,0
What are the dimensions?,0
What’s the price?,0
WhatsApp me at +1-555-881-5584,1
I’m interested in this item.,0
My number is 1235420337,1
Do you have it in stock?,0
Here is my email: user2362@example.com,1
Nice product!,0
C a l l   m e :   ( 9 0 0 )   5 8 7 - 6 4 2 6,1
Message via email: grace48@example.com,1
Do you have it in stock?,0
Can you show more photos?,0
Let's connect on LinkedIn: https://linkedin.com/in/david409,1
How soon can I get it?,0
What’s the price?,0
Message me at user2489@example.com,1
Can you share your phone number so I can send you details?,1
Add me on Facebook (facebook.com/shop_owner),1
Do you have it in stock?,0
How soon can I get it?,0
Let's connect on LinkedIn: https://linkedin.com/in/ivan32,1
Can you show more photos?,0
Email me at user9000@example.com,1
Can I have your email address?,1
Does it come in other colors?,0
Snapchat me @ coolcat343,1
This looks good.,0
How soon can I get it?,0
I’m interested in this item.,0
I’m interested in this item.,0
Can you show more photos?,0
WhatsApp me at +1-555-723-5922,1
Does it come in other colors?,0
t e l : +1-444-778-2726,1
How soon can I get it?,0
How soon can I get it?,0
Do you have it in stock?,0
"My contact is 555-697-1134, call me.",1
Nice product!,0
What are the dimensions?,0
e m a i l m e @ user7240@example.com,1
WhatsApp me at +1-555-381-5139,1
Email me at eve18@email.net,1
How soon can I get it?,0
Let's connect on LinkedIn: linkedin.com/in/fashioneer,1
DM me on Instagram @fashionguru,1
Reach out on WhatsApp at +1-636-651-9128,1
I’m interested in this item.,0
Does it come in other colors?,0
Does it come in other colors?,0
Send me a DM on Facebook: facebook.com/coolguy42,1
Does it come in other colors?,0
Can you show more photos?,0
This looks good.,0
Email me at user826@example.com,1
Nice product!,0
I’m interested in this item.,0
Does it come in other colors?,0
Snapchat me @ shopper289,1
I’m interested in this item.,0
Message me on Signal: 5554007147,1
Can you show more photos?,0
Nice product!,0
Can you show more photos?,0
Can you share your phone number so I can send you details?,1
Message me on Signal: +1 161 796 8471,1
This looks good.,0
I’m interested in this item.,0
What are the dimensions?,0
This looks good.,0
How soon can I get it?,0
Does it come in other colors?,0
wanna chat? +1-139-706-7542,1
What are the dimensions?,0
Where do you ship from?,0
I’m interested in this item.,0
I’m interested in this item.,0
Does it come in other colors?,0
Does it come in other colors?,0
Where do you ship from?,0
Where do you ship from?,0
Do you have it in stock?,0
Add me on WhatsApp: +1 277 575 9842,1
you can DM me at shopper750 on Insta,1
Here is my email: user1840@example.com,1
Where do you ship from?,0
Where do you ship from?,0
What’s the price?,0
What are the dimensions?,0
Can you show more photos?,0
Does it come in other colors?,0
How soon can I get it?,0
Where do you ship from?,0
my email id is user1198@example.com,1
How soon can I get it?,0
Where do you ship from?,0
What’s the price?,0
Can you show more photos?,0
Can you show more photos?,0
Does it come in other colors?,0
Where do you ship from?,0
Do you have it in stock?,0
DM me on Instagram: @grace931,1
Does it come in other colors?,0
How soon can I get it?,0
What are the dimensions?,0
I’m interested in this item.,0
How soon can I get it?,0
I’m interested in this item.,0
t e l : +1-286-285-4027,1
This looks good.,0
Where do you ship from?,0
How soon can I get it?,0
What’s the price?,0
Does it come in other colors?,0
My Snapchat is bob828,1
Connect on LinkedIn (linkedin.com/in/fashioneer),1
Where do you ship from?,0
What are the dimensions?,0
Where do you ship from?,0
This looks good.,0
Do you have it in stock?,0
Where do you ship from?,0
Ping me on Telegram: @bob618,1
Do you have it in stock?,0
What are the dimensions?,0
Does it come in other colors?,0
Do you have it in stock?,0
What’s the price?,0
I’m interested in this item.,0
What are the dimensions?,0
What’s the price?,0
How soon can I get it?,0
I’m interested in this item.,0
What’s the price?,0
Where do you ship from?,0
📧 user8620@example.com,1
What are the dimensions?,0
This looks good.,0
What are the dimensions?,0
Do you have it in stock?,0
This looks good.,0
How soon can I get it?,0
This looks good.,0
What’s the price?,0
Where do you ship from?,0
Contact me via Telegram: @designer123,1
This looks good.,0
Nice product!,0
Where do you ship from?,0
What’s the price?,0
This looks good.,0
You can reach me at +1-314-340-9359,1
Message me at user3153@example.com,1
Where do you ship from?,0
Message me on Snapchat: fashioneer,1
Does it come in other colors?,0
Where do you ship from?,0
Find me on Facebook: https://facebook.com/david29,1
What are the dimensions?,0
What are the dimensions?,0
How soon can I get it?,0
Does it come in other colors?,0
Does it come in other colors?,0
Can you show more photos?,0
Do you have it in stock?,0
Hit me up on WhatsApp at 555-412-6560,1
What are the dimensions?,0
How soon can I get it?,0
Does it come in other colors?,0
I’m interested in this item.,0
How soon can I get it?,0
What’s the price?,0
Ping me on Telegram: @judy96,1
C a l l   m e :   + 1   8 1 0   1 5 0   2 6 7 6,1
What are the dimensions?,0
Can you show more photos?,0
Can you show more photos?,0
DM me on Instagram @tech_lead,1
How soon can I get it?,0
I’m interested in this item.,0
Do you have it in stock?,0
Nice product!,0
Does it come in other colors?,0
Contact me on Skype: alice249,1
Do you have it in stock?,0
My number is 515-016-6319,1
This looks good.,0
Nice product!,0
What’s the price?,0
How soon can I get it?,0
How soon can I get it?,0
I’m interested in this item.,0
Can you show more photos?,0
This looks good.,0
Telegram me at 637-645-8512,1
This looks good.,0
Can you show more photos?,0
Does it come in other colors?,0
hmu @ devguy314,1
This looks good.,0
I’m interested in this item.,0
c o n t a c t : +1-738-772-7144,1
I’m interested in this item.,0
I’m interested in this item.,0
Where do you ship from?,0
Do you have it in stock?,0
Where do you ship from?,0
Can you show more photos?,0
This looks good.,0
What’s the price?,0
"Email is user8327@example.com, reach out anytime.",1
What are the dimensions?,0
Ping me on Telegram: @charlie249,1
Do you have it in stock?,0
How soon can I get it?,0
Let's connect on LinkedIn: https://linkedin.com/in/charlie599,1
What are the dimensions?,0
What are the dimensions?,0
What are the dimensions?,0
Where do you ship from?,0
I’m interested in this item.,0
Do you have it in stock?,0
Reach out on WhatsApp at +1-278-392-8876,1
What are the dimensions?,0
Can you show more photos?,0
WhatsApp me at +1-555-968-2882,1
How soon can I get it?,0
I’m interested in this item.,0
reach at t w o o o @example.com,1
What’s the price?,0
What’s the price?,0
Reach out on WhatsApp at +1-711-243-3877,1
How soon can I get it?,0
Do you have it in stock?,0
Add me on WhatsApp: 4651834002,1
Can I have your email address?,1
Do you have it in stock?,0
Does it come in other colors?,0
Nice product!,0
What are the dimensions?,0
What are the dimensions?,0
Do you have it in stock?,0
I’m interested in this item.,0
How soon can I get it?,0
Do you have it in stock?,0
What are the dimensions?,0
Where do you ship from?,0
What’s the price?,0
fb.com/coolcat672,1
Can I have your email address?,1
What are the dimensions?,0
Do you have it in stock?,0
My TikTok: @david95,1
Does it come in other colors?,0
Do you have it in stock?,0
Do you have it in stock?,0
hmu @ shopper914,1
Where do you ship from?,0
I’m interested in this item.,0
c o n t a c t : +1-385-637-8048,1
Nice product!,0
What are the dimensions?,0
What’s the price?,0
What’s the price?,0
Nice product!,0
What’s the price?,0
Can you show more photos?,0
I’m interested in this item.,0
my digits: +1-100-654-9412,1
Do you have it in stock?,0
Where do you ship from?,0
How soon can I get it?,0
Do you have it in stock?,0
This looks good.,0
I’m interested in this item.,0
What’s the price?,0
This looks good.,0
Do you have it in stock?,0
What are the dimensions?,0
I’m interested in this item.,0
Nice product!,0
Where do you ship from?,0
What are the dimensions?,0
Does it come in other colors?,0
Does it come in other colors?,0
Where do you ship from?,0
What’s the price?,0
Can you show more photos?,0
Contact via email: bob72@test.org,1
I’m interested in this item.,0
Text me at (917) 972-6183,1
Nice product!,0
I’m interested in this item.,0
Can you show more photos?,0
Message me on Snapchat: designer123,1
Can you show more photos?,0
Can you show more photos?,0
Email me at frank1@email.net,1
Can you show more photos?,0
📧 user8834@example.com,1
find me at user7563@example.com 😉,1
Can you show more photos?,0
I’m interested in this item.,0
This looks good.,0
What are the dimensions?,0
Can you show more photos?,0
Can you show more photos?,0
Do you have it in stock?,0
My number is 9832222992,1
Does it come in other colors?,0
This looks good.,0
DM me on Instagram: @heidi26,1
WhatsApp me at 3697817971,1
Do you have it in stock?,0
wanna chat? +1-507-821-2905,1
"Email is user4455@example.com, reach out anytime.",1
My number is 304-895-2819,1
📱 +1-294-956-7511,1
Can you show more photos?,0
This looks good.,0
Where do you ship from?,0
This looks good.,0
"Email is user1092@example.com, reach out anytime.",1
Add me on WhatsApp: 555-104-5713,1
Nice product!,0
Do you have it in stock?,0
Send me a DM on Facebook: facebook.com/fashionguru,1
What are the dimensions?,0
Do you have it in stock?,0
I’m interested in this item.,0
Does it come in other colors?,0
telegram: t dot me slash devguy509,1
Here is my email: user8011@example.com,1
Nice product!,0
c   o   n   t   a   c   t   m   e   + 1   0 8 6   3 5 6   6 3 0 9,1
What’s the price?,0
Email me at heidi19@email.net,1
Where do you ship from?,0
t e l : +1-163-623-1357,1
I’m interested in this item.,0
Add me on WhatsApp: 555-538-5663,1
Nice product!,0
Nice product!,0
How soon can I get it?,0
How soon can I get it?,0
Where do you ship from?,0
DM me on Facebook: facebook.com/devguy568,1
I’m interested in this item.,0
Can you show more photos?,0
I’m interested in this item.,0
Where do you ship from?,0
Here's my email: user2190@example.com,1
I’m interested in this item.,0
I’m interested in this item.,0
Nice product!,0
What’s the price?,0
Do you have it in stock?,0
I’m interested in this item.,0
you can DM me at shopper563 on Insta,1
Can you show more photos?,0
C o n t a c t :   ( 0 6 8 )   3 4 5 - 5 6 7 2,1
Where do you ship from?,0
Do you have it in stock?,0
I’m interested in this item.,0
Where do you ship from?,0
What are the dimensions?,0
Where do you ship from?,0
Where do you ship from?,0
How soon can I get it?,0
c o n t a c t : +1-902-227-5057,1
Does it come in other colors?,0
This looks good.,0
Does it come in other colors?,0
How soon can I get it?,0
Where do you ship from?,0
What are the dimensions?,0
You can reach me at 555-243-8207,1
📱 +1-762-674-1521,1
What’s the price?,0
I’m interested in this item.,0
Do you have it in stock?,0
What are the dimensions?,0
What’s the price?,0
How soon can I get it?,0
What are the dimensions?,0
I’m interested in this item.,0
How soon can I get it?,0
c   o   n   t   a   c   t   m   e   5 9 8 8 9 2 0 1 0 0,1
I’m interested in this item.,0
What’s the price?,0
Can you show more photos?,0
Where do you ship from?,0
I’m interested in this item.,0
Where do you ship from?,0
Does it come in other colors?,0
Nice product!,0
Hit me up on WhatsApp at 555-507-8640,1
This looks good.,0
Add me on WhatsApp: 555-446-9684,1
Text me at +1-497-237-2752,1
This looks good.,0
DM me on Instagram: @alice288,1
Nice product!,0
Please email me at user4403@example.com,1
Can you show more photos?,0
DM me on Instagram: @grace162,1
Does it come in other colors?,0
Nice product!,0
Where do you ship from?,0
Do you have it in stock?,0
Nice product!,0
Can you show more photos?,0
Does it come in other colors?,0
Does it come in other colors?,0
Do you have it in stock?,0
What’s the price?,0
Connect on LinkedIn (linkedin.com/in/fashioneer),1
Does it come in other colors?,0
Does it come in other colors?,0
What’s the price?,0
Contact: +1-238-605-9181,1
Can you show more photos?,0
Can you show more photos?,0
reach at t w o o o @example.com,1
What are the dimensions?,0
Do you have it in stock?,0
Message me on Signal: 8571165452,1
Reach me at 3280681845,1
I’m interested in this item.,0
Can you show more photos?,0
What are the dimensions?,0
Connect on LinkedIn (linkedin.com/in/fashionguru),1
Where do you ship from?,0
This looks good.,0
I’m interested in this item.,0
Nice product!,0
Nice product!,0
What are the dimensions?,0
DM me on Facebook: facebook.com/fashionista558,1
Can you show more photos?,0
Nice product!,0
My TikTok: @grace749,1
What are the dimensions?,0
Mail me: heidi91@example.com,1
Nice product!,0
Nice product!,0
You can reach me at 555-464-2485,1
Do you have it in stock?,0
How soon can I get it?,0
Nice product!,0
I’m interested in this item.,0
What are the dimensions?,0
This looks good.,0
Does it come in other colors?,0
How soon can I get it?,0
Nice product!,0
Find me on Facebook: https://facebook.com/bob421,1
How soon can I get it?,0
e m a i l m e @ user665@example.com,1
my email id is user2336@example.com,1
DM me on Instagram: @david381,1
reach at t w o o o @example.com,1
Does it come in other colors?,0
What are the dimensions?,0
This looks good.,0
"My contact is 555-827-6454, call me.",1
What are the dimensions?,0
Can you show more photos?,0
Does it come in other colors?,0
Does it come in other colors?,0
This looks good.,0
c   o   n   t   a   c   t   m   e   + 1   8 7 3   8 5 6   4 8 5 9,1
Nice product!,0
Do you have it in stock?,0
This looks good.,0
What are the dimensions?,0
This looks good.,0
Can you show more photos?,0
What are the dimensions?,0
Nice product!,0
What are the dimensions?,0
How soon can I get it?,0
Reach out on WhatsApp at +1-109-420-6881,1
Do you have it in stock?,0
Does it come in other colors?,0
Does it come in other colors?,0
c o n t a c t : +1-105-904-7185,1
Nice product!,0
e m a i l m e @ user5490@example.com,1
telegram: t dot me slash coolcat468,1
Do you have it in stock?,0
Mail me: alice57@mail.com,1
Can you show more photos?,0
Do you have it in stock?,0
Do you have it in stock?,0
Does it come in other colors?,0
What are the dimensions?,0
What’s the price?,0
Does it come in other colors?,0
What’s the price?,0
Does it come in other colors?,0
My WeChat ID is best_pizza,1
Nice product!,0
Do you have it in stock?,0
How soon can I get it?,0
How soon can I get it?,0
Can you show more photos?,0
Can you show more photos?,0
Find me on Facebook: https://facebook.com/charlie70,1
Do you have it in stock?,0
Ping me on Telegram: @grace942,1
I’m interested in this item.,0
How soon can I get it?,0
Nice product!,0
I’m interested in this item.,0
What are the dimensions?,0
Does it come in other colors?,0
Connect on LinkedIn (linkedin.com/in/designer123),1
snap me at s-n-a-p fashionista546,1
Nice product!,0
I’m interested in this item.,0
Does it come in other colors?,0
Does it come in other colors?,0
What’s the price?,0
C o n t a c t :   7 7 8 0 0 8 5 9 3 1,1
Nice product!,0
c   o   n   t   a   c   t   m   e   7 4 5 - 5 8 5 - 4 2 5 0,1
Where do you ship from?,0
Where do you ship from?,0
I’m interested in this item.,0
Does it come in other colors?,0
Snapchat me @ shopper540,1
find me at user2691@example.com 😉,1
Does it come in other colors?,0
i v a n 5 9 @ m a i l . c o m,1
You can reach me at +1-201-696-1759,1
Connect on LinkedIn (linkedin.com/in/fashioneer),1
Where do you ship from?,0
Do you have it in stock?,0
Does it come in other colors?,0
Can you show more photos?,0
Where do you ship from?,0
Do you have it in stock?,0
Do you have it in stock?,0
How soon can I get it?,0
Nice product!,0
I’m interested in this item.,0
Nice product!,0
Nice product!,0
This looks good.,0
Where do you ship from?,0
This looks good.,0
e m a i l m e @ user2926@example.com,1
Does it come in other colors?,0
Add me on Facebook (facebook.com/tech_lead),1
I’m interested in this item.,0
What’s the price?,0
I’m interested in this item.,0
Where do you ship from?,0
I’m interested in this item.,0
What are the dimensions?,0
Does it come in other colors?,0
I’m interested in this item.,0
What’s the price?,0
DM me on Facebook: facebook.com/shopper89,1
Where do you ship from?,0
Where do you ship from?,0
Snapchat me @ shopper512,1
I’m interested in this item.,0
I’m interested in this item.,0
Can you show more photos?,0
What’s the price?,0
Contact: +1-503-538-9253,1
Do you have it in stock?,0
"My contact is 555-112-5807, call me.",1
Hit me up on WhatsApp at 555-494-3669,1
Where do you ship from?,0
c o n t a c t : +1-692-253-3786,1
Can you show more photos?,0
Here is my email: user7106@example.com,1
What are the dimensions?,0
Nice product!,0
What’s the price?,0
What’s the price?,0
This looks good.,0
Find me on Facebook: https://facebook.com/ivan426,1
What are the dimensions?,0
g r a c e 8 0 @ t e s t . o r g,1
Where do you ship from?,0
I’m interested in this item.,0
Signal me at 828-395-8014,1
Do you have it in stock?,0
I’m interested in this item.,0
How soon can I get it?,0
How soon can I get it?,0
Message me on Snapchat: tech_lead,1
Where do you ship from?,0
find me at user2830@example.com 😉,1
Does it come in other colors?,0
📧 user5005@example.com,1
Where do you ship from?,0
Can you show more photos?,0
Where do you ship from?,0
Where do you ship from?,0
Nice product!,0
Does it come in other colors?,0
What are the dimensions?,0
I’m interested in this item.,0
Where do you ship from?,0
Where do you ship from?,0
e m a i l m e @ user4815@example.com,1
I’m interested in this item.,0
Does it come in other colors?,0
This looks good.,0
Nice product!,0
Text me at +1-405-798-7731,1
I’m interested in this item.,0
This looks good.,0
Where do you ship from?,0
Nice product!,0
DM me on Instagram: @ivan878,1
I’m interested in this item.,0
Where do you ship from?,0
Nice product!,0
Where do you ship from?,0
This looks good.,0
Do you have it in stock?,0
What are the dimensions?,0
How soon can I get it?,0
Do you have it in stock?,0
How soon can I get it?,0
Can you show more photos?,0
Nice product!,0
Do you have it in stock?,0
I’m interested in this item.,0
Follow me on Twitter: @frank271,1
Do you have it in stock?,0
t e l : +1-885-562-7529,1
Do you have it in stock?,0
Can you show more photos?,0
Reach me at (801) 176-2593,1
Nice product!,0
Where do you ship from?,0
How soon can I get it?,0
Can you show more photos?,0
Do you have it in stock?,0
What are the dimensions?,0
C o n t a c t :   + 1   2 2 9   7 0 4   0 0 3 9,1
I’m interested in this item.,0
I’m interested in this item.,0
I’m interested in this item.,0
What’s the price?,0
How soon can I get it?,0
Do you have it in stock?,0
How soon can I get it?,0
Where do you ship from?,0
Does it come in other colors?,0
This looks good.,0
Do you have it in stock?,0
I’m interested in this item.,0
I’m interested in this item.,0
Where do you ship from?,0
What are the dimensions?,0
Add me on WhatsApp: 555-192-6449,1
Can you show more photos?,0
Where do you ship from?,0
My TikTok: @charlie874,1
reach at t w o o o @example.com,1
How soon can I get it?,0
Can you show more photos?,0
Does it come in other colors?,0
How soon can I get it?,0
What are the dimensions?,0
Do you have it in stock?,0
Do you have it in stock?,0
Contact me on Skype: david425,1
What are the dimensions?,0
My WeChat ID is best_pizza,1
How soon can I get it?,0
This looks good.,0
Where do you ship from?,0
I’m interested in this item.,0
What are the dimensions?,0
Add me on Facebook (facebook.com/best_pizza),1
This looks good.,0
Connect on LinkedIn (linkedin.com/in/shopper607),1
Can you show more photos?,0
Does it come in other colors?,0
What are the dimensions?,0
How soon can I get it?,0
Do you have it in stock?,0
Can you show more photos?,0
Can you show more photos?,0
Do you have it in stock?,0
How soon can I get it?,0
Does it come in other colors?,0
Nice product!,0
Can you show more photos?,0
reach at t w o o o @example.com,1
Can you show more photos?,0
What’s the price?,0
Where do you ship from?,0
This looks good.,0
My Snapchat is bob400,1
I’m interested in this item.,0
Can you show more photos?,0
Nice product!,0
What’s the price?,0
Where do you ship from?,0
What’s the price?,0
Nice product!,0
Where do you ship from?,0
Contact via email: judy94@example.com,1
Where do you ship from?,0
Contact via email: judy33@mail.com,1
Can you show more photos?,0
Where do you ship from?,0
What are the dimensions?,0
How soon can I get it?,0
My WeChat ID is tech_lead,1
What are the dimensions?,0
What’s the price?,0
Can you show more photos?,0
How soon can I get it?,0
Email me at ivan26@example.com,1
Do you have it in stock?,0
Nice product!,0
Does it come in other colors?,0
What’s the price?,0
Mail me: eve85@example.com,1
I’m interested in this item.,0
Can you share your phone number so I can send you details?,1
Do you have it in stock?,0
Hit me up on WhatsApp at 555-772-7569,1
This looks good.,0
I’m interested in this item.,0
What are the dimensions?,0
Can you show more photos?,0
I’m interested in this item.,0
My WeChat ID is designer123,1
Nice product!,0
Do you have it in stock?,0
How soon can I get it?,0
Do you have it in stock?,0
This looks good.,0
Hit me up on WhatsApp at +1-855-974-5794,1
Nice product!,0
Message me on Snapchat: john_doe,1
How soon can I get it?,0
What are the dimensions?,0
This looks good.,0
Does it come in other colors?,0
Does it come in other colors?,0
Where do you ship from?,0
Where do you ship from?,0
Do you have it in stock?,0
What’s the price?,0
How soon can I get it?,0
Nice product!,0
Do you have it in stock?,0
Message me on Signal: 206-877-6681,1
Can you show more photos?,0
This looks good.,0
How soon can I get it?,0
Nice product!,0
Where do you ship from?,0
telegram: t dot me slash shopper488,1
Does it come in other colors?,0
I’m interested in this item.,0
Message me on Snapchat: tech_lead,1
DM me on Instagram: @alice578,1
Do you have it in stock?,0
This looks good.,0
Can you show more photos?,0
What are the dimensions?,0
Can you show more photos?,0
Send me a DM on Facebook: facebook.com/fashioneer,1
I’m interested in this item.,0
I’m interested in this item.,0
Instagram me at (716) 766-6452,1
What’s the price?,0
Do you have it in stock?,0
Can you show more photos?,0
What are the dimensions?,0
Does it come in other colors?,0
I’m interested in this item.,0
Here's my email: user9133@example.com,1
What are the dimensions?,0
What are the dimensions?,0
Nice product!,0
c h a r l i e 3 7 @ e m a i l . n e t,1
Do you have it in stock?,0
How soon can I get it?,0
What are the dimensions?,0
Do you have it in stock?,0
Do you have it in stock?,0
Where do you ship from?,0
I’m interested in this item.,0
What’s the price?,0
How soon can I get it?,0
This looks good.,0
my digits: +1-860-491-3039,1
I’m interested in this item.,0
Do you have it in stock?,0
Text me at 555-197-7645 for more info.,1
Add me on WhatsApp: 555-574-7302,1
This looks good.,0
Nice product!,0
I’m interested in this item.,0
Can you show more photos?,0
DM me on Instagram @coolguy42,1
Can you share your phone number so I can send you details?,1
Where do you ship from?,0
What are the dimensions?,0
Does it come in other colors?,0
e m a i l m e @ user7041@example.com,1
You can reach me at 555-353-5300,1
Can you share your phone number so I can send you details?,1
wanna chat? +1-534-253-6046,1
What’s the price?,0
DM me on Instagram @fashioneer,1
C a l l   m e :   9 4 0 3 0 3 4 3 1 4,1
This looks good.,0
wanna chat? +1-864-578-3977,1
Connect on LinkedIn (linkedin.com/in/fashioneer),1
What are the dimensions?,0
I’m interested in this item.,0
What are the dimensions?,0
Message via email: frank7@email.net,1
Nice product!,0
What are the dimensions?,0
What’s the price?,0
📱 +1-162-723-6077,1
What are the dimensions?,0
How soon can I get it?,0
I’m interested in this item.,0
Where do you ship from?,0
Text me at 555-981-4953 for more info.,1
Add me on Facebook (facebook.com/john_doe),1
How soon can I get it?,0
Email me at user4365@example.com,1
hmu @ shopper881,1
Does it come in other colors?,0
Does it come in other colors?,0
Nice product!,0
"My contact is 555-649-7959, call me.",1
Can you show more photos?,0
Email me at heidi30@example.com,1
Where do you ship from?,0
Snapchat me at (425) 544-1876,1
Reach me at 9887604219,1
Can you show more photos?,0
I’m interested in this item.,0
Nice product!,0
Nice product!,0
Where do you ship from?,0
Nice product!,0
How soon can I get it?,0
What’s the price?,0
What are the dimensions?,0
What are the dimensions?,0
I’m interested in this item.,0
I’m interested in this item.,0
How soon can I get it?,0
I’m interested in this item.,0
I’m interested in this item.,0
How soon can I get it?,0
How soon can I get it?,0
Find me on Facebook: https://facebook.com/judy401,1
Do you have it in stock?,0
Where do you ship from?,0
Can you show more photos?,0
Where do you ship from?,0
How soon can I get it?,0
Can you show more photos?,0
I’m interested in this item.,0
Does it come in other colors?,0
Where do you ship from?,0
Can you show more photos?,0
What are the dimensions?,0
Where do you ship from?,0
c   o   n   t   a   c   t   m   e   + 1   4 9 0   1 7 1   3 4 6 0,1
This looks good.,0
What’s the price?,0
Nice product!,0
This looks good.,0
Does it come in other colors?,0
my email id is user9431@example.com,1
Does it come in other colors?,0
Send me a DM on Facebook: facebook.com/shopper99,1
I’m interested in this item.,0
Can you show more photos?,0
I’m interested in this item.,0
What’s the price?,0
I’m interested in this item.,0
What are the dimensions?,0
Do you have it in stock?,0
Message me on Signal: (455) 563-5868,1
How soon can I get it?,0
What are the dimensions?,0
Where do you ship from?,0
How soon can I get it?,0
Can you show more photos?,0
What’s the price?,0
Does it come in other colors?,0
Does it come in other colors?,0
What’s the price?,0
I’m interested in this item.,0
Can you show more photos?,0
Nice product!,0
I’m interested in this item.,0
This looks good.,0
Do you have it in stock?,0
Do you have it in stock?,0
fb.com/shopper47,1
Ping me on Telegram: @charlie33,1
Does it come in other colors?,0
What’s the price?,0
Contact me via Telegram: @fashioneer,1
Where do you ship from?,0
Message me on Signal: 708-357-7085,1
Can you show more photos?,0
Does it come in other colors?,0
WhatsApp me at +1-555-170-2956,1
Find me on Facebook: https://facebook.com/heidi274,1
Nice product!,0
Let's connect on LinkedIn: https://linkedin.com/in/judy238,1
DM me on Instagram @jane.smith,1
Do you have it in stock?,0
Nice product!,0
How soon can I get it?,0
Please email me at user3335@example.com,1
What are the dimensions?,0
Email me at user315@example.com,1
Can you show more photos?,0
Does it come in other colors?,0
Message me at user921@example.com,1
Where do you ship from?,0
What are the dimensions?,0
What’s the price?,0
What are the dimensions?,0
What’s the price?,0
How soon can I get it?,0
Do you have it in stock?,0
What are the dimensions?,0
Call me at 544-158-4522,1
This looks good.,0
c   o   n   t   a   c   t   m   e   3 1 6 - 3 1 5 - 7 1 0 8,1
How soon can I get it?,0
Ping me on Telegram: @ivan997,1
Nice product!,0
DM me on Instagram @tech_lead,1
Nice product!,0
I’m interested in this item.,0
Nice product!,0
Nice product!,0
Can you show more photos?,0
Can you show more photos?,0
Message me on Snapchat: designer123,1
Can you show more photos?,0
Can you show more photos?,0
Hit me up on WhatsApp at +1-730-774-8174,1
This looks good.,0
Telegram me at 340-206-8172,1
Does it come in other colors?,0
What are the dimensions?,0
Do you have it in stock?,0
Nice product!,0
Can you show more photos?,0
You can reach me at 555-419-5995,1
I’m interested in this item.,0
message me via g m a i l at user5463@example.com,1
Where do you ship from?,0
Where do you ship from?,0
📧 user3575@example.com,1
Connect on LinkedIn (linkedin.com/in/fashionista785),1
What are the dimensions?,0
Can you show more photos?,0
Send me a DM on Facebook: facebook.com/fashionguru,1
Where do you ship from?,0
Where do you ship from?,0
This looks good.,0
This looks good.,0
Where do you ship from?,0
What’s the price?,0
What are the dimensions?,0
What are the dimensions?,0
Reach me at 576-791-7820,1
Follow me on Instagram @shop_owner and DM.,1
Can you show more photos?,0
What’s the price?,0
Nice product!,0
Contact: +1-178-985-5254,1
I’m interested in this item.,0
my email id is user8819@example.com,1
you can DM me at shopper864 on Insta,1
Can you show more photos?,0
Reach me at (479) 495-9632,1
snap me at s-n-a-p fashionista878,1
What are the dimensions?,0
Nice product!,0
Can you show more photos?,0
Ping me on Telegram: @david454,1
What’s the price?,0
get in touch @ user565@example.com,1
How soon can I get it?,0
Can you show more photos?,0
What’s the price?,0
Do you have it in stock?,0
How soon can I get it?,0
Text me at 555-140-8211 for more info.,1
I’m interested in this item.,0
Contact me on Skype: bob930,1
Does it come in other colors?,0
DM me on Instagram @best_pizza,1
What are the dimensions?,0
What are the dimensions?,0
Can you share your phone number so I can send you details?,1
This looks good.,0
What’s the price?,0
Do you have it in stock?,0
Can you show more photos?,0
Contact me via Telegram: @tech_lead,1
How soon can I get it?,0
Can you show more photos?,0
How soon can I get it?,0
What’s the price?,0
My Snapchat is bob505,1
Can you show more photos?,0
Where do you ship from?,0
What are the dimensions?,0
Where do you ship from?,0
This looks good.,0
This looks good.,0
What are the dimensions?,0
Nice product!,0
Where do you ship from?,0
This looks good.,0
This looks good.,0
d a v i d 4 5 @ m a i l . c o m,1
Do you have it in stock?,0
Nice product!,0
Can you show more photos?,0
Do you have it in stock?,0
Where do you ship from?,0
This looks good.,0
Contact me on Skype: david761,1
Can you show more photos?,0
Nice product!,0
Do you have it in stock?,0
Can you show more photos?,0
Where do you ship from?,0
You can reach me at +1-800-738-1838,1
Where do you ship from?,0
Where do you ship from?,0
What’s the price?,0
Reach me at 2407008546,1
DM me on Instagram @coolguy42,1
Nice product!,0
Nice product!,0
Can you show more photos?,0
What are the dimensions?,0
Send me a DM on Facebook: facebook.com/coolguy42,1
j u d y 5 4 @ m a i l . c o m,1
Ping me on Telegram: @frank567,1
Nice product!,0
Nice product!,0
Does it come in other colors?,0
Nice product!,0
Do you have it in stock?,0
📧 user5953@example.com,1
I’m interested in this item.,0
Do you have it in stock?,0
Can you show more photos?,0
Nice product!,0
Email me at user7322@example.com,1
Do you have it in stock?,0
Does it come in other colors?,0
What’s the price?,0
How soon can I get it?,0
What are the dimensions?,0
What’s the price?,0
Contact via email: judy1@example.com,1
Where do you ship from?,0
How soon can I get it?,0
Can you show more photos?,0
How soon can I get it?,0
Where do you ship from?,0
Where do you ship from?,0
How soon can I get it?,0
This looks good.,0
How soon can I get it?,0
I’m interested in this item.,0
Do you have it in stock?,0
Nice product!,0
C a l l   m e :   3 6 4 - 1 5 2 - 6 2 4 6,1
What’s the price?,0
Where do you ship from?,0
Follow me on Instagram @designer123 and DM.,1
Call me at 468-347-1594,1
This looks good.,0
WhatsApp me at +1-555-260-4239,1
Do you have it in stock?,0
What’s the price?,0
This looks good.,0
This looks good.,0
How soon can I get it?,0
What’s the price?,0
you can DM me at devguy40 on Insta,1
Can you show more photos?,0
Do you have it in stock?,0
Does it come in other colors?,0
What’s the price?,0
You can reach me at 555-272-1647,1
What’s the price?,0
This looks good.,0
you can DM me at coolcat71 on Insta,1
I’m interested in this item.,0
Nice product!,0
Does it come in other colors?,0
This looks good.,0
hmu @ shopper595,1
Nice product!,0
How soon can I get it?,0
Add me on WhatsApp: 555-181-1159,1
Can you show more photos?,0
Nice product!,0
How soon can I get it?,0
📱 +1-410-444-6314,1
How soon can I get it?,0
What’s the price?,0
What are the dimensions?,0
Can you show more photos?,0
Can you show more photos?,0
What’s the price?,0
my email id is user2799@example.com,1
How soon can I get it?,0
What are the dimensions?,0
Does it come in other colors?,0
my email id is user8809@example.com,1
How soon can I get it?,0
Follow me on Instagram @shop_owner and DM.,1
Nice product!,0
Can you show more photos?,0
What’s the price?,0
This looks good.,0
Text me at +1-937-784-6423,1
DM me on Instagram @tech_lead,1
Can I have your email address?,1
Can you show more photos?,0
How soon can I get it?,0
Where do you ship from?,0
Do you have it in stock?,0
Nice product!,0
"My contact is 555-386-2854, call me.",1
Can you show more photos?,0
What’s the price?,0
What’s the price?,0
Can you show more photos?,0
What’s the price?,0
This looks good.,0
Follow me on Instagram @coolguy42 and DM.,1
Does it come in other colors?,0
How soon can I get it?,0
Can you show more photos?,0
How soon can I get it?,0
Does it come in other colors?,0
I’m interested in this item.,0
What are the dimensions?,0
I’m interested in this item.,0
I’m interested in this item.,0
Where do you ship from?,0
Do you have it in stock?,0
Nice product!,0
Where do you ship from?,0
Do you have it in stock?,0
Do you have it in stock?,0
What’s the price?,0
Can you show more photos?,0
What are the dimensions?,0
What’s the price?,0
Where do you ship from?,0
What’s the price?,0
Where do you ship from?,0
What are the dimensions?,0
Can you show more photos?,0
Does it come in other colors?,0
What’s the price?,0
I’m interested in this item.,0
Where do you ship from?,0
What are the dimensions?,0
Can you show more photos?,0
Where do you ship from?,0
I’m interested in this item.,0
Do you have it in stock?,0
What’s the price?,0
Nice product!,0
Does it come in other colors?,0
How soon can I get it?,0
I’m interested in this item.,0
I’m interested in this item.,0
Do you have it in stock?,0
This looks good.,0
This looks good.,0
Nice product!,0
Does it come in other colors?,0
What’s the price?,0
Do you have it in stock?,0
Let's connect on LinkedIn: linkedin.com/in/coolguy42,1
What are the dimensions?,0
What’s the price?,0
I’m interested in this item.,0
How soon can I get it?,0
I’m interested in this item.,0
Does it come in other colors?,0
What’s the price?,0
What’s the price?,0
Can you show more photos?,0
This looks good.,0
How soon can I get it?,0
How soon can I get it?,0
What are the dimensions?,0
I’m interested in this item.,0
How soon can I get it?,0
Do you have it in stock?,0
This looks good.,0
What’s the price?,0
How soon can I get it?,0
You can reach me at 555-317-6809,1
Does it come in other colors?,0
What’s the price?,0
This looks good.,0
Where do you ship from?,0
Does it come in other colors?,0
Can you show more photos?,0
What’s the price?,0
c   o   n   t   a   c   t   m   e   7 3 1 - 6 4 1 - 4 2 3 3,1
Where do you ship from?,0
"Email is user3568@example.com, reach out anytime.",1
Do you have it in stock?,0
I’m interested in this item.,0
Where do you ship from?,0
DM me on Instagram: @frank928,1
My WeChat ID is shopper99,1
Contact me via Telegram: @shop_owner,1
Do you have it in stock?,0
I’m interested in this item.,0
Can I have your email address?,1
Snapchat me @ coolcat3,1
Please email me at user5374@example.com,1
Nice product!,0
How soon can I get it?,0
This looks good.,0
reach at t w o o o @example.com,1
How soon can I get it?,0
What’s the price?,0
Please email me at user2437@example.com,1
Does it come in other colors?,0
Does it come in other colors?,0
Can I have your email address?,1
Where do you ship from?,0
What are the dimensions?,0
What are the dimensions?,0
Ping me on Telegram: @heidi857,1
Do you have it in stock?,0
Can you show more photos?,0
Where do you ship from?,0
Contact me via Telegram: @shop_owner,1
How soon can I get it?,0
What are the dimensions?,0
Text me at 555-865-2091 for more info.,1
Do you have it in stock?,0
📱 +1-634-970-6008,1
Does it come in other colors?,0
Does it come in other colors?,0
Follow me on Twitter: @charlie460,1
Where do you ship from?,0
Does it come in other colors?,0
I’m interested in this item.,0
Reach me at +1 556 224 0042,1
Does it come in other colors?,0
I’m interested in this item.,0
Message via email: grace8@example.com,1
DM me on Facebook: facebook.com/coolcat383,1
What are the dimensions?,0
What’s the price?,0
Do you have it in stock?,0
Can you show more photos?,0
Does it come in other colors?,0
Does it come in other colors?,0
How soon can I get it?,0
c   o   n   t   a   c   t   m   e   1 4 4 - 3 0 2 - 6 2 3 5,1
I’m interested in this item.,0
How soon can I get it?,0
Nice product!,0
Where do you ship from?,0
Does it come in other colors?,0
What’s the price?,0
This looks good.,0
Nice product!,0
Connect on LinkedIn (linkedin.com/in/shopper382),1
Add me on WhatsApp: (604) 901-2114,1
Does it come in other colors?,0
Message me on Signal: 132-520-6721,1
Can you show more photos?,0
DM me on Instagram @best_pizza,1
What are the dimensions?,0
Where do you ship from?,0
How soon can I get it?,0
How soon can I get it?,0
What’s the price?,0
How soon can I get it?,0
I’m interested in this item.,0
Does it come in other colors?,0
This looks good.,0
Where do you ship from?,0
Does it come in other colors?,0
This looks good.,0
Where do you ship from?,0
What’s the price?,0
Follow me on Instagram @tech_lead and DM.,1
message me via g m a i l at user3568@example.com,1
c o n t a c t : +1-970-116-9976,1
Does it come in other colors?,0
Do you have it in stock?,0
I’m interested in this item.,0
Twitter me at 559-515-0831,1
"Email is user3585@example.com, reach out anytime.",1
Nice product!,0
Nice product!,0
Can you show more photos?,0
Where do you ship from?,0
Where do you ship from?,0
DM me on Instagram @jane.smith,1
Do you have it in stock?,0
This looks good.,0
Nice product!,0
telegram: t dot me slash fashionista101,1
What’s the price?,0
Does it come in other colors?,0
What are the dimensions?,0
Do you have it in stock?,0
Can you show more photos?,0
What’s the price?,0
Does it come in other colors?,0
Do you have it in stock?,0
What’s the price?,0
I’m interested in this item.,0
Can you show more photos?,0
Snapchat me at 443-234-6970,1
How soon can I get it?,0
Can you show more photos?,0
This looks good.,0
What are the dimensions?,0
Does it come in other colors?,0
e m a i l m e @ user8017@example.com,1
What are the dimensions?,0
I’m interested in this item.,0
How soon can I get it?,0
How soon can I get it?,0
This looks good.,0
This looks good.,0
Do you have it in stock?,0
Can you show more photos?,0
Follow me on Instagram @john_doe and DM.,1
How soon can I get it?,0
I’m interested in this item.,0
Does it come in other colors?,0
📧 user5565@example.com,1
Nice product!,0
Do you have it in stock?,0
My WeChat ID is best_pizza,1
Nice product!,0
What are the dimensions?,0
Does it come in other colors?,0
What’s the price?,0
This looks good.,0
This looks good.,0
📱 +1-433-899-3492,1
Can you show more photos?,0
hmu @ devguy24,1
Connect on LinkedIn (linkedin.com/in/jane.smith),1
Can you show more photos?,0
Does it come in other colors?,0
Where do you ship from?,0
Do you have it in stock?,0
Can I have your email address?,1
Hit me up on WhatsApp at +1-208-830-6841,1
Hit me up on WhatsApp at 555-452-2661,1
I’m interested in this item.,0
This looks good.,0
Nice product!,0
Can you show more photos?,0
What’s the price?,0
What’s the price?,0
Add me on Facebook (facebook.com/jane.smith),1
Can I have your email address?,1
What’s the price?,0
"Email is user2752@example.com, reach out anytime.",1
You can reach me at 555-100-2194,1
You can reach me at 555-677-8033,1
How soon can I get it?,0
This looks good.,0
How soon can I get it?,0
Can you show more photos?,0
Here is my email: user3009@example.com,1
What’s the price?,0
Where do you ship from?,0
Ping me on Telegram: @charlie139,1
Message me on Snapchat: fashionguru,1
What are the dimensions?,0
Nice product!,0
Where do you ship from?,0
Text me at 555-284-2205 for more info.,1
I’m interested in this item.,0
Do you have it in stock?,0
I’m interested in this item.,0
Do you have it in stock?,0
How soon can I get it?,0
How soon can I get it?,0
This looks good.,0
telegram: t dot me slash fashionista743,1
How soon can I get it?,0
Nice product!,0
What’s the price?,0
What’s the price?,0
Does it come in other colors?,0
Can you show more photos?,0
Does it come in other colors?,0
Nice product!,0
This looks good.,0
What are the dimensions?,0
Hit me up on WhatsApp at +1-694-836-2636,1
Can you show more photos?,0
Do you have it in stock?,0
Does it come in other colors?,0
Nice product!,0
Where do you ship from?,0
Can you show more photos?,0
What’s the price?,0
This looks good.,0
What’s the price?,0
Follow me on Twitter: @bob662,1
Where do you ship from?,0
What’s the price?,0
This looks good.,0
e m a i l m e @ user5337@example.com,1
I’m interested in this item.,0
Nice product!,0
What’s the price?,0
I’m interested in this item.,0
This looks good.,0
What’s the price?,0
This looks good.,0
What’s the price?,0
This looks good.,0
This looks good.,0
What’s the price?,0
Can you show more photos?,0
Does it come in other colors?,0
Where do you ship from?,0
What’s the price?,0
What’s the price?,0
Instagram me at +1 538 724 0526,1
Hit me up on WhatsApp at 555-640-9171,1
Nice product!,0
Does it come in other colors?,0
Can you show more photos?,0
Message me on Signal: 5016654504,1
wanna chat? +1-822-618-5632,1
What are the dimensions?,0
Does it come in other colors?,0
Connect on LinkedIn (linkedin.com/in/john_doe),1
What’s the price?,0
Nice product!,0
How soon can I get it?,0
I’m interested in this item.,0
Nice product!,0
Can you show more photos?,0
I’m interested in this item.,0
This looks good.,0
What’s the price?,0
my email id is user9767@example.com,1
What’s the price?,0
Skype me at (908) 306-7944,1
This looks good.,0
This looks good.,0
Can you show more photos?,0
How soon can I get it?,0
Do you have it in stock?,0
Do you have it in stock?,0
Do you have it in stock?,0
How soon can I get it?,0
What are the dimensions?,0
DM me on Facebook: facebook.com/coolcat123,1
I’m interested in this item.,0
find me at user5516@example.com 😉,1
Nice product!,0
I’m interested in this item.,0
How soon can I get it?,0
I’m interested in this item.,0
Reach out on WhatsApp at +1-489-743-9170,1
What’s the price?,0
Follow me on Twitter: @charlie795,1
Can you show more photos?,0
Can you show more photos?,0
fb.com/fashionista171,1
Here is my email: user5050@example.com,1
Where do you ship from?,0
This looks good.,0
you can DM me at shopper639 on Insta,1
How soon can I get it?,0
What’s the price?,0
Where do you ship from?,0
Where do you ship from?,0
Message me on Snapchat: tech_lead,1
Do you have it in stock?,0
Text me at +1-401-812-9380,1
What’s the price?,0
Contact me via Telegram: @shopper99,1
Does it come in other colors?,0
C a l l   m e :   6 9 1 - 8 8 0 - 6 7 8 0,1
Can you show more photos?,0
C o n t a c t :   7 2 0 4 8 9 1 3 1 8,1
Does it come in other colors?,0
What are the dimensions?,0
Can you show more photos?,0
What are the dimensions?,0
Message via email: heidi17@email.net,1
What are the dimensions?,0
Does it come in other colors?,0
Does it come in other colors?,0
Where do you ship from?,0
Can you show more photos?,0
Can you show more photos?,0
This looks good.,0
"My contact is 555-858-8722, call me.",1
Does it come in other colors?,0
Let's connect on LinkedIn: https://linkedin.com/in/heidi119,1
What’s the price?,0
I’m interested in this item.,0
This looks good.,0
This looks good.,0
Can you show more photos?,0
📱 +1-310-512-6956,1
Can you show more photos?,0
Let's connect on LinkedIn: https://linkedin.com/in/heidi768,1
Can you show more photos?,0
I’m interested in this item.,0
"Email is user6373@example.com, reach out anytime.",1
Nice product!,0
How soon can I get it?,0
How soon can I get it?,0
Do you have it in stock?,0
Where do you ship from?,0
I’m interested in this item.,0
Snapchat me at 5909570813,1
Do you have it in stock?,0
find me at user9876@example.com 😉,1
What are the dimensions?,0
Add me on WhatsApp: 555-293-1214,1
This looks good.,0
C a l l   m e :   ( 9 5 7 )   6 9 5 - 2 3 6 8,1
What are the dimensions?,0
I’m interested in this item.,0
Where do you ship from?,0
How soon can I get it?,0
Nice product!,0
I’m interested in this item.,0
Nice product!,0
Can you show more photos?,0
This looks good.,0
Please email me at user3333@example.com,1
What’s the price?,0
I’m interested in this item.,0
How soon can I get it?,0
How soon can I get it?,0
Can I have your email address?,1
snap me at s-n-a-p shopper53,1
Do you have it in stock?,0
Where do you ship from?,0
Can you show more photos?,0
I’m interested in this item.,0
DM me on Instagram: @heidi992,1
What’s the price?,0
"Email is user5338@example.com, reach out anytime.",1
Does it come in other colors?,0
Do you have it in stock?,0
DM me on Facebook: facebook.com/coolcat327,1
Nice product!,0
Can you show more photos?,0
Where do you ship from?,0
Where do you ship from?,0
Nice product!,0
I’m interested in this item.,0
Nice product!,0
Where do you ship from?,0
Follow me on Twitter: @ivan717,1
Can you show more photos?,0
I’m interested in this item.,0
Connect on LinkedIn (linkedin.com/in/jane.smith),1
Can you show more photos?,0
Can you show more photos?,0
What’s the price?,0
Does it come in other colors?,0
What’s the price?,0
Where do you ship from?,0
Does it come in other colors?,0
Message me on Snapchat: best_pizza,1
What’s the price?,0
This looks good.,0
What’s the price?,0
This looks good.,0
Can you show more photos?,0
Where do you ship from?,0
Does it come in other colors?,0
Where do you ship from?,0
Nice product!,0
Do you have it in stock?,0
Where do you ship from?,0
What are the dimensions?,0
my email id is user3992@example.com,1
I’m interested in this item.,0
Does it come in other colors?,0
What’s the price?,0
How soon can I get it?,0
What are the dimensions?,0
Can you show more photos?,0
Add me on WhatsApp: 555-775-3089,1
This looks good.,0
This looks good.,0
This looks good.,0
Can you show more photos?,0
Nice product!,0
How soon can I get it?,0
What are the dimensions?,0
Mail me: alice90@example.com,1
This looks good.,0
Do you have it in stock?,0
Add me on WhatsApp: 555-859-1106,1
Can you show more photos?,0
I’m interested in this item.,0
reach at t w o o o @example.com,1
What’s the price?,0
Nice product!,0
What’s the price?,0
What’s the price?,0
This looks good.,0
How soon can I get it?,0
What are the dimensions?,0
What’s the price?,0
Nice product!,0
This looks good.,0
Message me at user8301@example.com,1
Does it come in other colors?,0
I’m interested in this item.,0
This looks good.,0
What’s the price?,0
Nice product!,0
What are the dimensions?,0
Can you share your phone number so I can send you details?,1
How soon can I get it?,0
Where do you ship from?,0
What’s the price?,0
Can you show more photos?,0
Can you show more photos?,0
Does it come in other colors?,0
This looks good.,0
What’s the price?,0
I’m interested in this item.,0
Can you show more photos?,0
Nice product!,0
Can you show more photos?,0
Does it come in other colors?,0
I’m interested in this item.,0
Nice product!,0
I’m interested in this item.,0
This looks good.,0
wanna chat? +1-435-466-9751,1
Does it come in other colors?,0
Hit me up on WhatsApp at 555-341-4633,1
Can you show more photos?,0
I’m interested in this item.,0
What’s the price?,0
Contact me via Telegram: @fashioneer,1
Does it come in other colors?,0
Can you show more photos?,0
Can you show more photos?,0
Let's connect on LinkedIn: https://linkedin.com/in/ivan431,1
What’s the price?,0
Do you have it in stock?,0
This looks good.,0
Does it come in other colors?,0
"My contact is 555-673-9000, call me.",1
Nice product!,0
Nice product!,0
Does it come in other colors?,0
Text me at +1-415-360-5820,1
Text me at +1-156-398-6843,1
Nice product!,0
Does it come in other colors?,0
This looks good.,0
Does it come in other colors?,0
I’m interested in this item.,0
How soon can I get it?,0
Connect on LinkedIn (linkedin.com/in/coolcat645),1
Can I have your email address?,1
Let's connect on LinkedIn: linkedin.com/in/best_pizza,1
Message me on Signal: (099) 459-5366,1
Connect on LinkedIn (linkedin.com/in/devguy922),1
Snapchat me @ devguy639,1
This looks good.,0
Can you show more photos?,0
Does it come in other colors?,0
Can you show more photos?,0
Do you have it in stock?,0
DM me on Facebook: facebook.com/shopper980,1
This looks good.,0
Can you show more photos?,0
I’m interested in this item.,0
How soon can I get it?,0
I’m interested in this item.,0
Email me at user7525@example.com,1
I’m interested in this item.,0
Where do you ship from?,0
What are the dimensions?,0
Where do you ship from?,0
Does it come in other colors?,0
Where do you ship from?,0
Do you have it in stock?,0
Do you have it in stock?,0
Where do you ship from?,0
What’s the price?,0
message me via g m a i l at user2587@example.com,1
This looks good.,0
"Email is user3796@example.com, reach out anytime.",1
How soon can I get it?,0
I’m interested in this item.,0
Can you show more photos?,0
What are the dimensions?,0
reach at t w o o o @example.com,1
Nice product!,0
My WeChat ID is designer123,1
This looks good.,0
Nice product!,0
Contact via email: eve41@email.net,1
Nice product!,0
c   o   n   t   a   c   t   m   e   3 2 2 - 7 2 0 - 5 3 0 5,1
Nice product!,0
Nice product!,0
Do you have it in stock?,0
This looks good.,0
Do you have it in stock?,0
Where do you ship from?,0
fb.com/coolcat640,1
📧 user1838@example.com,1
I’m interested in this item.,0
Where do you ship from?,0
Nice product!,0
What’s the price?,0
My TikTok: @ivan436,1
This looks good.,0
Does it come in other colors?,0
Add me on Facebook (facebook.com/john_doe),1
What are the dimensions?,0
Do you have it in stock?,0
Can you show more photos?,0
This looks good.,0
Do you have it in stock?,0
Add me on WhatsApp: 555-757-2673,1
What’s the price?,0
Does it come in other colors?,0
Nice product!,0
Do you have it in stock?,0
Does it come in other colors?,0
Do you have it in stock?,0
This looks good.,0
Do you have it in stock?,0
What’s the price?,0
Where do you ship from?,0
I’m interested in this item.,0
Where do you ship from?,0
Do you have it in stock?,0
Do you have it in stock?,0
Nice product!,0
What are the dimensions?,0
How soon can I get it?,0
Can you show more photos?,0
Here is my email: user2380@example.com,1
Nice product!,0
Nice product!,0
What’s the price?,0
I’m interested in this item.,0
This looks good.,0
Does it come in other colors?,0
What are the dimensions?,0
Nice product!,0
Nice product!,0
What’s the price?,0
What are the dimensions?,0
Follow me on Instagram @fashioneer and DM.,1
This looks good.,0
What’s the price?,0
How soon can I get it?,0
Do you have it in stock?,0
This looks good.,0
Message me at user175@example.com,1
Can you show more photos?,0
DM me on Instagram @tech_lead,1
Nice product!,0
Does it come in other colors?,0
Does it come in other colors?,0
I’m interested in this item.,0
This looks good.,0
I’m interested in this item.,0
What are the dimensions?,0
"Email is user6575@example.com, reach out anytime.",1
This looks good.,0
Hit me up on WhatsApp at +1-267-514-9115,1
What’s the price?,0
Where do you ship from?,0
Nice product!,0
What are the dimensions?,0
I’m interested in this item.,0
Do you have it in stock?,0
"Email is user7327@example.com, reach out anytime.",1
Do you have it in stock?,0
DM me on Instagram: @bob740,1
You can reach me at 555-976-9609,1
This looks good.,0
I’m interested in this item.,0
Does it come in other colors?,0
Reach me at +1 669 008 0965,1
This looks good.,0
Do you have it in stock?,0
What’s the price?,0
Ping me on Telegram: @alice133,1
Where do you ship from?,0
This looks good.,0
Can you show more photos?,0
Contact via email: frank64@mail.com,1
Does it come in other colors?,0
you can DM me at devguy356 on Insta,1
Can you show more photos?,0
wanna chat? +1-677-611-4630,1
Does it come in other colors?,0
I’m interested in this item.,0
Text me at +1-486-410-2973,1
Nice product!,0
This looks good.,0
Do you have it in stock?,0
I’m interested in this item.,0
Snapchat me @ coolcat438,1
Do you have it in stock?,0
What’s the price?,0
Do you have it in stock?,0
What are the dimensions?,0
This looks good.,0
What are the dimensions?,0
c   o   n   t   a   c   t   m   e   + 1   0 1 6   3 7 7   8 3 0 8,1
This looks good.,0
I’m interested in this item.,0
e v e 5 4 @ e x a m p l e . c o m,1
What’s the price?,0
This looks good.,0
Nice product!,0
Does it come in other colors?,0
Message me on Snapchat: shopper99,1
I’m interested in this item.,0
wanna chat? +1-190-886-7341,1
Nice product!,0
This looks good.,0
How soon can I get it?,0
What’s the price?,0
What’s the price?,0
c   o   n   t   a   c   t   m   e   7 1 0 - 8 1 6 - 4 8 5 0,1
I’m interested in this item.,0
Contact me on Skype: ivan985,1
How soon can I get it?,0
Nice product!,0
Does it come in other colors?,0
Does it come in other colors?,0
Where do you ship from?,0
How soon can I get it?,0
wanna chat? +1-381-858-4135,1
What’s the price?,0
Do you have it in stock?,0
How soon can I get it?,0
Does it come in other colors?,0
This looks good.,0
DM me on Instagram: @grace169,1
My Snapchat is charlie72,1
What are the dimensions?,0
Do you have it in stock?,0
Does it come in other colors?,0
What’s the price?,0
Mail me: heidi78@mail.com,1
Add me on WhatsApp: 555-422-9577,1
Find me on Facebook: https://facebook.com/alice943,1
Do you have it in stock?,0
I’m interested in this item.,0
Nice product!,0
I’m interested in this item.,0
What’s the price?,0
What are the dimensions?,0
snap me at s-n-a-p coolcat897,1
"Email is user2167@example.com, reach out anytime.",1
Does it come in other colors?,0
Where do you ship from?,0
I’m interested in this item.,0
Where do you ship from?,0
Where do you ship from?,0
I’m interested in this item.,0
What are the dimensions?,0
How soon can I get it?,0
What’s the price?,0
Mail me: alice47@example.com,1
What’s the price?,0
How soon can I get it?,0
Connect on LinkedIn (linkedin.com/in/john_doe),1
Can you show more photos?,0
What’s the price?,0
Can you show more photos?,0
What’s the price?,0
What’s the price?,0
Where do you ship from?,0
How soon can I get it?,0
Nice product!,0
Text me at 555-874-7619 for more info.,1
What’s the price?,0
Do you have it in stock?,0
Find me on Facebook: https://facebook.com/bob46,1
Where do you ship from?,0
Does it come in other colors?,0
Where do you ship from?,0
Can you show more photos?,0
Nice product!,0
Add me on WhatsApp: 555-544-1773,1
What’s the price?,0
What are the dimensions?,0
Nice product!,0
I’m interested in this item.,0
How soon can I get it?,0
How soon can I get it?,0
Can you show more photos?,0
Where do you ship from?,0
What are the dimensions?,0
What are the dimensions?,0
Can you show more photos?,0
Do you have it in stock?,0
wanna chat? +1-278-661-8541,1
Where do you ship from?,0
Add me on Facebook (facebook.com/designer123),1
Do you have it in stock?,0
This looks good.,0
Can I have your email address?,1
Do you have it in stock?,0
Does it come in other colors?,0
I’m interested in this item.,0
Can you show more photos?,0
How soon can I get it?,0
Reach me at +1 763 122 8607,1
What are the dimensions?,0
Where do you ship from?,0
This looks good.,0
Contact me on Skype: heidi847,1
Do you have it in stock?,0
Can you show more photos?,0
Do you have it in stock?,0
This looks good.,0
What’s the price?,0
Nice product!,0
What are the dimensions?,0
Nice product!,0
Here is my email: user5239@example.com,1
My number is +1 894 497 5554,1
Does it come in other colors?,0
How soon can I get it?,0
Do you have it in stock?,0
What are the dimensions?,0
Where do you ship from?,0
Ping me on Telegram: @grace358,1
Can you show more photos?,0
I’m interested in this item.,0
Do you have it in stock?,0
Can you show more photos?,0
What’s the price?,0
Do you have it in stock?,0
This looks good.,0
Nice product!,0
Where do you ship from?,0
Where do you ship from?,0
I’m interested in this item.,0
wanna chat? +1-538-210-4313,1
This looks good.,0
I’m interested in this item.,0
Does it come in other colors?,0
What are the dimensions?,0
telegram: t dot me slash shopper409,1
What’s the price?,0
Can you show more photos?,0
What’s the price?,0
This looks good.,0
Nice product!,0
This looks good.,0
Does it come in other colors?,0
Does it come in other colors?,0
Where do you ship from?,0
What’s the price?,0
Nice product!,0
Hit me up on WhatsApp at 555-455-1778,1
How soon can I get it?,0
"Email is user1967@example.com, reach out anytime.",1
Can you show more photos?,0
This looks good.,0
I’m interested in this item.,0
This looks good.,0
Where do you ship from?,0
Can you show more photos?,0
My number is 824-445-8445,1
How soon can I get it?,0
How soon can I get it?,0
Do you have it in stock?,0
What are the dimensions?,0
This looks good.,0
I’m interested in this item.,0
t e l : +1-527-212-6363,1
Can you show more photos?,0
Does it come in other colors?,0
Follow me on Twitter: @david854,1
I’m interested in this item.,0
Can you show more photos?,0
Does it come in other colors?,0
Can you show more photos?,0
Hit me up on WhatsApp at +1-923-742-3436,1
Message via email: david63@example.com,1
How soon can I get it?,0
Text me at 555-730-3406 for more info.,1
What’s the price?,0
How soon can I get it?,0
What’s the price?,0
Where do you ship from?,0
Do you have it in stock?,0
Do you have it in stock?,0
I’m interested in this item.,0
What’s the price?,0
I’m interested in this item.,0
Can you show more photos?,0
How soon can I get it?,0
How soon can I get it?,0
Here is my email: user1359@example.com,1
DM me on Instagram: @frank692,1
This looks good.,0
message me via g m a i l at user3407@example.com,1
Nice product!,0
Contact me via Telegram: @john_doe,1
This looks good.,0
I’m interested in this item.,0
Nice product!,0
Nice product!,0
What’s the price?,0
This looks good.,0
Do you have it in stock?,0
I’m interested in this item.,0
How soon can I get it?,0
Does it come in other colors?,0
Can you show more photos?,0
What’s the price?,0
Nice product!,0
How soon can I get it?,0
I’m interested in this item.,0
How soon can I get it?,0
Hit me up on WhatsApp at 555-443-6281,1
fb.com/shopper359,1
Does it come in other colors?,0
Where do you ship from?,0
DM me on Instagram: @frank348,1
get in touch @ user1224@example.com,1
How soon can I get it?,0
Does it come in other colors?,0
Can you show more photos?,0
Ping me on Telegram: @eve791,1
Do you have it in stock?,0
Please email me at user3714@example.com,1
Does it come in other colors?,0
Where do you ship from?,0
Add me on Facebook (facebook.com/fashionguru),1
This looks good.,0
This looks good.,0
What’s the price?,0
Nice product!,0
Can you show more photos?,0
Can you show more photos?,0
Add me on Facebook (facebook.com/fashioneer),1
Does it come in other colors?,0
Nice product!,0
What are the dimensions?,0
Do you have it in stock?,0
reach at t w o o o @example.com,1
Telegram me at +1 709 338 5338,1
Contact me via Telegram: @best_pizza,1
Do you have it in stock?,0
Can you show more photos?,0
I’m interested in this item.,0
What are the dimensions?,0
What are the dimensions?,0
How soon can I get it?,0
Send me a DM on Facebook: facebook.com/fashionguru,1
Can you show more photos?,0
fb.com/devguy432,1
Let's connect on LinkedIn: https://linkedin.com/in/frank320,1
Does it come in other colors?,0
What are the dimensions?,0
How soon can I get it?,0
I’m interested in this item.,0
You can reach me at +1-982-996-2831,1
What are the dimensions?,0
Can you show more photos?,0
Nice product!,0
Text me at +1-566-398-7896,1
Does it come in other colors?,0
I’m interested in this item.,0
This looks good.,0
Find me on Facebook: https://facebook.com/heidi344,1
Where do you ship from?,0
You can reach me at 555-313-4486,1
How soon can I get it?,0
Does it come in other colors?,0
Text me at +1-526-963-5235,1
Do you have it in stock?,0
Can you show more photos?,0
What are the dimensions?,0
Reach me at 4607128228,1
Does it come in other colors?,0
Where do you ship from?,0
This looks good.,0
Can you show more photos?,0
Where do you ship from?,0
This looks good.,0
Where do you ship from?,0
Nice product!,0
Call me at (757) 235-9488,1
Snapchat me @ shopper965,1
Do you have it in stock?,0
What’s the price?,0
I’m interested in this item.,0
Follow me on Instagram @tech_lead and DM.,1
Text me at 555-258-1552 for more info.,1
Do you have it in stock?,0
What are the dimensions?,0
This looks good.,0
WhatsApp me at +1-555-425-3951,1
What are the dimensions?,0
Do you have it in stock?,0
What are the dimensions?,0
Can you show more photos?,0
Text me at 313-268-9994,1
📧 user4169@example.com,1
find me at user9060@example.com 😉,1
Nice product!,0
What are the dimensions?,0
e m a i l m e @ user3247@example.com,1
How soon can I get it?,0
Do you have it in stock?,0
What’s the price?,0
How soon can I get it?,0
I’m interested in this item.,0
Does it come in other colors?,0
Here is my email: user2697@example.com,1
Find me on Facebook: https://facebook.com/alice681,1
Does it come in other colors?,0
Reach me at 5804194467,1
Does it come in other colors?,0
What’s the price?,0
Where do you ship from?,0
What’s the price?,0
Contact me via Telegram: @shop_owner,1
What are the dimensions?,0
g r a c e 3 7 @ e m a i l . n e t,1
C o n t a c t :   9 6 9 - 6 3 4 - 8 8 3 3,1
Where do you ship from?,0
Does it come in other colors?,0
reach at t w o o o @example.com,1
Nice product!,0
What’s the price?,0
I’m interested in this item.,0
What are the dimensions?,0
Do you have it in stock?,0
Connect on LinkedIn (linkedin.com/in/shopper99),1
Nice product!,0
What are the dimensions?,0
Nice product!,0
Nice product!,0
What’s the price?,0
t e l : +1-529-531-3979,1
Nice product!,0
I’m interested in this item.,0
"Email is user3011@example.com, reach out anytime.",1
I’m interested in this item.,0
How soon can I get it?,0
C o n t a c t :   + 1   1 8 1   7 4 7   7 8 4 9,1
Does it come in other colors?,0
How soon can I get it?,0
snap me at s-n-a-p coolcat355,1
This looks good.,0
Do you have it in stock?,0
This looks good.,0
How soon can I get it?,0
Do you have it in stock?,0
What’s the price?,0
What’s the price?,0
My number is (790) 486-8014,1
What’s the price?,0
Nice product!,0
Nice product!,0
Text me at 555-507-9783 for more info.,1
What are the dimensions?,0
Does it come in other colors?,0
Connect on LinkedIn (linkedin.com/in/shop_owner),1
Message me on Signal: 9702241934,1
Nice product!,0
What’s the price?,0
Does it come in other colors?,0
C o n t a c t :   + 1   1 0 0   0 8 6   8 7 2 3,1
How soon can I get it?,0
Where do you ship from?,0
You can reach me at +1-780-951-3097,1
How soon can I get it?,0
What are the dimensions?,0
Does it come in other colors?,0
c   o   n   t   a   c   t   m   e   8 7 5 0 9 9 9 3 5 6,1
What are the dimensions?,0
Nice product!,0
I’m interested in this item.,0
Does it come in other colors?,0
I’m interested in this item.,0
I’m interested in this item.,0
Skype me at 5874161074,1
Can you show more photos?,0
Add me on WhatsApp: 555-643-5910,1
How soon can I get it?,0
Can you show more photos?,0
I’m interested in this item.,0
Can you show more photos?,0
Can you show more photos?,0
Do you have it in stock?,0
Can you show more photos?,0
Can you show more photos?,0
Do you have it in stock?,0
Here's my email: user4350@example.com,1
What’s the price?,0
DM me on Instagram @best_pizza,1
Contact via email: alice42@example.com,1
I’m interested in this item.,0
What are the dimensions?,0
What are the dimensions?,0
Where do you ship from?,0
DM me on Instagram: @eve298,1
Does it come in other colors?,0
This looks good.,0
I’m interested in this item.,0
What are the dimensions?,0
How soon can I get it?,0
Does it come in other colors?,0
Do you have it in stock?,0
Nice product!,0
What’s the price?,0
Do you have it in stock?,0
I’m interested in this item.,0
I’m interested in this item.,0
This looks good.,0
Do you have it in stock?,0
Does it come in other colors?,0
Ping me on Telegram: @ivan382,1
What’s the price?,0
Where do you ship from?,0
I’m interested in this item.,0
Reach me at (858) 646-6749,1
Where do you ship from?,0
What’s the price?,0
Contact me via Telegram: @designer123,1
Where do you ship from?,0
What’s the price?,0
Nice product!,0
Do you have it in stock?,0
C o n t a c t :   ( 4 8 4 )   8 6 5 - 7 6 1 0,1
What are the dimensions?,0
Does it come in other colors?,0
DM me on Facebook: facebook.com/coolcat641,1
Can I have your email address?,1
What are the dimensions?,0
Do you have it in stock?,0
Can you show more photos?,0
Do you have it in stock?,0
Nice product!,0
This looks good.,0
How soon can I get it?,0
Add me on WhatsApp: 555-691-4533,1
My number is 4757516441,1
Ping me on Telegram: @david51,1
Can you show more photos?,0
Nice product!,0
Nice product!,0
WhatsApp me at +1-555-132-7362,1
This looks good.,0
Connect on LinkedIn (linkedin.com/in/fashioneer),1
you can DM me at fashionista210 on Insta,1
How soon can I get it?,0
What are the dimensions?,0
What’s the price?,0
I’m interested in this item.,0
Nice product!,0
How soon can I get it?,0
How soon can I get it?,0
What’s the price?,0
Email me at user2546@example.com,1
Where do you ship from?,0
What’s the price?,0
How soon can I get it?,0
Nice product!,0
Nice product!,0
What are the dimensions?,0
How soon can I get it?,0
Mail me: grace39@email.net,1
Do you have it in stock?,0
Does it come in other colors?,0
I’m interested in this item.,0
Nice product!,0
I’m interested in this item.,0
Nice product!,0
Do you have it in stock?,0
How soon can I get it?,0
Message me at user2624@example.com,1
Does it come in other colors?,0
What are the dimensions?,0
What are the dimensions?,0
📧 user8229@example.com,1
Nice product!,0
Where do you ship from?,0
"Email is user8291@example.com, reach out anytime.",1
This looks good.,0
This looks good.,0
Ping me on Telegram: @ivan787,1
I’m interested in this item.,0
wanna chat? +1-122-977-9217,1
Does it come in other colors?,0
What’s the price?,0
I’m interested in this item.,0
Contact me via Telegram: @tech_lead,1
Can I have your email address?,1
Do you have it in stock?,0
Nice product!,0
What’s the price?,0
What are the dimensions?,0
What’s the price?,0
telegram: t dot me slash shopper37,1
Do you have it in stock?,0
Do you have it in stock?,0
This looks good.,0
Does it come in other colors?,0
Nice product!,0
I’m interested in this item.,0
How soon can I get it?,0
📱 +1-899-959-5396,1
Do you have it in stock?,0
I’m interested in this item.,0
Can you show more photos?,0
Nice product!,0
I’m interested in this item.,0
What are the dimensions?,0
This looks good.,0
Can you show more photos?,0
Nice product!,0
DM me on Instagram: @charlie836,1
How soon can I get it?,0
I’m interested in this item.,0
Where do you ship from?,0
What are the dimensions?,0
Call me at (994) 668-7190,1
This looks good.,0
What are the dimensions?,0
you can DM me at shopper368 on Insta,1
What’s the price?,0
What’s the price?,0
I’m interested in this item.,0
Where do you ship from?,0
Nice product!,0
This looks good.,0
Where do you ship from?,0
Where do you ship from?,0
How soon can I get it?,0
What are the dimensions?,0
Contact me on Skype: alice490,1
Where do you ship from?,0
e m a i l m e @ user3619@example.com,1
Can you show more photos?,0
What are the dimensions?,0
"Email is user4109@example.com, reach out anytime.",1
How soon can I get it?,0
Can I have your email address?,1
This looks good.,0
This looks good.,0
You can reach me at 555-239-1063,1
How soon can I get it?,0
Where do you ship from?,0
Where do you ship from?,0
Nice product!,0
Here is my email: user7944@example.com,1
Does it come in other colors?,0
Reach me at (224) 535-6539,1
This looks good.,0
Where do you ship from?,0
Hit me up on WhatsApp at 555-791-9071,1
What’s the price?,0
How soon can I get it?,0
Nice product!,0
Let's connect on LinkedIn: linkedin.com/in/best_pizza,1
This looks good.,0
DM me on Instagram @shop_owner,1
Message me at user4334@example.com,1
Please email me at user4208@example.com,1
Do you have it in stock?,0
How soon can I get it?,0
Nice product!,0
I’m interested in this item.,0
Does it come in other colors?,0
Do you have it in stock?,0
"My contact is 555-874-4045, call me.",1
"My contact is 555-921-1662, call me.",1
What’s the price?,0
Does it come in other colors?,0
Here's my email: user7797@example.com,1
"My contact is 555-337-7664, call me.",1
I’m interested in this item.,0
I’m interested in this item.,0
How soon can I get it?,0
My TikTok: @frank17,1
I’m interested in this item.,0
Follow me on Twitter: @eve297,1
How soon can I get it?,0
I’m interested in this item.,0
How soon can I get it?,0
Contact me via Telegram: @john_doe,1
What are the dimensions?,0
I’m interested in this item.,0
How soon can I get it?,0
Where do you ship from?,0
Can you show more photos?,0
Mail me: eve94@email.net,1
Does it come in other colors?,0
Where do you ship from?,0
What’s the price?,0
Can I have your email address?,1
Contact me via Telegram: @jane.smith,1
What’s the price?,0
Does it come in other colors?,0
Does it come in other colors?,0
What are the dimensions?,0
This looks good.,0
Nice product!,0
Can you show more photos?,0
📱 +1-868-653-1570,1
How soon can I get it?,0
I’m interested in this item.,0
Nice product!,0
Do you have it in stock?,0
Nice product!,0
What are the dimensions?,0
You can reach me at +1-225-141-8854,1
I’m interested in this item.,0
Follow me on Twitter: @frank819,1
Follow me on Instagram @shop_owner and DM.,1
This looks good.,0
What’s the price?,0
c o n t a c t : +1-339-410-1519,1
Can you show more photos?,0
Where do you ship from?,0
What are the dimensions?,0
What’s the price?,0
Where do you ship from?,0
Can you show more photos?,0
Does it come in other colors?,0
Does it come in other colors?,0
Do you have it in stock?,0
This looks good.,0
This looks good.,0
Do you have it in stock?,0
Nice product!,0
Nice product!,0
I’m interested in this item.,0
Call me at (156) 030-1621,1
You can reach me at 555-135-4925,1
Reach out on WhatsApp at +1-849-505-6537,1
What are the dimensions?,0
What are the dimensions?,0
What are the dimensions?,0
Reach me at 574-765-8470,1
Where do you ship from?,0
Where do you ship from?,0
Where do you ship from?,0
Nice product!,0
I’m interested in this item.,0
📧 user1643@example.com,1
Where do you ship from?,0
Do you have it in stock?,0
Can you show more photos?,0
Here is my email: user2487@example.com,1
How soon can I get it?,0
What’s the price?,0
Can you show more photos?,0
Where do you ship from?,0
This looks good.,0
Can I have your email address?,1
Where do you ship from?,0
Nice product!,0
You can reach me at 555-601-6159,1
What are the dimensions?,0
Does it come in other colors?,0
Reach me at (577) 823-8615,1
I’m interested in this item.,0
Reach out on WhatsApp at +1-392-640-7829,1
Nice product!,0
What are the dimensions?,0
Can you show more photos?,0
Contact me via Telegram: @designer123,1
How soon can I get it?,0
Nice product!,0
Find me on Facebook: https://facebook.com/eve986,1
How soon can I get it?,0
Where do you ship from?,0
Contact via email: judy45@email.net,1
I’m interested in this item.,0
Contact me via Telegram: @fashionguru,1
My WeChat ID is coolguy42,1
What are the dimensions?,0
Can you show more photos?,0
Does it come in other colors?,0
Where do you ship from?,0
Do you have it in stock?,0
How soon can I get it?,0
Do you have it in stock?,0
Snapchat me @ devguy779,1
Nice product!,0
What’s the price?,0
Do you have it in stock?,0
This looks good.,0
What are the dimensions?,0
What’s the price?,0
Nice product!,0
This looks good.,0
What’s the price?,0
This looks good.,0
What’s the price?,0
Reach me at 703-482-9149,1
Does it come in other colors?,0
My WeChat ID is john_doe,1
Does it come in other colors?,0
Do you have it in stock?,0
This looks good.,0
My WeChat ID is shop_owner,1
My WeChat ID is best_pizza,1
WhatsApp me at 488-064-3304,1
Does it come in other colors?,0
reach at t w o o o @example.com,1
WhatsApp me at 3022867928,1
📧 user7126@example.com,1
What’s the price?,0
I’m interested in this item.,0
How soon can I get it?,0
Contact via email: judy85@test.org,1
How soon can I get it?,0
I’m interested in this item.,0
How soon can I get it?,0
Send me a DM on Facebook: facebook.com/shop_owner,1
Where do you ship from?,0
Where do you ship from?,0
wanna chat? +1-755-731-5847,1
📱 +1-528-902-9890,1
Hit me up on WhatsApp at 555-753-4810,1
Nice product!,0
I’m interested in this item.,0
What’s the price?,0
Does it come in other colors?,0
What’s the price?,0
Contact: +1-868-701-4542,1
hmu @ fashionista363,1
How soon can I get it?,0
Nice product!,0
How soon can I get it?,0
Does it come in other colors?,0
reach at t w o o o @example.com,1
What are the dimensions?,0
Can you show more photos?,0
What’s the price?,0
How soon can I get it?,0
Hit me up on WhatsApp at +1-389-773-2017,1
Can you show more photos?,0
What are the dimensions?,0
Where do you ship from?,0
How soon can I get it?,0
Where do you ship from?,0
Nice product!,0
Can you show more photos?,0
Does it come in other colors?,0
How soon can I get it?,0
Does it come in other colors?,0
I’m interested in this item.,0
Can you show more photos?,0
Where do you ship from?,0
Do you have it in stock?,0
This looks good.,0
f r a n k 2 1 @ e m a i l . n e t,1
Nice product!,0
This looks good.,0
This looks good.,0
Can you show more photos?,0
What are the dimensions?,0
What’s the price?,0
How soon can I get it?,0
Nice product!,0
How soon can I get it?,0
Does it come in other colors?,0
How soon can I get it?,0
Snapchat me at +1 574 203 1702,1
Can you show more photos?,0
My TikTok: @alice461,1
e m a i l m e @ user7055@example.com,1
How soon can I get it?,0
"Email is user4339@example.com, reach out anytime.",1
Can you show more photos?,0
Does it come in other colors?,0
I’m interested in this item.,0
Let's connect on LinkedIn: linkedin.com/in/shopper99,1
Can you share your phone number so I can send you details?,1
Do you have it in stock?,0
Can you show more photos?,0
Connect on LinkedIn (linkedin.com/in/shop_owner),1
How soon can I get it?,0
Can I have your email address?,1
How soon can I get it?,0
Does it come in other colors?,0
Nice product!,0
What are the dimensions?,0
Do you have it in stock?,0
Do you have it in stock?,0
Where do you ship from?,0
Do you have it in stock?,0
I’m interested in this item.,0
Where do you ship from?,0
Do you have it in stock?,0
e m a i l m e @ user953@example.com,1
Does it come in other colors?,0
How soon can I get it?,0
Does it come in other colors?,0
Add me on WhatsApp: 555-898-9205,1
I’m interested in this item.,0
Nice product!,0
Does it come in other colors?,0
What’s the price?,0
How soon can I get it?,0
You can reach me at +1-883-797-2684,1
What’s the price?,0
Do you have it in stock?,0
How soon can I get it?,0
Call me at +1 577 194 2062,1
Where do you ship from?,0
This looks good.,0
Call me at (931) 462-8688,1
Nice product!,0
Nice product!,0
j u d y 1 8 @ m a i l . c o m,1
Where do you ship from?,0
What are the dimensions?,0
Can you show more photos?,0
Do you have it in stock?,0
What are the dimensions?,0
What’s the price?,0
Where do you ship from?,0
What’s the price?,0
I’m interested in this item.,0
Does it come in other colors?,0
Do you have it in stock?,0
Hit me up on WhatsApp at +1-423-634-8517,1
Can you show more photos?,0
Can you show more photos?,0
C o n t a c t :   + 1   2 8 5   4 0 7   6 8 6 6,1
I’m interested in this item.,0
What are the dimensions?,0
I’m interested in this item.,0
Can you show more photos?,0
telegram: t dot me slash devguy231,1
Nice product!,0
How soon can I get it?,0
How soon can I get it?,0
What are the dimensions?,0
Nice product!,0
Do you have it in stock?,0
Does it come in other colors?,0
What are the dimensions?,0
What’s the price?,0
Contact me on Skype: heidi568,1
This looks good.,0
My WeChat ID is fashioneer,1
Text me at +1-960-876-3005,1
Where do you ship from?,0
I’m interested in this item.,0
Does it come in other colors?,0
Do you have it in stock?,0
telegram: t dot me slash shopper24,1
Here is my email: user9585@example.com,1
This looks good.,0
Can you show more photos?,0
This looks good.,0
Nice product!,0
Can you show more photos?,0
I’m interested in this item.,0
Do you have it in stock?,0
What are the dimensions?,0
c   o   n   t   a   c   t   m   e   + 1   5 2 3   3 8 7   6 8 7 7,1
Where do you ship from?,0
How soon can I get it?,0
Nice product!,0
You can reach me at 555-291-1590,1
e m a i l m e @ user312@example.com,1
DM me on Facebook: facebook.com/shopper608,1
My number is +1 982 238 1103,1
Where do you ship from?,0
Does it come in other colors?,0
I’m interested in this item.,0
How soon can I get it?,0
Ping me on Telegram: @charlie507,1
t e l : +1-864-814-3319,1
Can you show more photos?,0
Can you show more photos?,0
This looks good.,0
What’s the price?,0
I’m interested in this item.,0
Nice product!,0
Where do you ship from?,0
Contact: +1-528-554-5031,1
Contact me via Telegram: @john_doe,1
What are the dimensions?,0
What’s the price?,0
DM me on Facebook: facebook.com/devguy545,1
How soon can I get it?,0
Add me on Facebook (facebook.com/coolguy42),1
Can you show more photos?,0
Does it come in other colors?,0
What are the dimensions?,0
This looks good.,0
Do you have it in stock?,0
Do you have it in stock?,0
How soon can I get it?,0
Nice product!,0
reach at t w o o o @example.com,1
C o n t a c t :   3 7 4 0 5 7 0 9 0 8,1
Can you show more photos?,0
Does it come in other colors?,0
How soon can I get it?,0
What are the dimensions?,0
Text me at 757-275-1479,1
How soon can I get it?,0
Message me on Snapchat: coolguy42,1
📧 user4531@example.com,1
This looks good.,0
"Email is user8121@example.com, reach out anytime.",1
Nice product!,0
I’m interested in this item.,0
Can you show more photos?,0
This looks good.,0
You can reach me at 555-230-7140,1
Nice product!,0
reach at t w o o o @example.com,1
How soon can I get it?,0
Do you have it in stock?,0
Contact: +1-472-285-7310,1
I’m interested in this item.,0
Nice product!,0
I’m interested in this item.,0
What are the dimensions?,0
Does it come in other colors?,0
Where do you ship from?,0
What are the dimensions?,0
Text me at +1-152-488-6088,1
What are the dimensions?,0
I’m interested in this item.,0
Where do you ship from?,0
Nice product!,0
DM me on Instagram @fashionguru,1
Where do you ship from?,0
This looks good.,0
My TikTok: @bob745,1
My WeChat ID is jane.smith,1
What are the dimensions?,0
Nice product!,0
How soon can I get it?,0
What’s the price?,0
How soon can I get it?,0
What’s the price?,0
fb.com/shopper626,1
"My contact is 555-656-2207, call me.",1
I’m interested in this item.,0
Nice product!,0
Reach out on WhatsApp at +1-925-290-3859,1
Contact via email: grace20@example.com,1
Can you show more photos?,0
This looks good.,0
Can you show more photos?,0
This looks good.,0
Can you show more photos?,0
Nice product!,0
Nice product!,0
Can you show more photos?,0
Does it come in other colors?,0
Where do you ship from?,0
Do you have it in stock?,0
This looks good.,0
Does it come in other colors?,0
This looks good.,0
Email me at charlie49@test.org,1
This looks good.,0
What are the dimensions?,0
Message me on Snapchat: jane.smith,1
What’s the price?,0
What are the dimensions?,0
This looks good.,0
What are the dimensions?,0
snap me at s-n-a-p shopper537,1
I’m interested in this item.,0
"Email is user9918@example.com, reach out anytime.",1
What’s the price?,0
📱 +1-895-452-1109,1
I’m interested in this item.,0
Can you show more photos?,0
DM me on Instagram @tech_lead,1
Can you show more photos?,0
This looks good.,0
Where do you ship from?,0
I’m interested in this item.,0
This looks good.,0
Can you show more photos?,0
Email me at user4271@example.com,1
I’m interested in this item.,0
Contact via email: eve14@test.org,1
I’m interested in this item.,0
Message me on Signal: 8696494344,1
Nice product!,0
Does it come in other colors?,0
I’m interested in this item.,0
What are the dimensions?,0
Can you show more photos?,0
This looks good.,0
I’m interested in this item.,0
Can you show more photos?,0
What’s the price?,0
I’m interested in this item.,0
I’m interested in this item.,0
Nice product!,0
This looks good.,0
What’s the price?,0
I’m interested in this item.,0
What are the dimensions?,0
How soon can I get it?,0
This looks good.,0
DM me on Facebook: facebook.com/coolcat673,1
What’s the price?,0
Reach out on WhatsApp at +1-571-265-3155,1
How soon can I get it?,0
Do you have it in stock?,0
Can you show more photos?,0
How soon can I get it?,0
Can you show more photos?,0
hmu @ coolcat712,1
Nice product!,0
Do you have it in stock?,0
How soon can I get it?,0
Do you have it in stock?,0
Where do you ship from?,0
Nice product!,0
My Snapchat is alice803,1
Does it come in other colors?,0
Can you show more photos?,0
Can you show more photos?,0
Here is my email: user6611@example.com,1
Do you have it in stock?,0
Nice product!,0
Do you have it in stock?,0
Nice product!,0
Connect on LinkedIn (linkedin.com/in/fashioneer),1
Nice product!,0
What are the dimensions?,0
Snapchat me @ shopper623,1
Where do you ship from?,0
reach at t w o o o @example.com,1
What are the dimensions?,0
Nice product!,0
Where do you ship from?,0
Can you show more photos?,0
Where do you ship from?,0
This looks good.,0
Call me at 509-659-4054,1
I’m interested in this item.,0
This looks good.,0
Nice product!,0
This looks good.,0
What are the dimensions?,0
What are the dimensions?,0
How soon can I get it?,0
Can you show more photos?,0
What are the dimensions?,0
Nice product!,0
Do you have it in stock?,0
How soon can I get it?,0
Does it come in other colors?,0
What are the dimensions?,0
I’m interested in this item.,0
My TikTok: @alice360,1
How soon can I get it?,0
Can you show more photos?,0
How soon can I get it?,0
Does it come in other colors?,0
I’m interested in this item.,0
How soon can I get it?,0
What’s the price?,0
Nice product!,0
This looks good.,0
What’s the price?,0
hmu @ fashionista590,1
Can I have your email address?,1
Does it come in other colors?,0
Reach out on WhatsApp at +1-570-867-9203,1
hmu @ shopper109,1
This looks good.,0
This looks good.,0
Nice product!,0
What’s the price?,0
Where do you ship from?,0
I’m interested in this item.,0
I’m interested in this item.,0
What’s the price?,0
Nice product!,0
What’s the price?,0
Do you have it in stock?,0
Email me at bob17@mail.com,1
This looks good.,0
What are the dimensions?,0
Does it come in other colors?,0
Does it come in other colors?,0
What are the dimensions?,0
How soon can I get it?,0
How soon can I get it?,0
Add me on Facebook (facebook.com/best_pizza),1
Does it come in other colors?,0
snap me at s-n-a-p shopper541,1
Where do you ship from?,0
Reach out on WhatsApp at +1-915-906-2516,1
Do you have it in stock?,0
This looks good.,0
My TikTok: @david719,1
Does it come in other colors?,0
t e l : +1-555-964-1060,1
I’m interested in this item.,0
How soon can I get it?,0
What are the dimensions?,0
This looks good.,0
Nice product!,0
Text me at +1-696-112-9251,1
Where do you ship from?,0
How soon can I get it?,0
Where do you ship from?,0
Nice product!,0
Text me at (344) 113-2622,1
you can DM me at fashionista326 on Insta,1
Does it come in other colors?,0
Nice product!,0
I’m interested in this item.,0
This looks good.,0
Can you show more photos?,0
Do you have it in stock?,0
you can DM me at shopper76 on Insta,1
Follow me on Instagram @designer123 and DM.,1
How soon can I get it?,0
reach at t w o o o @example.com,1
How soon can I get it?,0
Can you show more photos?,0
Nice product!,0
This looks good.,0
This looks good.,0
How soon can I get it?,0
Can you show more photos?,0
What’s the price?,0
What’s the price?,0
Does it come in other colors?,0
My Snapchat is grace980,1
Do you have it in stock?,0
C o n t a c t :   ( 8 7 3 )   2 4 3 - 3 1 2 4,1
What’s the price?,0
Nice product!,0
What’s the price?,0
Follow me on Instagram @coolguy42 and DM.,1
I’m interested in this item.,0
"Email is user5358@example.com, reach out anytime.",1
I’m interested in this item.,0
DM me on Facebook: facebook.com/devguy210,1
Where do you ship from?,0
Do you have it in stock?,0
Can I have your email address?,1
How soon can I get it?,0
C a l l   m e :   ( 7 1 0 )   5 9 0 - 0 7 9 0,1
Nice product!,0
I’m interested in this item.,0
How soon can I get it?,0
Follow me on Instagram @shop_owner and DM.,1
find me at user4086@example.com 😉,1
Nice product!,0
Do you have it in stock?,0
What are the dimensions?,0
This looks good.,0
Do you have it in stock?,0
Does it come in other colors?,0
You can reach me at +1-267-508-8461,1
What’s the price?,0
Does it come in other colors?,0
Do you have it in stock?,0
I’m interested in this item.,0
Nice product!,0
How soon can I get it?,0
Where do you ship from?,0
Send me a DM on Facebook: facebook.com/best_pizza,1
What’s the price?,0
get in touch @ user131@example.com,1
Email me at user8171@example.com,1
Do you have it in stock?,0
Do you have it in stock?,0
Message me on Signal: (490) 841-1758,1
This looks good.,0
Can you show more photos?,0
How soon can I get it?,0
Does it come in other colors?,0
Here is my email: user7309@example.com,1
c   o   n   t   a   c   t   m   e   1 0 2 9 2 2 6 0 6 4,1
hmu @ shopper865,1
Where do you ship from?,0
How soon can I get it?,0
Can you show more photos?,0
This looks good.,0
Does it come in other colors?,0
This looks good.,0
Nice product!,0
Do you have it in stock?,0
Does it come in other colors?,0
Where do you ship from?,0
Where do you ship from?,0
"Email is user9330@example.com, reach out anytime.",1
Do you have it in stock?,0
I’m interested in this item.,0
Does it come in other colors?,0
This looks good.,0
Nice product!,0
telegram: t dot me slash shopper251,1
This looks good.,0
What are the dimensions?,0
Can you show more photos?,0
What’s the price?,0
Follow me on Instagram @fashioneer and DM.,1
What are the dimensions?,0
What’s the price?,0
What are the dimensions?,0
Where do you ship from?,0
Nice product!,0
How soon can I get it?,0
Snapchat me @ fashionista336,1
I’m interested in this item.,0
Does it come in other colors?,0
Where do you ship from?,0
Where do you ship from?,0
Can you show more photos?,0
wanna chat? +1-387-182-5876,1
my digits: +1-367-651-7951,1
Where do you ship from?,0
Does it come in other colors?,0
find me at user6653@example.com 😉,1
I’m interested in this item.,0
c o n t a c t : +1-794-725-2751,1
Hit me up on WhatsApp at +1-559-318-8716,1
Ping me on Telegram: @judy585,1
Do you have it in stock?,0
Where do you ship from?,0
Can you show more photos?,0
Can you show more photos?,0
What’s the price?,0
My number is (403) 769-9775,1
Nice product!,0
Does it come in other colors?,0
Nice product!,0
Nice product!,0
How soon can I get it?,0
What’s the price?,0
Can you show more photos?,0
I’m interested in this item.,0
my digits: +1-587-784-2003,1
Can you share your phone number so I can send you details?,1
I’m interested in this item.,0
What are the dimensions?,0
Connect on LinkedIn (linkedin.com/in/shopper112),1
DM me on Instagram @best_pizza,1
Can you show more photos?,0
Does it come in other colors?,0
What are the dimensions?,0
Text me at (913) 670-5991,1
Do you have it in stock?,0
Add me on WhatsApp: 555-525-9643,1
I’m interested in this item.,0
Does it come in other colors?,0
What are the dimensions?,0
What’s the price?,0
What are the dimensions?,0
Where do you ship from?,0
Nice product!,0
Do you have it in stock?,0
This looks good.,0
What’s the price?,0
Can you show more photos?,0
Here's my email: user9795@example.com,1
My WeChat ID is fashioneer,1
Do you have it in stock?,0
Here is my email: user5896@example.com,1
I’m interested in this item.,0
How soon can I get it?,0
Does it come in other colors?,0
Text me at +1-431-243-6385,1
How soon can I get it?,0
I’m interested in this item.,0
What’s the price?,0
Do you have it in stock?,0
Do you have it in stock?,0
What are the dimensions?,0
This looks good.,0
Where do you ship from?,0
What’s the price?,0
Where do you ship from?,0
Nice product!,0
Can you show more photos?,0
Does it come in other colors?,0
Let's connect on LinkedIn: https://linkedin.com/in/judy754,1
Where do you ship from?,0
How soon can I get it?,0
I’m interested in this item.,0
Does it come in other colors?,0
Follow me on Instagram @shop_owner and DM.,1
Where do you ship from?,0
Contact via email: alice91@mail.com,1
How soon can I get it?,0
C a l l   m e :   3 1 7 5 5 2 7 6 7 0,1
This looks good.,0
How soon can I get it?,0
Where do you ship from?,0
Hit me up on WhatsApp at 555-830-2635,1
Nice product!,0
What are the dimensions?,0
Nice product!,0
How soon can I get it?,0
What’s the price?,0
What’s the price?,0
Does it come in other colors?,0
I’m interested in this item.,0
This looks good.,0
Connect on LinkedIn (linkedin.com/in/devguy775),1
This looks good.,0
Can you show more photos?,0
This looks good.,0
Reach out on WhatsApp at +1-121-733-5978,1
Here's my email: user2735@example.com,1
Contact: +1-315-914-5956,1
Where do you ship from?,0
Does it come in other colors?,0
This looks good.,0
I’m interested in this item.,0
I’m interested in this item.,0
Can you show more photos?,0
Do you have it in stock?,0
What are the dimensions?,0
How soon can I get it?,0
Can you show more photos?,0
Where do you ship from?,0
This looks good.,0
Call me at 4348364564,1
What’s the price?,0
Nice product!,0
How soon can I get it?,0
What are the dimensions?,0
Can you show more photos?,0
Follow me on Instagram @john_doe and DM.,1
WhatsApp me at +1-555-699-9423,1
Nice product!,0
This looks good.,0
How soon can I get it?,0
This looks good.,0
What’s the price?,0
Nice product!,0
What’s the price?,0
Where do you ship from?,0
Nice product!,0
What’s the price?,0
Nice product!,0
What’s the price?,0
What’s the price?,0
My WeChat ID is shopper99,1
C a l l   m e :   3 8 7 - 1 7 6 - 3 7 7 9,1
How soon can I get it?,0
Please email me at user3226@example.com,1
Where do you ship from?,0
How soon can I get it?,0
What are the dimensions?,0
Can I have your email address?,1
C o n t a c t :   2 6 0 0 1 2 5 1 7 1,1
reach at t w o o o @example.com,1
I’m interested in this item.,0
My Snapchat is ivan618,1
How soon can I get it?,0
What are the dimensions?,0
I’m interested in this item.,0
Nice product!,0
Where do you ship from?,0
What are the dimensions?,0
Let's connect on LinkedIn: https://linkedin.com/in/frank116,1
Can you share your phone number so I can send you details?,1
Does it come in other colors?,0
What are the dimensions?,0
Can you show more photos?,0
Nice product!,0
Does it come in other colors?,0
Does it come in other colors?,0
What are the dimensions?,0
What are the dimensions?,0
What are the dimensions?,0
Do you have it in stock?,0
Where do you ship from?,0
You can reach me at +1-248-629-6184,1
Can I have your email address?,1
Nice product!,0
Reach out on WhatsApp at +1-930-409-5929,1
Do you have it in stock?,0
snap me at s-n-a-p devguy622,1
This looks good.,0
This looks good.,0
What’s the price?,0
Where do you ship from?,0
Does it come in other colors?,0
What are the dimensions?,0
Does it come in other colors?,0
Add me on WhatsApp: 555-167-9416,1
Does it come in other colors?,0
Nice product!,0
I’m interested in this item.,0
Does it come in other colors?,0
Let's connect on LinkedIn: linkedin.com/in/shop_owner,1
What’s the price?,0
What’s the price?,0
Where do you ship from?,0
What are the dimensions?,0
Can you show more photos?,0
Do you have it in stock?,0
Where do you ship from?,0
How soon can I get it?,0
This looks good.,0
How soon can I get it?,0
Here is my email: user4678@example.com,1
How soon can I get it?,0
I’m interested in this item.,0
I’m interested in this item.,0
What are the dimensions?,0
c o n t a c t : +1-682-983-9211,1
How soon can I get it?,0
I’m interested in this item.,0
What’s the price?,0
find me at user8219@example.com 😉,1
Do you have it in stock?,0
Where do you ship from?,0
You can reach me at 555-674-2273,1
Can you show more photos?,0
Where do you ship from?,0
Does it come in other colors?,0
I’m interested in this item.,0
Connect on LinkedIn (linkedin.com/in/coolcat495),1
Does it come in other colors?,0
"Email is user7559@example.com, reach out anytime.",1
How soon can I get it?,0
C o n t a c t :   + 1   0 7 3   6 5 9   8 0 6 0,1
Can you show more photos?,0
Call me at 230-208-9204,1
What are the dimensions?,0
Nice product!,0
Nice product!,0
my digits: +1-760-106-6787,1
Nice product!,0
I’m interested in this item.,0
How soon can I get it?,0
"My contact is 555-347-5215, call me.",1
Nice product!,0
Can you show more photos?,0
Snapchat me @ devguy177,1
How soon can I get it?,0
My WeChat ID is shop_owner,1
Where do you ship from?,0
Call me at +1 957 482 4724,1
Do you have it in stock?,0
My number is 408-162-4927,1
I’m interested in this item.,0
Where do you ship from?,0
Where do you ship from?,0
Do you have it in stock?,0
This looks good.,0
Call me at +1 022 061 0243,1
What are the dimensions?,0
Where do you ship from?,0
How soon can I get it?,0
Can I have your email address?,1
Add me on Facebook (facebook.com/tech_lead),1
Can you show more photos?,0
You can reach me at 555-831-5134,1
Can you show more photos?,0
Do you have it in stock?,0
Add me on WhatsApp: 555-961-1791,1
Do you have it in stock?,0
Do you have it in stock?,0
Connect on LinkedIn (linkedin.com/in/shopper886),1
This looks good.,0
Nice product!,0
I’m interested in this item.,0
Can you show more photos?,0
What are the dimensions?,0
I’m interested in this item.,0
I’m interested in this item.,0
Message me on Snapchat: best_pizza,1
Where do you ship from?,0
Let's connect on LinkedIn: linkedin.com/in/john_doe,1
Where do you ship from?,0
Let's connect on LinkedIn: https://linkedin.com/in/david702,1
Does it come in other colors?,0
Message me at user6942@example.com,1
Message me at user2312@example.com,1
Contact me via Telegram: @jane.smith,1
What are the dimensions?,0
I’m interested in this item.,0
What are the dimensions?,0
Message me on Signal: 8734621290,1
Do you have it in stock?,0
Does it come in other colors?,0
Message me at user7102@example.com,1
Do you have it in stock?,0
What are the dimensions?,0
Can you show more photos?,0
Can you show more photos?,0
Can you show more photos?,0
my email id is user4044@example.com,1
Email me at user5517@example.com,1
What are the dimensions?,0
This looks good.,0
What are the dimensions?,0
Email me at user1825@example.com,1
What are the dimensions?,0
What are the dimensions?,0
Does it come in other colors?,0
Does it come in other colors?,0
Does it come in other colors?,0
My WeChat ID is john_doe,1
Can you show more photos?,0
DM me on Instagram: @charlie947,1
Ping me on Telegram: @bob114,1
What’s the price?,0
What’s the price?,0
Nice product!,0
I’m interested in this item.,0
Can I have your email address?,1
Where do you ship from?,0
Can you show more photos?,0
I’m interested in this item.,0
This looks good.,0
Hit me up on WhatsApp at +1-857-635-3280,1
Add me on WhatsApp: 509-985-9224,1
What’s the price?,0
Add me on Facebook (facebook.com/john_doe),1
my email id is user1082@example.com,1
Where do you ship from?,0
How soon can I get it?,0
Nice product!,0
Where do you ship from?,0
I’m interested in this item.,0
What’s the price?,0
Can you show more photos?,0
What are the dimensions?,0
How soon can I get it?,0
Hit me up on WhatsApp at 555-640-8792,1
Nice product!,0
I’m interested in this item.,0
message me via g m a i l at user877@example.com,1
Ping me on Telegram: @judy272,1
What are the dimensions?,0
Where do you ship from?,0
fb.com/devguy17,1
I’m interested in this item.,0
What’s the price?,0
What’s the price?,0
Nice product!,0
Does it come in other colors?,0
How soon can I get it?,0
Where do you ship from?,0
What’s the price?,0
Do you have it in stock?,0
Where do you ship from?,0
Nice product!,0
What are the dimensions?,0
I’m interested in this item.,0
What’s the price?,0
What’s the price?,0
Follow me on Instagram @john_doe and DM.,1
Nice product!,0
e m a i l m e @ user9688@example.com,1
Where do you ship from?,0
This looks good.,0
Do you have it in stock?,0
Reach me at 988-844-9145,1
How soon can I get it?,0
Ping me on Telegram: @alice495,1
Can I have your email address?,1
snap me at s-n-a-p fashionista886,1
This looks good.,0
What’s the price?,0
Connect on LinkedIn (linkedin.com/in/fashionista470),1
I’m interested in this item.,0
Hit me up on WhatsApp at 555-325-6060,1
Message via email: charlie91@example.com,1
Follow me on Twitter: @david312,1
my digits: +1-930-665-1322,1
Here's my email: user4841@example.com,1
Mail me: david14@test.org,1
Where do you ship from?,0
This looks good.,0
Where do you ship from?,0
Do you have it in stock?,0
What are the dimensions?,0
Nice product!,0
Nice product!,0
How soon can I get it?,0
Do you have it in stock?,0
Ping me on Telegram: @bob270,1
DM me on Instagram @coolguy42,1
This looks good.,0
Where do you ship from?,0
Does it come in other colors?,0
This looks good.,0
Can you show more photos?,0
Does it come in other colors?,0
Do you have it in stock?,0
Where do you ship from?,0
Do you have it in stock?,0
This looks good.,0
Message me at user218@example.com,1
I’m interested in this item.,0
I’m interested in this item.,0
What are the dimensions?,0
Can you show more photos?,0
"My contact is 555-118-9201, call me.",1
Reach out on WhatsApp at +1-607-525-5671,1
How soon can I get it?,0
Where do you ship from?,0
How soon can I get it?,0
I’m interested in this item.,0
Nice product!,0
Text me at +1-686-292-9258,1
Do you have it in stock?,0
What’s the price?,0
What are the dimensions?,0
What are the dimensions?,0
How soon can I get it?,0
My number is 1022078645,1
DM me on Instagram: @alice170,1
Do you have it in stock?,0
Where do you ship from?,0
What’s the price?,0
Nice product!,0
This looks good.,0
Let's connect on LinkedIn: https://linkedin.com/in/eve559,1
This looks good.,0
This looks good.,0
Can you show more photos?,0
Follow me on Twitter: @bob687,1
What’s the price?,0
Can you show more photos?,0
Where do you ship from?,0
Do you have it in stock?,0
Contact via email: david4@test.org,1
Do you have it in stock?,0
Call me at +1 559 527 7144,1
Do you have it in stock?,0
Email me at ivan88@mail.com,1
Contact via email: alice21@test.org,1
Hit me up on WhatsApp at 555-598-9542,1
Contact me on Skype: alice208,1
you can DM me at devguy982 on Insta,1
I’m interested in this item.,0
Where do you ship from?,0
Where do you ship from?,0
What are the dimensions?,0
Nice product!,0
How soon can I get it?,0
What’s the price?,0
Message me on Snapchat: best_pizza,1
Do you have it in stock?,0
Reach out on WhatsApp at +1-923-778-7130,1
Does it come in other colors?,0
message me via g m a i l at user5371@example.com,1
"My contact is 555-944-5858, call me.",1
Mail me: eve71@test.org,1
Where do you ship from?,0
This looks good.,0
This looks good.,0
fb.com/shopper614,1
Connect on LinkedIn (linkedin.com/in/shopper583),1
Where do you ship from?,0
My number is +1 717 254 8528,1
I’m interested in this item.,0
How soon can I get it?,0
Contact: +1-930-158-2991,1
Where do you ship from?,0
Email me at bob72@mail.com,1
How soon can I get it?,0
Where do you ship from?,0
Can you show more photos?,0
What’s the price?,0
Nice product!,0
What’s the price?,0
"My contact is 555-286-7492, call me.",1
my digits: +1-505-777-1600,1
Can you show more photos?,0
What’s the price?,0
What are the dimensions?,0
Do you have it in stock?,0
What’s the price?,0
This looks good.,0
Ping me on Telegram: @ivan749,1
Nice product!,0
What’s the price?,0
This looks good.,0
Can you show more photos?,0
I’m interested in this item.,0
Can you show more photos?,0
What are the dimensions?,0
My WeChat ID is designer123,1
What’s the price?,0
C o n t a c t :   7 2 4 2 7 5 4 0 8 6,1
Does it come in other colors?,0
What’s the price?,0
What are the dimensions?,0
Contact me on Skype: eve922,1
Can you show more photos?,0
Hit me up on WhatsApp at 555-763-9713,1
What are the dimensions?,0
Do you have it in stock?,0
I’m interested in this item.,0
Can you show more photos?,0
What are the dimensions?,0
Call me at (372) 573-9692,1
Can you show more photos?,0
Text me at +1-100-127-4854,1
LinkedIn me at (240) 237-1757,1
Do you have it in stock?,0
Message me on Snapchat: best_pizza,1
Do you have it in stock?,0
This looks good.,0
Let's connect on LinkedIn: linkedin.com/in/shop_owner,1
Where do you ship from?,0
What’s the price?,0
Can you show more photos?,0
Can you show more photos?,0
Contact via email: alice93@example.com,1
Add me on Facebook (facebook.com/coolguy42),1
What’s the price?,0
Where do you ship from?,0
Does it come in other colors?,0
What’s the price?,0
Does it come in other colors?,0
What’s the price?,0
Can you show more photos?,0
DM me on Facebook: facebook.com/fashionista98,1
Where do you ship from?,0
Does it come in other colors?,0
Nice product!,0
Can you show more photos?,0
This looks good.,0
What’s the price?,0
Where do you ship from?,0
Does it come in other colors?,0
Where do you ship from?,0
What are the dimensions?,0
Do you have it in stock?,0
Where do you ship from?,0
This looks good.,0
What’s the price?,0
Does it come in other colors?,0
What are the dimensions?,0
How soon can I get it?,0
Please email me at user5969@example.com,1
What are the dimensions?,0
Does it come in other colors?,0
Where do you ship from?,0
Where do you ship from?,0
This looks good.,0
Nice product!,0
Do you have it in stock?,0
Nice product!,0
DM me on Instagram @shopper99,1
This looks good.,0
Where do you ship from?,0
What are the dimensions?,0
Do you have it in stock?,0
What are the dimensions?,0
Can you show more photos?,0
Can you show more photos?,0
Does it come in other colors?,0
What are the dimensions?,0
How soon can I get it?,0
I’m interested in this item.,0
Nice product!,0
What’s the price?,0
Add me on Facebook (facebook.com/coolguy42),1
This looks good.,0
"My contact is 555-288-4881, call me.",1
How soon can I get it?,0
Text me at (735) 538-1639,1
I’m interested in this item.,0
How soon can I get it?,0
Does it come in other colors?,0
This looks good.,0
This looks good.,0
Do you have it in stock?,0
Do you have it in stock?,0
Does it come in other colors?,0
How soon can I get it?,0
Does it come in other colors?,0
Where do you ship from?,0
What are the dimensions?,0
Nice product!,0
What are the dimensions?,0
Do you have it in stock?,0
Find me on Facebook: https://facebook.com/judy956,1
This looks good.,0
What are the dimensions?,0
e m a i l m e @ user8668@example.com,1
What are the dimensions?,0
Where do you ship from?,0
DM me on Facebook: facebook.com/devguy892,1
Does it come in other colors?,0
Does it come in other colors?,0
Contact via email: frank5@mail.com,1
Nice product!,0
Do you have it in stock?,0
Does it come in other colors?,0
Do you have it in stock?,0
Nice product!,0
Where do you ship from?,0
This looks good.,0
Add me on Facebook (facebook.com/coolguy42),1
Let's connect on LinkedIn: linkedin.com/in/best_pizza,1
Do you have it in stock?,0
Can you show more photos?,0
What are the dimensions?,0
Can you show more photos?,0
What’s the price?,0
Can you show more photos?,0
Does it come in other colors?,0
Can you show more photos?,0
Can you show more photos?,0
DM me on Instagram @shopper99,1
Nice product!,0
How soon can I get it?,0
How soon can I get it?,0
How soon can I get it?,0
This looks good.,0
How soon can I get it?,0
What’s the price?,0
I’m interested in this item.,0
"Email is user9362@example.com, reach out anytime.",1
DM me on Instagram @shopper99,1
hmu @ devguy444,1
Where do you ship from?,0
You can reach me at 555-369-3961,1
Do you have it in stock?,0
Where do you ship from?,0
Do you have it in stock?,0
What are the dimensions?,0
Message me on Snapchat: shop_owner,1
This looks good.,0
Nice product!,0
Add me on Facebook (facebook.com/coolguy42),1
snap me at s-n-a-p shopper385,1
Ping me on Telegram: @judy522,1
I’m interested in this item.,0
Do you have it in stock?,0
What’s the price?,0
How soon can I get it?,0
reach at t w o o o @example.com,1
Do you have it in stock?,0
Message me at user2189@example.com,1
Contact via email: grace53@email.net,1
What are the dimensions?,0
I’m interested in this item.,0
Can you show more photos?,0
Can you show more photos?,0
How soon can I get it?,0
I’m interested in this item.,0
Where do you ship from?,0
What are the dimensions?,0
This looks good.,0
Does it come in other colors?,0
Email me at ivan96@email.net,1
What are the dimensions?,0
What’s the price?,0
What’s the price?,0
Message me at user2431@example.com,1
I’m interested in this item.,0
This looks good.,0
This looks good.,0
This looks good.,0
Can you show more photos?,0
Where do you ship from?,0
Does it come in other colors?,0
Do you have it in stock?,0
I’m interested in this item.,0
Message via email: judy36@email.net,1
Can you show more photos?,0
I’m interested in this item.,0
What’s the price?,0
Where do you ship from?,0
Does it come in other colors?,0
I’m interested in this item.,0
Where do you ship from?,0
DM me on Facebook: facebook.com/fashionista105,1
Do you have it in stock?,0
Where do you ship from?,0
I’m interested in this item.,0
e m a i l m e @ user2206@example.com,1
What are the dimensions?,0
hmu @ coolcat676,1
Nice product!,0
Do you have it in stock?,0
What’s the price?,0
Nice product!,0
Where do you ship from?,0
Does it come in other colors?,0
What are the dimensions?,0
This looks good.,0
What’s the price?,0
I’m interested in this item.,0
Contact me on Skype: eve904,1
What’s the price?,0
Does it come in other colors?,0
How soon can I get it?,0
Does it come in other colors?,0
Find me on Facebook: https://facebook.com/david281,1
Do you have it in stock?,0
Contact me via Telegram: @shop_owner,1
Can you show more photos?,0
Where do you ship from?,0
Add me on WhatsApp: 918-122-5375,1
Can I have your email address?,1
Can you show more photos?,0
Where do you ship from?,0
Where do you ship from?,0
Where do you ship from?,0
How soon can I get it?,0
Where do you ship from?,0
Can you share your phone number so I can send you details?,1
Nice product!,0
Nice product!,0
"My contact is 555-563-4096, call me.",1
What’s the price?,0
I’m interested in this item.,0
What’s the price?,0
C o n t a c t :   9 7 0 - 5 7 3 - 1 1 2 5,1
What are the dimensions?,0
Do you have it in stock?,0
What’s the price?,0
Does it come in other colors?,0
Do you have it in stock?,0
Let's connect on LinkedIn: https://linkedin.com/in/charlie846,1
I’m interested in this item.,0
This looks good.,0
Does it come in other colors?,0
Do you have it in stock?,0
Does it come in other colors?,0
This looks good.,0
Do you have it in stock?,0
Connect on LinkedIn (linkedin.com/in/shopper825),1
Text me at +1-294-180-2944,1
Nice product!,0
Does it come in other colors?,0
How soon can I get it?,0
My Snapchat is ivan813,1
What’s the price?,0
Email me at user8932@example.com,1
I’m interested in this item.,0
Reach me at +1 351 656 5450,1
find me at user6511@example.com 😉,1
Nice product!,0
Nice product!,0
Message me on Signal: 2530166227,1
How soon can I get it?,0
Nice product!,0
What’s the price?,0
How soon can I get it?,0
What’s the price?,0
What are the dimensions?,0
Contact me via Telegram: @shopper99,1
Do you have it in stock?,0
DM me on Instagram @john_doe,1
What are the dimensions?,0
My number is 1806895302,1
How soon can I get it?,0
What’s the price?,0
Ping me on Telegram: @ivan503,1
What’s the price?,0
I’m interested in this item.,0
Do you have it in stock?,0
I’m interested in this item.,0
What’s the price?,0
This looks good.,0
Text me at 555-137-2305 for more info.,1
Hit me up on WhatsApp at 555-993-2106,1
📱 +1-768-195-1809,1
Nice product!,0
This looks good.,0
How soon can I get it?,0
Where do you ship from?,0
What are the dimensions?,0
What are the dimensions?,0
Does it come in other colors?,0
You can reach me at 555-550-7660,1
Can you show more photos?,0
Do you have it in stock?,0
Here's my email: user6648@example.com,1
Can you show more photos?,0
Where do you ship from?,0
Can you show more photos?,0
Nice product!,0
This looks good.,0
How soon can I get it?,0
Add me on WhatsApp: (003) 214-7289,1
How soon can I get it?,0
I’m interested in this item.,0
Do you have it in stock?,0
Where do you ship from?,0
Can you show more photos?,0
Does it come in other colors?,0
I’m interested in this item.,0
Nice product!,0
Can you show more photos?,0
Nice product!,0
C a l l   m e :   2 2 1 6 8 1 1 5 6 8,1
What’s the price?,0
What’s the price?,0
Where do you ship from?,0
I’m interested in this item.,0
Message via email: alice9@example.com,1
What are the dimensions?,0
Do you have it in stock?,0
Hit me up on WhatsApp at 555-756-2401,1
Contact via email: charlie10@example.com,1
Nice product!,0
Nice product!,0
Does it come in other colors?,0
This looks good.,0
How soon can I get it?,0
This looks good.,0
What are the dimensions?,0
Can you show more photos?,0
Do you have it in stock?,0
Does it come in other colors?,0
Nice product!,0
Nice product!,0
This looks good.,0
What’s the price?,0
C a l l   m e :   + 1   7 0 8   3 9 2   3 8 1 5,1
How soon can I get it?,0
This looks good.,0
How soon can I get it?,0
Do you have it in stock?,0
Hit me up on WhatsApp at +1-938-452-5122,1
Nice product!,0
Does it come in other colors?,0
Where do you ship from?,0
Can you show more photos?,0
What are the dimensions?,0
I’m interested in this item.,0
Can you show more photos?,0
What are the dimensions?,0
Can I have your email address?,1
Where do you ship from?,0
Follow me on Twitter: @heidi770,1
This looks good.,0
This looks good.,0
How soon can I get it?,0
Does it come in other colors?,0
How soon can I get it?,0
This looks good.,0
Hit me up on WhatsApp at 555-566-2873,1
How soon can I get it?,0
I’m interested in this item.,0
Do you have it in stock?,0
Does it come in other colors?,0
What are the dimensions?,0
This looks good.,0
Reach me at 1810191848,1
Does it come in other colors?,0
I’m interested in this item.,0
Can you show more photos?,0
Do you have it in stock?,0
Does it come in other colors?,0
What are the dimensions?,0
What’s the price?,0
Where do you ship from?,0
Can you show more photos?,0
Nice product!,0
Message via email: eve29@example.com,1
Nice product!,0
Can you show more photos?,0
How soon can I get it?,0
What’s the price?,0
Can you show more photos?,0
Nice product!,0
Connect on LinkedIn (linkedin.com/in/coolguy42),1
Add me on WhatsApp: 555-496-8698,1
This looks good.,0
Do you have it in stock?,0
my digits: +1-911-188-3062,1
Does it come in other colors?,0
I’m interested in this item.,0
Call me at +1 770 559 8281,1
Can you show more photos?,0
wanna chat? +1-189-796-6262,1
message me via g m a i l at user1777@example.com,1
Do you have it in stock?,0
Does it come in other colors?,0
Add me on WhatsApp: 555-547-3985,1
Can you show more photos?,0
What’s the price?,0
What’s the price?,0
Connect on LinkedIn (linkedin.com/in/shop_owner),1
Where do you ship from?,0
How soon can I get it?,0
I’m interested in this item.,0
Does it come in other colors?,0
I’m interested in this item.,0
telegram: t dot me slash coolcat604,1
How soon can I get it?,0
Follow me on Twitter: @charlie200,1
Can you show more photos?,0
LinkedIn me at 0801912794,1
Text me at +1-142-183-4551,1
"My contact is 555-249-7657, call me.",1
I’m interested in this item.,0
Nice product!,0
Does it come in other colors?,0
Follow me on Instagram @coolguy42 and DM.,1
This looks good.,0
Do you have it in stock?,0
Text me at +1 681 907 2109,1
Can you show more photos?,0
Email me at frank66@test.org,1
Can you show more photos?,0
Can I have your email address?,1
I’m interested in this item.,0
I’m interested in this item.,0
Where do you ship from?,0
Can you show more photos?,0
Email me at user2745@example.com,1
Where do you ship from?,0
Does it come in other colors?,0
What’s the price?,0
Message me on Snapchat: jane.smith,1
What are the dimensions?,0
find me at user9515@example.com 😉,1
I’m interested in this item.,0
Does it come in other colors?,0
Can you show more photos?,0
What are the dimensions?,0
wanna chat? +1-871-448-1571,1
I’m interested in this item.,0
What’s the price?,0
Where do you ship from?,0
Contact me on Skype: eve391,1
What are the dimensions?,0
What’s the price?,0
Where do you ship from?,0
Message me on Signal: 821-926-0737,1
What are the dimensions?,0
Where do you ship from?,0
Does it come in other colors?,0
What are the dimensions?,0
Nice product!,0
What’s the price?,0
Nice product!,0
This looks good.,0
I’m interested in this item.,0
How soon can I get it?,0
Can you show more photos?,0
This looks good.,0
This looks good.,0
Where do you ship from?,0
How soon can I get it?,0
What’s the price?,0
Text me at +1-962-981-6814,1
Can you show more photos?,0
Does it come in other colors?,0
Does it come in other colors?,0
Nice product!,0
What are the dimensions?,0
c   o   n   t   a   c   t   m   e   6 2 5 - 0 1 3 - 5 7 9 0,1
Here is my email: user8289@example.com,1
Do you have it in stock?,0
What’s the price?,0
Contact via email: frank87@email.net,1
How soon can I get it?,0
Here's my email: user7515@example.com,1
Can you show more photos?,0
Can you show more photos?,0
Can you show more photos?,0
This looks good.,0
How soon can I get it?,0
I’m interested in this item.,0
Here is my email: user3752@example.com,1
How soon can I get it?,0
I’m interested in this item.,0
My number is 667-921-9248,1
What’s the price?,0
Do you have it in stock?,0
Where do you ship from?,0
Can you show more photos?,0
This looks good.,0
What are the dimensions?,0
Can you show more photos?,0
I’m interested in this item.,0
Hit me up on WhatsApp at 555-993-2106,1
I’m interested in this item.,0
What are the dimensions?,0
Nice product!,0
Can I have your email address?,1
Do you have it in stock?,0
Contact: +1-805-314-1795,1
Does it come in other colors?,0
Where do you ship from?,0
Does it come in other colors?,0
Does it come in other colors?,0
Do you have it in stock?,0
I’m interested in this item.,0
Nice product!,0
Can you show more photos?,0
What are the dimensions?,0
Does it come in other colors?,0
Contact me on Skype: ivan405,1
My Snapchat is charlie855,1
What’s the price?,0
Nice product!,0
What are the dimensions?,0
What are the dimensions?,0
How soon can I get it?,0
Text me at +1-520-930-8770,1
Where do you ship from?,0
Where do you ship from?,0
Does it come in other colors?,0
How soon can I get it?,0
Nice product!,0
Does it come in other colors?,0
Do you have it in stock?,0
Find me on Facebook: https://facebook.com/heidi33,1
What are the dimensions?,0
What are the dimensions?,0
Ping me on Telegram: @david75,1
Can you show more photos?,0
Where do you ship from?,0
Nice product!,0
Connect on LinkedIn (linkedin.com/in/shopper99),1
What’s the price?,0
Where do you ship from?,0
c o n t a c t : +1-645-975-6053,1
Does it come in other colors?,0
I’m interested in this item.,0
get in touch @ user6818@example.com,1
Do you have it in stock?,0
Does it come in other colors?,0
Call me at +1 595 497 2364,1
Message me on Signal: +1 430 600 8929,1
You can reach me at 555-448-7112,1
wanna chat? +1-142-250-8729,1
DM me on Instagram: @judy395,1
c o n t a c t : +1-379-191-7865,1
What’s the price?,0
a l i c e 9 5 @ e m a i l . n e t,1
Where do you ship from?,0
Contact via email: frank50@mail.com,1
This looks good.,0
What’s the price?,0
What are the dimensions?,0
What are the dimensions?,0
What’s the price?,0
How soon can I get it?,0
How soon can I get it?,0
Do you have it in stock?,0
Do you have it in stock?,0
Does it come in other colors?,0
I’m interested in this item.,0
Do you have it in stock?,0
This looks good.,0
I’m interested in this item.,0
Where do you ship from?,0
Reach me at +1 332 081 9742,1
Reach me at +1 130 044 7184,1
What’s the price?,0
I’m interested in this item.,0
WhatsApp me at +1-555-319-4104,1
What are the dimensions?,0
I’m interested in this item.,0
What are the dimensions?,0
hmu @ devguy766,1
Please email me at user4563@example.com,1
How soon can I get it?,0
This looks good.,0
What’s the price?,0
Does it come in other colors?,0
Nice product!,0
How soon can I get it?,0
Can you show more photos?,0
What’s the price?,0
c   o   n   t   a   c   t   m   e   + 1   3 1 1   9 3 0   5 0 4 9,1
Add me on WhatsApp: 596-525-3148,1
My number is 574-910-1244,1
Where do you ship from?,0
Email me at grace56@example.com,1
What are the dimensions?,0
Let's connect on LinkedIn: linkedin.com/in/jane.smith,1
Call me at 518-735-2461,1
I’m interested in this item.,0
Where do you ship from?,0
What’s the price?,0
Can you show more photos?,0
Does it come in other colors?,0
Hit me up on WhatsApp at +1-783-690-7557,1
Email me at charlie33@example.com,1
Does it come in other colors?,0
Does it come in other colors?,0
What’s the price?,0
Can you show more photos?,0
Does it come in other colors?,0
Does it come in other colors?,0
my email id is user1037@example.com,1
telegram: t dot me slash coolcat403,1
Follow me on Twitter: @charlie564,1
Do you have it in stock?,0
This looks good.,0
How soon can I get it?,0
t e l : +1-844-122-2937,1
Do you have it in stock?,0
Where do you ship from?,0
This looks good.,0
Can you show more photos?,0
What are the dimensions?,0
What are the dimensions?,0
Add me on WhatsApp: 6720669857,1
What’s the price?,0
Message via email: frank35@example.com,1
I’m interested in this item.,0
Nice product!,0
This looks good.,0
Does it come in other colors?,0
Do you have it in stock?,0
Message me at user6389@example.com,1
Where do you ship from?,0
Can you show more photos?,0
Text me at +1-455-925-1890,1
Add me on Facebook (facebook.com/shop_owner),1
How soon can I get it?,0
Nice product!,0
Text me at +1-950-324-1307,1
This looks good.,0
I’m interested in this item.,0
my digits: +1-166-188-6341,1
Here is my email: user1393@example.com,1
Here's my email: user2262@example.com,1
I’m interested in this item.,0
I’m interested in this item.,0
wanna chat? +1-854-812-6094,1
Do you have it in stock?,0
Nice product!,0
Can you show more photos?,0
"My contact is 555-845-1500, call me.",1
Reach me at (150) 123-2988,1
Here's my email: user7623@example.com,1
Does it come in other colors?,0
I’m interested in this item.,0
f r a n k 1 5 @ m a i l . c o m,1
Add me on Facebook (facebook.com/tech_lead),1
I’m interested in this item.,0
WhatsApp me at +1-555-170-4123,1
What’s the price?,0
Does it come in other colors?,0
Let's connect on LinkedIn: linkedin.com/in/designer123,1
What are the dimensions?,0
Message me on Signal: 4675468679,1
Can you show more photos?,0
What are the dimensions?,0
What’s the price?,0
Message via email: charlie85@mail.com,1
How soon can I get it?,0
Where do you ship from?,0
Contact me via Telegram: @designer123,1
Add me on Facebook (facebook.com/jane.smith),1
What’s the price?,0
Nice product!,0
Does it come in other colors?,0
Please email me at user8404@example.com,1
This looks good.,0
Nice product!,0
How soon can I get it?,0
Message me on Snapchat: john_doe,1
Nice product!,0
I’m interested in this item.,0
This looks good.,0
This looks good.,0
I’m interested in this item.,0
Do you have it in stock?,0
Nice product!,0
Can you show more photos?,0
This looks good.,0
Hit me up on WhatsApp at 555-604-3852,1
Nice product!,0
What are the dimensions?,0
Can you show more photos?,0
Can you show more photos?,0
Does it come in other colors?,0
What are the dimensions?,0
Nice product!,0
Message me on Snapchat: john_doe,1
Nice product!,0
WhatsApp me at +1-555-289-5141,1
Where do you ship from?,0
How soon can I get it?,0
Nice product!,0
Do you have it in stock?,0
This looks good.,0
How soon can I get it?,0
How soon can I get it?,0
I’m interested in this item.,0
Can you show more photos?,0
How soon can I get it?,0
Does it come in other colors?,0
"Email is user6010@example.com, reach out anytime.",1
e m a i l m e @ user3480@example.com,1
Nice product!,0
Ping me on Telegram: @david848,1
I’m interested in this item.,0
Where do you ship from?,0
How soon can I get it?,0
How soon can I get it?,0
I’m interested in this item.,0
"Email is user1779@example.com, reach out anytime.",1
This looks good.,0
"My contact is 555-140-4346, call me.",1
Where do you ship from?,0
Can you show more photos?,0
telegram: t dot me slash coolcat364,1
Do you have it in stock?,0
c   o   n   t   a   c   t   m   e   6 0 3 - 2 3 1 - 9 5 6 0,1
d a v i d 7 3 @ e m a i l . n e t,1
How soon can I get it?,0
Email me at eve18@email.net,1
I’m interested in this item.,0
This looks good.,0
e m a i l m e @ user9054@example.com,1
Do you have it in stock?,0
What’s the price?,0
This looks good.,0
Add me on WhatsApp: 555-399-1636,1
Contact: +1-938-327-6304,1
What’s the price?,0
How soon can I get it?,0
How soon can I get it?,0
What’s the price?,0
Email me at user8227@example.com,1
I’m interested in this item.,0
Text me at 555-501-2464 for more info.,1
my email id is user643@example.com,1
Does it come in other colors?,0
my digits: +1-658-582-4864,1
Do you have it in stock?,0
Does it come in other colors?,0
h e i d i 4 5 @ e x a m p l e . c o m,1
I’m interested in this item.,0
How soon can I get it?,0
Nice product!,0
What’s the price?,0
Does it come in other colors?,0
What’s the price?,0
I’m interested in this item.,0
Where do you ship from?,0
How soon can I get it?,0
Follow me on Twitter: @grace304,1
Nice product!,0
Can I have your email address?,1
Where do you ship from?,0
Where do you ship from?,0
Where do you ship from?,0
How soon can I get it?,0
Where do you ship from?,0
Does it come in other colors?,0
Follow me on Instagram @shopper99 and DM.,1
What’s the price?,0
Let's connect on LinkedIn: linkedin.com/in/tech_lead,1
I’m interested in this item.,0
This looks good.,0
Text me at 555-445-9270 for more info.,1
How soon can I get it?,0
C a l l   m e :   ( 6 1 0 )   2 1 4 - 2 2 9 5,1
Where do you ship from?,0
Nice product!,0
Find me on Facebook: https://facebook.com/eve198,1
What are the dimensions?,0
Nice product!,0
What are the dimensions?,0
Can you show more photos?,0
Nice product!,0
Text me at 8586750951,1
Reach me at +1 930 055 2886,1
I’m interested in this item.,0
I’m interested in this item.,0
This looks good.,0
Nice product!,0
You can reach me at 555-739-2623,1
What’s the price?,0
Contact me via Telegram: @tech_lead,1
Nice product!,0
Find me on Facebook: https://facebook.com/alice287,1
How soon can I get it?,0
I’m interested in this item.,0
Call me at (301) 355-6786,1
Nice product!,0
Does it come in other colors?,0
What’s the price?,0
My TikTok: @grace118,1
What’s the price?,0
my email id is user3251@example.com,1
How soon can I get it?,0
How soon can I get it?,0
You can reach me at 555-543-5381,1
Do you have it in stock?,0
Contact via email: judy69@test.org,1
My number is +1 742 427 6053,1
I’m interested in this item.,0
Find me on Facebook: https://facebook.com/david648,1
I’m interested in this item.,0
You can reach me at 555-897-3675,1
Let's connect on LinkedIn: linkedin.com/in/fashioneer,1
Where do you ship from?,0
This looks good.,0
This looks good.,0
How soon can I get it?,0
Mail me: frank50@test.org,1
This looks good.,0
What’s the price?,0
Ping me on Telegram: @alice141,1
Nice product!,0
You can reach me at 555-801-7749,1
my digits: +1-859-970-7627,1
Hit me up on WhatsApp at 555-640-9171,1
c o n t a c t : +1-858-424-2119,1
What are the dimensions?,0
What are the dimensions?,0
How soon can I get it?,0
Hit me up on WhatsApp at +1-167-788-9436,1
How soon can I get it?,0
Follow me on Twitter: @grace408,1
Does it come in other colors?,0
telegram: t dot me slash devguy641,1
C a l l   m e :   9 2 8 - 6 1 8 - 8 3 6 9,1
Where do you ship from?,0
Do you have it in stock?,0
Does it come in other colors?,0
Can you show more photos?,0
message me via g m a i l at user5121@example.com,1
This looks good.,0
Can you show more photos?,0
fb.com/coolcat787,1
What’s the price?,0
Nice product!,0
Does it come in other colors?,0
What’s the price?,0
Where do you ship from?,0
How soon can I get it?,0
DM me on Instagram: @alice770,1
Where do you ship from?,0
I’m interested in this item.,0
What are the dimensions?,0
How soon can I get it?,0
What are the dimensions?,0
This looks good.,0
Find me on Facebook: https://facebook.com/alice746,1
What’s the price?,0
This looks good.,0
What are the dimensions?,0
What’s the price?,0
Follow me on Twitter: @david646,1
Nice product!,0
Contact me via Telegram: @coolguy42,1
What are the dimensions?,0
Can you show more photos?,0
Do you have it in stock?,0
Does it come in other colors?,0
Where do you ship from?,0
Can you show more photos?,0
This looks good.,0
Nice product!,0
What’s the price?,0
Where do you ship from?,0
Where do you ship from?,0
What’s the price?,0
Does it come in other colors?,0
This looks good.,0
What’s the price?,0
get in touch @ user1620@example.com,1
This looks good.,0
Follow me on Instagram @john_doe and DM.,1
This looks good.,0
Does it come in other colors?,0
Hit me up on WhatsApp at +1-395-607-5082,1
Contact: +1-696-598-5865,1
Where do you ship from?,0
Nice product!,0
i v a n 2 5 @ e m a i l . n e t,1
Nice product!,0
Where do you ship from?,0
I’m interested in this item.,0
What’s the price?,0
Ping me on Telegram: @heidi867,1
telegram: t dot me slash devguy787,1
Mail me: bob80@example.com,1
I’m interested in this item.,0
What’s the price?,0
What are the dimensions?,0
You can reach me at 555-916-6213,1
Does it come in other colors?,0
What are the dimensions?,0
Nice product!,0
Text me at 555-239-7395 for more info.,1
This looks good.,0
message me via g m a i l at user1816@example.com,1
I’m interested in this item.,0
What’s the price?,0
Can you show more photos?,0
Can you show more photos?,0
This looks good.,0
Can you show more photos?,0
My number is +1 071 609 5431,1
Can you show more photos?,0
Nice product!,0
Do you have it in stock?,0
Message me at user8730@example.com,1
How soon can I get it?,0
I’m interested in this item.,0
Contact me via Telegram: @coolguy42,1
I’m interested in this item.,0
My WeChat ID is shop_owner,1
I’m interested in this item.,0
I’m interested in this item.,0
Here is my email: user5513@example.com,1
What’s the price?,0
Nice product!,0
C o n t a c t :   5 2 3 6 3 3 7 2 5 0,1
Nice product!,0
Connect on LinkedIn (linkedin.com/in/coolcat179),1
Do you have it in stock?,0
Do you have it in stock?,0
Contact me via Telegram: @john_doe,1
Can you show more photos?,0
How soon can I get it?,0
Where do you ship from?,0
Do you have it in stock?,0
What’s the price?,0
wanna chat? +1-457-888-3642,1
Nice product!,0
How soon can I get it?,0
How soon can I get it?,0
What’s the price?,0
Do you have it in stock?,0
What’s the price?,0
How soon can I get it?,0
What’s the price?,0
Does it come in other colors?,0
What are the dimensions?,0
Do you have it in stock?,0
Text me at (348) 347-3664,1
Does it come in other colors?,0
Can you show more photos?,0
Where do you ship from?,0
Where do you ship from?,0
Reach out on WhatsApp at +1-801-812-4536,1
Do you have it in stock?,0
What’s the price?,0
This looks good.,0
Hit me up on WhatsApp at 555-540-3876,1
What’s the price?,0
Can you show more photos?,0
Ping me on Telegram: @eve697,1
How soon can I get it?,0
How soon can I get it?,0
Can you show more photos?,0
Hit me up on WhatsApp at +1-913-385-9131,1
Can I have your email address?,1
Do you have it in stock?,0
Message me on Signal: +1 737 710 0802,1
I’m interested in this item.,0
Do you have it in stock?,0
What’s the price?,0
Nice product!,0
Send me a DM on Facebook: facebook.com/fashionguru,1
Nice product!,0
Where do you ship from?,0
Can you share your phone number so I can send you details?,1
Can I have your email address?,1
What’s the price?,0
What are the dimensions?,0
Here's my email: user6831@example.com,1
Nice product!,0
Add me on Facebook (facebook.com/best_pizza),1
What are the dimensions?,0
Add me on WhatsApp: 555-632-5061,1
This looks good.,0
What’s the price?,0
What’s the price?,0
Where do you ship from?,0
What are the dimensions?,0
What are the dimensions?,0
How soon can I get it?,0
Nice product!,0
my digits: +1-363-398-4999,1
What are the dimensions?,0
Does it come in other colors?,0
Do you have it in stock?,0
Do you have it in stock?,0
Does it come in other colors?,0
c   o   n   t   a   c   t   m   e   5 3 7 - 5 8 4 - 7 6 6 5,1
This looks good.,0
This looks good.,0
Nice product!,0
This looks good.,0
What’s the price?,0
Here's my email: user1726@example.com,1
This looks good.,0
Nice product!,0
I’m interested in this item.,0
How soon can I get it?,0
How soon can I get it?,0
Can you show more photos?,0
What’s the price?,0
snap me at s-n-a-p devguy136,1
What’s the price?,0
Does it come in other colors?,0
I’m interested in this item.,0
I’m interested in this item.,0
Nice product!,0
Contact: +1-149-877-3741,1
I’m interested in this item.,0
How soon can I get it?,0
Text me at 935-484-3058,1
What’s the price?,0
c   o   n   t   a   c   t   m   e   ( 2 6 5 )   8 7 2 - 3 4 0 0,1
my email id is user9724@example.com,1
Where do you ship from?,0
Do you have it in stock?,0
Do you have it in stock?,0
"Email is user7006@example.com, reach out anytime.",1
Contact via email: frank45@email.net,1
Message me on Signal: 0057901970,1
What’s the price?,0
What are the dimensions?,0
What are the dimensions?,0
my email id is user7043@example.com,1
Mail me: charlie43@example.com,1
Can you show more photos?,0
This looks good.,0
Contact: +1-750-316-7290,1
Reach out on WhatsApp at +1-956-926-5805,1
What are the dimensions?,0
How soon can I get it?,0
I’m interested in this item.,0
What are the dimensions?,0
What’s the price?,0
my email id is user4857@example.com,1
Nice product!,0
Can you show more photos?,0
What are the dimensions?,0
What’s the price?,0
Please email me at user1459@example.com,1
How soon can I get it?,0
Nice product!,0
Does it come in other colors?,0
reach at t w o o o @example.com,1
I’m interested in this item.,0
Nice product!,0
This looks good.,0
How soon can I get it?,0
What are the dimensions?,0
This looks good.,0
Nice product!,0
Add me on WhatsApp: 555-799-9508,1
Does it come in other colors?,0
Nice product!,0
Does it come in other colors?,0
📧 user3910@example.com,1
Where do you ship from?,0
Do you have it in stock?,0
Hit me up on WhatsApp at 555-300-9453,1
Where do you ship from?,0
This looks good.,0
you can DM me at fashionista903 on Insta,1
What’s the price?,0
Where do you ship from?,0
I’m interested in this item.,0
I’m interested in this item.,0
What’s the price?,0
I’m interested in this item.,0
I’m interested in this item.,0
What are the dimensions?,0
Nice product!,0
Can you show more photos?,0
What’s the price?,0
What’s the price?,0
How soon can I get it?,0
Nice product!,0
Can you show more photos?,0
How soon can I get it?,0
Can you show more photos?,0
Where do you ship from?,0
What’s the price?,0
Does it come in other colors?,0
"Email is user7841@example.com, reach out anytime.",1
h e i d i 6 0 @ e m a i l . n e t,1
This looks good.,0
Can you show more photos?,0
Where do you ship from?,0
What are the dimensions?,0
Do you have it in stock?,0
I’m interested in this item.,0
Does it come in other colors?,0
This looks good.,0
Does it come in other colors?,0
fb.com/shopper131,1
Where do you ship from?,0
📧 user6805@example.com,1
Can you show more photos?,0
How soon can I get it?,0
What are the dimensions?,0
Can you show more photos?,0
WhatsApp me at +1-555-816-7640,1
I’m interested in this item.,0
What are the dimensions?,0
Does it come in other colors?,0
Where do you ship from?,0
C o n t a c t :   3 4 9 4 8 5 7 1 4 7,1
I’m interested in this item.,0
How soon can I get it?,0
Nice product!,0
Does it come in other colors?,0
Nice product!,0
This looks good.,0
Message me on Snapchat: coolguy42,1
How soon can I get it?,0
Contact me on Skype: eve712,1
t e l : +1-146-129-5972,1
What are the dimensions?,0
This looks good.,0
Nice product!,0
What are the dimensions?,0
I’m interested in this item.,0
How soon can I get it?,0
I’m interested in this item.,0
I’m interested in this item.,0
Where do you ship from?,0
How soon can I get it?,0
I’m interested in this item.,0
fb.com/shopper119,1
DM me on Instagram: @david802,1
What are the dimensions?,0
Can you show more photos?,0
Can you show more photos?,0
What are the dimensions?,0
I’m interested in this item.,0
I’m interested in this item.,0
Does it come in other colors?,0
Does it come in other colors?,0
I’m interested in this item.,0
How soon can I get it?,0
Can you show more photos?,0
Contact me via Telegram: @coolguy42,1
reach at t w o o o @example.com,1
This looks good.,0
This looks good.,0
I’m interested in this item.,0
reach at t w o o o @example.com,1
This looks good.,0
Do you have it in stock?,0
DM me on Instagram: @ivan562,1
I’m interested in this item.,0
How soon can I get it?,0
Where do you ship from?,0
What are the dimensions?,0
This looks good.,0
fb.com/shopper650,1
Do you have it in stock?,0
wanna chat? +1-966-460-8120,1
Nice product!,0
How soon can I get it?,0
What’s the price?,0
Can you show more photos?,0
This looks good.,0
Nice product!,0
What are the dimensions?,0
Find me on Facebook: https://facebook.com/frank109,1
Where do you ship from?,0
Can you show more photos?,0
DM me on Instagram @tech_lead,1
How soon can I get it?,0
This looks good.,0
Nice product!,0
Hit me up on WhatsApp at 555-936-4630,1
Does it come in other colors?,0
What are the dimensions?,0
Can you show more photos?,0
Does it come in other colors?,0
Does it come in other colors?,0
telegram: t dot me slash coolcat618,1
Reach me at 7017677859,1
Can you show more photos?,0
Nice product!,0
How soon can I get it?,0
Where do you ship from?,0
I’m interested in this item.,0
Does it come in other colors?,0
Do you have it in stock?,0
I’m interested in this item.,0
📧 user2613@example.com,1
This looks good.,0
How soon can I get it?,0
Where do you ship from?,0
Nice product!,0
Nice product!,0
Do you have it in stock?,0
e m a i l m e @ user5430@example.com,1
What’s the price?,0
Contact me on Skype: ivan657,1
Can you show more photos?,0
Where do you ship from?,0
hmu @ devguy160,1
How soon can I get it?,0
I’m interested in this item.,0
Do you have it in stock?,0
How soon can I get it?,0
Can you show more photos?,0
This looks good.,0
I’m interested in this item.,0
Where do you ship from?,0
I’m interested in this item.,0
How soon can I get it?,0
Contact: +1-762-873-6462,1
You can reach me at +1-250-336-8504,1
Nice product!,0
I’m interested in this item.,0
Where do you ship from?,0
Text me at +1 684 400 7708,1
Email me at eve16@example.com,1
Nice product!,0
What are the dimensions?,0
This looks good.,0
Nice product!,0
This looks good.,0
Add me on WhatsApp: +1 027 762 7435,1
What’s the price?,0
This looks good.,0
This looks good.,0
What’s the price?,0
Do you have it in stock?,0
Does it come in other colors?,0
I’m interested in this item.,0
Do you have it in stock?,0
Send me a DM on Facebook: facebook.com/shopper99,1
Where do you ship from?,0
Reach out on WhatsApp at +1-100-669-2587,1
This looks good.,0
Text me at 555-435-2219 for more info.,1
Where do you ship from?,0
DM me on Facebook: facebook.com/fashionista119,1
I’m interested in this item.,0
What are the dimensions?,0
Where do you ship from?,0
e m a i l m e @ user5120@example.com,1
Does it come in other colors?,0
Add me on Facebook (facebook.com/best_pizza),1
I’m interested in this item.,0
find me at user9299@example.com 😉,1
Can you show more photos?,0
Does it come in other colors?,0
📧 user2419@example.com,1
Signal me at 401-406-8258,1
Hit me up on WhatsApp at 555-396-2492,1
How soon can I get it?,0
Nice product!,0
Can you show more photos?,0
What are the dimensions?,0
Text me at 404-919-0682,1
My number is +1 081 950 2835,1
Can you show more photos?,0
Do you have it in stock?,0
What’s the price?,0
WhatsApp me at +1-555-907-6934,1
How soon can I get it?,0
I’m interested in this item.,0
How soon can I get it?,0
Where do you ship from?,0
e m a i l m e @ user2739@example.com,1
What’s the price?,0
This looks good.,0
Nice product!,0
Follow me on Twitter: @bob7,1
Do you have it in stock?,0
I’m interested in this item.,0
find me at user4021@example.com 😉,1
my email id is user3176@example.com,1
What’s the price?,0
Nice product!,0
Nice product!,0
This looks good.,0
Let's connect on LinkedIn: https://linkedin.com/in/grace817,1
I’m interested in this item.,0
Can you show more photos?,0
I’m interested in this item.,0
Do you have it in stock?,0
How soon can I get it?,0
Nice product!,0
What are the dimensions?,0
Do you have it in stock?,0
Message me on Signal: (569) 969-3513,1
Do you have it in stock?,0
How soon can I get it?,0
Email me at user7604@example.com,1
fb.com/shopper224,1
This looks good.,0
I’m interested in this item.,0
What are the dimensions?,0
Nice product!,0
What’s the price?,0
How soon can I get it?,0
Nice product!,0
Do you have it in stock?,0
How soon can I get it?,0
Here is my email: user3580@example.com,1
Can you show more photos?,0
Where do you ship from?,0
Do you have it in stock?,0
My WeChat ID is fashioneer,1
Do you have it in stock?,0
Nice product!,0
I’m interested in this item.,0
What are the dimensions?,0
What’s the price?,0
Nice product!,0
What are the dimensions?,0
Hit me up on WhatsApp at +1-436-639-7077,1
Do you have it in stock?,0
What’s the price?,0
This looks good.,0
This looks good.,0
How soon can I get it?,0
Hit me up on WhatsApp at +1-815-360-8594,1
Does it come in other colors?,0
Do you have it in stock?,0
c h a r l i e 2 2 @ t e s t . o r g,1
Message me on Signal: 5722533841,1
wanna chat? +1-369-881-9105,1
This looks good.,0
What’s the price?,0
Nice product!,0
How soon can I get it?,0
Contact: +1-731-540-3952,1
Nice product!,0
Nice product!,0
Does it come in other colors?,0
you can DM me at shopper323 on Insta,1
Does it come in other colors?,0
How soon can I get it?,0
Can you show more photos?,0
Does it come in other colors?,0
Nice product!,0
Can you show more photos?,0
Can you show more photos?,0
Nice product!,0
What are the dimensions?,0
Can you show more photos?,0
This looks good.,0
Where do you ship from?,0
Can you show more photos?,0
Where do you ship from?,0
Nice product!,0
Do you have it in stock?,0
I’m interested in this item.,0
Does it come in other colors?,0
Can you show more photos?,0
Can you show more photos?,0
You can reach me at 555-787-2696,1
Do you have it in stock?,0
What’s the price?,0
Where do you ship from?,0
What are the dimensions?,0
Where do you ship from?,0
Does it come in other colors?,0
Reach out on WhatsApp at +1-192-995-9581,1
This looks good.,0
I’m interested in this item.,0
What are the dimensions?,0
I’m interested in this item.,0
Message me on Snapchat: jane.smith,1
Where do you ship from?,0
C o n t a c t :   + 1   5 9 7   7 1 6   4 5 1 6,1
Do you have it in stock?,0
I’m interested in this item.,0
What are the dimensions?,0
Nice product!,0
Please email me at user3375@example.com,1
Can you share your phone number so I can send you details?,1
How soon can I get it?,0
Where do you ship from?,0
Where do you ship from?,0
I’m interested in this item.,0
This looks good.,0
Nice product!,0
Do you have it in stock?,0
c o n t a c t : +1-222-745-3807,1
Can you show more photos?,0
Does it come in other colors?,0
Can you share your phone number so I can send you details?,1
Nice product!,0
Can you share your phone number so I can send you details?,1
What’s the price?,0
Can you show more photos?,0
What’s the price?,0
Where do you ship from?,0
Does it come in other colors?,0
C o n t a c t :   ( 1 9 2 )   3 4 8 - 2 7 6 6,1
Does it come in other colors?,0
Does it come in other colors?,0
fb.com/coolcat252,1
What are the dimensions?,0
I’m interested in this item.,0
What’s the price?,0
Can you show more photos?,0
Contact via email: eve71@test.org,1
Can you show more photos?,0
Do you have it in stock?,0
I’m interested in this item.,0
What’s the price?,0
Where do you ship from?,0
What are the dimensions?,0
Does it come in other colors?,0
Nice product!,0
C o n t a c t :   + 1   4 7 1   9 7 8   1 5 9 8,1
my digits: +1-748-528-6016,1
Do you have it in stock?,0
Nice product!,0
Where do you ship from?,0
Does it come in other colors?,0
Can you show more photos?,0
Can you show more photos?,0
Do you have it in stock?,0
Where do you ship from?,0
Can you show more photos?,0
Does it come in other colors?,0
What are the dimensions?,0
How soon can I get it?,0
Nice product!,0
Nice product!,0
What’s the price?,0
This looks good.,0
You can reach me at +1-394-478-1079,1
What’s the price?,0
You can reach me at 555-712-6595,1
How soon can I get it?,0
I’m interested in this item.,0
What’s the price?,0
What’s the price?,0
Nice product!,0
This looks good.,0
Does it come in other colors?,0
My Snapchat is heidi148,1
"My contact is 555-971-8011, call me.",1
Can you show more photos?,0
I’m interested in this item.,0
Where do you ship from?,0
Nice product!,0
What are the dimensions?,0
What’s the price?,0
I’m interested in this item.,0
Text me at 555-973-3644 for more info.,1
I’m interested in this item.,0
What are the dimensions?,0
How soon can I get it?,0
Nice product!,0
Does it come in other colors?,0
Does it come in other colors?,0
Do you have it in stock?,0
What’s the price?,0
Nice product!,0
Does it come in other colors?,0
Nice product!,0
Does it come in other colors?,0
Contact me on Skype: heidi634,1
Does it come in other colors?,0
Please email me at user3497@example.com,1
What are the dimensions?,0
This looks good.,0
Add me on WhatsApp: 555-383-6301,1
My number is 974-223-7543,1
What are the dimensions?,0
Hit me up on WhatsApp at 555-933-1304,1
What’s the price?,0
Where do you ship from?,0
What are the dimensions?,0
DM me on Instagram: @eve962,1
Nice product!,0
This looks good.,0
Nice product!,0
I’m interested in this item.,0
WhatsApp me at +1-555-170-2956,1
Nice product!,0
Do you have it in stock?,0
What’s the price?,0
Can I have your email address?,1
Does it come in other colors?,0
Do you have it in stock?,0
What’s the price?,0
Nice product!,0
📧 user9300@example.com,1
What’s the price?,0
Does it come in other colors?,0
Nice product!,0
What are the dimensions?,0
Does it come in other colors?,0
Do you have it in stock?,0
What’s the price?,0
Please email me at user4960@example.com,1
What’s the price?,0
This looks good.,0
I’m interested in this item.,0
Nice product!,0
reach at t w o o o @example.com,1
What’s the price?,0
Do you have it in stock?,0
What are the dimensions?,0
I’m interested in this item.,0
Can you show more photos?,0
I’m interested in this item.,0
What are the dimensions?,0
c   o   n   t   a   c   t   m   e   + 1   5 5 1   0 0 4   6 5 1 3,1
my email id is user8981@example.com,1
Email me at user5591@example.com,1
What’s the price?,0
Follow me on Instagram @best_pizza and DM.,1
Nice product!,0
This looks good.,0
Does it come in other colors?,0
How soon can I get it?,0
I’m interested in this item.,0
Where do you ship from?,0
I’m interested in this item.,0
Nice product!,0
This looks good.,0
What’s the price?,0
Contact via email: david51@email.net,1
Do you have it in stock?,0
What are the dimensions?,0
This looks good.,0
Can you show more photos?,0
"Email is user4317@example.com, reach out anytime.",1
Where do you ship from?,0
How soon can I get it?,0
Message via email: heidi44@example.com,1
Can you show more photos?,0
Do you have it in stock?,0
Where do you ship from?,0
I’m interested in this item.,0
Where do you ship from?,0
How soon can I get it?,0
What’s the price?,0
What are the dimensions?,0
Does it come in other colors?,0
Nice product!,0
Can you show more photos?,0
What’s the price?,0
Can I have your email address?,1
Message via email: grace50@mail.com,1
Where do you ship from?,0
Does it come in other colors?,0
Send me a DM on Facebook: facebook.com/john_doe,1
Does it come in other colors?,0
What’s the price?,0
This looks good.,0
What’s the price?,0
This looks good.,0
What are the dimensions?,0
Nice product!,0
Nice product!,0
I’m interested in this item.,0
"My contact is 555-216-8231, call me.",1
Where do you ship from?,0
What are the dimensions?,0
Here is my email: user5300@example.com,1
Please email me at user9785@example.com,1
This looks good.,0
What are the dimensions?,0
I’m interested in this item.,0
This looks good.,0
Can I have your email address?,1
Do you have it in stock?,0
How soon can I get it?,0
I’m interested in this item.,0
Can you show more photos?,0
Can you show more photos?,0
Where do you ship from?,0
Connect on LinkedIn (linkedin.com/in/shopper99),1
What’s the price?,0
Do you have it in stock?,0
How soon can I get it?,0
Snapchat me @ devguy398,1
This looks good.,0
Does it come in other colors?,0
Does it come in other colors?,0
How soon can I get it?,0
How soon can I get it?,0
What are the dimensions?,0
How soon can I get it?,0
What are the dimensions?,0
I’m interested in this item.,0
Nice product!,0
How soon can I get it?,0
d a v i d 3 5 @ e m a i l . n e t,1
What’s the price?,0
Follow me on Instagram @designer123 and DM.,1
This looks good.,0
Can you show more photos?,0
Email me at bob55@test.org,1
How soon can I get it?,0
This looks good.,0
Does it come in other colors?,0
message me via g m a i l at user7212@example.com,1
How soon can I get it?,0
Nice product!,0
Do you have it in stock?,0
DM me on Facebook: facebook.com/coolcat923,1
Do you have it in stock?,0
This looks good.,0
Nice product!,0
Add me on WhatsApp: 555-190-6082,1
Does it come in other colors?,0
Where do you ship from?,0
Where do you ship from?,0
Where do you ship from?,0
Where do you ship from?,0
Add me on Facebook (facebook.com/john_doe),1
What’s the price?,0
Let's connect on LinkedIn: linkedin.com/in/john_doe,1
Can you show more photos?,0
Where do you ship from?,0
📧 user6159@example.com,1
How soon can I get it?,0
How soon can I get it?,0
What are the dimensions?,0
Nice product!,0
Can you show more photos?,0
How soon can I get it?,0
Do you have it in stock?,0
How soon can I get it?,0
Do you have it in stock?,0
Do you have it in stock?,0
Signal me at +1 344 827 6136,1
Nice product!,0
This looks good.,0
Does it come in other colors?,0
What are the dimensions?,0
This looks good.,0
This looks good.,0
Where do you ship from?,0
I’m interested in this item.,0
Where do you ship from?,0
I’m interested in this item.,0
Do you have it in stock?,0
This looks good.,0
How soon can I get it?,0
I’m interested in this item.,0
Do you have it in stock?,0
Does it come in other colors?,0
This looks good.,0
What are the dimensions?,0
I’m interested in this item.,0
This looks good.,0
How soon can I get it?,0
Nice product!,0
my digits: +1-360-793-6880,1
Does it come in other colors?,0
What are the dimensions?,0
Do you have it in stock?,0
This looks good.,0
WhatsApp me at +1-555-470-7876,1
Can you show more photos?,0
Can you show more photos?,0
Message me at user1674@example.com,1
This looks good.,0
Nice product!,0
How soon can I get it?,0
Can you share your phone number so I can send you details?,1
Does it come in other colors?,0
What’s the price?,0
snap me at s-n-a-p shopper257,1
Does it come in other colors?,0
Message me on Signal: 7356113647,1
Nice product!,0
How soon can I get it?,0
I’m interested in this item.,0
Send me a DM on Facebook: facebook.com/tech_lead,1
Nice product!,0
Message me on Signal: 9261245736,1
Can you show more photos?,0
What’s the price?,0
Here's my email: user9733@example.com,1
Can you show more photos?,0
This looks good.,0
Can you show more photos?,0
How soon can I get it?,0
Nice product!,0
Does it come in other colors?,0
This looks good.,0
How soon can I get it?,0
Message me at user3170@example.com,1
Where do you ship from?,0
Do you have it in stock?,0
Send me a DM on Facebook: facebook.com/tech_lead,1
Does it come in other colors?,0
I’m interested in this item.,0
What’s the price?,0
What are the dimensions?,0
Do you have it in stock?,0
Does it come in other colors?,0
Can I have your email address?,1
I’m interested in this item.,0
Does it come in other colors?,0
This looks good.,0
I’m interested in this item.,0
I’m interested in this item.,0
This looks good.,0
My Snapchat is judy571,1
Where do you ship from?,0
Let's connect on LinkedIn: https://linkedin.com/in/david450,1
Nice product!,0
Nice product!,0
What’s the price?,0
Do you have it in stock?,0
Does it come in other colors?,0
Do you have it in stock?,0
This looks good.,0
This looks good.,0
Ping me on Telegram: @heidi695,1
How soon can I get it?,0
Do you have it in stock?,0
Where do you ship from?,0
I’m interested in this item.,0
I’m interested in this item.,0
Do you have it in stock?,0
Does it come in other colors?,0
Does it come in other colors?,0
I’m interested in this item.,0
my email id is user4595@example.com,1
Does it come in other colors?,0
This looks good.,0
This looks good.,0
Reach out on WhatsApp at +1-245-461-5121,1
This looks good.,0
Do you have it in stock?,0
How soon can I get it?,0
Hit me up on WhatsApp at +1-179-488-1006,1
What are the dimensions?,0
Where do you ship from?,0
What’s the price?,0
Do you have it in stock?,0
Message me on Snapchat: tech_lead,1
Hit me up on WhatsApp at +1-339-851-4394,1
Hit me up on WhatsApp at 555-925-3183,1
How soon can I get it?,0
What’s the price?,0
t e l : +1-132-421-5057,1
I’m interested in this item.,0
DM me on Instagram: @david5,1
Call me at 9874271409,1
What are the dimensions?,0
This looks good.,0
What’s the price?,0
This looks good.,0
Can you show more photos?,0
Ping me on Telegram: @alice401,1
I’m interested in this item.,0
find me at user2611@example.com 😉,1
Can you show more photos?,0
Can you show more photos?,0
I’m interested in this item.,0
📧 user5536@example.com,1
Does it come in other colors?,0
Do you have it in stock?,0
What are the dimensions?,0
Nice product!,0
What’s the price?,0
What are the dimensions?,0
Can you show more photos?,0
📱 +1-597-679-7135,1
Do you have it in stock?,0
I’m interested in this item.,0
My TikTok: @alice829,1
Nice product!,0
Nice product!,0
What are the dimensions?,0
Nice product!,0
This looks good.,0
Where do you ship from?,0
Message me on Signal: (784) 032-0591,1
How soon can I get it?,0
I’m interested in this item.,0
What’s the price?,0
get in touch @ user7722@example.com,1
Do you have it in stock?,0
Contact me on Skype: bob162,1
This looks good.,0
I’m interested in this item.,0
Do you have it in stock?,0
How soon can I get it?,0
This looks good.,0
Message via email: frank4@test.org,1
Follow me on Twitter: @bob469,1
Can you show more photos?,0
DM me on Instagram @best_pizza,1
hmu @ fashionista650,1
Do you have it in stock?,0
What are the dimensions?,0
Where do you ship from?,0
Does it come in other colors?,0
How soon can I get it?,0
Does it come in other colors?,0
Let's connect on LinkedIn: https://linkedin.com/in/charlie74,1
What are the dimensions?,0
Can you show more photos?,0
Contact: +1-676-534-4330,1
Does it come in other colors?,0
Nice product!,0
Nice product!,0
you can DM me at devguy584 on Insta,1
Where do you ship from?,0
Nice product!,0
Can you show more photos?,0
What are the dimensions?,0
telegram: t dot me slash fashionista94,1
Does it come in other colors?,0
I’m interested in this item.,0
What are the dimensions?,0
Can you show more photos?,0
How soon can I get it?,0
Contact via email: frank33@email.net,1
Do you have it in stock?,0
This looks good.,0
Can I have your email address?,1
What are the dimensions?,0
Do you have it in stock?,0
How soon can I get it?,0
Add me on WhatsApp: 855-673-4996,1
What are the dimensions?,0
Contact: +1-574-862-8649,1
This looks good.,0
Can you show more photos?,0
Where do you ship from?,0
I’m interested in this item.,0
Can you show more photos?,0
Where do you ship from?,0
What are the dimensions?,0
Where do you ship from?,0
What’s the price?,0
What are the dimensions?,0
How soon can I get it?,0
Where do you ship from?,0
Do you have it in stock?,0
Nice product!,0
How soon can I get it?,0
Does it come in other colors?,0
This looks good.,0
Can you show more photos?,0
e m a i l m e @ user4088@example.com,1
What are the dimensions?,0
c o n t a c t : +1-818-266-9048,1
What’s the price?,0
Do you have it in stock?,0
Do you have it in stock?,0
How soon can I get it?,0
Add me on WhatsApp: 555-778-8339,1
Do you have it in stock?,0
Does it come in other colors?,0
Do you have it in stock?,0
Does it come in other colors?,0
What are the dimensions?,0
How soon can I get it?,0
What’s the price?,0
I’m interested in this item.,0
Text me at 555-756-9465 for more info.,1
What are the dimensions?,0
Snapchat me @ shopper623,1
Can you show more photos?,0
Can you show more photos?,0
Where do you ship from?,0
What are the dimensions?,0
Send me a DM on Facebook: facebook.com/fashionguru,1
Does it come in other colors?,0
i v a n 6 9 @ m a i l . c o m,1
What’s the price?,0
What are the dimensions?,0
My TikTok: @bob736,1
Does it come in other colors?,0
I’m interested in this item.,0
Nice product!,0
you can DM me at shopper661 on Insta,1
I’m interested in this item.,0
Here is my email: user3945@example.com,1
Does it come in other colors?,0
How soon can I get it?,0
My Snapchat is frank364,1
Can you show more photos?,0
Ping me on Telegram: @eve846,1
Call me at 1935306152,1
How soon can I get it?,0
How soon can I get it?,0
Hit me up on WhatsApp at 555-951-1353,1
Nice product!,0
This looks good.,0
What are the dimensions?,0
What’s the price?,0
What are the dimensions?,0
How soon can I get it?,0
Where do you ship from?,0
Nice product!,0
Let's connect on LinkedIn: https://linkedin.com/in/david39,1
Where do you ship from?,0
What’s the price?,0
I’m interested in this item.,0
Can you show more photos?,0
my email id is user5610@example.com,1
Where do you ship from?,0
Can you show more photos?,0
My Snapchat is judy369,1
📧 user9855@example.com,1
Where do you ship from?,0
Where do you ship from?,0
DM me on Facebook: facebook.com/devguy728,1
Nice product!,0
How soon can I get it?,0
Text me at 187-743-2308,1
Can you show more photos?,0
I’m interested in this item.,0
my digits: +1-926-384-2115,1
Let's connect on LinkedIn: https://linkedin.com/in/alice455,1
Does it come in other colors?,0
I’m interested in this item.,0
I’m interested in this item.,0
This looks good.,0
I’m interested in this item.,0
How soon can I get it?,0
Reach out on WhatsApp at +1-185-605-2980,1
This looks good.,0
Does it come in other colors?,0
Where do you ship from?,0
Find me on Facebook: https://facebook.com/david708,1
"Email is user1722@example.com, reach out anytime.",1
Nice product!,0
Does it come in other colors?,0
Do you have it in stock?,0
Where do you ship from?,0
find me at user6154@example.com 😉,1
My Snapchat is david108,1
What are the dimensions?,0
Does it come in other colors?,0
How soon can I get it?,0
Can you share your phone number so I can send you details?,1
Does it come in other colors?,0
Do you have it in stock?,0
Does it come in other colors?,0
Where do you ship from?,0
I’m interested in this item.,0
Does it come in other colors?,0
How soon can I get it?,0
I’m interested in this item.,0
Can you show more photos?,0
Where do you ship from?,0
Where do you ship from?,0
Contact: +1-860-753-9382,1
Nice product!,0
Nice product!,0
What are the dimensions?,0
Mail me: alice57@email.net,1
What are the dimensions?,0
I’m interested in this item.,0
What’s the price?,0
This looks good.,0
What’s the price?,0
This looks good.,0
Where do you ship from?,0
What’s the price?,0
Nice product!,0
Can you show more photos?,0
Do you have it in stock?,0
How soon can I get it?,0
Does it come in other colors?,0
Do you have it in stock?,0
This looks good.,0
What’s the price?,0
Text me at 555-725-3726 for more info.,1
I’m interested in this item.,0
I’m interested in this item.,0
I’m interested in this item.,0
snap me at s-n-a-p devguy646,1
"Email is user9459@example.com, reach out anytime.",1
What’s the price?,0
Where do you ship from?,0
Can you show more photos?,0
Can you show more photos?,0
What’s the price?,0
Where do you ship from?,0
How soon can I get it?,0
Can you show more photos?,0
I’m interested in this item.,0
Do you have it in stock?,0
Can you show more photos?,0
Nice product!,0
How soon can I get it?,0
This looks good.,0
Can you show more photos?,0
Nice product!,0
Where do you ship from?,0
Nice product!,0
What’s the price?,0
What are the dimensions?,0
What are the dimensions?,0
Can you show more photos?,0
Nice product!,0
Message me on Signal: 9018975796,1
I’m interested in this item.,0
Nice product!,0
What are the dimensions?,0
telegram: t dot me slash shopper438,1
Where do you ship from?,0
What are the dimensions?,0
Can you show more photos?,0
Nice product!,0
I’m interested in this item.,0
Can I have your email address?,1
Nice product!,0
Does it come in other colors?,0
telegram: t dot me slash shopper302,1
Email me at user6722@example.com,1
Send me a DM on Facebook: facebook.com/jane.smith,1
wanna chat? +1-894-564-1608,1
Can you show more photos?,0
How soon can I get it?,0
What’s the price?,0
What’s the price?,0
What are the dimensions?,0
What are the dimensions?,0
I’m interested in this item.,0
Nice product!,0
I’m interested in this item.,0
Let's connect on LinkedIn: linkedin.com/in/john_doe,1
Message me at user9425@example.com,1
Add me on Facebook (facebook.com/tech_lead),1
I’m interested in this item.,0
Where do you ship from?,0
Can you show more photos?,0
Message me at user6016@example.com,1
my email id is user6957@example.com,1
What’s the price?,0
Nice product!,0
DM me on Facebook: facebook.com/devguy9,1
Do you have it in stock?,0
Where do you ship from?,0
Here's my email: user5848@example.com,1
I’m interested in this item.,0
What are the dimensions?,0
DM me on Instagram: @grace460,1
This looks good.,0
Nice product!,0
How soon can I get it?,0
Nice product!,0
How soon can I get it?,0
Do you have it in stock?,0
What’s the price?,0
you can DM me at coolcat814 on Insta,1
Can you show more photos?,0
Do you have it in stock?,0
Do you have it in stock?,0
Does it come in other colors?,0
What are the dimensions?,0
Call me at +1 079 816 7433,1
Where do you ship from?,0
How soon can I get it?,0
Do you have it in stock?,0
Can you show more photos?,0
This looks good.,0
Nice product!,0
Do you have it in stock?,0
Where do you ship from?,0
Nice product!,0
What’s the price?,0
"Email is user5820@example.com, reach out anytime.",1
How soon can I get it?,0
Can you show more photos?,0
I’m interested in this item.,0
My TikTok: @frank859,1
What are the dimensions?,0
What’s the price?,0
Do you have it in stock?,0
Where do you ship from?,0
My Snapchat is bob198,1
Do you have it in stock?,0
What are the dimensions?,0
Do you have it in stock?,0
Contact via email: frank95@mail.com,1
WhatsApp me at +1-555-366-3068,1
What are the dimensions?,0
Do you have it in stock?,0
Snapchat me @ coolcat649,1
What are the dimensions?,0
Can you show more photos?,0
Can you show more photos?,0
This looks good.,0
My number is 1279117295,1
How soon can I get it?,0
hmu @ fashionista748,1
What’s the price?,0
This looks good.,0
Nice product!,0
Where do you ship from?,0
Contact: +1-193-890-3944,1
Can you show more photos?,0
Here's my email: user6744@example.com,1
What’s the price?,0
What are the dimensions?,0
Call me at 298-704-1525,1
I’m interested in this item.,0
What are the dimensions?,0
WhatsApp me at +1-555-509-3199,1
Can you show more photos?,0
Does it come in other colors?,0
Please email me at user7979@example.com,1
How soon can I get it?,0
Do you have it in stock?,0
What are the dimensions?,0
What’s the price?,0
hmu @ fashionista851,1
Where do you ship from?,0
Do you have it in stock?,0
How soon can I get it?,0
Nice product!,0
What’s the price?,0
Connect on LinkedIn (linkedin.com/in/fashionista211),1
Can I have your email address?,1
I’m interested in this item.,0
I’m interested in this item.,0
Does it come in other colors?,0
I’m interested in this item.,0
Contact: +1-696-538-2505,1
Nice product!,0
t e l : +1-495-865-2249,1
Do you have it in stock?,0
Add me on WhatsApp: 555-365-6845,1
You can reach me at +1-261-336-6054,1
Call me at 774-429-9879,1
snap me at s-n-a-p coolcat619,1
What are the dimensions?,0
How soon can I get it?,0
What’s the price?,0
What’s the price?,0
Can you show more photos?,0
my digits: +1-748-971-5942,1
What’s the price?,0
Nice product!,0
Where do you ship from?,0
Can you show more photos?,0
Follow me on Twitter: @frank624,1
Do you have it in stock?,0
Does it come in other colors?,0
Where do you ship from?,0
Where do you ship from?,0
Where do you ship from?,0
This looks good.,0
reach at t w o o o @example.com,1
Message me on Signal: 8342725407,1
What’s the price?,0
I’m interested in this item.,0
What are the dimensions?,0
Where do you ship from?,0
What are the dimensions?,0
Nice product!,0
Does it come in other colors?,0
Snapchat me @ devguy369,1
How soon can I get it?,0
This looks good.,0
How soon can I get it?,0
Does it come in other colors?,0
Where do you ship from?,0
Where do you ship from?,0
I’m interested in this item.,0
Do you have it in stock?,0
Nice product!,0
Do you have it in stock?,0
Reach out on WhatsApp at +1-752-343-8623,1
a l i c e 4 0 @ t e s t . o r g,1
Nice product!,0
What’s the price?,0
Nice product!,0
How soon can I get it?,0
hmu @ fashionista328,1
What’s the price?,0
How soon can I get it?,0
Can you show more photos?,0
I’m interested in this item.,0
What’s the price?,0
What’s the price?,0
Do you have it in stock?,0
Nice product!,0
Where do you ship from?,0
Can you show more photos?,0
Does it come in other colors?,0
I’m interested in this item.,0
Can you show more photos?,0
Does it come in other colors?,0
I’m interested in this item.,0
Nice product!,0
Where do you ship from?,0
Can you show more photos?,0
What’s the price?,0
What are the dimensions?,0
How soon can I get it?,0
Do you have it in stock?,0
This looks good.,0
Where do you ship from?,0
Where do you ship from?,0
Text me at +1-582-377-8917,1
Ping me on Telegram: @frank757,1
snap me at s-n-a-p devguy523,1
What’s the price?,0
This looks good.,0
I’m interested in this item.,0
This looks good.,0
e m a i l m e @ user9008@example.com,1
How soon can I get it?,0
reach at t w o o o @example.com,1
Where do you ship from?,0
What’s the price?,0
How soon can I get it?,0
Does it come in other colors?,0
Where do you ship from?,0
Hit me up on WhatsApp at +1-393-145-1859,1
What are the dimensions?,0
Does it come in other colors?,0
What are the dimensions?,0
This looks good.,0
Where do you ship from?,0
Do you have it in stock?,0
Email me at alice66@example.com,1
Do you have it in stock?,0
I’m interested in this item.,0
Do you have it in stock?,0
Does it come in other colors?,0
Contact me on Skype: ivan783,1
Nice product!,0
Does it come in other colors?,0
Nice product!,0
Text me at +1-442-471-1341,1
"Email is user9449@example.com, reach out anytime.",1
Can you show more photos?,0
Nice product!,0
What’s the price?,0
C o n t a c t :   + 1   9 1 7   8 5 3   0 1 8 8,1
Does it come in other colors?,0
Please email me at user9259@example.com,1
Do you have it in stock?,0
What’s the price?,0
Do you have it in stock?,0
Follow me on Twitter: @eve456,1
What’s the price?,0
This looks good.,0
This looks good.,0
Nice product!,0
How soon can I get it?,0
What’s the price?,0
What are the dimensions?,0
Does it come in other colors?,0
What’s the price?,0
Do you have it in stock?,0
My Snapchat is eve51,1
Do you have it in stock?,0
Does it come in other colors?,0
C o n t a c t :   + 1   8 1 1   5 6 2   7 5 3 9,1
Nice product!,0
Can you show more photos?,0
Hit me up on WhatsApp at +1-119-384-3681,1
Where do you ship from?,0
How soon can I get it?,0
Can you share your phone number so I can send you details?,1
Text me at +1-742-941-9839,1
What are the dimensions?,0
my email id is user6384@example.com,1
Does it come in other colors?,0
What’s the price?,0
Can you show more photos?,0
What are the dimensions?,0
DM me on Facebook: facebook.com/fashionista75,1
Do you have it in stock?,0
Add me on WhatsApp: 499-866-1861,1
What’s the price?,0
Let's connect on LinkedIn: linkedin.com/in/shopper99,1
Do you have it in stock?,0
This looks good.,0
Follow me on Instagram @fashioneer and DM.,1
Find me on Facebook: https://facebook.com/ivan478,1
e v e 8 @ m a i l . c o m,1
Can you show more photos?,0
Does it come in other colors?,0
I’m interested in this item.,0
This looks good.,0
This looks good.,0
snap me at s-n-a-p fashionista196,1
This looks good.,0
Where do you ship from?,0
I’m interested in this item.,0
Does it come in other colors?,0
Does it come in other colors?,0
This looks good.,0
I’m interested in this item.,0
I’m interested in this item.,0
I’m interested in this item.,0
Can you show more photos?,0
📱 +1-123-694-9682,1
How soon can I get it?,0
Mail me: david18@test.org,1
Nice product!,0
Can you show more photos?,0
Can you show more photos?,0
Where do you ship from?,0
Can you show more photos?,0
message me via g m a i l at user3410@example.com,1
Send me a DM on Facebook: facebook.com/jane.smith,1
Can you show more photos?,0
Nice product!,0
How soon can I get it?,0
What are the dimensions?,0
Do you have it in stock?,0
Does it come in other colors?,0
Message me on Signal: 758-538-2618,1
I’m interested in this item.,0
Add me on WhatsApp: 555-293-1214,1
Do you have it in stock?,0
Can you show more photos?,0
Add me on Facebook (facebook.com/tech_lead),1
fb.com/coolcat328,1
Here is my email: user4524@example.com,1
What are the dimensions?,0
Do you have it in stock?,0
📧 user9240@example.com,1
Connect on LinkedIn (linkedin.com/in/devguy4),1
How soon can I get it?,0
What’s the price?,0
What’s the price?,0
Does it come in other colors?,0
c   o   n   t   a   c   t   m   e   ( 6 3 6 )   4 1 8 - 3 8 2 8,1
Nice product!,0
How soon can I get it?,0
What are the dimensions?,0
How soon can I get it?,0
reach at t w o o o @example.com,1
This looks good.,0
Here's my email: user1426@example.com,1
How soon can I get it?,0
This looks good.,0
Do you have it in stock?,0
📱 +1-496-882-7969,1
get in touch @ user4859@example.com,1
This looks good.,0
Nice product!,0
Snapchat me @ shopper217,1
Where do you ship from?,0
What are the dimensions?,0
This looks good.,0
Can you show more photos?,0
find me at user952@example.com 😉,1
What’s the price?,0
What are the dimensions?,0
Let's connect on LinkedIn: https://linkedin.com/in/charlie476,1
Can you show more photos?,0
I’m interested in this item.,0
How soon can I get it?,0
Do you have it in stock?,0
How soon can I get it?,0
Where do you ship from?,0
Follow me on Twitter: @david552,1
Nice product!,0
What’s the price?,0
Can you show more photos?,0
Does it come in other colors?,0
DM me on Instagram @designer123,1
Can you show more photos?,0
Mail me: judy43@mail.com,1
snap me at s-n-a-p coolcat115,1
What are the dimensions?,0
Does it come in other colors?,0
How soon can I get it?,0
Contact me on Skype: heidi818,1
How soon can I get it?,0
You can reach me at 555-959-8719,1
Where do you ship from?,0
I’m interested in this item.,0
Snapchat me @ shopper571,1
Does it come in other colors?,0
Where do you ship from?,0
What’s the price?,0
This looks good.,0
Contact via email: eve94@example.com,1
I’m interested in this item.,0
Nice product!,0
I’m interested in this item.,0
How soon can I get it?,0
Hit me up on WhatsApp at 555-496-7619,1
What are the dimensions?,0
Where do you ship from?,0
Where do you ship from?,0
This looks good.,0
Nice product!,0
What’s the price?,0
What are the dimensions?,0
How soon can I get it?,0
Nice product!,0
This looks good.,0
How soon can I get it?,0
Do you have it in stock?,0
I’m interested in this item.,0
Can you show more photos?,0
Can you show more photos?,0
This looks good.,0
Send me a DM on Facebook: facebook.com/john_doe,1
Where do you ship from?,0
How soon can I get it?,0
What’s the price?,0
Nice product!,0
Do you have it in stock?,0
my digits: +1-124-840-1441,1
My Snapchat is alice239,1
Nice product!,0
This looks good.,0
How soon can I get it?,0
Where do you ship from?,0
This looks good.,0
Nice product!,0
What’s the price?,0
I’m interested in this item.,0
What’s the price?,0
What are the dimensions?,0
📧 user2533@example.com,1
Does it come in other colors?,0
My number is 2698705128,1
Do you have it in stock?,0
Can you show more photos?,0
I’m interested in this item.,0
Where do you ship from?,0
e m a i l m e @ user6291@example.com,1
How soon can I get it?,0
Where do you ship from?,0
I’m interested in this item.,0
Nice product!,0
I’m interested in this item.,0
Do you have it in stock?,0
What’s the price?,0
How soon can I get it?,0
Where do you ship from?,0
Can you share your phone number so I can send you details?,1
How soon can I get it?,0
Message via email: alice7@example.com,1
How soon can I get it?,0
What are the dimensions?,0
I’m interested in this item.,0
What are the dimensions?,0
Where do you ship from?,0
Can you show more photos?,0
Do you have it in stock?,0
Follow me on Instagram @shop_owner and DM.,1
My Snapchat is alice505,1
DM me on Instagram @coolguy42,1
I’m interested in this item.,0
My Snapchat is charlie513,1
Does it come in other colors?,0
Does it come in other colors?,0
Text me at 4719421854,1
What are the dimensions?,0
Nice product!,0
What’s the price?,0
I’m interested in this item.,0
This looks good.,0
What are the dimensions?,0
b o b 3 5 @ e m a i l . n e t,1
My TikTok: @alice777,1
How soon can I get it?,0
What’s the price?,0
I’m interested in this item.,0
Can you show more photos?,0
What’s the price?,0
I’m interested in this item.,0
Email me at ivan70@email.net,1
You can reach me at +1-500-999-8098,1
What are the dimensions?,0
I’m interested in this item.,0
Nice product!,0
Where do you ship from?,0
fb.com/coolcat788,1
This looks good.,0
Nice product!,0
Do you have it in stock?,0
How soon can I get it?,0
Does it come in other colors?,0
Can you show more photos?,0
What are the dimensions?,0
Hit me up on WhatsApp at +1-177-491-3857,1
Does it come in other colors?,0
wanna chat? +1-449-139-1060,1
I’m interested in this item.,0
Where do you ship from?,0
My WeChat ID is fashioneer,1
Does it come in other colors?,0
Where do you ship from?,0
Where do you ship from?,0
This looks good.,0
fb.com/devguy187,1
I’m interested in this item.,0
Where do you ship from?,0
Contact me via Telegram: @shopper99,1
How soon can I get it?,0
Does it come in other colors?,0
Nice product!,0
Nice product!,0
How soon can I get it?,0
Nice product!,0
I’m interested in this item.,0
How soon can I get it?,0
Message me on Signal: (760) 892-3621,1
Nice product!,0
What are the dimensions?,0
Follow me on Twitter: @bob380,1
reach at t w o o o @example.com,1
t e l : +1-423-663-6654,1
Nice product!,0
How soon can I get it?,0
Snapchat me @ coolcat868,1
DM me on Facebook: facebook.com/coolcat236,1
Do you have it in stock?,0
Do you have it in stock?,0
Message me on Signal: 7662838549,1
What are the dimensions?,0
c o n t a c t : +1-211-108-2279,1
I’m interested in this item.,0
WhatsApp me at +1-555-660-9434,1
How soon can I get it?,0
This looks good.,0
What are the dimensions?,0
I’m interested in this item.,0
What’s the price?,0
What’s the price?,0
Nice product!,0
Where do you ship from?,0
What are the dimensions?,0
This looks good.,0
Let's connect on LinkedIn: linkedin.com/in/john_doe,1
Can you show more photos?,0
Where do you ship from?,0
📧 user7375@example.com,1
Can you show more photos?,0
Where do you ship from?,0
Can you show more photos?,0
Where do you ship from?,0
I’m interested in this item.,0
Does it come in other colors?,0
What’s the price?,0
This looks good.,0
Nice product!,0
Do you have it in stock?,0
Where do you ship from?,0
Does it come in other colors?,0
Where do you ship from?,0
Nice product!,0
What are the dimensions?,0
Does it come in other colors?,0
I’m interested in this item.,0
Message me at user4261@example.com,1
Can you show more photos?,0
What’s the price?,0
Where do you ship from?,0
Hit me up on WhatsApp at +1-967-559-6678,1
Nice product!,0
I’m interested in this item.,0
How soon can I get it?,0
This looks good.,0
My number is 1849888667,1
What are the dimensions?,0
Where do you ship from?,0
Nice product!,0
What are the dimensions?,0
I’m interested in this item.,0
What are the dimensions?,0
What’s the price?,0
Can you show more photos?,0
How soon can I get it?,0
Does it come in other colors?,0
I’m interested in this item.,0
I’m interested in this item.,0
I’m interested in this item.,0
Text me at (027) 618-3373,1
This looks good.,0
Can you show more photos?,0
Nice product!,0
I’m interested in this item.,0
Nice product!,0
How soon can I get it?,0
Nice product!,0
Do you have it in stock?,0
How soon can I get it?,0
Nice product!,0
Does it come in other colors?,0
Nice product!,0
you can DM me at fashionista615 on Insta,1
What’s the price?,0
Does it come in other colors?,0
c   o   n   t   a   c   t   m   e   ( 3 8 9 )   2 6 5 - 7 0 2 5,1
What are the dimensions?,0
Do you have it in stock?,0
Please email me at user8969@example.com,1
Here is my email: user2898@example.com,1
Do you have it in stock?,0
Find me on Facebook: https://facebook.com/ivan596,1
Email me at user4573@example.com,1
Where do you ship from?,0
Does it come in other colors?,0
Can you show more photos?,0
Add me on WhatsApp: 555-821-3251,1
How soon can I get it?,0
Does it come in other colors?,0
Nice product!,0
Where do you ship from?,0
Add me on Facebook (facebook.com/tech_lead),1
Nice product!,0
What are the dimensions?,0
Does it come in other colors?,0
Nice product!,0
I’m interested in this item.,0
find me at user9628@example.com 😉,1
Does it come in other colors?,0
How soon can I get it?,0
I’m interested in this item.,0
Nice product!,0
What’s the price?,0
What’s the price?,0
Follow me on Instagram @shop_owner and DM.,1
Do you have it in stock?,0
Nice product!,0
get in touch @ user7787@example.com,1
What are the dimensions?,0
message me via g m a i l at user9429@example.com,1
How soon can I get it?,0
Does it come in other colors?,0
Can you show more photos?,0
What are the dimensions?,0
Does it come in other colors?,0
Does it come in other colors?,0
Nice product!,0
How soon can I get it?,0
Does it come in other colors?,0
What are the dimensions?,0
Can you show more photos?,0
Nice product!,0
Does it come in other colors?,0
find me at user7344@example.com 😉,1
TikTok me at +1 722 878 6768,1
What’s the price?,0
My WeChat ID is fashionguru,1
Does it come in other colors?,0
Does it come in other colors?,0
Facebook me at (085) 689-9222,1
Can you show more photos?,0
Do you have it in stock?,0
Where do you ship from?,0
Where do you ship from?,0
message me via g m a i l at user3509@example.com,1
Text me at +1-105-608-5717,1
How soon can I get it?,0
Add me on WhatsApp: +1 623 400 3106,1
Can you show more photos?,0
Can you show more photos?,0
What are the dimensions?,0
What are the dimensions?,0
Do you have it in stock?,0
Can you show more photos?,0
What are the dimensions?,0
What are the dimensions?,0
What’s the price?,0
What are the dimensions?,0
Where do you ship from?,0
I’m interested in this item.,0
What are the dimensions?,0
Let's connect on LinkedIn: linkedin.com/in/designer123,1
What are the dimensions?,0
Text me at 555-177-9169 for more info.,1
reach at t w o o o @example.com,1
Does it come in other colors?,0
What are the dimensions?,0
I’m interested in this item.,0
C a l l   m e :   ( 1 7 2 )   3 2 6 - 3 5 3 1,1
Does it come in other colors?,0
Do you have it in stock?,0
What’s the price?,0
What are the dimensions?,0
Nice product!,0
I’m interested in this item.,0
DM me on Instagram @fashionguru,1
Where do you ship from?,0
DM me on Facebook: facebook.com/devguy831,1
Add me on WhatsApp: 649-660-0452,1
Where do you ship from?,0
Can you show more photos?,0
Where do you ship from?,0
Does it come in other colors?,0
You can reach me at 555-882-3750,1
This looks good.,0
I’m interested in this item.,0
Send me a DM on Facebook: facebook.com/shopper99,1
Nice product!,0
How soon can I get it?,0
hmu @ shopper589,1
This looks good.,0
Reach out on WhatsApp at +1-508-832-4331,1
Can you show more photos?,0
How soon can I get it?,0
Does it come in other colors?,0
What’s the price?,0
This looks good.,0
I’m interested in this item.,0
Do you have it in stock?,0
Nice product!,0
Nice product!,0
What are the dimensions?,0
Hit me up on WhatsApp at 555-931-8879,1
Where do you ship from?,0
I’m interested in this item.,0
Do you have it in stock?,0
Does it come in other colors?,0
Where do you ship from?,0
Reach me at 930-867-3812,1
Please email me at user7852@example.com,1
Does it come in other colors?,0
Connect on LinkedIn (linkedin.com/in/shop_owner),1
Does it come in other colors?,0
C a l l   m e :   1 4 4 - 5 5 8 - 7 3 6 6,1
Do you have it in stock?,0
This looks good.,0
Add me on WhatsApp: 8261330500,1
📱 +1-494-251-4779,1
What’s the price?,0
This looks good.,0
Does it come in other colors?,0
What are the dimensions?,0
you can DM me at shopper713 on Insta,1
This looks good.,0
Contact me on Skype: heidi718,1
I’m interested in this item.,0
Can you show more photos?,0
What’s the price?,0
What are the dimensions?,0
Do you have it in stock?,0
hmu @ coolcat238,1
Nice product!,0
get in touch @ user580@example.com,1
Nice product!,0
What’s the price?,0
Does it come in other colors?,0
I’m interested in this item.,0
Nice product!,0
DM me on Facebook: facebook.com/fashionista10,1
Do you have it in stock?,0
📱 +1-213-960-4242,1
"My contact is 555-526-5572, call me.",1
Can you show more photos?,0
What’s the price?,0
How soon can I get it?,0
Nice product!,0
Contact me on Skype: bob844,1
Nice product!,0
I’m interested in this item.,0
What are the dimensions?,0
What are the dimensions?,0
Add me on WhatsApp: 555-191-5343,1
I’m interested in this item.,0
Follow me on Twitter: @bob396,1
Does it come in other colors?,0
I’m interested in this item.,0
Nice product!,0
What’s the price?,0
Where do you ship from?,0
What’s the price?,0
Snapchat me @ coolcat568,1
Where do you ship from?,0
Hit me up on WhatsApp at 555-341-5502,1
Add me on Facebook (facebook.com/tech_lead),1
Nice product!,0
How soon can I get it?,0
Does it come in other colors?,0
Do you have it in stock?,0
Nice product!,0
Do you have it in stock?,0
What are the dimensions?,0
You can reach me at +1-206-279-6358,1
What are the dimensions?,0
This looks good.,0
I’m interested in this item.,0
Text me at 216-378-5446,1
Where do you ship from?,0
my digits: +1-438-236-2291,1
How soon can I get it?,0
📧 user8768@example.com,1
Where do you ship from?,0
I’m interested in this item.,0
What are the dimensions?,0
Send me a DM on Facebook: facebook.com/jane.smith,1
telegram: t dot me slash shopper227,1
Do you have it in stock?,0
Does it come in other colors?,0
Does it come in other colors?,0
Can you show more photos?,0
Do you have it in stock?,0
What’s the price?,0
What’s the price?,0
What’s the price?,0
Where do you ship from?,0
What’s the price?,0
Hit me up on WhatsApp at 555-323-7642,1
telegram: t dot me slash devguy389,1
WhatsApp me at +1-555-938-3177,1
Do you have it in stock?,0
Can you show more photos?,0
How soon can I get it?,0
Where do you ship from?,0
Can you show more photos?,0
This looks good.,0
Where do you ship from?,0
Contact: +1-263-885-9364,1
I’m interested in this item.,0
Does it come in other colors?,0
I’m interested in this item.,0
Can you share your phone number so I can send you details?,1
I’m interested in this item.,0
I’m interested in this item.,0
Can you show more photos?,0
I’m interested in this item.,0
Does it come in other colors?,0
What are the dimensions?,0
I’m interested in this item.,0
Does it come in other colors?,0
Add me on WhatsApp: 283-015-2089,1
Snapchat me @ fashionista632,1
What are the dimensions?,0
Where do you ship from?,0
Does it come in other colors?,0
Can you show more photos?,0
Nice product!,0
Please email me at user3117@example.com,1
What’s the price?,0
Do you have it in stock?,0
Follow me on Twitter: @eve82,1
Nice product!,0
Nice product!,0
How soon can I get it?,0
Message me at user2179@example.com,1
What are the dimensions?,0
Text me at +1-682-701-1301,1
Nice product!,0
Nice product!,0
What are the dimensions?,0
Where do you ship from?,0
Nice product!,0
How soon can I get it?,0
What are the dimensions?,0
What’s the price?,0
Where do you ship from?,0
What are the dimensions?,0
Does it come in other colors?,0
Do you have it in stock?,0
What are the dimensions?,0
I’m interested in this item.,0
What are the dimensions?,0
Where do you ship from?,0
Nice product!,0
How soon can I get it?,0
Here is my email: user4892@example.com,1
What are the dimensions?,0
Hit me up on WhatsApp at +1-880-498-2613,1
Nice product!,0
How soon can I get it?,0
How soon can I get it?,0
What are the dimensions?,0
This looks good.,0
Do you have it in stock?,0
a l i c e 5 6 @ e m a i l . n e t,1
Snapchat me @ coolcat75,1
I’m interested in this item.,0
📱 +1-348-314-1770,1
Does it come in other colors?,0
Where do you ship from?,0
Can you show more photos?,0
What’s the price?,0
Where do you ship from?,0
What are the dimensions?,0
Follow me on Instagram @designer123 and DM.,1
How soon can I get it?,0
Do you have it in stock?,0
This looks good.,0
Snapchat me @ fashionista873,1
My WeChat ID is best_pizza,1
Does it come in other colors?,0
Does it come in other colors?,0
Do you have it in stock?,0
How soon can I get it?,0
Add me on WhatsApp: 7597182375,1
How soon can I get it?,0
This looks good.,0
What are the dimensions?,0
My Snapchat is eve953,1
Nice product!,0
What’s the price?,0
DM me on Instagram @fashioneer,1
Do you have it in stock?,0
How soon can I get it?,0
Can you show more photos?,0
I’m interested in this item.,0
Nice product!,0
Does it come in other colors?,0
Here is my email: user6766@example.com,1
This looks good.,0
I’m interested in this item.,0
Nice product!,0
You can reach me at +1-193-917-1424,1
Does it come in other colors?,0
Email me at ivan53@mail.com,1
I’m interested in this item.,0
This looks good.,0
Do you have it in stock?,0
Connect on LinkedIn (linkedin.com/in/shopper99),1
Nice product!,0
Nice product!,0
find me at user78@example.com 😉,1
Do you have it in stock?,0
Where do you ship from?,0
Contact me on Skype: bob495,1
DM me on Instagram @designer123,1
Where do you ship from?,0
Message me on Signal: 5454543682,1
TikTok me at (576) 452-1554,1
Do you have it in stock?,0
Follow me on Instagram @coolguy42 and DM.,1
Does it come in other colors?,0
Do you have it in stock?,0
What’s the price?,0
I’m interested in this item.,0
Nice product!,0
Where do you ship from?,0
Where do you ship from?,0
I’m interested in this item.,0
Message me on Snapchat: jane.smith,1
This looks good.,0
How soon can I get it?,0
Where do you ship from?,0
What’s the price?,0
Nice product!,0
How soon can I get it?,0
What are the dimensions?,0
Can you show more photos?,0
What’s the price?,0
How soon can I get it?,0
How soon can I get it?,0
Where do you ship from?,0
Text me at +1-412-472-3326,1
Nice product!,0
Do you have it in stock?,0
Where do you ship from?,0
Do you have it in stock?,0
This looks good.,0
What’s the price?,0
This looks good.,0
This looks good.,0
Where do you ship from?,0
Can you show more photos?,0
Does it come in other colors?,0
How soon can I get it?,0
This looks good.,0
How soon can I get it?,0
Do you have it in stock?,0
Can you show more photos?,0
How soon can I get it?,0
This looks good.,0
Can you show more photos?,0
Can you show more photos?,0
you can DM me at fashionista834 on Insta,1
This looks good.,0
Do you have it in stock?,0
This looks good.,0
Do you have it in stock?,0
Does it come in other colors?,0
What’s the price?,0
Does it come in other colors?,0
How soon can I get it?,0
I’m interested in this item.,0
Where do you ship from?,0
This looks good.,0
Does it come in other colors?,0
Let's connect on LinkedIn: linkedin.com/in/designer123,1
What are the dimensions?,0
Where do you ship from?,0
Can you show more photos?,0
I’m interested in this item.,0
Snapchat me @ devguy832,1
This looks good.,0
My WeChat ID is designer123,1
Connect on LinkedIn (linkedin.com/in/coolcat108),1
How soon can I get it?,0
Can you show more photos?,0
My Snapchat is bob507,1
Hit me up on WhatsApp at +1-887-786-1184,1
This looks good.,0
How soon can I get it?,0
Do you have it in stock?,0
This looks good.,0
What are the dimensions?,0
Let's connect on LinkedIn: linkedin.com/in/shop_owner,1
How soon can I get it?,0
I’m interested in this item.,0
Nice product!,0
What’s the price?,0
Nice product!,0
I’m interested in this item.,0
reach at t w o o o @example.com,1
How soon can I get it?,0
Contact via email: alice2@example.com,1
My number is +1 454 827 3444,1
Where do you ship from?,0
Nice product!,0
Does it come in other colors?,0
You can reach me at +1-772-320-6908,1
C o n t a c t :   ( 7 4 5 )   9 1 3 - 6 9 9 9,1
Does it come in other colors?,0
How soon can I get it?,0
Where do you ship from?,0
Text me at (284) 024-3686,1
How soon can I get it?,0
telegram: t dot me slash fashionista694,1
Do you have it in stock?,0
I’m interested in this item.,0
This looks good.,0
Message me at user1565@example.com,1
I’m interested in this item.,0
c o n t a c t : +1-676-440-1959,1
Nice product!,0
Can you show more photos?,0
Nice product!,0
Hit me up on WhatsApp at 555-324-4366,1
I’m interested in this item.,0
What’s the price?,0
I’m interested in this item.,0
📧 user7695@example.com,1
Does it come in other colors?,0
DM me on Instagram @john_doe,1
Please email me at user3070@example.com,1
"My contact is 555-413-8909, call me.",1
My number is 3980047642,1
Where do you ship from?,0
Can you show more photos?,0
This looks good.,0
Nice product!,0
Where do you ship from?,0
How soon can I get it?,0
Send me a DM on Facebook: facebook.com/coolguy42,1
Where do you ship from?,0
Can you show more photos?,0
Do you have it in stock?,0
Nice product!,0
Can you show more photos?,0
Do you have it in stock?,0
Do you have it in stock?,0
Does it come in other colors?,0
Can you show more photos?,0
What are the dimensions?,0
What’s the price?,0
Add me on WhatsApp: +1 832 350 4737,1
What’s the price?,0
Where do you ship from?,0
Do you have it in stock?,0
Reach me at 4852314775,1
I’m interested in this item.,0
Text me at 645-687-6277,1
Email me at bob68@mail.com,1
Nice product!,0
What’s the price?,0
Nice product!,0
What’s the price?,0
This looks good.,0
Message me at user5149@example.com,1
How soon can I get it?,0
Add me on WhatsApp: 555-480-5591,1
How soon can I get it?,0
Can you show more photos?,0
Do you have it in stock?,0
Does it come in other colors?,0
Do you have it in stock?,0
What’s the price?,0
Can you show more photos?,0
How soon can I get it?,0
Hit me up on WhatsApp at 555-731-2675,1
Can you show more photos?,0
Can you show more photos?,0
What’s the price?,0
Does it come in other colors?,0
What’s the price?,0
Can you show more photos?,0
What are the dimensions?,0
What are the dimensions?,0
"Email is user8291@example.com, reach out anytime.",1
Do you have it in stock?,0
This looks good.,0
Can you show more photos?,0
Follow me on Twitter: @eve892,1
What are the dimensions?,0
Do you have it in stock?,0
DM me on Facebook: facebook.com/fashionista113,1
What are the dimensions?,0
Where do you ship from?,0
Can you share your phone number so I can send you details?,1
Do you have it in stock?,0
Reach me at +1 746 737 9230,1
How soon can I get it?,0
Do you have it in stock?,0
Do you have it in stock?,0
What’s the price?,0
What are the dimensions?,0
Can you show more photos?,0
Nice product!,0
I’m interested in this item.,0
Nice product!,0
Can you show more photos?,0
Message me at user7631@example.com,1
Where do you ship from?,0
My TikTok: @judy174,1
How soon can I get it?,0
This looks good.,0
I’m interested in this item.,0
Nice product!,0
Does it come in other colors?,0
Nice product!,0
How soon can I get it?,0
This looks good.,0
How soon can I get it?,0
Here's my email: user7305@example.com,1
Can you show more photos?,0
Can you show more photos?,0
How soon can I get it?,0
Here is my email: user5444@example.com,1
Follow me on Instagram @tech_lead and DM.,1
I’m interested in this item.,0
Does it come in other colors?,0
This looks good.,0
Nice product!,0
Do you have it in stock?,0
Message via email: charlie92@mail.com,1
Do you have it in stock?,0
How soon can I get it?,0
How soon can I get it?,0
C a l l   m e :   + 1   9 8 6   6 0 7   8 0 8 1,1
What’s the price?,0
"My contact is 555-217-4375, call me.",1
Where do you ship from?,0
This looks good.,0
Does it come in other colors?,0
You can reach me at 555-475-5321,1
What’s the price?,0
Where do you ship from?,0
This looks good.,0
Nice product!,0
Can you show more photos?,0
Do you have it in stock?,0
Can you show more photos?,0
How soon can I get it?,0
How soon can I get it?,0
WhatsApp me at +1-555-504-6387,1
What’s the price?,0
reach at t w o o o @example.com,1
Let's connect on LinkedIn: https://linkedin.com/in/david647,1
Can you show more photos?,0
What are the dimensions?,0
Here is my email: user4986@example.com,1
I’m interested in this item.,0
Where do you ship from?,0
Contact: +1-630-727-1843,1
Can you show more photos?,0
Where do you ship from?,0
What’s the price?,0
Do you have it in stock?,0
Where do you ship from?,0
DM me on Facebook: facebook.com/devguy322,1
find me at user3709@example.com 😉,1
Do you have it in stock?,0
What are the dimensions?,0
Can you show more photos?,0
What’s the price?,0
What are the dimensions?,0
Does it come in other colors?,0
I’m interested in this item.,0
Do you have it in stock?,0
What are the dimensions?,0
Follow me on Instagram @fashioneer and DM.,1
Nice product!,0
Where do you ship from?,0
Call me at 9597154279,1
Do you have it in stock?,0
How soon can I get it?,0
Where do you ship from?,0
Can you show more photos?,0
How soon can I get it?,0
Does it come in other colors?,0
Message me on Snapchat: tech_lead,1
I’m interested in this item.,0
Does it come in other colors?,0
c   o   n   t   a   c   t   m   e   8 9 0 6 2 0 0 9 4 3,1
My number is 8307686484,1
hmu @ shopper992,1
How soon can I get it?,0
My number is (556) 640-2208,1
Can you show more photos?,0
This looks good.,0
I’m interested in this item.,0
What’s the price?,0
Nice product!,0
Where do you ship from?,0
my email id is user4518@example.com,1
Nice product!,0
This looks good.,0
What are the dimensions?,0
I’m interested in this item.,0
How soon can I get it?,0
What are the dimensions?,0
Text me at 555-879-2010 for more info.,1
Let's connect on LinkedIn: https://linkedin.com/in/frank265,1
Where do you ship from?,0
Do you have it in stock?,0
I’m interested in this item.,0
Here is my email: user8419@example.com,1
What’s the price?,0
What’s the price?,0
"My contact is 555-747-2001, call me.",1
What are the dimensions?,0
Do you have it in stock?,0
WhatsApp me at +1-555-721-5080,1
Add me on WhatsApp: (769) 561-3125,1
"My contact is 555-647-1659, call me.",1
Nice product!,0
Where do you ship from?,0
What’s the price?,0
Nice product!,0
What’s the price?,0
My WeChat ID is best_pizza,1
Do you have it in stock?,0
I’m interested in this item.,0
you can DM me at devguy678 on Insta,1
This looks good.,0
What’s the price?,0
What’s the price?,0
What’s the price?,0
What’s the price?,0
This looks good.,0
Text me at 555-125-4729 for more info.,1
Connect on LinkedIn (linkedin.com/in/fashionguru),1
telegram: t dot me slash coolcat472,1
I’m interested in this item.,0
Does it come in other colors?,0
TikTok me at 833-623-7524,1
fb.com/shopper422,1
Text me at 555-189-1838 for more info.,1
Let's connect on LinkedIn: linkedin.com/in/fashioneer,1
Does it come in other colors?,0
Does it come in other colors?,0
Does it come in other colors?,0
What’s the price?,0
This looks good.,0
What are the dimensions?,0
Can you show more photos?,0
Nice product!,0
Reach me at 3754029475,1
Does it come in other colors?,0
Contact via email: frank81@test.org,1
How soon can I get it?,0
Where do you ship from?,0
Do you have it in stock?,0
C a l l   m e :   0 3 1 - 2 1 3 - 7 3 6 3,1
Nice product!,0
Does it come in other colors?,0
What’s the price?,0
Does it come in other colors?,0
I’m interested in this item.,0
This looks good.,0
Can you show more photos?,0
Find me on Facebook: https://facebook.com/david308,1
I’m interested in this item.,0
I’m interested in this item.,0
Nice product!,0
c   o   n   t   a   c   t   m   e   7 3 1 8 9 1 5 6 9 5,1
You can reach me at 555-124-7903,1
Does it come in other colors?,0
I’m interested in this item.,0
Does it come in other colors?,0
Can you show more photos?,0
What’s the price?,0
Does it come in other colors?,0
Reach out on WhatsApp at +1-740-760-4084,1
I’m interested in this item.,0
Does it come in other colors?,0
Nice product!,0
Where do you ship from?,0
I’m interested in this item.,0
Can you share your phone number so I can send you details?,1
Can you show more photos?,0
Do you have it in stock?,0
DM me on Instagram: @heidi657,1
Let's connect on LinkedIn: https://linkedin.com/in/ivan901,1
This looks good.,0
Can you show more photos?,0
DM me on Instagram: @bob576,1
How soon can I get it?,0
I’m interested in this item.,0
C a l l   m e :   + 1   7 4 8   1 5 1   7 9 9 0,1
Message via email: alice58@test.org,1
Do you have it in stock?,0
Nice product!,0
What’s the price?,0
This looks good.,0
How soon can I get it?,0
Nice product!,0
t e l : +1-749-760-1929,1
Can you show more photos?,0
Nice product!,0
This looks good.,0
What are the dimensions?,0
📱 +1-439-193-1930,1
Email me at frank81@example.com,1
C a l l   m e :   ( 9 3 7 )   5 1 3 - 9 8 8 3,1
Does it come in other colors?,0
What are the dimensions?,0
Nice product!,0
Does it come in other colors?,0
Nice product!,0
Do you have it in stock?,0
Nice product!,0
Do you have it in stock?,0
Can you show more photos?,0
Can you show more photos?,0
This looks good.,0
Can you show more photos?,0
Do you have it in stock?,0
How soon can I get it?,0
Does it come in other colors?,0
Call me at (400) 438-3007,1
I’m interested in this item.,0
What are the dimensions?,0
Does it come in other colors?,0
Can you show more photos?,0
How soon can I get it?,0
Add me on Facebook (facebook.com/fashionguru),1
My TikTok: @alice577,1
Do you have it in stock?,0
Where do you ship from?,0
My WeChat ID is shopper99,1
I’m interested in this item.,0
How soon can I get it?,0
How soon can I get it?,0
Where do you ship from?,0
Ping me on Telegram: @judy399,1
Do you have it in stock?,0
This looks good.,0
What are the dimensions?,0
message me via g m a i l at user8745@example.com,1
How soon can I get it?,0
What are the dimensions?,0
I’m interested in this item.,0
Hit me up on WhatsApp at 555-245-9125,1
How soon can I get it?,0
Add me on WhatsApp: +1 705 070 4818,1
Nice product!,0
Reach me at 487-545-2944,1
Nice product!,0
What’s the price?,0
Here's my email: user4817@example.com,1
Let's connect on LinkedIn: linkedin.com/in/fashioneer,1
Nice product!,0
Contact: +1-617-396-5214,1
Does it come in other colors?,0
DM me on Instagram @jane.smith,1
Can you show more photos?,0
What’s the price?,0
What’s the price?,0
What’s the price?,0
Message me at user7138@example.com,1
I’m interested in this item.,0
This looks good.,0
Text me at +1 953 439 7121,1
How soon can I get it?,0
What’s the price?,0
get in touch @ user7284@example.com,1
Nice product!,0
Nice product!,0
my digits: +1-541-593-2143,1
My number is (050) 350-3945,1
Do you have it in stock?,0
"My contact is 555-851-1421, call me.",1
How soon can I get it?,0
What are the dimensions?,0
Nice product!,0
What’s the price?,0
What’s the price?,0
What are the dimensions?,0
Does it come in other colors?,0
What are the dimensions?,0
Nice product!,0
What’s the price?,0
Where do you ship from?,0
I’m interested in this item.,0
e m a i l m e @ user3274@example.com,1
Does it come in other colors?,0
Where do you ship from?,0
What are the dimensions?,0
Text me at 555-426-9482 for more info.,1
Do you have it in stock?,0
t e l : +1-738-645-5601,1
How soon can I get it?,0
Add me on WhatsApp: 125-550-7657,1
reach at t w o o o @example.com,1
Where do you ship from?,0
Do you have it in stock?,0
What are the dimensions?,0
Can you show more photos?,0
My Snapchat is heidi183,1
Do you have it in stock?,0
Follow me on Twitter: @charlie914,1
What’s the price?,0
DM me on Instagram: @judy902,1
Do you have it in stock?,0
TikTok me at 0782632344,1
Does it come in other colors?,0
Where do you ship from?,0
I’m interested in this item.,0
Contact me on Skype: alice606,1
Where do you ship from?,0
Does it come in other colors?,0
I’m interested in this item.,0
Do you have it in stock?,0
Where do you ship from?,0
Contact me via Telegram: @coolguy42,1
What are the dimensions?,0
Where do you ship from?,0
What’s the price?,0
This looks good.,0
Does it come in other colors?,0
This looks good.,0
I’m interested in this item.,0
Do you have it in stock?,0
Where do you ship from?,0
Does it come in other colors?,0
Can you show more photos?,0
What are the dimensions?,0
Do you have it in stock?,0
What’s the price?,0
This looks good.,0
Do you have it in stock?,0
Send me a DM on Facebook: facebook.com/john_doe,1
Ping me on Telegram: @bob313,1
My TikTok: @bob834,1
What are the dimensions?,0
What are the dimensions?,0
Hit me up on WhatsApp at 555-674-5447,1
c   o   n   t   a   c   t   m   e   ( 4 9 0 )   1 5 2 - 7 9 5 2,1
Do you have it in stock?,0
"My contact is 555-608-1709, call me.",1
This looks good.,0
What are the dimensions?,0
Do you have it in stock?,0
I’m interested in this item.,0
Contact: +1-386-258-1697,1
What are the dimensions?,0
Ping me on Telegram: @grace952,1
What’s the price?,0
DM me on Instagram: @heidi208,1
What are the dimensions?,0
My TikTok: @ivan302,1
Does it come in other colors?,0
Does it come in other colors?,0
I’m interested in this item.,0
How soon can I get it?,0
This looks good.,0
I’m interested in this item.,0
This looks good.,0
Where do you ship from?,0
What’s the price?,0
Text me at 058-868-4307,1
This looks good.,0
I’m interested in this item.,0
Let's connect on LinkedIn: linkedin.com/in/shop_owner,1
Do you have it in stock?,0
What are the dimensions?,0
I’m interested in this item.,0
Add me on WhatsApp: 555-715-5258,1
I’m interested in this item.,0
Add me on WhatsApp: 594-417-7285,1
Connect on LinkedIn (linkedin.com/in/devguy373),1
Add me on WhatsApp: 555-694-3052,1
Connect on LinkedIn (linkedin.com/in/fashionista966),1
📧 user3623@example.com,1
What are the dimensions?,0
What’s the price?,0
This looks good.,0
Nice product!,0
This looks good.,0
Where do you ship from?,0
What are the dimensions?,0
Can I have your email address?,1
Send me a DM on Facebook: facebook.com/shop_owner,1
I’m interested in this item.,0
Does it come in other colors?,0
This looks good.,0
You can reach me at +1-771-134-9290,1
Can you show more photos?,0
Nice product!,0
Do you have it in stock?,0
How soon can I get it?,0
Do you have it in stock?,0
Does it come in other colors?,0
Message me at user3953@example.com,1
WhatsApp me at +1-555-202-2077,1
Can you show more photos?,0
message me via g m a i l at user8731@example.com,1
What are the dimensions?,0
This looks good.,0
Nice product!,0
This looks good.,0
Where do you ship from?,0
Can you show more photos?,0
Does it come in other colors?,0
How soon can I get it?,0
This looks good.,0
What’s the price?,0
What’s the price?,0
How soon can I get it?,0
wanna chat? +1-802-943-6996,1
find me at user2414@example.com 😉,1
Contact me via Telegram: @shopper99,1
Contact me on Skype: ivan155,1
How soon can I get it?,0
What are the dimensions?,0
I’m interested in this item.,0
my email id is user4213@example.com,1
Please email me at user5274@example.com,1
Find me on Facebook: https://facebook.com/judy479,1
This looks good.,0
Do you have it in stock?,0
You can reach me at 555-739-2623,1
What’s the price?,0
Does it come in other colors?,0
What’s the price?,0
I’m interested in this item.,0
DM me on Instagram: @bob829,1
Let's connect on LinkedIn: linkedin.com/in/jane.smith,1
Where do you ship from?,0
How soon can I get it?,0
Nice product!,0
Nice product!,0
Can you show more photos?,0
Can you share your phone number so I can send you details?,1
Where do you ship from?,0
Nice product!,0
Can you show more photos?,0
What’s the price?,0
Do you have it in stock?,0
Can you show more photos?,0
I’m interested in this item.,0
Does it come in other colors?,0
Nice product!,0
I’m interested in this item.,0
I’m interested in this item.,0
This looks good.,0
What are the dimensions?,0
I’m interested in this item.,0
What are the dimensions?,0
What are the dimensions?,0
What’s the price?,0
Do you have it in stock?,0
What’s the price?,0
What’s the price?,0
What’s the price?,0
Do you have it in stock?,0
Do you have it in stock?,0
You can reach me at +1-960-388-7509,1
e m a i l m e @ user5933@example.com,1
Find me on Facebook: https://facebook.com/charlie523,1
Nice product!,0
Nice product!,0
Nice product!,0
Messenger me at +1 335 236 8207,1
Does it come in other colors?,0
What are the dimensions?,0
Where do you ship from?,0
I’m interested in this item.,0
This looks good.,0
Do you have it in stock?,0
Where do you ship from?,0
How soon can I get it?,0
How soon can I get it?,0
Nice product!,0
Message me on Signal: +1 639 587 8129,1
How soon can I get it?,0
Add me on Facebook (facebook.com/coolguy42),1
You can reach me at 555-464-2485,1
Here is my email: user3161@example.com,1
Can you show more photos?,0
What are the dimensions?,0
Can you show more photos?,0
Do you have it in stock?,0
e m a i l m e @ user4284@example.com,1
What’s the price?,0
What’s the price?,0
Where do you ship from?,0
Can you show more photos?,0
How soon can I get it?,0
What are the dimensions?,0
Where do you ship from?,0
Does it come in other colors?,0
Nice product!,0
Where do you ship from?,0
Does it come in other colors?,0
This looks good.,0
Does it come in other colors?,0
Send me a DM on Facebook: facebook.com/tech_lead,1
Can you show more photos?,0
Contact me on Skype: heidi313,1
This looks good.,0
What are the dimensions?,0
This looks good.,0
Does it come in other colors?,0
What’s the price?,0
Can you show more photos?,0
Can you show more photos?,0
my digits: +1-215-809-4544,1
Does it come in other colors?,0
Can I have your email address?,1
What are the dimensions?,0
What’s the price?,0
What’s the price?,0
Where do you ship from?,0
What are the dimensions?,0
Where do you ship from?,0
Can you show more photos?,0
You can reach me at 555-613-1428,1
Do you have it in stock?,0
What’s the price?,0
Message me on Signal: (436) 787-2857,1
Contact me via Telegram: @shop_owner,1
I’m interested in this item.,0
hmu @ devguy767,1
Contact: +1-849-730-6726,1
Do you have it in stock?,0
Where do you ship from?,0
This looks good.,0
Instagram me at 589-840-5839,1
Do you have it in stock?,0
Does it come in other colors?,0
Here is my email: user1065@example.com,1
Add me on WhatsApp: 555-527-9137,1
Text me at +1-887-386-2014,1
Where do you ship from?,0
What’s the price?,0
Add me on WhatsApp: 7040009819,1
My Snapchat is heidi199,1
Call me at 551-594-5206,1
Do you have it in stock?,0
How soon can I get it?,0
DM me on Instagram @tech_lead,1
my digits: +1-958-357-6272,1
I’m interested in this item.,0
What’s the price?,0
Nice product!,0
Message via email: judy56@email.net,1
Snapchat me @ devguy663,1
What are the dimensions?,0
Message me on Signal: 073-146-7886,1
my email id is user3832@example.com,1
I’m interested in this item.,0
Nice product!,0
How soon can I get it?,0
Does it come in other colors?,0
Call me at 446-906-5964,1
This looks good.,0
Here's my email: user7711@example.com,1
What’s the price?,0
Where do you ship from?,0
Contact via email: ivan41@email.net,1
Nice product!,0
Does it come in other colors?,0
What are the dimensions?,0
Contact: +1-507-256-7369,1
What are the dimensions?,0
Does it come in other colors?,0
Do you have it in stock?,0
Does it come in other colors?,0
How soon can I get it?,0
Where do you ship from?,0
What are the dimensions?,0
How soon can I get it?,0
Call me at 3101835599,1
I’m interested in this item.,0
I’m interested in this item.,0
I’m interested in this item.,0
This looks good.,0
Message me at user7531@example.com,1
What’s the price?,0
Do you have it in stock?,0
Can you show more photos?,0
Where do you ship from?,0
Can you show more photos?,0
Do you have it in stock?,0
Where do you ship from?,0
Can you show more photos?,0
This looks good.,0
Can you show more photos?,0
What are the dimensions?,0
Do you have it in stock?,0
Here's my email: user158@example.com,1
WhatsApp me at 591-945-7981,1
Do you have it in stock?,0
Does it come in other colors?,0
DM me on Facebook: facebook.com/coolcat163,1
I’m interested in this item.,0
Does it come in other colors?,0
Nice product!,0
Do you have it in stock?,0
Nice product!,0
This looks good.,0
Can you show more photos?,0
Can you show more photos?,0
c   o   n   t   a   c   t   m   e   8 7 0 - 6 9 1 - 5 4 1 3,1
📱 +1-380-137-4200,1
How soon can I get it?,0
I’m interested in this item.,0
fb.com/devguy410,1
Can you show more photos?,0
This looks good.,0
wanna chat? +1-529-919-1593,1
Please email me at user2185@example.com,1
"Email is user8752@example.com, reach out anytime.",1
This looks good.,0
What’s the price?,0
Let's connect on LinkedIn: https://linkedin.com/in/heidi804,1
Contact: +1-885-320-5719,1
This looks good.,0
WhatsApp me at +1-555-311-9416,1
Does it come in other colors?,0
What are the dimensions?,0
What’s the price?,0
This looks good.,0
I’m interested in this item.,0
Can you show more photos?,0
Can you show more photos?,0
Does it come in other colors?,0
Where do you ship from?,0
Here is my email: user5361@example.com,1
I’m interested in this item.,0
Can you show more photos?,0
This looks good.,0
Add me on WhatsApp: 555-810-3338,1
Do you have it in stock?,0
How soon can I get it?,0
What are the dimensions?,0
wanna chat? +1-887-937-1150,1
Do you have it in stock?,0
Nice product!,0
Can you show more photos?,0
Where do you ship from?,0
You can reach me at +1-730-439-6308,1
Do you have it in stock?,0
Nice product!,0
How soon can I get it?,0
DM me on Facebook: facebook.com/fashionista62,1
Do you have it in stock?,0
Do you have it in stock?,0
I’m interested in this item.,0
Can you show more photos?,0
What are the dimensions?,0
What’s the price?,0
This looks good.,0
What’s the price?,0
you can DM me at shopper636 on Insta,1
📧 user8015@example.com,1
How soon can I get it?,0
What’s the price?,0
This looks good.,0
Do you have it in stock?,0
This looks good.,0
This looks good.,0
Does it come in other colors?,0
I’m interested in this item.,0
Can you show more photos?,0
What’s the price?,0
Here's my email: user5469@example.com,1
Please email me at user7187@example.com,1
Do you have it in stock?,0
I’m interested in this item.,0
What are the dimensions?,0
Does it come in other colors?,0
Facebook me at 832-323-5088,1
Do you have it in stock?,0
Can you show more photos?,0
Ping me on Telegram: @eve104,1
How soon can I get it?,0
I’m interested in this item.,0
Connect on LinkedIn (linkedin.com/in/best_pizza),1
This looks good.,0
Can you show more photos?,0
What are the dimensions?,0
message me via g m a i l at user5288@example.com,1
Can you show more photos?,0
You can reach me at +1-720-776-8433,1
Does it come in other colors?,0
What’s the price?,0
Can you show more photos?,0
I’m interested in this item.,0
My WeChat ID is fashioneer,1
How soon can I get it?,0
I’m interested in this item.,0
What are the dimensions?,0
Do you have it in stock?,0
Email me at heidi98@email.net,1
This looks good.,0
Does it come in other colors?,0
What’s the price?,0
What’s the price?,0
Do you have it in stock?,0
Does it come in other colors?,0
wanna chat? +1-304-794-3766,1
How soon can I get it?,0
"My contact is 555-669-1134, call me.",1
Contact: +1-788-697-8186,1
Here's my email: user6961@example.com,1
What’s the price?,0
I’m interested in this item.,0
Does it come in other colors?,0
Where do you ship from?,0
What are the dimensions?,0
"Email is user7007@example.com, reach out anytime.",1
Do you have it in stock?,0
Can you show more photos?,0
Can you show more photos?,0
Can you show more photos?,0
Nice product!,0
What are the dimensions?,0
Snapchat me @ shopper187,1
Mail me: grace60@test.org,1
What’s the price?,0
Does it come in other colors?,0
What are the dimensions?,0
Can you show more photos?,0
How soon can I get it?,0
e m a i l m e @ user3624@example.com,1
Nice product!,0
How soon can I get it?,0
What’s the price?,0
Mail me: charlie53@example.com,1
Do you have it in stock?,0
Where do you ship from?,0
What are the dimensions?,0
I’m interested in this item.,0
Connect on LinkedIn (linkedin.com/in/fashionista414),1
i v a n 1 5 @ e m a i l . n e t,1
Can you show more photos?,0
Nice product!,0
Nice product!,0
"My contact is 555-724-7706, call me.",1
Message me at user1688@example.com,1
telegram: t dot me slash devguy501,1
I’m interested in this item.,0
Nice product!,0
Email me at david50@test.org,1
hmu @ devguy653,1
Does it come in other colors?,0
I’m interested in this item.,0
How soon can I get it?,0
How soon can I get it?,0
Where do you ship from?,0
Text me at 555-778-6124 for more info.,1
This looks good.,0
How soon can I get it?,0
Nice product!,0
What’s the price?,0
This looks good.,0
Where do you ship from?,0
Add me on WhatsApp: 789-729-5365,1
Message me on Signal: (559) 026-3078,1
How soon can I get it?,0
I’m interested in this item.,0
How soon can I get it?,0
Nice product!,0
Can you show more photos?,0
Where do you ship from?,0
Does it come in other colors?,0
Does it come in other colors?,0
Can you show more photos?,0
Nice product!,0
Contact: +1-564-881-1464,1
I’m interested in this item.,0
What’s the price?,0
Here is my email: user5567@example.com,1
Does it come in other colors?,0
This looks good.,0
This looks good.,0
Where do you ship from?,0
This looks good.,0
Nice product!,0
i v a n 7 @ e m a i l . n e t,1
I’m interested in this item.,0
Nice product!,0
Send me a DM on Facebook: facebook.com/best_pizza,1
I’m interested in this item.,0
What’s the price?,0
Where do you ship from?,0
wanna chat? +1-866-808-8943,1
Can you show more photos?,0
This looks good.,0
Where do you ship from?,0
What are the dimensions?,0
Here's my email: user149@example.com,1
What are the dimensions?,0
What are the dimensions?,0
I’m interested in this item.,0
Where do you ship from?,0
Contact me on Skype: judy751,1
Does it come in other colors?,0
What’s the price?,0
What’s the price?,0
Do you have it in stock?,0
Where do you ship from?,0
This looks good.,0
"My contact is 555-780-6773, call me.",1
Can you show more photos?,0
I’m interested in this item.,0
Do you have it in stock?,0
Where do you ship from?,0
What’s the price?,0
What are the dimensions?,0
Let's connect on LinkedIn: linkedin.com/in/john_doe,1
Do you have it in stock?,0
This looks good.,0
How soon can I get it?,0
This looks good.,0
Nice product!,0
Does it come in other colors?,0
I’m interested in this item.,0
Does it come in other colors?,0
Reach me at +1 193 718 5399,1
Ping me on Telegram: @eve505,1
Add me on Facebook (facebook.com/shop_owner),1
wanna chat? +1-517-922-3638,1
Where do you ship from?,0
What’s the price?,0
I’m interested in this item.,0
Contact via email: eve43@test.org,1
You can reach me at +1-674-837-8478,1
I’m interested in this item.,0
Where do you ship from?,0
Does it come in other colors?,0
How soon can I get it?,0
Does it come in other colors?,0
My WeChat ID is best_pizza,1
I’m interested in this item.,0
What’s the price?,0
fb.com/devguy931,1
I’m interested in this item.,0
Can you show more photos?,0
Snapchat me @ fashionista453,1
What’s the price?,0
This looks good.,0
Do you have it in stock?,0
Does it come in other colors?,0
Follow me on Instagram @fashioneer and DM.,1
Follow me on Twitter: @charlie829,1
Nice product!,0
How soon can I get it?,0
How soon can I get it?,0
Here's my email: user763@example.com,1
Nice product!,0
What are the dimensions?,0
This looks good.,0
This looks good.,0
This looks good.,0
I’m interested in this item.,0
Nice product!,0
Where do you ship from?,0
What’s the price?,0
What’s the price?,0
Where do you ship from?,0
I’m interested in this item.,0
C a l l   m e :   8 4 7 - 2 0 9 - 5 2 9 1,1
What’s the price?,0
Do you have it in stock?,0
DM me on Instagram @coolguy42,1
I’m interested in this item.,0
What are the dimensions?,0
Can I have your email address?,1
What’s the price?,0
Does it come in other colors?,0
What’s the price?,0
Do you have it in stock?,0
What’s the price?,0
What’s the price?,0
Can you show more photos?,0
Does it come in other colors?,0
What’s the price?,0
This looks good.,0
Reach out on WhatsApp at +1-916-527-1448,1
My TikTok: @judy105,1
Send me a DM on Facebook: facebook.com/shop_owner,1
Reach me at 198-526-1388,1
What are the dimensions?,0
Does it come in other colors?,0
Contact me on Skype: frank743,1
I’m interested in this item.,0
What’s the price?,0
DM me on Facebook: facebook.com/fashionista535,1
This looks good.,0
Do you have it in stock?,0
Can you show more photos?,0
Can you show more photos?,0
What are the dimensions?,0
This looks good.,0
What are the dimensions?,0
Contact: +1-644-538-1766,1
Nice product!,0
my email id is user6645@example.com,1
Can you show more photos?,0
I’m interested in this item.,0
Nice product!,0
Nice product!,0
I’m interested in this item.,0
I’m interested in this item.,0
I’m interested in this item.,0
What are the dimensions?,0
How soon can I get it?,0
Does it come in other colors?,0
Do you have it in stock?,0
This looks good.,0
Reach out on WhatsApp at +1-347-719-4350,1
How soon can I get it?,0
Nice product!,0
I’m interested in this item.,0
Does it come in other colors?,0
Does it come in other colors?,0
I’m interested in this item.,0
Do you have it in stock?,0
Text me at (384) 931-6499,1
What are the dimensions?,0
How soon can I get it?,0
Nice product!,0
Nice product!,0
Can you share your phone number so I can send you details?,1
Where do you ship from?,0
Do you have it in stock?,0
This looks good.,0
This looks good.,0
Where do you ship from?,0
How soon can I get it?,0
Can you show more photos?,0
Can you show more photos?,0
"My contact is 555-754-7293, call me.",1
Follow me on Twitter: @heidi909,1
Hit me up on WhatsApp at +1-729-962-9734,1
Do you have it in stock?,0
Hit me up on WhatsApp at 555-271-4378,1
Mail me: alice48@test.org,1
What are the dimensions?,0
Does it come in other colors?,0
This looks good.,0
Nice product!,0
Snapchat me @ coolcat740,1
This looks good.,0
Message me on Signal: 516-336-5636,1
C o n t a c t :   + 1   6 4 8   3 7 8   5 9 6 2,1
What are the dimensions?,0
Do you have it in stock?,0
Follow me on Instagram @fashionguru and DM.,1
Nice product!,0
What are the dimensions?,0
What are the dimensions?,0
Does it come in other colors?,0
How soon can I get it?,0
Can you show more photos?,0
Follow me on Twitter: @grace985,1
What’s the price?,0
My number is 9556711787,1
Message via email: eve28@mail.com,1
Nice product!,0
How soon can I get it?,0
telegram: t dot me slash shopper363,1
Nice product!,0
How soon can I get it?,0
Message me at user8250@example.com,1
Where do you ship from?,0
Does it come in other colors?,0
What’s the price?,0
What are the dimensions?,0
Does it come in other colors?,0
Does it come in other colors?,0
How soon can I get it?,0
Connect on LinkedIn (linkedin.com/in/jane.smith),1
Can you show more photos?,0
Where do you ship from?,0
Does it come in other colors?,0
How soon can I get it?,0
Does it come in other colors?,0
This looks good.,0
Can you show more photos?,0
What are the dimensions?,0
This looks good.,0
I’m interested in this item.,0
What are the dimensions?,0
What’s the price?,0
What are the dimensions?,0
Nice product!,0
This looks good.,0
Does it come in other colors?,0
Do you have it in stock?,0
C o n t a c t :   ( 5 7 6 )   4 9 1 - 4 3 4 7,1
Does it come in other colors?,0
Text me at 555-547-6216 for more info.,1
Does it come in other colors?,0
How soon can I get it?,0
What’s the price?,0
What are the dimensions?,0
Let's connect on LinkedIn: linkedin.com/in/shop_owner,1
Can you show more photos?,0
Do you have it in stock?,0
Does it come in other colors?,0
Where do you ship from?,0
What’s the price?,0
Do you have it in stock?,0
I’m interested in this item.,0
Where do you ship from?,0
How soon can I get it?,0
DM me on Facebook: facebook.com/coolcat842,1
Where do you ship from?,0
Does it come in other colors?,0
I’m interested in this item.,0
What’s the price?,0
I’m interested in this item.,0
How soon can I get it?,0
What’s the price?,0
Nice product!,0
Hit me up on WhatsApp at 555-153-7838,1
What are the dimensions?,0
What are the dimensions?,0
What’s the price?,0
My WeChat ID is shopper99,1
Does it come in other colors?,0
What are the dimensions?,0
How soon can I get it?,0
I’m interested in this item.,0
How soon can I get it?,0
What are the dimensions?,0
What are the dimensions?,0
Messenger me at +1 820 207 3679,1
Does it come in other colors?,0
Contact me on Skype: ivan775,1
What’s the price?,0
Can you show more photos?,0
What are the dimensions?,0
This looks good.,0
I’m interested in this item.,0
Can you show more photos?,0
I’m interested in this item.,0
j u d y 8 3 @ m a i l . c o m,1
DM me on Instagram @coolguy42,1
you can DM me at coolcat984 on Insta,1
Where do you ship from?,0
How soon can I get it?,0
I’m interested in this item.,0
Connect on LinkedIn (linkedin.com/in/shopper99),1
Skype me at 1991618048,1
This looks good.,0
How soon can I get it?,0
Nice product!,0
Do you have it in stock?,0
Can you show more photos?,0
This looks good.,0
my digits: +1-184-227-7755,1
Does it come in other colors?,0
What’s the price?,0
Does it come in other colors?,0
Connect on LinkedIn (linkedin.com/in/designer123),1
This looks good.,0
Nice product!,0
How soon can I get it?,0
Here is my email: user5686@example.com,1
WhatsApp me at +1-555-229-9961,1
My Snapchat is eve151,1
This looks good.,0
What are the dimensions?,0
Where do you ship from?,0
What’s the price?,0
Can you show more photos?,0
Where do you ship from?,0
Where do you ship from?,0
c o n t a c t : +1-487-471-6999,1
Does it come in other colors?,0
What are the dimensions?,0
Can you show more photos?,0
You can reach me at +1-188-400-6571,1
Do you have it in stock?,0
What’s the price?,0
Can you show more photos?,0
I’m interested in this item.,0
Ping me on Telegram: @judy382,1
I’m interested in this item.,0
What are the dimensions?,0
My WeChat ID is shop_owner,1
I’m interested in this item.,0
Nice product!,0
This looks good.,0
I’m interested in this item.,0
Can you show more photos?,0
I’m interested in this item.,0
This looks good.,0
Let's connect on LinkedIn: https://linkedin.com/in/charlie859,1
What are the dimensions?,0
My TikTok: @charlie760,1
Add me on Facebook (facebook.com/fashioneer),1
Nice product!,0
Where do you ship from?,0
What’s the price?,0
I’m interested in this item.,0
Does it come in other colors?,0
How soon can I get it?,0
Do you have it in stock?,0
What’s the price?,0
"Email is user5920@example.com, reach out anytime.",1
Do you have it in stock?,0
How soon can I get it?,0
Do you have it in stock?,0
This looks good.,0
Nice product!,0
What are the dimensions?,0
Nice product!,0
This looks good.,0
This looks good.,0
Can you show more photos?,0
Does it come in other colors?,0
How soon can I get it?,0
What are the dimensions?,0
Message via email: david5@mail.com,1
Can you show more photos?,0
Does it come in other colors?,0
How soon can I get it?,0
Can you show more photos?,0
Does it come in other colors?,0
What’s the price?,0
This looks good.,0
Nice product!,0
You can reach me at 555-639-6431,1
Add me on WhatsApp: +1 947 270 5220,1
I’m interested in this item.,0
Nice product!,0
c   o   n   t   a   c   t   m   e   0 5 7 - 4 3 3 - 3 4 8 2,1
What are the dimensions?,0
Do you have it in stock?,0
Do you have it in stock?,0
Follow me on Twitter: @david101,1
Connect on LinkedIn (linkedin.com/in/designer123),1
Contact me via Telegram: @jane.smith,1
Does it come in other colors?,0
Can you show more photos?,0
Where do you ship from?,0
Where do you ship from?,0
I’m interested in this item.,0
Does it come in other colors?,0
I’m interested in this item.,0
What are the dimensions?,0
Nice product!,0
Can you show more photos?,0
What are the dimensions?,0
you can DM me at devguy61 on Insta,1
How soon can I get it?,0
Instagram me at 6394658818,1
Can you show more photos?,0
I’m interested in this item.,0
Do you have it in stock?,0
get in touch @ user3327@example.com,1
What are the dimensions?,0
I’m interested in this item.,0
Does it come in other colors?,0
What are the dimensions?,0
What’s the price?,0
I’m interested in this item.,0
How soon can I get it?,0
My Snapchat is eve350,1
What’s the price?,0
I’m interested in this item.,0
Text me at +1-181-778-3494,1
Do you have it in stock?,0
What’s the price?,0
Can you show more photos?,0
Contact me on Skype: frank329,1
Can you show more photos?,0
Nice product!,0
Call me at (876) 273-5399,1
This looks good.,0
I’m interested in this item.,0
How soon can I get it?,0
What’s the price?,0
Does it come in other colors?,0
Does it come in other colors?,0
Call me at +1 896 144 8836,1
Do you have it in stock?,0
How soon can I get it?,0
Follow me on Instagram @best_pizza and DM.,1
DM me on Facebook: facebook.com/fashionista839,1
Send me a DM on Facebook: facebook.com/coolguy42,1
Where do you ship from?,0
Nice product!,0
What’s the price?,0
Facebook me at +1 138 305 8235,1
DM me on Instagram: @david214,1
Do you have it in stock?,0
What are the dimensions?,0
You can reach me at 555-169-2225,1
Nice product!,0
Nice product!,0
c   o   n   t   a   c   t   m   e   ( 3 4 7 )   5 3 7 - 4 6 7 2,1
Nice product!,0
Does it come in other colors?,0
Do you have it in stock?,0
Email me at user9854@example.com,1
Where do you ship from?,0
you can DM me at shopper639 on Insta,1
Do you have it in stock?,0
How soon can I get it?,0
How soon can I get it?,0
This looks good.,0
TikTok me at 362-711-9681,1
Does it come in other colors?,0
This looks good.,0
Let's connect on LinkedIn: linkedin.com/in/shop_owner,1
Where do you ship from?,0
Where do you ship from?,0
Where do you ship from?,0
I’m interested in this item.,0
Where do you ship from?,0
Add me on Facebook (facebook.com/shopper99),1
Nice product!,0
Does it come in other colors?,0
Nice product!,0
📧 user1917@example.com,1
Does it come in other colors?,0
Do you have it in stock?,0
I’m interested in this item.,0
Can you show more photos?,0
a l i c e 4 @ t e s t . o r g,1
Follow me on Twitter: @judy710,1
I’m interested in this item.,0
DM me on Instagram @fashioneer,1
Where do you ship from?,0
What’s the price?,0
How soon can I get it?,0
Nice product!,0
Can you show more photos?,0
Message via email: bob70@mail.com,1
Does it come in other colors?,0
Can you show more photos?,0
My TikTok: @alice396,1
Text me at 555-209-1483 for more info.,1
I’m interested in this item.,0
This looks good.,0
Nice product!,0
Can you show more photos?,0
Do you have it in stock?,0
This looks good.,0
Nice product!,0
Contact me on Skype: ivan884,1
Does it come in other colors?,0
What’s the price?,0
DM me on Instagram @jane.smith,1
Can you show more photos?,0
How soon can I get it?,0
Does it come in other colors?,0
Do you have it in stock?,0
I’m interested in this item.,0
Text me at +1-152-703-4228,1
telegram: t dot me slash coolcat976,1
What’s the price?,0
Where do you ship from?,0
Where do you ship from?,0
What’s the price?,0
Nice product!,0
Can you show more photos?,0
Do you have it in stock?,0
Where do you ship from?,0
What’s the price?,0
Does it come in other colors?,0
Snapchat me @ coolcat325,1
Send me a DM on Facebook: facebook.com/coolguy42,1
How soon can I get it?,0
Does it come in other colors?,0
I’m interested in this item.,0
Do you have it in stock?,0
Where do you ship from?,0
How soon can I get it?,0
Does it come in other colors?,0
snap me at s-n-a-p shopper127,1
Do you have it in stock?,0
Does it come in other colors?,0
What are the dimensions?,0
What are the dimensions?,0
Can you show more photos?,0
I’m interested in this item.,0
What are the dimensions?,0
What are the dimensions?,0
h e i d i 4 8 @ m a i l . c o m,1
What’s the price?,0
Can you show more photos?,0
Contact via email: bob21@mail.com,1
Does it come in other colors?,0
I’m interested in this item.,0
How soon can I get it?,0
What’s the price?,0
📱 +1-247-380-2759,1
Where do you ship from?,0
Where do you ship from?,0
What’s the price?,0
Can you show more photos?,0
Can you show more photos?,0
my email id is user3663@example.com,1
Nice product!,0
What’s the price?,0
Can you show more photos?,0
Do you have it in stock?,0
Where do you ship from?,0
Where do you ship from?,0
Where do you ship from?,0
Does it come in other colors?,0
I’m interested in this item.,0
What are the dimensions?,0
Can you show more photos?,0
Where do you ship from?,0
What are the dimensions?,0
Can you show more photos?,0
What are the dimensions?,0
How soon can I get it?,0
Can you show more photos?,0
Do you have it in stock?,0
Where do you ship from?,0
Do you have it in stock?,0
Text me at 555-221-5153 for more info.,1
I’m interested in this item.,0
This looks good.,0
Message me on Signal: +1 513 821 3631,1
Where do you ship from?,0
Do you have it in stock?,0
Contact me on Skype: frank946,1
snap me at s-n-a-p coolcat391,1
Do you have it in stock?,0
Can you show more photos?,0
Contact via email: ivan77@example.com,1
Nice product!,0
Where do you ship from?,0
Does it come in other colors?,0
Ping me on Telegram: @david661,1
This looks good.,0
Nice product!,0
Where do you ship from?,0
I’m interested in this item.,0
Contact: +1-420-220-1893,1
What are the dimensions?,0
Can you show more photos?,0
Email me at user1975@example.com,1
Connect on LinkedIn (linkedin.com/in/designer123),1
I’m interested in this item.,0
You can reach me at +1-106-425-7095,1
Send me a DM on Facebook: facebook.com/jane.smith,1
c o n t a c t : +1-746-687-2904,1
Does it come in other colors?,0
Where do you ship from?,0
📱 +1-736-693-5302,1
How soon can I get it?,0
Can you show more photos?,0
Nice product!,0
Where do you ship from?,0
My Snapchat is ivan551,1
What’s the price?,0
Where do you ship from?,0
What’s the price?,0
What’s the price?,0
Where do you ship from?,0
I’m interested in this item.,0
Hit me up on WhatsApp at +1-158-508-8779,1
Do you have it in stock?,0
How soon can I get it?,0
Does it come in other colors?,0
This looks good.,0
What are the dimensions?,0
This looks good.,0
Where do you ship from?,0
This looks good.,0
What’s the price?,0
Does it come in other colors?,0
This looks good.,0
I’m interested in this item.,0
What’s the price?,0
Do you have it in stock?,0
Connect on LinkedIn (linkedin.com/in/shopper99),1
This looks good.,0
I’m interested in this item.,0
I’m interested in this item.,0
This looks good.,0
What’s the price?,0
What’s the price?,0
How soon can I get it?,0
What’s the price?,0
Where do you ship from?,0
How soon can I get it?,0
DM me on Facebook: facebook.com/shopper200,1
Do you have it in stock?,0
This looks good.,0
What are the dimensions?,0
Contact me on Skype: bob28,1
How soon can I get it?,0
This looks good.,0
I’m interested in this item.,0
Nice product!,0
Message me on Signal: (866) 388-0354,1
How soon can I get it?,0
This looks good.,0
I’m interested in this item.,0
This looks good.,0
my email id is user7265@example.com,1
I’m interested in this item.,0
Instagram me at 190-223-2131,1
Nice product!,0
This looks good.,0
Can you show more photos?,0
Nice product!,0
my digits: +1-973-149-8295,1
Contact me via Telegram: @fashioneer,1
Where do you ship from?,0
What’s the price?,0
What’s the price?,0
Does it come in other colors?,0
What’s the price?,0
What’s the price?,0
Nice product!,0
Where do you ship from?,0
Does it come in other colors?,0
Do you have it in stock?,0
Do you have it in stock?,0
Where do you ship from?,0
Does it come in other colors?,0
Message via email: judy1@example.com,1
wanna chat? +1-590-991-5998,1
This looks good.,0
This looks good.,0
Does it come in other colors?,0
telegram: t dot me slash shopper131,1
Text me at 894-587-6538,1
Do you have it in stock?,0
Hit me up on WhatsApp at 555-419-5390,1
What’s the price?,0
What are the dimensions?,0
Contact me via Telegram: @best_pizza,1
What’s the price?,0
How soon can I get it?,0
Nice product!,0
c   o   n   t   a   c   t   m   e   7 0 0 - 4 0 3 - 6 7 3 0,1
What’s the price?,0
Do you have it in stock?,0
Message me on Signal: 750-764-6403,1
Where do you ship from?,0
Can you show more photos?,0
Does it come in other colors?,0
C o n t a c t :   + 1   3 4 2   6 4 7   9 9 1 2,1
How soon can I get it?,0
This looks good.,0
What’s the price?,0
Can you show more photos?,0
Can you show more photos?,0
Nice product!,0
Do you have it in stock?,0
Does it come in other colors?,0
Add me on WhatsApp: 0605520506,1
I’m interested in this item.,0
Where do you ship from?,0
Can you show more photos?,0
Add me on WhatsApp: 555-599-9925,1
This looks good.,0
Call me at (581) 516-8786,1
Do you have it in stock?,0
What are the dimensions?,0
telegram: t dot me slash coolcat986,1
Email me at user3246@example.com,1
Do you have it in stock?,0
Nice product!,0
Do you have it in stock?,0
Message me on Signal: +1 519 154 9679,1
What are the dimensions?,0
What are the dimensions?,0
Do you have it in stock?,0
Do you have it in stock?,0
Can you share your phone number so I can send you details?,1
Can you show more photos?,0
This looks good.,0
This looks good.,0
How soon can I get it?,0
What are the dimensions?,0
I’m interested in this item.,0
This looks good.,0
This looks good.,0
What’s the price?,0
Nice product!,0
What are the dimensions?,0
Message via email: ivan48@email.net,1
Does it come in other colors?,0
This looks good.,0
What are the dimensions?,0
What are the dimensions?,0
This looks good.,0
This looks good.,0
Contact me via Telegram: @best_pizza,1
What are the dimensions?,0
Do you have it in stock?,0
Where do you ship from?,0
I’m interested in this item.,0
Nice product!,0
Do you have it in stock?,0
Does it come in other colors?,0
Where do you ship from?,0
DM me on Instagram @shopper99,1
This looks good.,0
Does it come in other colors?,0
Can you show more photos?,0
wanna chat? +1-532-570-5572,1
Does it come in other colors?,0
Can you show more photos?,0
How soon can I get it?,0
I’m interested in this item.,0
Does it come in other colors?,0
Contact: +1-363-356-3607,1
Does it come in other colors?,0
How soon can I get it?,0
Does it come in other colors?,0
Do you have it in stock?,0
I’m interested in this item.,0
Let's connect on LinkedIn: https://linkedin.com/in/eve596,1
WhatsApp me at +1-555-956-5276,1
I’m interested in this item.,0
How soon can I get it?,0
How soon can I get it?,0
Can you show more photos?,0
What’s the price?,0
Let's connect on LinkedIn: https://linkedin.com/in/judy485,1
Nice product!,0
Connect on LinkedIn (linkedin.com/in/best_pizza),1
Does it come in other colors?,0
How soon can I get it?,0
What’s the price?,0
Can you show more photos?,0
Do you have it in stock?,0
How soon can I get it?,0
This looks good.,0
Can you show more photos?,0
Nice product!,0
Where do you ship from?,0
What’s the price?,0
C o n t a c t :   + 1   3 4 1   7 4 7   5 3 0 4,1
My WeChat ID is designer123,1
This looks good.,0
Do you have it in stock?,0
Message me at user5657@example.com,1
Where do you ship from?,0
Does it come in other colors?,0
I’m interested in this item.,0
What are the dimensions?,0
Text me at +1-428-749-3464,1
Can you show more photos?,0
Can you show more photos?,0
I’m interested in this item.,0
Does it come in other colors?,0
Nice product!,0
Find me on Facebook: https://facebook.com/eve889,1
Do you have it in stock?,0
I’m interested in this item.,0
How soon can I get it?,0
How soon can I get it?,0
Can you show more photos?,0
Reach me at +1 612 744 9449,1
What’s the price?,0
How soon can I get it?,0
What’s the price?,0
Please email me at user2185@example.com,1
Does it come in other colors?,0
Nice product!,0
I’m interested in this item.,0
I’m interested in this item.,0
Can you show more photos?,0
What are the dimensions?,0
Where do you ship from?,0
What are the dimensions?,0
C o n t a c t :   ( 7 2 9 )   3 1 1 - 6 5 4 9,1
I’m interested in this item.,0
Do you have it in stock?,0
Nice product!,0
Can you show more photos?,0
What are the dimensions?,0
How soon can I get it?,0
My TikTok: @eve401,1
Connect on LinkedIn (linkedin.com/in/designer123),1
This looks good.,0
